,Unnamed: 0,Unnamed: 0.1,room,token_id,rule_name,rule_description,prior,posterior,prior_accuracy,posterior_accuracy,prior_feedback,bound_vars,prior_resp,posterior_feedback,data,prior_partner,prior_match,prior_select_alone,prior_select_other,posterior_partner,posterior_match,posterior_select_alone,posterior_select_other,accuracy_diff_prior,accuracy_diff_post,accuracy_change,accuracy_change_partner,prior_match_perc,posterior_match_perc,prior_match_acc,posterior_match_acc,prior_alone_acc,posterior_alone_acc,delta_low_acc,delta_high_acc,prior_alone_perc,posterior_alone_perc,fitted_tau_prior,log_ll_model_prior,log_ll_baseline_prior,BIC_model_prior,BIC_baseline_prior,fitted_tau_all_trials_prior,log_ll_model_all_trials_prior,log_ll_baseline_all_trials_prior,BIC_model_all_trials_prior,BIC_baseline_all_trials_prior,fitted_taus_all_subjects_prior,raw_probs_all_subjects_prior,ll_model_all_subjects_prior,BICs_model_all_subjects_prior,ll_baseline_all_subjects_prior,BICs_baseline_all_subjects_prior,fitted_tau_prior_label,log_ll_model_prior_label,BIC_model_prior_label,fitted_tau_all_trials_prior_label,log_ll_model_all_trials_prior_label,BIC_model_all_trials_prior_label,fitted_taus_all_subjects_prior_label,raw_probs_all_subjects_prior_label,ll_model_all_subjects_prior_label,BICs_model_all_subjects_prior_label,fitted_tau_post_map,log_ll_model_post_map,log_ll_baseline_post_map,BIC_model_post_map,BIC_baseline_post_map,fitted_tau_all_trials_post_map,log_ll_model_all_trials_post_map,log_ll_baseline_all_trials_post_map,BIC_model_all_trials_post_map,BIC_baseline_all_trials_post_map,fitted_taus_all_subjects_post_map,raw_probs_all_subjects_post_map,ll_model_all_subjects_post_map,BICs_model_all_subjects_post_map,ll_baseline_all_subjects_post_map,BICs_baseline_all_subjects_post_map,fitted_tau_post_all,log_ll_model_post_all,log_ll_baseline_post_all,BIC_model_post_all,BIC_baseline_post_all,fitted_tau_all_trials_post_all,log_ll_model_all_trials_post_all,log_ll_baseline_all_trials_post_all,BIC_model_all_trials_post_all,BIC_baseline_all_trials_post_all,fitted_taus_all_subjects_post_all,raw_probs_all_subjects_post_all,ll_model_all_subjects_post_all,BICs_model_all_subjects_post_all,ll_baseline_all_subjects_post_all,BICs_baseline_all_subjects_post_all,fitted_tau_post_all_seed,log_ll_model_post_all_seed,log_ll_baseline_post_all_seed,BIC_model_post_all_seed,BIC_baseline_post_all_seed,fitted_tau_all_trials_post_all_seed,log_ll_model_all_trials_post_all_seed,log_ll_baseline_all_trials_post_all_seed,BIC_model_all_trials_post_all_seed,BIC_baseline_all_trials_post_all_seed,fitted_taus_all_subjects_post_all_seed,raw_probs_all_subjects_post_all_seed,ll_model_all_subjects_post_all_seed,BICs_model_all_subjects_post_all_seed,ll_baseline_all_subjects_post_all_seed,BICs_baseline_all_subjects_post_all_seed,fitted_taus_all_trials_lm,ll_model_all_trials_lm,BICs_model_all_trials_lm,fitted_taus_all_subjects_lm,ll_model_all_subjects_lm,BICs_model_all_subjects_lm,prior_label,prior_label_label,post_map_label,post_all_label,post_all_label_seed,prior_acc,prior_acc_single,prior_label_acc,prior_acc_single_label,post_map_acc,post_map_acc_single,post_all_acc,post_all_acc_single,post_all_acc_seed,post_all_acc_single_seed,lm_acc,lm_acc_single,map_prior,map_post_map,map_post_all,map_post_all_seed,map_prior_acc,map_prior_acc_label,map_post_map_acc,map_post_all_acc,map_post_all_acc_seed,all_sub_prior_acc,all_sub_prior_acc_label,all_sub_post_map_acc,all_sub_post_all_acc,all_sub_post_all_acc_seed,all_sub_lm_acc,corr_rule_count_prior,corr_rule_count_prior_label,corr_rule_count_prior_labels,correct_rule_perc_post_map,correct_rule_perc_post_all,correct_rule_perc_post_all_seed
0,1,1,TDvs5,WjsXkIQV1LXVlJmcAAAJ,Upsilon,none are upright,"[True, True, True, True, True, False, True, False]","[True, True, True, True, True, True, True, False]",0.75,0.625,There must be at least two cones that are overlapping.,"[['x1'],['x1','x2']]","Z.exists(lambda x1: Z.atleast(lambda x2: Z.hor_operator(x1,x2,'contact'),2,X),X)",There must be at least two cones that are overlapping.,"[{'ids': [0, 1, 2], 'colours': ['red', 'red', 'blue'], 'sizes': [3, 3, 1], 'xpos': [1.1024586124410476, 0.13102640757179784, 4.250041242566629], 'ypos': [3.8198620528842926, 3.3178675355470273, 3.847417275765291], 'rotations': [3.8064446110501393, 4.45758788449461, 1.2121899680575272], 'orientations': ['strange', 'strange', 'lhs'], 'contact': [[0, 1], [1, 0], [2]], 'grounded': ['yes', 'no', 'yes'], 'follow_rule': True}, {'ids': [0], 'colours': ['red'], 'sizes': [3], 'xpos': [6.258737196671952], 'ypos': [4.124778922075494], 'rotations': [3.140705209998501], 'orientations': ['upright'], 'contact': [[0]], 'grounded': ['yes'], 'follow_rule': False}, {'ids': [0], 'colours': ['blue'], 'sizes': [1], 'xpos': [6.153505344100908], 'ypos': [4.124864058969175], 'rotations': [3.1446490615147584], 'orientations': ['upright'], 'contact': [[0]], 'grounded': ['yes'], 'follow_rule': False}, {'ids': [0, 1], 'colours': ['red', 'red'], 'sizes': [3, 3], 'xpos': [5.565954450006365, 2.360609365382755], 'ypos': [4.124765253419311, 4.124750784525172], 'rotations': [3.140961844705292, 3.1418336135002636], 'orientations': ['upright', 'upright'], 'contact': [[0], [1]], 'grounded': ['yes', 'yes'], 'follow_rule': False}, {'ids': [0, 1], 'colours': ['red', 'red'], 'sizes': [3, 3], 'xpos': [3.8453404242734486, 4.586265427886766], 'ypos': [3.65417728813172, 3.0123839188657286], 'rotations': [5.036279021157221, 5.662402799013213], 'orientations': ['rhs', 'strange'], 'contact': [[0, 1], [1, 0]], 'grounded': ['yes', 'yes'], 'follow_rule': True}, {'ids': [0, 1, 2, 3], 'colours': ['red', 'red', 'blue', 'blue'], 'sizes': [3, 3, 2, 2], 'xpos': [0.6180418436321886, 2.2173215581176633, 6.397270453816045, 4.068647838769088], 'ypos': [3.65008838453665, 3.6533547432114797, 3.750646579899072, 3.7478255669292797], 'rotations': [4.398976230419672, 1.2477842536459507, 1.2352084891753914, 5.048612838595625], 'orientations': ['strange', 'lhs', 'lhs', 'rhs'], 'contact': [[0, 1], [1, 0], [2], [3]], 'grounded': ['yes', 'yes', 'yes', 'yes'], 'follow_rule': True}, {'ids': [0, 1], 'colours': ['green', 'green'], 'sizes': [3, 3], 'xpos': [1.3228683697915882, 1.534089652157154], 'ypos': [3.650624534820379, 2.8715723672547346], 'rotations': [1.2440501902308263, 5.89520382816864], 'orientations': ['lhs', 'strange'], 'contact': [[0, 1], [1, 0]], 'grounded': ['yes', 'yes'], 'follow_rule': True}, {'ids': [0, 1], 'colours': ['blue', 'green'], 'sizes': [1, 1], 'xpos': [5.544459339706308, 4.675337686929422], 'ypos': [3.8461483377392884, 3.844763011736478], 'rotations': [1.2118439159241574, 4.356978982265472], 'orientations': ['lhs', 'strange'], 'contact': [[0, 1], [1, 0]], 'grounded': ['yes', 'yes'], 'follow_rule': True}, {'ids': [0, 1, 2, 3, 4, 5], 'colours': ['red', 'green', 'green', 'red', 'red', 'green'], 'sizes': [3, 3, 3, 1, 3, 1], 'xpos': [4.04539932046708, 6.25367104406576, 1.31220887489158, 2.54397206141056, 5.03680142626962, 2.83313903630872], 'ypos': [3.68714653723475, 3.68793264237984, 3.68536700039956, 3.87290072175348, 3.71647947714512, 3.32290442001056], 'rotations': [1.24459422608336, 1.24522470760537, 5.03721490711028, 4.41693289260746, 2.04844681297516, 1.27753534246253], 'contact': [[0, 4, 3], 1, 2, [3, 0, 5], [4, 0], [5, 3]], 'grounded': ['yes', 'yes', 'yes', 'yes', 'yes', 'no']}, {'ids': [0, 1, 2, 3], 'colours': ['green', 'red', 'blue', 'red'], 'sizes': [1, 3, 2, 2], 'xpos': [3.91130904169482, 5.46428515532996, 6.02804597253327, 2.75909465803677], 'ypos': [3.88039857557471, 3.68809661044642, 3.83039687351375, 3.76829024369344], 'rotations': [1.21554845923219, 5.037860999749, 2.523398913166, 4.53015371920961], 'contact': [{'V1': [0, 3], 'V2': [1, 2], 'V3': [2, 1], 'V4': [3, 0]}], 'grounded': ['yes', 'yes', 'no', 'yes']}, {'ids': [0, 1], 'colours': ['red', 'red'], 'sizes': [1, 1], 'xpos': [2.66334600794472, 1.80432622054734], 'ypos': [3.88090170709236, 3.87778384307705], 'rotations': [1.21239198245414, 4.35415315781273], 'contact': [{'V1': [0, 1], 'V2': [1, 0]}], 'grounded': ['yes', 'yes']}, {'ids': [0, 1, 2, 3, 4], 'colours': ['red', 'red', 'blue', 'blue', 'green'], 'sizes': [3, 3, 1, 1, 1], 'xpos': [1.85360354206331, 4.53707158711655, 2.22962536171588, 3.31491059447484, 3.75418292003644], 'ypos': [3.68810486672765, 3.68793278435064, 3.60822662705904, 3.84556069624473, 3.52884365217974], 'rotations': [5.03784882313905, 1.24522475821424, 2.57929284346434, 1.86403082200312, 2.07051561191284], 'contact': [[0, 3, 2], [1, 4, 3], [2, 0], [3, 0, 1, 4], [4, 1, 3]], 'grounded': ['yes', 'yes', 'no', 'no', 'no']}, {'ids': [0, 1, 2, 3, 4, 5, 6], 'colours': ['red', 'green', 'red', 'red', 'green', 'green', 'red'], 'sizes': [1, 3, 2, 3, 3, 2, 2], 'xpos': [3.25946614949676, 2.44588297516233, 5.88127197371132, 4.16563349275137, 0.72362012303879, 2.368329881437, 7.02789960687692], 'ypos': [3.95518911276486, 3.68824247585198, 4.15744335942523, 4.15757462621801, 3.67646349730594, 3.64875460383896, 3.78297829877943], 'rotations': [3.90055989251386, 1.24543827105161, 3.14018849938784, 3.14209271550925, 4.46919423935855, 4.5928664481854, 5.04768654725134], 'contact': [[0, 5], [1, 5, 4], 2, 3, [4, 1], [5, 0, 1], 6], 'grounded': ['yes', 'yes', 'yes', 'yes', 'yes', 'no', 'yes']}, {'ids': [0, 1, 2, 3, 4], 'colours': ['red', 'blue', 'green', 'green', 'red'], 'sizes': [2, 1, 3, 3, 3], 'xpos': [1.81709153920562, 5.97480057561886, 3.31338082383512, 4.38059628007586, 6.61025661823443], 'ypos': [3.77963548478066, 4.15709914239659, 4.15857486018002, 4.1579783197977, 3.68443952609824], 'rotations': [1.2339014812192, 3.13995537974587, 3.14125891347883, 3.1426763466907, 5.03874238310661], 'contact': [{'V1': 0, 'V2': 1, 'V3': 2, 'V4': 3, 'V5': 4}], 'grounded': ['yes', 'yes', 'yes', 'yes', 'yes']}, {'ids': [0, 1, 2, 3, 4], 'colours': ['red', 'red', 'red', 'green', 'red'], 'sizes': [2, 3, 1, 3, 3], 'xpos': [3.73841073372075, 3.73677173096754, 2.76148516662288, 4.77214062348621, 4.69143283396105], 'ypos': [4.16009367569396, 4.14643505860911, 4.15849207519273, 4.15973417931752, 3.17867488361144], 'rotations': [3.13742681162325, 3.12687131684704, 3.14631730814226, 3.13796262321945, 2.12453024265947], 'contact': [[0, 1], [1, 0, 4], 2, [3, 4], [4, 1, 3]], 'grounded': ['yes', 'no', 'yes', 'yes', 'no']}, {'ids': [0, 1], 'colours': ['blue', 'red'], 'sizes': [1, 3], 'xpos': [4.12725264721393, 2.49227679939128], 'ypos': [4.15816511179978, 3.68449947257032], 'rotations': [3.13776634013453, 5.03835652479557], 'contact': [{'V1': 0, 'V2': 1}], 'grounded': ['yes', 'yes']}]","[False, False, False, False, False, True, False, False]","[False, False, False, False, False, False, False, True]","[True, True, True, True, True, False, True, False]","[False, False, False, False, False, True, False, False]","[True, True, False, True, True, False, True, False]","[True, True, False, True, True, False, True, True]","[False, False, True, False, False, True, False, False]","[False, False, False, False, False, False, False, False]",0.375,0.0,0.125,-0.25,0.125,0.75,0.125,0.5,0.625,0.125,0.25,-0.125,0.875,0.25,0.01,0.0,-5.545177444479562,2.0794415416798357,11.090354888959125,0.01,0.0,-11.090354888959125,2.772588722239781,22.18070977791825,1.0502311195665048,"[1.0, 1.0, 1.0, 1.0, 1.0, 0.0, 1.0, 0.0, 1.0, 1.0, 1.0, 1.0, 1.0, 1.0, 1.0, 0.0135, 0.9530000000000001, 0.092, 0.5895, 0.5895, 1.0, 0.0, 0.0, 0.861, 1.0, 1.0, 1.0, 0.2925, 0.999, 0.999, 1.0, 0.7155, 0.0, 0.0, 1.0, 0.0, 0.0, 0.0, 1.0, 0.0, 0.0, 0.0, 1.0, 0.0, 0.0, 0.0, 1.0, 0.0, 1.0, 1.0, 1.0, 1.0, 0.0, 0.0, 0.0, 0.0, 1.0, 1.0, 1.0, 1.0, 0.935, 0.935, 0.935, 0.935, 1.0, 1.0, 1.0, 1.0, 0.0, 1.0, 0.0, 0.0, 0.0, 1.0, 1.0, 1.0, 1.0, 1.0, 1.0, 1.0, 1.0, 1.0, 1.0, 1.0, 0.0935, 0.0935, 0.0935, 0.0935, 1.0, 1.0, 1.0, 1.0, 1.0, 1.0, 1.0, 1.0, 1.0, 1.0, 1.0, 1.0, 1.0, 1.0, 1.0, 0.013000000000000001, 1.0, 1.0, 0.998, 1.0, 1.0, 0.002, 0.998, 0.002, 1.0, 1.0, 1.0, 1.0, 1.0, 1.0, 1.0, 0.0, 0.973, 1.0, 0.9530000000000001, 1.0, 0.8925000000000001, 0.9195, 0.17400000000000002, 0.201, 1.0, 1.0, 1.0, 1.0, 0.0, 0.0, 0.0, 0.0, 1.0, 1.0, 1.0, 0.24, 1.0, 1.0, 0.968, 1.0, 0.653, 0.653, 0.653, 1.0, 0.2535, 0.2535, 0.7035, 0.10300000000000001, 1.0, 1.0, 1.0, 1.0, 0.0, 1.0, 0.0, 0.0, 1.0, 1.0, 1.0, 0.012, 0.988, 0.988, 1.0, 1.0, 1.0, 0.0, 1.0, 1.0, 1.0, 0.0, 0.0, 1.0, 0.0, 0.0, 0.0, 1.0, 1.0, 0.0, 0.0, 0.0, 1.0, 1.0, 1.0, 1.0, 0.0, 0.0, 0.0, 0.0, 1.0, 1.0, 1.0, 1.0, 0.0, 0.0, 0.0, 0.0, 1.0, 1.0, 1.0, 1.0, 1.0, 1.0, 0.841, 1.0, 1.0, 1.0, 1.0, 1.0, 0.0, 0.0, 0.0, 0.0, 1.0, 1.0, 1.0, 1.0, 1.0, 1.0, 1.0, 0.0, 0.197, 0.0, 0.85, 0.653, 0.803, 0.0, 0.0, 0.0, 0.8525, 0.847, 0.9935, 0.847, 0.28300000000000003, 0.4305, 0.426, 0.426, 1.0, 1.0, 1.0, 1.0, 1.0, 1.0, 1.0, 0.0, 0.798, 1.0, 0.7995, 0.7995, 0.0275, 0.029, 0.2265, 0.1975, 1.0, 1.0, 1.0, 1.0, 0.0, 0.0, 0.0, 0.0, 0.862, 0.854, 0.8595, 0.8955000000000001, 0.045, 0.0005, 0.8695, 0.8505, 1.0, 1.0, 1.0, 0.022, 1.0, 1.0, 1.0, 0.978, 0.28400000000000003, 0.0145, 0.1885, 0.0275, 0.2755, 0.0, 0.0015, 0.013000000000000001, 0.0, 0.0, 0.0, 1.0, 1.0, 0.0, 0.0, 0.0, 1.0, 1.0, 1.0, 1.0, 0.0, 0.0, 0.0, 0.0, 1.0, 1.0, 1.0, 1.0, 1.0, 0.0, 1.0, 0.0, 1.0, 1.0, 1.0, 1.0, 1.0, 1.0, 1.0, 0.0, 1.0, 1.0, 1.0, 0.728, 0.8265, 0.5545, 0.5545, 0.8265, 1.0, 1.0, 1.0, 1.0, 1.0, 1.0, 1.0, 1.0, 1.0, 1.0, 1.0, 0.8715, 0.9365, 0.8695, 0.8695, 0.9365, 0.229, 0.229, 0.229, 0.229, 0.801, 0.03, 0.03, 0.801, 0.0, 0.0, 0.0, 1.0, 1.0, 0.0, 0.0, 0.0, 0.108, 0.114, 0.2315, 0.108, 0.114, 0.07050000000000001, 0.0495, 0.006, 1.0, 1.0, 1.0, 1.0, 0.0, 0.0, 0.0, 0.0, 0.8955000000000001, 0.895, 0.0115, 0.0, 0.883, 0.0, 0.0, 0.0, 1.0, 1.0, 1.0, 1.0, 0.0, 0.0, 0.0, 0.0, 0.902, 0.902, 0.902, 0.678, 0.88, 0.88, 0.902, 0.807, 1.0, 1.0, 1.0, 1.0, 0.0, 0.0, 0.0, 0.0, 1.0, 1.0, 1.0, 1.0, 1.0, 1.0, 1.0, 0.0, 1.0, 1.0, 1.0, 1.0, 0.0, 0.0, 0.0, 0.0, 1.0, 1.0, 1.0, 1.0, 0.008, 0.008, 0.008, 0.008, 1.0, 1.0, 1.0, 1.0, 1.0, 1.0, 1.0, 0.0, 1.0, 1.0, 1.0, 1.0, 1.0, 1.0, 0.6980000000000001, 1.0, 1.0, 1.0, 1.0, 1.0, 0.0, 0.0, 0.0, 0.0, 1.0, 1.0, 1.0, 1.0, 1.0, 1.0, 1.0, 0.0, 0.9530000000000001, 0.9530000000000001, 0.9530000000000001, 1.0, 1.0, 1.0, 0.641, 0.9530000000000001, 1.0, 1.0, 1.0, 1.0, 0.0, 0.0, 0.0, 0.0, 1.0, 1.0, 1.0, 1.0, 1.0, 1.0, 1.0, 1.0, 1.0, 1.0, 1.0, 1.0, 0.0, 0.0, 0.0, 0.0, 1.0, 1.0, 1.0, 1.0, 1.0, 1.0, 1.0, 1.0, 1.0, 1.0, 1.0, 1.0, 0.021500000000000002, 0.021500000000000002, 0.021500000000000002, 0.021500000000000002, 0.021500000000000002, 0.003, 0.02, 0.0095, 0.0095, 0.964, 0.9555, 0.0095, 1.0, 1.0, 1.0, 1.0, 1.0, 1.0, 1.0, 1.0, 1.0, 1.0, 1.0, 1.0, 0.0, 0.0, 0.0, 0.0, 1.0, 1.0, 1.0, 1.0, 0.0, 0.0, 1.0, 1.0, 1.0, 0.873, 0.198, 0.198, 1.0, 1.0, 0.6905, 1.0, 1.0, 1.0, 1.0, 1.0, 1.0, 1.0, 1.0, 0.0, 1.0, 0.999, 0.999, 1.0, 0.0025, 0.0025, 0.0025, 0.0025, 1.0, 1.0, 1.0, 1.0, 1.0, 0.686, 0.314, 0.0, 1.0, 1.0, 1.0, 1.0, 0.524, 0.524, 1.0, 0.47600000000000003, 1.0, 1.0, 1.0, 1.0, 0.008, 0.008, 0.008, 0.008, 0.9935, 0.9935, 0.9775, 0.9935, 0.9935, 0.0225, 0.988, 0.017, 1.0, 1.0, 1.0, 1.0, 0.0725, 0.0725, 0.0725, 0.0725, 0.041, 1.0, 1.0, 0.9590000000000001, 0.041, 0.9590000000000001, 1.0, 0.0, 0.7435, 0.9835, 0.7425, 0.986, 0.7435, 0.7435, 0.256, 0.987, 1.0, 0.005, 1.0, 1.0, 1.0, 0.005, 0.005, 1.0, 1.0, 1.0, 1.0, 1.0, 1.0, 1.0, 1.0, 0.0, 1.0, 1.0, 1.0, 1.0, 0.0, 0.0, 0.0, 0.0, 1.0, 1.0, 1.0, 1.0, 0.0, 0.0, 0.0, 0.0, 0.9705, 0.9705, 0.9145, 1.0, 0.8015, 0.8015, 0.9705, 0.7865, 1.0, 1.0, 1.0, 1.0, 0.0, 0.0, 0.0, 0.0, 1.0, 1.0, 1.0, 1.0, 0.0, 0.0, 0.0, 0.0, 1.0, 1.0, 1.0, 1.0, 0.0, 0.0, 0.0, 0.0, 1.0, 1.0, 1.0, 1.0, 1.0, 1.0, 1.0, 1.0]",-418.5875071169283,843.720363894191,-482.430437669722,964.860875339444,0.5138983409819702,-3.0141612900514954,8.107764121782827,0.3692694468174255,-3.740666539303485,10.25392180084675,0.6334250289943713,"[1.0, 1.0, 1.0, 1.0, 1.0, 0.0, 1.0, 0.0, 1.0, 1.0, 1.0, 1.0, 1.0, 1.0, 1.0, 0.0, 0.0, 0.0, 0.0, 0.0, 0.0, 0.0, 0.0, 0.0, 1.0, 1.0, 1.0, 0.0, 0.0, 0.0, 1.0, 0.0, 0.0, 0.0, 1.0, 1.0, 0.0, 1.0, 1.0, 1.0, 1.0, 1.0, 1.0, 1.0, 0.0, 0.0, 1.0, 1.0, 1.0, 1.0, 1.0, 1.0, 0.0, 0.0, 0.0, 0.0, 1.0, 1.0, 1.0, 1.0, 0.0, 0.0, 0.0, 0.0, 0.0, 0.0, 0.0, 0.0, 0.0, 1.0, 1.0, 0.0, 1.0, 1.0, 1.0, 1.0, 0.0, 0.0, 0.0, 0.0, 1.0, 1.0, 1.0, 1.0, 0.0, 0.0, 0.0, 0.0, 1.0, 1.0, 1.0, 1.0, 1.0, 1.0, 0.0, 1.0, 1.0, 1.0, 1.0, 1.0, 1.0, 1.0, 1.0, 0.0, 1.0, 1.0, 1.0, 1.0, 1.0, 0.0, 1.0, 0.0, 0.0, 1.0, 0.0, 0.0, 1.0, 1.0, 1.0, 0.0, 1.0, 1.0, 0.0, 1.0, 1.0, 0.0, 0.0, 0.0, 1.0, 1.0, 1.0, 0.0, 1.0, 1.0, 1.0, 1.0, 1.0, 1.0, 1.0, 1.0, 0.0, 0.0, 0.0, 0.0, 1.0, 1.0, 1.0, 0.0, 0.0, 0.0, 1.0, 0.0, 0.0, 0.0, 1.0, 0.0, 0.0, 0.0, 0.0, 0.0, 1.0, 1.0, 1.0, 0.0, 0.0, 0.0, 1.0, 0.0, 0.0, 0.0, 0.0, 1.0, 0.0, 0.0, 0.0, 0.0, 0.0, 0.0, 0.0, 1.0, 0.0, 0.0, 0.0, 0.0, 1.0, 1.0, 1.0, 1.0, 0.0, 0.0, 0.0, 0.0, 1.0, 1.0, 1.0, 0.0, 0.0, 0.0, 1.0, 0.0, 1.0, 1.0, 1.0, 1.0, 0.0, 0.0, 0.0, 0.0, 1.0, 1.0, 1.0, 1.0, 0.0, 0.0, 0.0, 0.0, 1.0, 1.0, 1.0, 1.0, 1.0, 1.0, 1.0, 0.0, 0.0, 0.0, 0.0, 0.0, 1.0, 0.0, 0.0, 0.0, 1.0, 1.0, 1.0, 1.0, 1.0, 1.0, 1.0, 1.0, 1.0, 1.0, 1.0, 1.0, 1.0, 1.0, 1.0, 0.0, 0.0, 0.0, 0.0, 0.0, 0.0, 0.0, 0.0, 0.0, 0.0, 1.0, 0.0, 1.0, 0.0, 1.0, 0.0, 1.0, 0.0, 0.0, 0.0, 1.0, 0.0, 0.0, 0.0, 0.0, 1.0, 1.0, 1.0, 0.0, 0.0, 0.0, 1.0, 0.0, 1.0, 1.0, 1.0, 1.0, 1.0, 0.0, 1.0, 0.0, 0.0, 1.0, 1.0, 1.0, 0.0, 0.0, 0.0, 0.0, 1.0, 1.0, 1.0, 0.0, 1.0, 1.0, 1.0, 1.0, 0.0, 1.0, 1.0, 1.0, 0.0, 0.0, 0.0, 0.0, 1.0, 1.0, 1.0, 1.0, 1.0, 1.0, 1.0, 0.0, 1.0, 1.0, 1.0, 1.0, 0.0, 0.0, 0.0, 0.0, 1.0, 1.0, 1.0, 1.0, 0.0, 0.0, 0.0, 0.0, 0.0, 1.0, 0.0, 0.0, 0.0, 0.0, 0.0, 0.0, 1.0, 1.0, 1.0, 1.0, 1.0, 0.0, 1.0, 1.0, 0.0, 0.0, 0.0, 0.0, 0.0, 1.0, 1.0, 0.0, 1.0, 1.0, 1.0, 1.0, 1.0, 0.0, 1.0, 0.0, 1.0, 1.0, 1.0, 1.0, 1.0, 0.0, 1.0, 1.0, 0.0, 0.0, 0.0, 0.0, 0.0, 1.0, 1.0, 0.0, 1.0, 0.0, 0.0, 1.0, 0.0, 0.0, 0.0, 0.0, 1.0, 1.0, 1.0, 0.0, 0.0, 0.0, 1.0, 0.0, 1.0, 1.0, 1.0, 0.0, 0.0, 0.0, 0.0, 0.0, 1.0, 1.0, 1.0, 1.0, 1.0, 1.0, 1.0, 0.0, 0.0, 0.0, 0.0, 0.0, 0.0, 0.0, 0.0, 0.0, 1.0, 0.0, 1.0, 0.0, 0.0, 0.0, 0.0, 0.0, 1.0, 1.0, 1.0, 1.0, 1.0, 1.0, 1.0, 0.0, 1.0, 1.0, 1.0, 1.0, 1.0, 1.0, 0.0, 1.0, 1.0, 1.0, 1.0, 1.0, 0.0, 0.0, 0.0, 0.0, 1.0, 1.0, 1.0, 1.0, 1.0, 1.0, 1.0, 0.0, 0.0, 1.0, 1.0, 1.0, 0.0, 0.0, 0.0, 0.0, 1.0, 1.0, 1.0, 1.0, 0.0, 0.0, 0.0, 0.0, 1.0, 0.0, 1.0, 0.0, 0.0, 0.0, 0.0, 0.0, 1.0, 1.0, 1.0, 1.0, 1.0, 0.0, 1.0, 0.0, 1.0, 1.0, 1.0, 0.0, 1.0, 1.0, 0.0, 1.0, 1.0, 1.0, 1.0, 1.0, 0.0, 0.0, 0.0, 0.0, 0.0, 0.0, 0.0, 0.0, 0.0, 1.0, 0.0, 0.0, 1.0, 1.0, 1.0, 1.0, 0.0, 0.0, 0.0, 0.0, 0.0, 0.0, 0.0, 0.0, 0.0, 0.0, 0.0, 0.0, 1.0, 0.0, 1.0, 0.0, 0.0, 0.0, 0.0, 0.0, 1.0, 1.0, 0.0, 0.0, 1.0, 1.0, 1.0, 1.0, 1.0, 1.0, 1.0, 1.0, 1.0, 1.0, 1.0, 1.0, 1.0, 1.0, 1.0, 1.0, 1.0, 0.0, 1.0, 1.0, 0.0, 1.0, 0.0, 1.0, 0.0, 1.0, 0.0, 0.0, 1.0, 1.0, 1.0, 1.0, 0.0, 0.0, 1.0, 0.0, 1.0, 1.0, 1.0, 1.0, 0.0, 0.0, 0.0, 0.0, 0.0, 0.0, 0.0, 1.0, 0.0, 0.0, 0.0, 0.0, 1.0, 1.0, 1.0, 1.0, 0.0, 0.0, 0.0, 0.0, 0.0, 1.0, 1.0, 1.0, 0.0, 1.0, 1.0, 0.0, 1.0, 1.0, 1.0, 1.0, 0.0, 0.0, 0.0, 0.0, 1.0, 0.0, 1.0, 1.0, 1.0, 0.0, 0.0, 1.0, 1.0, 1.0, 1.0, 1.0, 1.0, 1.0, 1.0, 0.0, 0.0, 1.0, 1.0, 1.0, 1.0, 1.0, 0.0, 0.0, 1.0, 1.0, 1.0, 1.0, 0.0, 0.0, 0.0, 0.0, 1.0, 1.0, 1.0, 0.0, 0.0, 0.0, 1.0, 0.0, 1.0, 1.0, 1.0, 1.0, 0.0, 0.0, 0.0, 0.0, 0.0, 0.0, 0.0, 0.0, 0.0, 0.0, 0.0, 0.0, 0.0, 1.0, 0.0, 1.0, 0.0, 1.0, 1.0, 0.0, 1.0, 1.0, 1.0, 1.0, 1.0, 0.0, 0.0, 1.0]",-318.3726801373107,643.2907099349558,0.5138983409819702,-3.0141612900514954,-5.545177444479562,8.107764121782827,11.090354888959125,0.3692694468174255,-3.740666539303485,-11.090354888959125,10.25392180084675,22.18070977791825,0.6173530694834558,"[1.0, 1.0, 1.0, 1.0, 1.0, 0.0, 1.0, 0.0, 1.0, 1.0, 1.0, 1.0, 1.0, 1.0, 1.0, 0.0, 0.0, 0.0, 0.0, 0.0, 0.0, 0.0, 0.0, 0.0, 1.0, 1.0, 1.0, 0.0, 0.0, 0.0, 1.0, 0.0, 0.0, 0.0, 1.0, 1.0, 0.0, 1.0, 1.0, 1.0, 0.0, 0.0, 0.0, 0.0, 0.0, 0.0, 0.0, 0.0, 1.0, 1.0, 1.0, 1.0, 0.0, 0.0, 0.0, 0.0, 1.0, 1.0, 1.0, 1.0, 0.0, 0.0, 0.0, 0.0, 0.0, 0.0, 0.0, 0.0, 0.0, 1.0, 1.0, 0.0, 0.0, 0.0, 0.0, 1.0, 0.0, 0.0, 0.0, 0.0, 1.0, 1.0, 1.0, 1.0, 0.0, 0.0, 0.0, 0.0, 0.0, 0.0, 0.0, 0.0, 1.0, 1.0, 0.0, 1.0, 1.0, 1.0, 1.0, 1.0, 1.0, 1.0, 1.0, 0.0, 1.0, 1.0, 1.0, 1.0, 1.0, 0.0, 1.0, 0.0, 0.0, 1.0, 0.0, 0.0, 1.0, 1.0, 1.0, 0.0, 1.0, 1.0, 0.0, 1.0, 1.0, 0.0, 0.0, 0.0, 1.0, 1.0, 1.0, 0.0, 1.0, 1.0, 1.0, 1.0, 1.0, 1.0, 1.0, 1.0, 0.0, 0.0, 0.0, 0.0, 1.0, 1.0, 1.0, 0.0, 0.0, 0.0, 1.0, 0.0, 0.0, 0.0, 1.0, 0.0, 0.0, 0.0, 0.0, 0.0, 1.0, 1.0, 1.0, 0.0, 0.0, 0.0, 1.0, 0.0, 0.0, 0.0, 0.0, 1.0, 0.0, 0.0, 0.0, 0.0, 0.0, 0.0, 0.0, 1.0, 0.0, 0.0, 0.0, 0.0, 1.0, 1.0, 1.0, 1.0, 0.0, 0.0, 0.0, 0.0, 1.0, 1.0, 1.0, 0.0, 0.0, 0.0, 1.0, 0.0, 1.0, 1.0, 1.0, 1.0, 0.0, 0.0, 0.0, 0.0, 1.0, 1.0, 1.0, 1.0, 0.0, 0.0, 0.0, 0.0, 1.0, 1.0, 1.0, 1.0, 1.0, 1.0, 1.0, 0.0, 0.0, 0.0, 0.0, 0.0, 1.0, 0.0, 0.0, 0.0, 1.0, 1.0, 1.0, 1.0, 1.0, 1.0, 1.0, 1.0, 1.0, 1.0, 1.0, 1.0, 1.0, 1.0, 1.0, 0.0, 0.0, 0.0, 0.0, 0.0, 0.0, 0.0, 0.0, 0.0, 0.0, 1.0, 0.0, 1.0, 0.0, 1.0, 0.0, 1.0, 0.0, 0.0, 0.0, 1.0, 0.0, 0.0, 0.0, 0.0, 1.0, 1.0, 1.0, 0.0, 0.0, 0.0, 1.0, 0.0, 1.0, 1.0, 1.0, 1.0, 1.0, 0.0, 1.0, 0.0, 0.0, 1.0, 1.0, 1.0, 0.0, 0.0, 0.0, 0.0, 1.0, 1.0, 1.0, 0.0, 1.0, 1.0, 1.0, 1.0, 0.0, 1.0, 1.0, 1.0, 0.0, 0.0, 0.0, 0.0, 1.0, 1.0, 1.0, 1.0, 1.0, 1.0, 1.0, 0.0, 1.0, 1.0, 1.0, 1.0, 0.0, 0.0, 0.0, 0.0, 1.0, 1.0, 1.0, 1.0, 0.0, 0.0, 0.0, 0.0, 0.0, 1.0, 0.0, 0.0, 0.0, 0.0, 0.0, 0.0, 0.0, 0.0, 0.0, 0.0, 0.0, 0.0, 0.0, 0.0, 1.0, 0.0, 1.0, 1.0, 1.0, 0.0, 0.0, 1.0, 1.0, 1.0, 1.0, 1.0, 1.0, 0.0, 1.0, 0.0, 1.0, 1.0, 1.0, 1.0, 1.0, 0.0, 1.0, 1.0, 0.0, 0.0, 0.0, 0.0, 0.0, 1.0, 1.0, 0.0, 1.0, 0.0, 0.0, 1.0, 0.0, 0.0, 0.0, 0.0, 1.0, 1.0, 1.0, 0.0, 0.0, 0.0, 1.0, 0.0, 1.0, 1.0, 1.0, 0.0, 0.0, 0.0, 0.0, 0.0, 1.0, 1.0, 1.0, 1.0, 1.0, 1.0, 1.0, 0.0, 0.0, 0.0, 0.0, 0.0, 0.0, 0.0, 0.0, 0.0, 1.0, 0.0, 1.0, 0.0, 0.0, 0.0, 0.0, 0.0, 1.0, 1.0, 1.0, 1.0, 1.0, 1.0, 1.0, 0.0, 1.0, 1.0, 1.0, 1.0, 1.0, 1.0, 0.0, 1.0, 1.0, 1.0, 1.0, 1.0, 0.0, 0.0, 0.0, 0.0, 1.0, 1.0, 1.0, 1.0, 1.0, 1.0, 1.0, 0.0, 0.0, 1.0, 1.0, 1.0, 0.0, 0.0, 0.0, 0.0, 1.0, 1.0, 1.0, 1.0, 0.0, 0.0, 0.0, 0.0, 1.0, 0.0, 1.0, 0.0, 0.0, 0.0, 0.0, 0.0, 1.0, 1.0, 1.0, 1.0, 1.0, 0.0, 1.0, 0.0, 1.0, 1.0, 1.0, 0.0, 1.0, 1.0, 0.0, 1.0, 1.0, 1.0, 1.0, 1.0, 0.0, 0.0, 0.0, 0.0, 0.0, 0.0, 0.0, 0.0, 0.0, 1.0, 0.0, 0.0, 1.0, 1.0, 1.0, 1.0, 0.0, 0.0, 0.0, 0.0, 0.0, 0.0, 0.0, 0.0, 0.0, 0.0, 0.0, 0.0, 1.0, 0.0, 1.0, 0.0, 0.0, 0.0, 0.0, 0.0, 1.0, 1.0, 0.0, 0.0, 1.0, 1.0, 1.0, 1.0, 1.0, 1.0, 1.0, 1.0, 1.0, 1.0, 1.0, 1.0, 1.0, 1.0, 1.0, 1.0, 1.0, 0.0, 1.0, 1.0, 0.0, 1.0, 0.0, 1.0, 0.0, 1.0, 0.0, 0.0, 1.0, 1.0, 1.0, 1.0, 0.0, 0.0, 1.0, 0.0, 1.0, 1.0, 1.0, 1.0, 0.0, 0.0, 0.0, 0.0, 0.0, 0.0, 0.0, 1.0, 0.0, 0.0, 0.0, 0.0, 1.0, 1.0, 1.0, 1.0, 0.0, 0.0, 0.0, 0.0, 0.0, 1.0, 1.0, 1.0, 0.0, 1.0, 1.0, 0.0, 1.0, 1.0, 1.0, 1.0, 0.0, 0.0, 0.0, 0.0, 1.0, 0.0, 1.0, 1.0, 1.0, 0.0, 0.0, 1.0, 1.0, 1.0, 1.0, 1.0, 1.0, 1.0, 1.0, 0.0, 0.0, 0.0, 1.0, 0.0, 0.0, 1.0, 0.0, 0.0, 1.0, 1.0, 1.0, 1.0, 0.0, 0.0, 0.0, 0.0, 1.0, 1.0, 1.0, 0.0, 0.0, 0.0, 1.0, 0.0, 1.0, 1.0, 1.0, 1.0, 0.0, 0.0, 0.0, 0.0, 0.0, 0.0, 0.0, 0.0, 0.0, 0.0, 0.0, 0.0, 0.0, 1.0, 0.0, 1.0, 0.0, 1.0, 1.0, 0.0, 1.0, 1.0, 1.0, 1.0, 1.0, 0.0, 0.0, 1.0]",-311.9759791000219,630.4973078603782,-482.430437669722,964.860875339444,470.7219490280652,-5.549430750279526,-5.545177444479562,13.178303042238888,11.090354888959125,2.218570284048147,-10.7256930200508,-11.090354888959125,24.22397476234138,22.18070977791825,1.0908740239314543,"[0.0, 0.0, 1.0, 0.0, 0.0, 0.0, 0.0, 0.0, 1.0, 1.0, 1.0, 1.0, 0.877, 0.877, 0.877, 0.0, 1.0, 0.259, 1.0, 1.0, 0.8015, 0.0, 0.259, 1.0, 1.0, 1.0, 1.0, 1.0, 1.0, 1.0, 1.0, 0.0, 0.0, 0.0, 1.0, 0.0, 0.0, 0.0, 1.0, 0.0, 0.0, 0.0, 1.0, 0.0, 0.0, 0.0, 1.0, 0.0, 0.0, 0.0, 0.0, 0.0775, 0.0, 0.0, 0.1635, 0.47100000000000003, 1.0, 1.0, 1.0, 1.0, 0.0, 0.0, 0.0, 0.0, 0.0, 0.0, 0.0, 0.0, 0.0, 0.0, 0.0, 0.0, 1.0, 1.0, 1.0, 1.0, 1.0, 1.0, 1.0, 0.0, 1.0, 1.0, 1.0, 1.0, 0.0, 0.0, 0.0, 0.0, 0.0, 0.0, 0.0, 0.0, 0.0, 0.113, 0.113, 0.0, 0.0, 0.0, 0.0, 1.0, 0.0, 0.0, 0.0, 0.0, 1.0, 1.0, 1.0, 1.0, 0.0, 0.0, 0.0, 0.0, 0.9995, 1.0, 1.0, 0.663, 1.0, 1.0, 1.0, 0.353, 1.0, 1.0, 1.0, 1.0, 0.082, 0.082, 0.0, 0.0, 0.973, 1.0, 0.7655000000000001, 0.605, 0.973, 1.0, 1.0, 0.368, 0.0, 0.0, 1.0, 0.0, 1.0, 0.0, 1.0, 0.0, 1.0, 1.0, 1.0, 1.0, 0.0, 0.0, 1.0, 0.0, 1.0, 1.0, 1.0, 1.0, 0.0, 0.9465, 0.0, 0.0, 0.666, 1.0, 0.666, 0.666, 0.0, 0.0, 0.7975, 0.0, 0.0, 0.9430000000000001, 0.0, 1.0, 1.0, 0.0, 0.0, 0.0, 0.0, 1.0, 0.0, 0.0, 0.0, 0.0, 0.0, 0.0, 1.0, 1.0, 1.0, 1.0, 0.0, 0.0, 0.0, 0.0, 1.0, 1.0, 1.0, 1.0, 1.0, 1.0, 1.0, 0.0005, 1.0, 1.0, 1.0, 1.0, 1.0, 1.0, 0.0, 1.0, 1.0, 1.0, 1.0, 1.0, 0.0, 0.0, 0.0, 0.0, 1.0, 1.0, 1.0, 1.0, 1.0, 1.0, 1.0, 0.0, 1.0, 0.0, 1.0, 0.0, 0.0, 0.0, 0.0, 0.0, 0.0, 1.0, 0.0, 1.0, 0.0, 1.0, 0.0, 1.0, 1.0, 1.0, 1.0, 1.0, 1.0, 1.0, 1.0, 0.0, 1.0, 0.0, 1.0, 1.0, 1.0, 0.0, 0.0, 1.0, 1.0, 1.0, 1.0, 1.0, 1.0, 1.0, 1.0, 1.0, 0.0, 0.9580000000000001, 0.0, 0.0, 0.0, 0.0, 0.0045000000000000005, 0.0, 0.0, 0.0, 0.0, 0.0, 0.0, 0.0, 0.0, 1.0, 0.0, 0.0, 0.0005, 0.0, 0.0, 0.0, 0.0, 0.0, 0.0, 1.0, 0.0, 0.0, 0.0, 0.0, 0.0, 0.0, 1.0, 1.0, 1.0, 0.001, 0.001, 0.001, 1.0, 0.0, 0.0, 0.0, 0.6225, 0.0, 0.0, 0.0, 0.0, 0.0, 1.0, 1.0, 1.0, 1.0, 0.0, 0.0, 0.0, 0.0, 0.0, 0.0, 0.0, 0.0, 0.0, 0.0, 0.0, 0.0, 1.0, 1.0, 1.0, 1.0, 1.0, 1.0, 1.0, 0.0, 0.0, 0.0, 0.0, 1.0, 0.0, 0.0, 1.0, 0.0, 1.0, 1.0, 1.0, 1.0, 0.0, 0.0, 0.0, 0.0, 0.0, 1.0, 0.0, 0.0, 1.0, 0.0, 0.0, 1.0, 1.0, 1.0, 1.0, 1.0, 0.0, 0.0, 0.0, 0.0, 1.0, 1.0, 1.0, 1.0, 1.0, 0.0, 1.0, 1.0, 0.0, 0.0005, 0.0, 0.0, 0.0, 0.38, 0.0, 0.0, 1.0, 1.0, 1.0, 1.0, 0.0, 0.0, 0.0, 0.0, 1.0, 1.0, 1.0, 0.999, 1.0, 1.0, 1.0, 0.0195, 1.0, 1.0, 1.0, 1.0, 0.0, 0.0, 0.0, 0.0, 0.0, 0.6285000000000001, 0.0, 0.328, 0.0, 0.0, 0.6285000000000001, 0.0, 0.0, 0.0, 0.0, 0.0, 0.0, 0.0, 0.0, 1.0, 1.0, 1.0, 1.0, 1.0, 0.0, 0.0, 0.0, 0.0, 1.0, 1.0, 1.0, 1.0, 1.0, 1.0, 1.0, 0.0, 1.0, 1.0, 1.0, 1.0, 1.0, 1.0, 0.0375, 1.0, 1.0, 1.0, 1.0, 1.0, 0.0, 0.0, 0.0, 0.0, 1.0, 1.0, 1.0, 1.0, 1.0, 1.0, 1.0, 0.0, 1.0, 1.0, 1.0, 1.0, 1.0, 1.0, 0.0, 1.0, 1.0, 1.0, 1.0, 1.0, 0.0, 0.0, 0.0, 0.0, 1.0, 1.0, 1.0, 1.0, 1.0, 1.0, 1.0, 1.0, 0.0, 0.0, 0.4395, 0.0, 0.0, 0.0, 0.001, 1.0, 0.0, 0.0, 0.0, 0.0, 0.0, 0.0, 0.0, 0.0, 1.0, 1.0, 1.0, 0.0, 1.0, 0.0, 0.0, 1.0, 0.0, 0.0, 1.0, 1.0, 1.0, 0.0, 0.0, 0.0, 0.0, 0.0, 0.0, 0.0, 0.0, 0.0, 0.0, 0.0, 1.0, 1.0, 1.0, 1.0, 0.0, 0.0, 0.0, 0.0, 0.0, 0.0, 0.0, 0.0, 0.0, 1.0, 0.0, 0.0, 1.0, 1.0, 1.0, 1.0, 0.0, 0.4945, 0.0, 0.0, 1.0, 1.0, 1.0, 1.0, 0.0, 0.0, 1.0, 1.0, 1.0, 1.0, 1.0, 1.0, 0.0, 0.0, 0.0, 0.0, 1.0, 1.0, 1.0, 1.0, 1.0, 0.704, 0.296, 0.0, 1.0, 1.0, 1.0, 1.0, 0.0, 0.0, 1.0, 1.0, 1.0, 1.0, 1.0, 1.0, 0.0, 0.0, 0.0, 0.0, 0.006, 1.0, 0.006, 0.708, 0.298, 1.0, 0.298, 1.0, 1.0, 1.0, 1.0, 1.0, 0.0, 0.0, 0.0, 0.0, 1.0, 0.0, 1.0, 1.0, 1.0, 0.0, 0.0, 1.0, 0.0, 1.0, 1.0, 1.0, 0.0, 0.0, 0.0, 0.0, 1.0, 0.224, 1.0, 1.0, 0.776, 0.0, 0.224, 1.0, 1.0, 1.0, 1.0, 1.0, 0.0, 0.0, 0.0, 0.0, 1.0, 1.0, 0.0, 1.0, 1.0, 1.0, 0.0, 1.0, 1.0, 1.0, 1.0, 1.0, 0.0, 0.0, 0.0, 0.0, 1.0, 1.0, 1.0, 1.0, 1.0, 1.0, 1.0, 0.0, 1.0, 1.0, 1.0, 1.0, 0.0, 0.0, 0.0, 0.0, 0.0, 0.0, 0.0, 0.0, 0.0, 0.0, 0.0, 0.0, 1.0, 0.4865, 1.0, 1.0, 1.0, 0.0075, 0.4865, 1.0, 0.0225, 0.0, 0.0, 0.9775, 0.0, 0.0, 0.0, 0.0]",-419.18595103414617,844.9172517286268,-482.430437669722,964.860875339444,0.5138983409819702,-3.0141612900514954,-5.545177444479562,8.107764121782827,11.090354888959125,0.3692694468174255,-3.740666539303485,-11.090354888959125,10.25392180084675,22.18070977791825,0.5787520451143159,"[1.0, 1.0, 1.0, 1.0, 1.0, 0.0, 1.0, 0.0, 1.0, 1.0, 1.0, 1.0, 1.0, 1.0, 1.0, 0.0, 0.0, 0.0, 0.0, 0.0, 0.0, 0.0, 0.0, 0.0, 1.0, 1.0, 1.0, 1.0, 0.0, 0.0, 1.0, 0.0, 0.0, 0.0, 0.0, 0.0, 0.0, 1.0, 0.0, 0.0, 0.0, 0.0, 0.0, 0.0, 0.0, 0.0, 0.0, 0.0, 1.0, 1.0, 1.0, 1.0, 0.0, 0.0, 0.0, 0.0, 1.0, 1.0, 1.0, 1.0, 0.0, 0.0, 0.0, 0.0, 0.0, 0.0, 0.0, 0.0, 0.0, 1.0, 1.0, 0.0, 1.0, 1.0, 1.0, 1.0, 0.0, 0.0, 0.0, 0.0, 1.0, 1.0, 1.0, 1.0, 0.0, 0.0, 0.0, 0.0, 0.0, 0.0, 0.0, 0.0, 0.0, 0.0, 0.0, 0.0, 1.0, 1.0, 1.0, 1.0, 1.0, 1.0, 1.0, 0.0, 1.0, 1.0, 1.0, 1.0, 1.0, 0.0, 1.0, 0.0, 0.0, 1.0, 0.0, 0.0, 1.0, 1.0, 1.0, 0.0, 1.0, 1.0, 0.0, 1.0, 1.0, 0.0, 0.0, 0.0, 1.0, 1.0, 1.0, 0.0, 1.0, 1.0, 1.0, 1.0, 1.0, 1.0, 1.0, 1.0, 0.0, 0.0, 0.0, 0.0, 1.0, 1.0, 1.0, 0.0, 0.0, 0.0, 1.0, 0.0, 0.0, 0.0, 1.0, 0.0, 0.0, 0.0, 0.0, 0.0, 1.0, 1.0, 1.0, 0.0, 0.0, 0.0, 1.0, 0.0, 0.0, 0.0, 0.0, 1.0, 0.0, 0.0, 0.0, 0.0, 0.0, 0.0, 0.0, 1.0, 0.0, 0.0, 0.0, 0.0, 1.0, 1.0, 1.0, 1.0, 0.0, 0.0, 0.0, 0.0, 1.0, 1.0, 1.0, 0.0, 0.0, 0.0, 1.0, 0.0, 1.0, 1.0, 1.0, 1.0, 0.0, 0.0, 0.0, 0.0, 1.0, 1.0, 1.0, 1.0, 0.0, 0.0, 0.0, 0.0, 1.0, 1.0, 1.0, 1.0, 1.0, 1.0, 1.0, 0.0, 0.0, 0.0, 0.0, 0.0, 1.0, 0.0, 0.0, 0.0, 1.0, 1.0, 1.0, 1.0, 1.0, 1.0, 1.0, 1.0, 1.0, 1.0, 1.0, 1.0, 1.0, 1.0, 1.0, 0.0, 0.0, 0.0, 0.0, 0.0, 0.0, 0.0, 0.0, 0.0, 0.0, 1.0, 0.0, 1.0, 0.0, 1.0, 0.0, 1.0, 0.0, 0.0, 0.0, 1.0, 0.0, 0.0, 0.0, 0.0, 1.0, 1.0, 1.0, 0.0, 0.0, 0.0, 1.0, 0.0, 0.0, 0.0, 1.0, 0.0, 0.0, 0.0, 0.0, 0.0, 0.0, 1.0, 1.0, 1.0, 0.0, 0.0, 0.0, 0.0, 1.0, 1.0, 1.0, 0.0, 1.0, 1.0, 1.0, 1.0, 0.0, 0.0, 1.0, 0.0, 0.0, 0.0, 0.0, 0.0, 1.0, 1.0, 1.0, 1.0, 1.0, 1.0, 1.0, 0.0, 1.0, 1.0, 1.0, 1.0, 0.0, 0.0, 0.0, 0.0, 1.0, 1.0, 1.0, 1.0, 0.0, 0.0, 0.0, 0.0, 0.0, 1.0, 0.0, 0.0, 0.0, 0.0, 0.0, 0.0, 0.0, 0.0, 0.0, 0.0, 0.0, 0.0, 0.0, 0.0, 0.0, 0.0, 0.0, 0.0, 0.0, 0.0, 0.0, 0.0, 1.0, 1.0, 0.0, 1.0, 1.0, 0.0, 1.0, 0.0, 1.0, 1.0, 1.0, 1.0, 1.0, 0.0, 1.0, 1.0, 0.0, 0.0, 0.0, 0.0, 0.0, 1.0, 1.0, 0.0, 1.0, 0.0, 0.0, 1.0, 0.0, 0.0, 0.0, 0.0, 1.0, 1.0, 1.0, 0.0, 0.0, 0.0, 1.0, 0.0, 1.0, 1.0, 1.0, 0.0, 0.0, 0.0, 0.0, 0.0, 1.0, 1.0, 1.0, 1.0, 1.0, 1.0, 1.0, 0.0, 0.0, 0.0, 0.0, 0.0, 0.0, 0.0, 0.0, 0.0, 1.0, 0.0, 1.0, 0.0, 0.0, 0.0, 0.0, 0.0, 1.0, 1.0, 1.0, 1.0, 1.0, 1.0, 1.0, 0.0, 1.0, 1.0, 1.0, 1.0, 1.0, 1.0, 0.0, 1.0, 1.0, 1.0, 1.0, 1.0, 0.0, 0.0, 0.0, 0.0, 1.0, 1.0, 1.0, 1.0, 1.0, 1.0, 1.0, 0.0, 0.0, 1.0, 1.0, 1.0, 0.0, 0.0, 0.0, 0.0, 1.0, 1.0, 1.0, 1.0, 0.0, 0.0, 0.0, 0.0, 1.0, 0.0, 1.0, 0.0, 0.0, 0.0, 0.0, 0.0, 1.0, 1.0, 1.0, 1.0, 1.0, 0.0, 1.0, 0.0, 1.0, 1.0, 1.0, 0.0, 1.0, 1.0, 0.0, 1.0, 1.0, 1.0, 1.0, 1.0, 0.0, 0.0, 0.0, 0.0, 0.0, 0.0, 0.0, 0.0, 0.0, 0.0, 0.0, 0.0, 1.0, 1.0, 1.0, 1.0, 0.0, 0.0, 0.0, 0.0, 0.0, 0.0, 0.0, 0.0, 0.0, 0.0, 0.0, 0.0, 0.0, 0.0, 0.0, 0.0, 0.0, 0.0, 0.0, 0.0, 1.0, 1.0, 0.0, 0.0, 1.0, 1.0, 1.0, 1.0, 1.0, 1.0, 1.0, 1.0, 1.0, 1.0, 1.0, 1.0, 1.0, 1.0, 1.0, 1.0, 1.0, 0.0, 1.0, 1.0, 0.0, 1.0, 0.0, 1.0, 0.0, 1.0, 0.0, 0.0, 1.0, 1.0, 1.0, 1.0, 0.0, 0.0, 1.0, 0.0, 1.0, 1.0, 1.0, 1.0, 0.0, 0.0, 0.0, 0.0, 0.0, 0.0, 0.0, 1.0, 0.0, 0.0, 0.0, 0.0, 1.0, 1.0, 1.0, 1.0, 0.0, 0.0, 0.0, 0.0, 0.0, 1.0, 1.0, 1.0, 0.0, 1.0, 1.0, 0.0, 1.0, 1.0, 1.0, 1.0, 0.0, 0.0, 0.0, 0.0, 1.0, 0.0, 1.0, 1.0, 1.0, 0.0, 0.0, 1.0, 1.0, 1.0, 1.0, 1.0, 1.0, 1.0, 1.0, 0.0, 0.0, 1.0, 1.0, 1.0, 1.0, 1.0, 0.0, 0.0, 1.0, 1.0, 1.0, 1.0, 0.0, 0.0, 0.0, 0.0, 1.0, 1.0, 1.0, 0.0, 0.0, 0.0, 1.0, 0.0, 1.0, 1.0, 1.0, 1.0, 0.0, 0.0, 0.0, 0.0, 0.0, 0.0, 0.0, 0.0, 0.0, 0.0, 0.0, 0.0, 0.0, 0.0, 1.0, 1.0, 0.0, 0.0, 0.0, 0.0, 1.0, 1.0, 1.0, 1.0, 1.0, 0.0, 0.0, 1.0]",-295.2442605392121,597.0338707387587,-482.430437669722,964.860875339444,341.6359415766179,-11.093299117187149,24.95918695661408,1.2846122460949685,-433.45128860920846,873.4479268787513,True,True,True,False,True,0.6875,0.75,0.6875,0.75,0.6875,0.75,0.625,0.625,0.6875,0.75,0.5625,0.375,"Z.exists(lambda x1: Z.equal(x1,'strange','orientation'),X)","Z.exists(lambda x1: Z.atleast(lambda x2: Z.hor_operator(x1,x2,'contact'),2,X),X)","Z.exists(lambda x1: Z.forall(lambda x2: Z.hor_operator(x2,x1,'contact'),X),X)","Z.exists(lambda x1: Z.atleast(lambda x2: Z.hor_operator(x1,x2,'contact'),2,X),X)",0.75,0.75,0.75,0.625,0.75,0.7083333333333334,0.6982758620689655,0.6867816091954023,0.6954022988505747,0.6925287356321839,5.241379310344827,0,0,0,0,0,0
1,3,3,TDvs5,WjsXkIQV1LXVlJmcAAAJ,Iota,one is blue,"[True, True, True, True, True, True, True, False]","[True, True, True, True, True, True, True, False]",0.625,0.625,There must be at least one blue cone.,[['x1']],"Z.atleast(lambda x1: Z.equal(x1,'blue','colour'),1,X)",There must be at least one blue cone.,"[{'ids': [0, 1, 2], 'colours': ['blue', 'green', 'red'], 'sizes': [2, 1, 3], 'xpos': [2.283392565996397, 6.76926557046708, 3.3669703335121914], 'ypos': [4.1276903015812145, 4.128333333333334, 3.7172954090229355], 'rotations': [3.1399845330382137, 3.1415926535897927, 2.176545604146363], 'orientations': ['upright', 'upright', 'strange'], 'contact': [[0, 2], [1], [2, 0]], 'grounded': ['yes', 'yes', 'yes'], 'follow_rule': True}, {'ids': [0, 1], 'colours': ['blue', 'red'], 'sizes': [3, 3], 'xpos': [1.4219845282916197, 4.181832917811364], 'ypos': [4.125288484021504, 4.124664286453401], 'rotations': [3.1416112931325944, 3.1403304136005117], 'orientations': ['upright', 'upright'], 'contact': [[0], [1]], 'grounded': ['yes', 'yes'], 'follow_rule': True}, {'ids': [0], 'colours': ['blue'], 'sizes': [3], 'xpos': [4.1165851213855715], 'ypos': [4.124762853981075], 'rotations': [3.1428386470032543], 'orientations': ['upright'], 'contact': [[0]], 'grounded': ['yes'], 'follow_rule': True}, {'ids': [0, 1], 'colours': ['green', 'red'], 'sizes': [3, 3], 'xpos': [6.44753503559053, 3.9614109664802433], 'ypos': [3.6545993093783347, 3.6508427103108456], 'rotations': [5.037960599402689, 1.24522286138721], 'orientations': ['rhs', 'lhs'], 'contact': [[0], [1]], 'grounded': ['yes', 'yes'], 'follow_rule': False}, {'ids': [0], 'colours': ['blue'], 'sizes': [1], 'xpos': [4.0438069393605], 'ypos': [4.124469197044613], 'rotations': [3.136146717130579], 'orientations': ['upright'], 'contact': [[0]], 'grounded': ['yes'], 'follow_rule': True}, {'ids': [0, 1, 2, 3, 4], 'colours': ['blue', 'green', 'red', 'green', 'green'], 'sizes': [1, 3, 3, 1, 2], 'xpos': [6.625890047884583, 0.5176848782761506, 2.713397551672178, 1.9088270856832508, 3.6550075179393837], 'ypos': [4.12494710719772, 4.124834447605279, 4.125680809994709, 4.124393887005743, 3.7465972951882742], 'rotations': [3.136873873144429, 3.140802340808608, 3.1418905514591198, 3.1384240168773263, 5.050877646910623], 'orientations': ['upright', 'upright', 'upright', 'upright', 'rhs'], 'contact': [[0], [1], [2, 3], [3, 2], [4]], 'grounded': ['yes', 'yes', 'yes', 'yes', 'yes'], 'follow_rule': True}, {'ids': [0, 1, 2, 3, 4, 5, 6, 7], 'colours': ['blue', 'red', 'red', 'red', 'green', 'green', 'green', 'red'], 'sizes': [2, 3, 2, 1, 1, 2, 3, 2], 'xpos': [4.20551223205032, 2.6594839907148327, 3.8894938270766595, 1.7384175534066615, 5.968540911528216, 4.746550168467473, 1.6436640380066507, 0.49414510040556187], 'ypos': [3.7514319455703946, 4.126152886120717, 4.0722278313797675, 4.125992932730256, 3.8435138278032634, 3.2110372204347803, 4.125738222128313, 3.8727627742050243], 'rotations': [5.048508464996017, 3.140307866275047, 3.0015388966549534, 3.148386451547075, 1.205749833475374, 5.721592706986429, 3.1465940309818476, 3.8242471791840096], 'orientations': ['rhs', 'upright', 'upright', 'upright', 'lhs', 'strange', 'upright', 'strange'], 'contact': [[0, 5, 2], [1], [2, 0], [3, 6], [4, 5], [5, 0, 4], [6, 3], [7]], 'grounded': ['yes', 'yes', 'yes', 'yes', 'yes', 'no', 'yes', 'yes'], 'follow_rule': True}, {'ids': [0, 1, 2, 3, 4, 5], 'colours': ['green', 'green', 'green', 'red', 'red', 'red'], 'sizes': [1, 2, 3, 3, 2, 1], 'xpos': [6.274889511223913, 4.529755606158284, 1.0243870709813532, 6.632171554405988, 1.0611018058510768, 5.0870832994383814], 'ypos': [4.12494357554846, 4.1276920076508175, 3.637983904530872, 3.6316347217490947, 3.273252310000874, 3.8470159996596687], 'rotations': [3.1395089433719137, 3.140031510319886, 4.490813526873015, 4.530334508941532, 1.1058095093446607, 5.067164338614406], 'orientations': ['upright', 'upright', 'strange', 'rhs', 'lhs', 'rhs'], 'contact': [[0], [1], [2], [3], [4], [5]], 'grounded': ['yes', 'yes', 'yes', 'yes', 'no', 'yes'], 'follow_rule': False}, {'ids': [0, 1, 2, 3, 4], 'colours': ['red', 'green', 'red', 'blue', 'green'], 'sizes': [3, 1, 1, 2, 3], 'xpos': [5.12691938557365, 5.11503131679493, 4.23727953775697, 6.19519140108846, 3.42148978150856], 'ypos': [4.16166666682932, 3.21450769513128, 4.15833270210236, 3.780270212316, 4.15777826181353], 'rotations': [3.14159265356107, 3.17396503839037, 3.13596899439433, 5.0484168782327, 3.14163950292034], 'contact': [[0, 1], [1, 0], 2, 3, 4], 'grounded': ['yes', 'no', 'yes', 'yes', 'yes']}, {'ids': [0, 1, 2, 3], 'colours': ['green', 'green', 'red', 'blue'], 'sizes': [1, 3, 1, 2], 'xpos': [1.95640316882102, 3.82119006463636, 5.49466900932729, 4.94512429018313], 'ypos': [4.1575463669092, 3.68793264237984, 3.88075060909874, 3.82370041726639], 'rotations': [3.14042586215534, 5.03796059957422, 5.07099533912214, 4.13396592888911], 'contact': [0, 1, [2, 3], [3, 2]], 'grounded': ['yes', 'yes', 'yes', 'yes']}, {'ids': [0, 1, 2, 3, 4], 'colours': ['red', 'blue', 'red', 'green', 'green'], 'sizes': [3, 1, 2, 2, 1], 'xpos': [6.01871423256697, 2.01992789098242, 4.13597794449854, 0.774406281828649, 4.80555851531279], 'ypos': [3.68393205570556, 4.15898574652681, 4.15794140291817, 3.77979942907755, 3.98725786368743], 'rotations': [1.24414891831718, 3.14156263599238, 3.14292046357041, 5.04964608195148, 2.53998237313469], 'contact': [[0, 4], 1, 2, 3, [4, 0]], 'grounded': ['yes', 'yes', 'yes', 'yes', 'yes']}, {'ids': [0, 1], 'colours': ['blue', 'green'], 'sizes': [1, 2], 'xpos': [1.67047327443096, 4.46813203908946], 'ypos': [4.15694705663294, 4.15819949787589], 'rotations': [3.14214596161258, 3.14225319301416], 'contact': [{'V1': 0, 'V2': 1}], 'grounded': ['yes', 'yes']}, {'ids': [0, 1, 2, 3, 4], 'colours': ['blue', 'blue', 'red', 'blue', 'red'], 'sizes': [1, 1, 3, 2, 3], 'xpos': [2.9749447690173, 1.59038636414738, 1.89943344290003, 0.742265142690783, 5.82945571924824], 'ypos': [4.14706432996679, 4.15682792868204, 3.68436535365509, 3.87793736870491, 4.15825788448378], 'rotations': [3.19018443917557, 3.14127258207092, 4.38185242264156, 2.36758036264438, 3.14223131257379], 'contact': [[0, 2], 1, [2, 0], 3, 4], 'grounded': ['yes', 'yes', 'yes', 'yes', 'yes']}, {'ids': [0, 1, 2, 3, 4], 'colours': ['blue', 'blue', 'red', 'red', 'blue'], 'sizes': [1, 1, 2, 3, 2], 'xpos': [3.86710801315826, 0.780465760873674, 4.72248955423569, 3.06295468416754, 7.04671297081929], 'ypos': [4.1448491118357, 4.15796013032216, 4.15793209798963, 3.75002575259372, 4.15761808534214], 'rotations': [3.19364501547634, 3.14186836777695, 3.13970081999877, 4.09252896570911, 3.14406240189392], 'contact': [[0, 3], 1, 2, [3, 0], 4], 'grounded': ['yes', 'yes', 'yes', 'yes', 'yes']}, {'ids': [0, 1, 2, 3], 'colours': ['blue', 'green', 'blue', 'red'], 'sizes': [1, 2, 1, 3], 'xpos': [0.414928997162714, 1.7723984589512, 5.75738502777065, 6.08770777718876], 'ypos': [4.15743978227501, 4.15711897749998, 3.88075060909862, 3.89628768750355], 'rotations': [3.14447951863788, 3.14010156096646, 5.07099533912207, 3.69409526653564], 'contact': [0, 1, [2, 3], [3, 2]], 'grounded': ['yes', 'yes', 'yes', 'yes']}, {'ids': [0, 1, 2, 3, 4], 'colours': ['green', 'red', 'green', 'green', 'red'], 'sizes': [2, 2, 3, 3, 2], 'xpos': [1.30426887924571, 1.8868098606311, 6.83333126813548, 2.79429839111229, 3.83407517131883], 'ypos': [3.78000391300947, 4.15881602818333, 3.73307814239637, 4.15736329550291, 4.15804254736289], 'rotations': [1.23253748876037, 3.14240000646429, 4.1567939442383, 3.14166932108615, 3.1439673324419], 'contact': [0, [1, 3], 2, [3, 1], 4], 'grounded': ['yes', 'yes', 'yes', 'yes', 'yes']}]","[True, True, True, False, False, False, True, False]","[True, True, True, False, False, False, True, True]","[False, False, False, True, True, True, False, False]","[False, False, False, False, False, False, False, False]","[True, True, True, False, False, False, True, False]","[True, True, True, False, False, False, True, True]","[False, False, False, True, True, True, False, False]","[False, False, False, False, False, False, False, False]",-0.125,-0.125,0.0,0.0,0.625,0.625,0.5,0.5,0.125,0.125,0.0,0.0,0.375,0.375,0.01,0.0,-5.545177444479562,2.0794415416798357,11.090354888959125,0.01,0.0,-11.090354888959125,2.772588722239781,22.18070977791825,1.0502311195665048,"[1.0, 1.0, 1.0, 1.0, 1.0, 0.0, 1.0, 0.0, 1.0, 1.0, 1.0, 1.0, 1.0, 1.0, 1.0, 0.0135, 0.9530000000000001, 0.092, 0.5895, 0.5895, 1.0, 0.0, 0.0, 0.861, 1.0, 1.0, 1.0, 0.2925, 0.999, 0.999, 1.0, 0.7155, 0.0, 0.0, 1.0, 0.0, 0.0, 0.0, 1.0, 0.0, 0.0, 0.0, 1.0, 0.0, 0.0, 0.0, 1.0, 0.0, 1.0, 1.0, 1.0, 1.0, 0.0, 0.0, 0.0, 0.0, 1.0, 1.0, 1.0, 1.0, 0.935, 0.935, 0.935, 0.935, 1.0, 1.0, 1.0, 1.0, 0.0, 1.0, 0.0, 0.0, 0.0, 1.0, 1.0, 1.0, 1.0, 1.0, 1.0, 1.0, 1.0, 1.0, 1.0, 1.0, 0.0935, 0.0935, 0.0935, 0.0935, 1.0, 1.0, 1.0, 1.0, 1.0, 1.0, 1.0, 1.0, 1.0, 1.0, 1.0, 1.0, 1.0, 1.0, 1.0, 0.013000000000000001, 1.0, 1.0, 0.998, 1.0, 1.0, 0.002, 0.998, 0.002, 1.0, 1.0, 1.0, 1.0, 1.0, 1.0, 1.0, 0.0, 0.973, 1.0, 0.9530000000000001, 1.0, 0.8925000000000001, 0.9195, 0.17400000000000002, 0.201, 1.0, 1.0, 1.0, 1.0, 0.0, 0.0, 0.0, 0.0, 1.0, 1.0, 1.0, 0.24, 1.0, 1.0, 0.968, 1.0, 0.653, 0.653, 0.653, 1.0, 0.2535, 0.2535, 0.7035, 0.10300000000000001, 1.0, 1.0, 1.0, 1.0, 0.0, 1.0, 0.0, 0.0, 1.0, 1.0, 1.0, 0.012, 0.988, 0.988, 1.0, 1.0, 1.0, 0.0, 1.0, 1.0, 1.0, 0.0, 0.0, 1.0, 0.0, 0.0, 0.0, 1.0, 1.0, 0.0, 0.0, 0.0, 1.0, 1.0, 1.0, 1.0, 0.0, 0.0, 0.0, 0.0, 1.0, 1.0, 1.0, 1.0, 0.0, 0.0, 0.0, 0.0, 1.0, 1.0, 1.0, 1.0, 1.0, 1.0, 0.841, 1.0, 1.0, 1.0, 1.0, 1.0, 0.0, 0.0, 0.0, 0.0, 1.0, 1.0, 1.0, 1.0, 1.0, 1.0, 1.0, 0.0, 0.197, 0.0, 0.85, 0.653, 0.803, 0.0, 0.0, 0.0, 0.8525, 0.847, 0.9935, 0.847, 0.28300000000000003, 0.4305, 0.426, 0.426, 1.0, 1.0, 1.0, 1.0, 1.0, 1.0, 1.0, 0.0, 0.798, 1.0, 0.7995, 0.7995, 0.0275, 0.029, 0.2265, 0.1975, 1.0, 1.0, 1.0, 1.0, 0.0, 0.0, 0.0, 0.0, 0.862, 0.854, 0.8595, 0.8955000000000001, 0.045, 0.0005, 0.8695, 0.8505, 1.0, 1.0, 1.0, 0.022, 1.0, 1.0, 1.0, 0.978, 0.28400000000000003, 0.0145, 0.1885, 0.0275, 0.2755, 0.0, 0.0015, 0.013000000000000001, 0.0, 0.0, 0.0, 1.0, 1.0, 0.0, 0.0, 0.0, 1.0, 1.0, 1.0, 1.0, 0.0, 0.0, 0.0, 0.0, 1.0, 1.0, 1.0, 1.0, 1.0, 0.0, 1.0, 0.0, 1.0, 1.0, 1.0, 1.0, 1.0, 1.0, 1.0, 0.0, 1.0, 1.0, 1.0, 0.728, 0.8265, 0.5545, 0.5545, 0.8265, 1.0, 1.0, 1.0, 1.0, 1.0, 1.0, 1.0, 1.0, 1.0, 1.0, 1.0, 0.8715, 0.9365, 0.8695, 0.8695, 0.9365, 0.229, 0.229, 0.229, 0.229, 0.801, 0.03, 0.03, 0.801, 0.0, 0.0, 0.0, 1.0, 1.0, 0.0, 0.0, 0.0, 0.108, 0.114, 0.2315, 0.108, 0.114, 0.07050000000000001, 0.0495, 0.006, 1.0, 1.0, 1.0, 1.0, 0.0, 0.0, 0.0, 0.0, 0.8955000000000001, 0.895, 0.0115, 0.0, 0.883, 0.0, 0.0, 0.0, 1.0, 1.0, 1.0, 1.0, 0.0, 0.0, 0.0, 0.0, 0.902, 0.902, 0.902, 0.678, 0.88, 0.88, 0.902, 0.807, 1.0, 1.0, 1.0, 1.0, 0.0, 0.0, 0.0, 0.0, 1.0, 1.0, 1.0, 1.0, 1.0, 1.0, 1.0, 0.0, 1.0, 1.0, 1.0, 1.0, 0.0, 0.0, 0.0, 0.0, 1.0, 1.0, 1.0, 1.0, 0.008, 0.008, 0.008, 0.008, 1.0, 1.0, 1.0, 1.0, 1.0, 1.0, 1.0, 0.0, 1.0, 1.0, 1.0, 1.0, 1.0, 1.0, 0.6980000000000001, 1.0, 1.0, 1.0, 1.0, 1.0, 0.0, 0.0, 0.0, 0.0, 1.0, 1.0, 1.0, 1.0, 1.0, 1.0, 1.0, 0.0, 0.9530000000000001, 0.9530000000000001, 0.9530000000000001, 1.0, 1.0, 1.0, 0.641, 0.9530000000000001, 1.0, 1.0, 1.0, 1.0, 0.0, 0.0, 0.0, 0.0, 1.0, 1.0, 1.0, 1.0, 1.0, 1.0, 1.0, 1.0, 1.0, 1.0, 1.0, 1.0, 0.0, 0.0, 0.0, 0.0, 1.0, 1.0, 1.0, 1.0, 1.0, 1.0, 1.0, 1.0, 1.0, 1.0, 1.0, 1.0, 0.021500000000000002, 0.021500000000000002, 0.021500000000000002, 0.021500000000000002, 0.021500000000000002, 0.003, 0.02, 0.0095, 0.0095, 0.964, 0.9555, 0.0095, 1.0, 1.0, 1.0, 1.0, 1.0, 1.0, 1.0, 1.0, 1.0, 1.0, 1.0, 1.0, 0.0, 0.0, 0.0, 0.0, 1.0, 1.0, 1.0, 1.0, 0.0, 0.0, 1.0, 1.0, 1.0, 0.873, 0.198, 0.198, 1.0, 1.0, 0.6905, 1.0, 1.0, 1.0, 1.0, 1.0, 1.0, 1.0, 1.0, 0.0, 1.0, 0.999, 0.999, 1.0, 0.0025, 0.0025, 0.0025, 0.0025, 1.0, 1.0, 1.0, 1.0, 1.0, 0.686, 0.314, 0.0, 1.0, 1.0, 1.0, 1.0, 0.524, 0.524, 1.0, 0.47600000000000003, 1.0, 1.0, 1.0, 1.0, 0.008, 0.008, 0.008, 0.008, 0.9935, 0.9935, 0.9775, 0.9935, 0.9935, 0.0225, 0.988, 0.017, 1.0, 1.0, 1.0, 1.0, 0.0725, 0.0725, 0.0725, 0.0725, 0.041, 1.0, 1.0, 0.9590000000000001, 0.041, 0.9590000000000001, 1.0, 0.0, 0.7435, 0.9835, 0.7425, 0.986, 0.7435, 0.7435, 0.256, 0.987, 1.0, 0.005, 1.0, 1.0, 1.0, 0.005, 0.005, 1.0, 1.0, 1.0, 1.0, 1.0, 1.0, 1.0, 1.0, 0.0, 1.0, 1.0, 1.0, 1.0, 0.0, 0.0, 0.0, 0.0, 1.0, 1.0, 1.0, 1.0, 0.0, 0.0, 0.0, 0.0, 0.9705, 0.9705, 0.9145, 1.0, 0.8015, 0.8015, 0.9705, 0.7865, 1.0, 1.0, 1.0, 1.0, 0.0, 0.0, 0.0, 0.0, 1.0, 1.0, 1.0, 1.0, 0.0, 0.0, 0.0, 0.0, 1.0, 1.0, 1.0, 1.0, 0.0, 0.0, 0.0, 0.0, 1.0, 1.0, 1.0, 1.0, 1.0, 1.0, 1.0, 1.0]",-418.5875071169283,843.720363894191,-482.430437669722,964.860875339444,0.01,0.0,2.0794415416798357,0.3692694468174255,-3.740666539303485,10.25392180084675,0.6334250289943713,"[1.0, 1.0, 1.0, 1.0, 1.0, 0.0, 1.0, 0.0, 1.0, 1.0, 1.0, 1.0, 1.0, 1.0, 1.0, 0.0, 0.0, 0.0, 0.0, 0.0, 0.0, 0.0, 0.0, 0.0, 1.0, 1.0, 1.0, 0.0, 0.0, 0.0, 1.0, 0.0, 0.0, 0.0, 1.0, 1.0, 0.0, 1.0, 1.0, 1.0, 1.0, 1.0, 1.0, 1.0, 0.0, 0.0, 1.0, 1.0, 1.0, 1.0, 1.0, 1.0, 0.0, 0.0, 0.0, 0.0, 1.0, 1.0, 1.0, 1.0, 0.0, 0.0, 0.0, 0.0, 0.0, 0.0, 0.0, 0.0, 0.0, 1.0, 1.0, 0.0, 1.0, 1.0, 1.0, 1.0, 0.0, 0.0, 0.0, 0.0, 1.0, 1.0, 1.0, 1.0, 0.0, 0.0, 0.0, 0.0, 1.0, 1.0, 1.0, 1.0, 1.0, 1.0, 0.0, 1.0, 1.0, 1.0, 1.0, 1.0, 1.0, 1.0, 1.0, 0.0, 1.0, 1.0, 1.0, 1.0, 1.0, 0.0, 1.0, 0.0, 0.0, 1.0, 0.0, 0.0, 1.0, 1.0, 1.0, 0.0, 1.0, 1.0, 0.0, 1.0, 1.0, 0.0, 0.0, 0.0, 1.0, 1.0, 1.0, 0.0, 1.0, 1.0, 1.0, 1.0, 1.0, 1.0, 1.0, 1.0, 0.0, 0.0, 0.0, 0.0, 1.0, 1.0, 1.0, 0.0, 0.0, 0.0, 1.0, 0.0, 0.0, 0.0, 1.0, 0.0, 0.0, 0.0, 0.0, 0.0, 1.0, 1.0, 1.0, 0.0, 0.0, 0.0, 1.0, 0.0, 0.0, 0.0, 0.0, 1.0, 0.0, 0.0, 0.0, 0.0, 0.0, 0.0, 0.0, 1.0, 0.0, 0.0, 0.0, 0.0, 1.0, 1.0, 1.0, 1.0, 0.0, 0.0, 0.0, 0.0, 1.0, 1.0, 1.0, 0.0, 0.0, 0.0, 1.0, 0.0, 1.0, 1.0, 1.0, 1.0, 0.0, 0.0, 0.0, 0.0, 1.0, 1.0, 1.0, 1.0, 0.0, 0.0, 0.0, 0.0, 1.0, 1.0, 1.0, 1.0, 1.0, 1.0, 1.0, 0.0, 0.0, 0.0, 0.0, 0.0, 1.0, 0.0, 0.0, 0.0, 1.0, 1.0, 1.0, 1.0, 1.0, 1.0, 1.0, 1.0, 1.0, 1.0, 1.0, 1.0, 1.0, 1.0, 1.0, 0.0, 0.0, 0.0, 0.0, 0.0, 0.0, 0.0, 0.0, 0.0, 0.0, 1.0, 0.0, 1.0, 0.0, 1.0, 0.0, 1.0, 0.0, 0.0, 0.0, 1.0, 0.0, 0.0, 0.0, 0.0, 1.0, 1.0, 1.0, 0.0, 0.0, 0.0, 1.0, 0.0, 1.0, 1.0, 1.0, 1.0, 1.0, 0.0, 1.0, 0.0, 0.0, 1.0, 1.0, 1.0, 0.0, 0.0, 0.0, 0.0, 1.0, 1.0, 1.0, 0.0, 1.0, 1.0, 1.0, 1.0, 0.0, 1.0, 1.0, 1.0, 0.0, 0.0, 0.0, 0.0, 1.0, 1.0, 1.0, 1.0, 1.0, 1.0, 1.0, 0.0, 1.0, 1.0, 1.0, 1.0, 0.0, 0.0, 0.0, 0.0, 1.0, 1.0, 1.0, 1.0, 0.0, 0.0, 0.0, 0.0, 0.0, 1.0, 0.0, 0.0, 0.0, 0.0, 0.0, 0.0, 1.0, 1.0, 1.0, 1.0, 1.0, 0.0, 1.0, 1.0, 0.0, 0.0, 0.0, 0.0, 0.0, 1.0, 1.0, 0.0, 1.0, 1.0, 1.0, 1.0, 1.0, 0.0, 1.0, 0.0, 1.0, 1.0, 1.0, 1.0, 1.0, 0.0, 1.0, 1.0, 0.0, 0.0, 0.0, 0.0, 0.0, 1.0, 1.0, 0.0, 1.0, 0.0, 0.0, 1.0, 0.0, 0.0, 0.0, 0.0, 1.0, 1.0, 1.0, 0.0, 0.0, 0.0, 1.0, 0.0, 1.0, 1.0, 1.0, 0.0, 0.0, 0.0, 0.0, 0.0, 1.0, 1.0, 1.0, 1.0, 1.0, 1.0, 1.0, 0.0, 0.0, 0.0, 0.0, 0.0, 0.0, 0.0, 0.0, 0.0, 1.0, 0.0, 1.0, 0.0, 0.0, 0.0, 0.0, 0.0, 1.0, 1.0, 1.0, 1.0, 1.0, 1.0, 1.0, 0.0, 1.0, 1.0, 1.0, 1.0, 1.0, 1.0, 0.0, 1.0, 1.0, 1.0, 1.0, 1.0, 0.0, 0.0, 0.0, 0.0, 1.0, 1.0, 1.0, 1.0, 1.0, 1.0, 1.0, 0.0, 0.0, 1.0, 1.0, 1.0, 0.0, 0.0, 0.0, 0.0, 1.0, 1.0, 1.0, 1.0, 0.0, 0.0, 0.0, 0.0, 1.0, 0.0, 1.0, 0.0, 0.0, 0.0, 0.0, 0.0, 1.0, 1.0, 1.0, 1.0, 1.0, 0.0, 1.0, 0.0, 1.0, 1.0, 1.0, 0.0, 1.0, 1.0, 0.0, 1.0, 1.0, 1.0, 1.0, 1.0, 0.0, 0.0, 0.0, 0.0, 0.0, 0.0, 0.0, 0.0, 0.0, 1.0, 0.0, 0.0, 1.0, 1.0, 1.0, 1.0, 0.0, 0.0, 0.0, 0.0, 0.0, 0.0, 0.0, 0.0, 0.0, 0.0, 0.0, 0.0, 1.0, 0.0, 1.0, 0.0, 0.0, 0.0, 0.0, 0.0, 1.0, 1.0, 0.0, 0.0, 1.0, 1.0, 1.0, 1.0, 1.0, 1.0, 1.0, 1.0, 1.0, 1.0, 1.0, 1.0, 1.0, 1.0, 1.0, 1.0, 1.0, 0.0, 1.0, 1.0, 0.0, 1.0, 0.0, 1.0, 0.0, 1.0, 0.0, 0.0, 1.0, 1.0, 1.0, 1.0, 0.0, 0.0, 1.0, 0.0, 1.0, 1.0, 1.0, 1.0, 0.0, 0.0, 0.0, 0.0, 0.0, 0.0, 0.0, 1.0, 0.0, 0.0, 0.0, 0.0, 1.0, 1.0, 1.0, 1.0, 0.0, 0.0, 0.0, 0.0, 0.0, 1.0, 1.0, 1.0, 0.0, 1.0, 1.0, 0.0, 1.0, 1.0, 1.0, 1.0, 0.0, 0.0, 0.0, 0.0, 1.0, 0.0, 1.0, 1.0, 1.0, 0.0, 0.0, 1.0, 1.0, 1.0, 1.0, 1.0, 1.0, 1.0, 1.0, 0.0, 0.0, 1.0, 1.0, 1.0, 1.0, 1.0, 0.0, 0.0, 1.0, 1.0, 1.0, 1.0, 0.0, 0.0, 0.0, 0.0, 1.0, 1.0, 1.0, 0.0, 0.0, 0.0, 1.0, 0.0, 1.0, 1.0, 1.0, 1.0, 0.0, 0.0, 0.0, 0.0, 0.0, 0.0, 0.0, 0.0, 0.0, 0.0, 0.0, 0.0, 0.0, 1.0, 0.0, 1.0, 0.0, 1.0, 1.0, 0.0, 1.0, 1.0, 1.0, 1.0, 1.0, 0.0, 0.0, 1.0]",-318.3726801373107,643.2907099349558,0.01,0.0,-5.545177444479562,2.0794415416798357,11.090354888959125,0.3692694468174255,-3.740666539303485,-11.090354888959125,10.25392180084675,22.18070977791825,0.6173530694834558,"[1.0, 1.0, 1.0, 1.0, 1.0, 0.0, 1.0, 0.0, 1.0, 1.0, 1.0, 1.0, 1.0, 1.0, 1.0, 0.0, 0.0, 0.0, 0.0, 0.0, 0.0, 0.0, 0.0, 0.0, 1.0, 1.0, 1.0, 0.0, 0.0, 0.0, 1.0, 0.0, 0.0, 0.0, 1.0, 1.0, 0.0, 1.0, 1.0, 1.0, 0.0, 0.0, 0.0, 0.0, 0.0, 0.0, 0.0, 0.0, 1.0, 1.0, 1.0, 1.0, 0.0, 0.0, 0.0, 0.0, 1.0, 1.0, 1.0, 1.0, 0.0, 0.0, 0.0, 0.0, 0.0, 0.0, 0.0, 0.0, 0.0, 1.0, 1.0, 0.0, 0.0, 0.0, 0.0, 1.0, 0.0, 0.0, 0.0, 0.0, 1.0, 1.0, 1.0, 1.0, 0.0, 0.0, 0.0, 0.0, 0.0, 0.0, 0.0, 0.0, 1.0, 1.0, 0.0, 1.0, 1.0, 1.0, 1.0, 1.0, 1.0, 1.0, 1.0, 0.0, 1.0, 1.0, 1.0, 1.0, 1.0, 0.0, 1.0, 0.0, 0.0, 1.0, 0.0, 0.0, 1.0, 1.0, 1.0, 0.0, 1.0, 1.0, 0.0, 1.0, 1.0, 0.0, 0.0, 0.0, 1.0, 1.0, 1.0, 0.0, 1.0, 1.0, 1.0, 1.0, 1.0, 1.0, 1.0, 1.0, 0.0, 0.0, 0.0, 0.0, 1.0, 1.0, 1.0, 0.0, 0.0, 0.0, 1.0, 0.0, 0.0, 0.0, 1.0, 0.0, 0.0, 0.0, 0.0, 0.0, 1.0, 1.0, 1.0, 0.0, 0.0, 0.0, 1.0, 0.0, 0.0, 0.0, 0.0, 1.0, 0.0, 0.0, 0.0, 0.0, 0.0, 0.0, 0.0, 1.0, 0.0, 0.0, 0.0, 0.0, 1.0, 1.0, 1.0, 1.0, 0.0, 0.0, 0.0, 0.0, 1.0, 1.0, 1.0, 0.0, 0.0, 0.0, 1.0, 0.0, 1.0, 1.0, 1.0, 1.0, 0.0, 0.0, 0.0, 0.0, 1.0, 1.0, 1.0, 1.0, 0.0, 0.0, 0.0, 0.0, 1.0, 1.0, 1.0, 1.0, 1.0, 1.0, 1.0, 0.0, 0.0, 0.0, 0.0, 0.0, 1.0, 0.0, 0.0, 0.0, 1.0, 1.0, 1.0, 1.0, 1.0, 1.0, 1.0, 1.0, 1.0, 1.0, 1.0, 1.0, 1.0, 1.0, 1.0, 0.0, 0.0, 0.0, 0.0, 0.0, 0.0, 0.0, 0.0, 0.0, 0.0, 1.0, 0.0, 1.0, 0.0, 1.0, 0.0, 1.0, 0.0, 0.0, 0.0, 1.0, 0.0, 0.0, 0.0, 0.0, 1.0, 1.0, 1.0, 0.0, 0.0, 0.0, 1.0, 0.0, 1.0, 1.0, 1.0, 1.0, 1.0, 0.0, 1.0, 0.0, 0.0, 1.0, 1.0, 1.0, 0.0, 0.0, 0.0, 0.0, 1.0, 1.0, 1.0, 0.0, 1.0, 1.0, 1.0, 1.0, 0.0, 1.0, 1.0, 1.0, 0.0, 0.0, 0.0, 0.0, 1.0, 1.0, 1.0, 1.0, 1.0, 1.0, 1.0, 0.0, 1.0, 1.0, 1.0, 1.0, 0.0, 0.0, 0.0, 0.0, 1.0, 1.0, 1.0, 1.0, 0.0, 0.0, 0.0, 0.0, 0.0, 1.0, 0.0, 0.0, 0.0, 0.0, 0.0, 0.0, 0.0, 0.0, 0.0, 0.0, 0.0, 0.0, 0.0, 0.0, 1.0, 0.0, 1.0, 1.0, 1.0, 0.0, 0.0, 1.0, 1.0, 1.0, 1.0, 1.0, 1.0, 0.0, 1.0, 0.0, 1.0, 1.0, 1.0, 1.0, 1.0, 0.0, 1.0, 1.0, 0.0, 0.0, 0.0, 0.0, 0.0, 1.0, 1.0, 0.0, 1.0, 0.0, 0.0, 1.0, 0.0, 0.0, 0.0, 0.0, 1.0, 1.0, 1.0, 0.0, 0.0, 0.0, 1.0, 0.0, 1.0, 1.0, 1.0, 0.0, 0.0, 0.0, 0.0, 0.0, 1.0, 1.0, 1.0, 1.0, 1.0, 1.0, 1.0, 0.0, 0.0, 0.0, 0.0, 0.0, 0.0, 0.0, 0.0, 0.0, 1.0, 0.0, 1.0, 0.0, 0.0, 0.0, 0.0, 0.0, 1.0, 1.0, 1.0, 1.0, 1.0, 1.0, 1.0, 0.0, 1.0, 1.0, 1.0, 1.0, 1.0, 1.0, 0.0, 1.0, 1.0, 1.0, 1.0, 1.0, 0.0, 0.0, 0.0, 0.0, 1.0, 1.0, 1.0, 1.0, 1.0, 1.0, 1.0, 0.0, 0.0, 1.0, 1.0, 1.0, 0.0, 0.0, 0.0, 0.0, 1.0, 1.0, 1.0, 1.0, 0.0, 0.0, 0.0, 0.0, 1.0, 0.0, 1.0, 0.0, 0.0, 0.0, 0.0, 0.0, 1.0, 1.0, 1.0, 1.0, 1.0, 0.0, 1.0, 0.0, 1.0, 1.0, 1.0, 0.0, 1.0, 1.0, 0.0, 1.0, 1.0, 1.0, 1.0, 1.0, 0.0, 0.0, 0.0, 0.0, 0.0, 0.0, 0.0, 0.0, 0.0, 1.0, 0.0, 0.0, 1.0, 1.0, 1.0, 1.0, 0.0, 0.0, 0.0, 0.0, 0.0, 0.0, 0.0, 0.0, 0.0, 0.0, 0.0, 0.0, 1.0, 0.0, 1.0, 0.0, 0.0, 0.0, 0.0, 0.0, 1.0, 1.0, 0.0, 0.0, 1.0, 1.0, 1.0, 1.0, 1.0, 1.0, 1.0, 1.0, 1.0, 1.0, 1.0, 1.0, 1.0, 1.0, 1.0, 1.0, 1.0, 0.0, 1.0, 1.0, 0.0, 1.0, 0.0, 1.0, 0.0, 1.0, 0.0, 0.0, 1.0, 1.0, 1.0, 1.0, 0.0, 0.0, 1.0, 0.0, 1.0, 1.0, 1.0, 1.0, 0.0, 0.0, 0.0, 0.0, 0.0, 0.0, 0.0, 1.0, 0.0, 0.0, 0.0, 0.0, 1.0, 1.0, 1.0, 1.0, 0.0, 0.0, 0.0, 0.0, 0.0, 1.0, 1.0, 1.0, 0.0, 1.0, 1.0, 0.0, 1.0, 1.0, 1.0, 1.0, 0.0, 0.0, 0.0, 0.0, 1.0, 0.0, 1.0, 1.0, 1.0, 0.0, 0.0, 1.0, 1.0, 1.0, 1.0, 1.0, 1.0, 1.0, 1.0, 0.0, 0.0, 0.0, 1.0, 0.0, 0.0, 1.0, 0.0, 0.0, 1.0, 1.0, 1.0, 1.0, 0.0, 0.0, 0.0, 0.0, 1.0, 1.0, 1.0, 0.0, 0.0, 0.0, 1.0, 0.0, 1.0, 1.0, 1.0, 1.0, 0.0, 0.0, 0.0, 0.0, 0.0, 0.0, 0.0, 0.0, 0.0, 0.0, 0.0, 0.0, 0.0, 1.0, 0.0, 1.0, 0.0, 1.0, 1.0, 0.0, 1.0, 1.0, 1.0, 1.0, 1.0, 0.0, 0.0, 1.0]",-311.9759791000219,630.4973078603782,-482.430437669722,964.860875339444,0.01,0.0,-5.545177444479562,2.0794415416798357,11.090354888959125,2.218570284048147,-10.7256930200508,-11.090354888959125,24.22397476234138,22.18070977791825,1.0908740239314543,"[0.0, 0.0, 1.0, 0.0, 0.0, 0.0, 0.0, 0.0, 1.0, 1.0, 1.0, 1.0, 0.877, 0.877, 0.877, 0.0, 1.0, 0.259, 1.0, 1.0, 0.8015, 0.0, 0.259, 1.0, 1.0, 1.0, 1.0, 1.0, 1.0, 1.0, 1.0, 0.0, 0.0, 0.0, 1.0, 0.0, 0.0, 0.0, 1.0, 0.0, 0.0, 0.0, 1.0, 0.0, 0.0, 0.0, 1.0, 0.0, 0.0, 0.0, 0.0, 0.0775, 0.0, 0.0, 0.1635, 0.47100000000000003, 1.0, 1.0, 1.0, 1.0, 0.0, 0.0, 0.0, 0.0, 0.0, 0.0, 0.0, 0.0, 0.0, 0.0, 0.0, 0.0, 1.0, 1.0, 1.0, 1.0, 1.0, 1.0, 1.0, 0.0, 1.0, 1.0, 1.0, 1.0, 0.0, 0.0, 0.0, 0.0, 0.0, 0.0, 0.0, 0.0, 0.0, 0.113, 0.113, 0.0, 0.0, 0.0, 0.0, 1.0, 0.0, 0.0, 0.0, 0.0, 1.0, 1.0, 1.0, 1.0, 0.0, 0.0, 0.0, 0.0, 0.9995, 1.0, 1.0, 0.663, 1.0, 1.0, 1.0, 0.353, 1.0, 1.0, 1.0, 1.0, 0.082, 0.082, 0.0, 0.0, 0.973, 1.0, 0.7655000000000001, 0.605, 0.973, 1.0, 1.0, 0.368, 0.0, 0.0, 1.0, 0.0, 1.0, 0.0, 1.0, 0.0, 1.0, 1.0, 1.0, 1.0, 0.0, 0.0, 1.0, 0.0, 1.0, 1.0, 1.0, 1.0, 0.0, 0.9465, 0.0, 0.0, 0.666, 1.0, 0.666, 0.666, 0.0, 0.0, 0.7975, 0.0, 0.0, 0.9430000000000001, 0.0, 1.0, 1.0, 0.0, 0.0, 0.0, 0.0, 1.0, 0.0, 0.0, 0.0, 0.0, 0.0, 0.0, 1.0, 1.0, 1.0, 1.0, 0.0, 0.0, 0.0, 0.0, 1.0, 1.0, 1.0, 1.0, 1.0, 1.0, 1.0, 0.0005, 1.0, 1.0, 1.0, 1.0, 1.0, 1.0, 0.0, 1.0, 1.0, 1.0, 1.0, 1.0, 0.0, 0.0, 0.0, 0.0, 1.0, 1.0, 1.0, 1.0, 1.0, 1.0, 1.0, 0.0, 1.0, 0.0, 1.0, 0.0, 0.0, 0.0, 0.0, 0.0, 0.0, 1.0, 0.0, 1.0, 0.0, 1.0, 0.0, 1.0, 1.0, 1.0, 1.0, 1.0, 1.0, 1.0, 1.0, 0.0, 1.0, 0.0, 1.0, 1.0, 1.0, 0.0, 0.0, 1.0, 1.0, 1.0, 1.0, 1.0, 1.0, 1.0, 1.0, 1.0, 0.0, 0.9580000000000001, 0.0, 0.0, 0.0, 0.0, 0.0045000000000000005, 0.0, 0.0, 0.0, 0.0, 0.0, 0.0, 0.0, 0.0, 1.0, 0.0, 0.0, 0.0005, 0.0, 0.0, 0.0, 0.0, 0.0, 0.0, 1.0, 0.0, 0.0, 0.0, 0.0, 0.0, 0.0, 1.0, 1.0, 1.0, 0.001, 0.001, 0.001, 1.0, 0.0, 0.0, 0.0, 0.6225, 0.0, 0.0, 0.0, 0.0, 0.0, 1.0, 1.0, 1.0, 1.0, 0.0, 0.0, 0.0, 0.0, 0.0, 0.0, 0.0, 0.0, 0.0, 0.0, 0.0, 0.0, 1.0, 1.0, 1.0, 1.0, 1.0, 1.0, 1.0, 0.0, 0.0, 0.0, 0.0, 1.0, 0.0, 0.0, 1.0, 0.0, 1.0, 1.0, 1.0, 1.0, 0.0, 0.0, 0.0, 0.0, 0.0, 1.0, 0.0, 0.0, 1.0, 0.0, 0.0, 1.0, 1.0, 1.0, 1.0, 1.0, 0.0, 0.0, 0.0, 0.0, 1.0, 1.0, 1.0, 1.0, 1.0, 0.0, 1.0, 1.0, 0.0, 0.0005, 0.0, 0.0, 0.0, 0.38, 0.0, 0.0, 1.0, 1.0, 1.0, 1.0, 0.0, 0.0, 0.0, 0.0, 1.0, 1.0, 1.0, 0.999, 1.0, 1.0, 1.0, 0.0195, 1.0, 1.0, 1.0, 1.0, 0.0, 0.0, 0.0, 0.0, 0.0, 0.6285000000000001, 0.0, 0.328, 0.0, 0.0, 0.6285000000000001, 0.0, 0.0, 0.0, 0.0, 0.0, 0.0, 0.0, 0.0, 1.0, 1.0, 1.0, 1.0, 1.0, 0.0, 0.0, 0.0, 0.0, 1.0, 1.0, 1.0, 1.0, 1.0, 1.0, 1.0, 0.0, 1.0, 1.0, 1.0, 1.0, 1.0, 1.0, 0.0375, 1.0, 1.0, 1.0, 1.0, 1.0, 0.0, 0.0, 0.0, 0.0, 1.0, 1.0, 1.0, 1.0, 1.0, 1.0, 1.0, 0.0, 1.0, 1.0, 1.0, 1.0, 1.0, 1.0, 0.0, 1.0, 1.0, 1.0, 1.0, 1.0, 0.0, 0.0, 0.0, 0.0, 1.0, 1.0, 1.0, 1.0, 1.0, 1.0, 1.0, 1.0, 0.0, 0.0, 0.4395, 0.0, 0.0, 0.0, 0.001, 1.0, 0.0, 0.0, 0.0, 0.0, 0.0, 0.0, 0.0, 0.0, 1.0, 1.0, 1.0, 0.0, 1.0, 0.0, 0.0, 1.0, 0.0, 0.0, 1.0, 1.0, 1.0, 0.0, 0.0, 0.0, 0.0, 0.0, 0.0, 0.0, 0.0, 0.0, 0.0, 0.0, 1.0, 1.0, 1.0, 1.0, 0.0, 0.0, 0.0, 0.0, 0.0, 0.0, 0.0, 0.0, 0.0, 1.0, 0.0, 0.0, 1.0, 1.0, 1.0, 1.0, 0.0, 0.4945, 0.0, 0.0, 1.0, 1.0, 1.0, 1.0, 0.0, 0.0, 1.0, 1.0, 1.0, 1.0, 1.0, 1.0, 0.0, 0.0, 0.0, 0.0, 1.0, 1.0, 1.0, 1.0, 1.0, 0.704, 0.296, 0.0, 1.0, 1.0, 1.0, 1.0, 0.0, 0.0, 1.0, 1.0, 1.0, 1.0, 1.0, 1.0, 0.0, 0.0, 0.0, 0.0, 0.006, 1.0, 0.006, 0.708, 0.298, 1.0, 0.298, 1.0, 1.0, 1.0, 1.0, 1.0, 0.0, 0.0, 0.0, 0.0, 1.0, 0.0, 1.0, 1.0, 1.0, 0.0, 0.0, 1.0, 0.0, 1.0, 1.0, 1.0, 0.0, 0.0, 0.0, 0.0, 1.0, 0.224, 1.0, 1.0, 0.776, 0.0, 0.224, 1.0, 1.0, 1.0, 1.0, 1.0, 0.0, 0.0, 0.0, 0.0, 1.0, 1.0, 0.0, 1.0, 1.0, 1.0, 0.0, 1.0, 1.0, 1.0, 1.0, 1.0, 0.0, 0.0, 0.0, 0.0, 1.0, 1.0, 1.0, 1.0, 1.0, 1.0, 1.0, 0.0, 1.0, 1.0, 1.0, 1.0, 0.0, 0.0, 0.0, 0.0, 0.0, 0.0, 0.0, 0.0, 0.0, 0.0, 0.0, 0.0, 1.0, 0.4865, 1.0, 1.0, 1.0, 0.0075, 0.4865, 1.0, 0.0225, 0.0, 0.0, 0.9775, 0.0, 0.0, 0.0, 0.0]",-419.18595103414617,844.9172517286268,-482.430437669722,964.860875339444,0.01,0.0,-5.545177444479562,2.0794415416798357,11.090354888959125,0.3692694468174255,-3.740666539303485,-11.090354888959125,10.25392180084675,22.18070977791825,0.5787520451143159,"[1.0, 1.0, 1.0, 1.0, 1.0, 0.0, 1.0, 0.0, 1.0, 1.0, 1.0, 1.0, 1.0, 1.0, 1.0, 0.0, 0.0, 0.0, 0.0, 0.0, 0.0, 0.0, 0.0, 0.0, 1.0, 1.0, 1.0, 1.0, 0.0, 0.0, 1.0, 0.0, 0.0, 0.0, 0.0, 0.0, 0.0, 1.0, 0.0, 0.0, 0.0, 0.0, 0.0, 0.0, 0.0, 0.0, 0.0, 0.0, 1.0, 1.0, 1.0, 1.0, 0.0, 0.0, 0.0, 0.0, 1.0, 1.0, 1.0, 1.0, 0.0, 0.0, 0.0, 0.0, 0.0, 0.0, 0.0, 0.0, 0.0, 1.0, 1.0, 0.0, 1.0, 1.0, 1.0, 1.0, 0.0, 0.0, 0.0, 0.0, 1.0, 1.0, 1.0, 1.0, 0.0, 0.0, 0.0, 0.0, 0.0, 0.0, 0.0, 0.0, 0.0, 0.0, 0.0, 0.0, 1.0, 1.0, 1.0, 1.0, 1.0, 1.0, 1.0, 0.0, 1.0, 1.0, 1.0, 1.0, 1.0, 0.0, 1.0, 0.0, 0.0, 1.0, 0.0, 0.0, 1.0, 1.0, 1.0, 0.0, 1.0, 1.0, 0.0, 1.0, 1.0, 0.0, 0.0, 0.0, 1.0, 1.0, 1.0, 0.0, 1.0, 1.0, 1.0, 1.0, 1.0, 1.0, 1.0, 1.0, 0.0, 0.0, 0.0, 0.0, 1.0, 1.0, 1.0, 0.0, 0.0, 0.0, 1.0, 0.0, 0.0, 0.0, 1.0, 0.0, 0.0, 0.0, 0.0, 0.0, 1.0, 1.0, 1.0, 0.0, 0.0, 0.0, 1.0, 0.0, 0.0, 0.0, 0.0, 1.0, 0.0, 0.0, 0.0, 0.0, 0.0, 0.0, 0.0, 1.0, 0.0, 0.0, 0.0, 0.0, 1.0, 1.0, 1.0, 1.0, 0.0, 0.0, 0.0, 0.0, 1.0, 1.0, 1.0, 0.0, 0.0, 0.0, 1.0, 0.0, 1.0, 1.0, 1.0, 1.0, 0.0, 0.0, 0.0, 0.0, 1.0, 1.0, 1.0, 1.0, 0.0, 0.0, 0.0, 0.0, 1.0, 1.0, 1.0, 1.0, 1.0, 1.0, 1.0, 0.0, 0.0, 0.0, 0.0, 0.0, 1.0, 0.0, 0.0, 0.0, 1.0, 1.0, 1.0, 1.0, 1.0, 1.0, 1.0, 1.0, 1.0, 1.0, 1.0, 1.0, 1.0, 1.0, 1.0, 0.0, 0.0, 0.0, 0.0, 0.0, 0.0, 0.0, 0.0, 0.0, 0.0, 1.0, 0.0, 1.0, 0.0, 1.0, 0.0, 1.0, 0.0, 0.0, 0.0, 1.0, 0.0, 0.0, 0.0, 0.0, 1.0, 1.0, 1.0, 0.0, 0.0, 0.0, 1.0, 0.0, 0.0, 0.0, 1.0, 0.0, 0.0, 0.0, 0.0, 0.0, 0.0, 1.0, 1.0, 1.0, 0.0, 0.0, 0.0, 0.0, 1.0, 1.0, 1.0, 0.0, 1.0, 1.0, 1.0, 1.0, 0.0, 0.0, 1.0, 0.0, 0.0, 0.0, 0.0, 0.0, 1.0, 1.0, 1.0, 1.0, 1.0, 1.0, 1.0, 0.0, 1.0, 1.0, 1.0, 1.0, 0.0, 0.0, 0.0, 0.0, 1.0, 1.0, 1.0, 1.0, 0.0, 0.0, 0.0, 0.0, 0.0, 1.0, 0.0, 0.0, 0.0, 0.0, 0.0, 0.0, 0.0, 0.0, 0.0, 0.0, 0.0, 0.0, 0.0, 0.0, 0.0, 0.0, 0.0, 0.0, 0.0, 0.0, 0.0, 0.0, 1.0, 1.0, 0.0, 1.0, 1.0, 0.0, 1.0, 0.0, 1.0, 1.0, 1.0, 1.0, 1.0, 0.0, 1.0, 1.0, 0.0, 0.0, 0.0, 0.0, 0.0, 1.0, 1.0, 0.0, 1.0, 0.0, 0.0, 1.0, 0.0, 0.0, 0.0, 0.0, 1.0, 1.0, 1.0, 0.0, 0.0, 0.0, 1.0, 0.0, 1.0, 1.0, 1.0, 0.0, 0.0, 0.0, 0.0, 0.0, 1.0, 1.0, 1.0, 1.0, 1.0, 1.0, 1.0, 0.0, 0.0, 0.0, 0.0, 0.0, 0.0, 0.0, 0.0, 0.0, 1.0, 0.0, 1.0, 0.0, 0.0, 0.0, 0.0, 0.0, 1.0, 1.0, 1.0, 1.0, 1.0, 1.0, 1.0, 0.0, 1.0, 1.0, 1.0, 1.0, 1.0, 1.0, 0.0, 1.0, 1.0, 1.0, 1.0, 1.0, 0.0, 0.0, 0.0, 0.0, 1.0, 1.0, 1.0, 1.0, 1.0, 1.0, 1.0, 0.0, 0.0, 1.0, 1.0, 1.0, 0.0, 0.0, 0.0, 0.0, 1.0, 1.0, 1.0, 1.0, 0.0, 0.0, 0.0, 0.0, 1.0, 0.0, 1.0, 0.0, 0.0, 0.0, 0.0, 0.0, 1.0, 1.0, 1.0, 1.0, 1.0, 0.0, 1.0, 0.0, 1.0, 1.0, 1.0, 0.0, 1.0, 1.0, 0.0, 1.0, 1.0, 1.0, 1.0, 1.0, 0.0, 0.0, 0.0, 0.0, 0.0, 0.0, 0.0, 0.0, 0.0, 0.0, 0.0, 0.0, 1.0, 1.0, 1.0, 1.0, 0.0, 0.0, 0.0, 0.0, 0.0, 0.0, 0.0, 0.0, 0.0, 0.0, 0.0, 0.0, 0.0, 0.0, 0.0, 0.0, 0.0, 0.0, 0.0, 0.0, 1.0, 1.0, 0.0, 0.0, 1.0, 1.0, 1.0, 1.0, 1.0, 1.0, 1.0, 1.0, 1.0, 1.0, 1.0, 1.0, 1.0, 1.0, 1.0, 1.0, 1.0, 0.0, 1.0, 1.0, 0.0, 1.0, 0.0, 1.0, 0.0, 1.0, 0.0, 0.0, 1.0, 1.0, 1.0, 1.0, 0.0, 0.0, 1.0, 0.0, 1.0, 1.0, 1.0, 1.0, 0.0, 0.0, 0.0, 0.0, 0.0, 0.0, 0.0, 1.0, 0.0, 0.0, 0.0, 0.0, 1.0, 1.0, 1.0, 1.0, 0.0, 0.0, 0.0, 0.0, 0.0, 1.0, 1.0, 1.0, 0.0, 1.0, 1.0, 0.0, 1.0, 1.0, 1.0, 1.0, 0.0, 0.0, 0.0, 0.0, 1.0, 0.0, 1.0, 1.0, 1.0, 0.0, 0.0, 1.0, 1.0, 1.0, 1.0, 1.0, 1.0, 1.0, 1.0, 0.0, 0.0, 1.0, 1.0, 1.0, 1.0, 1.0, 0.0, 0.0, 1.0, 1.0, 1.0, 1.0, 0.0, 0.0, 0.0, 0.0, 1.0, 1.0, 1.0, 0.0, 0.0, 0.0, 1.0, 0.0, 1.0, 1.0, 1.0, 1.0, 0.0, 0.0, 0.0, 0.0, 0.0, 0.0, 0.0, 0.0, 0.0, 0.0, 0.0, 0.0, 0.0, 0.0, 1.0, 1.0, 0.0, 0.0, 0.0, 0.0, 1.0, 1.0, 1.0, 1.0, 1.0, 0.0, 0.0, 1.0]",-295.2442605392121,597.0338707387587,-482.430437669722,964.860875339444,341.6359415766179,-11.093299117187149,24.95918695661408,1.2846122460949685,-433.45128860920846,873.4479268787513,True,True,True,False,True,0.6875,0.625,0.6875,0.625,0.6875,0.625,0.625,0.625,0.6875,0.625,0.5625,0.75,"Z.exists(lambda x1: Z.equal(x1,'blue','colour'),X)","Z.atleast(lambda x1: Z.equal(x1,'blue','colour'),1,X)","Z.exists(lambda x1: Z.equal(x1,'blue','colour'),X)","Z.atleast(lambda x1: Z.equal(x1,'blue','colour'),1,X)",0.625,0.625,0.625,0.625,0.625,0.7083333333333334,0.6982758620689655,0.6867816091954023,0.6954022988505747,0.6925287356321839,5.241379310344827,0,0,0,0,0,0
2,4,5,TDvs5,piHJRkGAQiNDVM_pAAAL,Omega,all are blue OR small,"[False, False, False, True, False, False, True, False]","[False, False, False, True, False, False, True, False]",0.5,0.5,"One medium sized red, two small green.","[['x1'],['x1','x2']]","Z.exactly(lambda x1: Z.exactly(lambda x2: Z.and_operator(Z.and_operator(Z.equal(x1,'red','colour'),Z.equal(x1,2,'size')),Z.and_operator(Z.equal(x2,'green','colour'),Z.equal(x2,1,'size'))),2,X),1,X)","One medium red, two small green.","[{'ids': [0, 1, 2], 'colours': ['green', 'blue', 'green'], 'sizes': [1, 2, 1], 'xpos': [0.3695943902506767, 3.3550150804889523, 2.7203088242630797], 'ypos': [4.128333333333334, 4.128333333333334, 4.043406777668482], 'rotations': [3.1415926535897936, 3.1415926535897922, 2.8545798207955833], 'orientations': ['upright', 'upright', 'upright'], 'contact': [[0], [1, 2], [2, 1]], 'grounded': ['yes', 'yes', 'yes'], 'follow_rule': True}, {'ids': [0, 1, 2], 'colours': ['blue', 'red', 'red'], 'sizes': [3, 2, 2], 'xpos': [3.9433030687762693, 5.356077515838768, 3.6014804616431317], 'ypos': [3.6543563360190725, 4.124570240003898, 3.4305850759888403], 'rotations': [1.2467474339916227, 3.1438908859176538, 5.429613505413657], 'orientations': ['lhs', 'upright', 'rhs'], 'contact': [[0, 2], [1], [2, 0]], 'grounded': ['yes', 'yes', 'yes'], 'follow_rule': False}, {'ids': [0, 1], 'colours': ['blue', 'green'], 'sizes': [2, 2], 'xpos': [5.156792532958874, 4.615853792911007], 'ypos': [4.1241402033185866, 3.7464406917610047], 'rotations': [3.1430318495387044, 1.2323009361243213], 'orientations': ['upright', 'lhs'], 'contact': [[0, 1], [1, 0]], 'grounded': ['yes', 'yes'], 'follow_rule': False}, {'ids': [0, 1, 2], 'colours': ['blue', 'green', 'green'], 'sizes': [2, 1, 1], 'xpos': [4.297586254835237, 2.3086628495065264, 0.9403947123142655], 'ypos': [3.746620322236915, 4.123976602008344, 4.12437559704736], 'rotations': [1.2335429417465018, 3.142520041708181, 3.1464525686578897], 'orientations': ['lhs', 'upright', 'upright'], 'contact': [[0], [1], [2]], 'grounded': ['yes', 'yes', 'yes'], 'follow_rule': True}, {'ids': [0, 1, 2], 'colours': ['blue', 'green', 'green'], 'sizes': [2, 1, 1], 'xpos': [5.54463370868394, 0.31008395485511503, 1.0393849856199984], 'ypos': [4.1248495993844605, 4.124622695764279, 4.124913881435987], 'rotations': [3.143308936229995, 3.1450965715782964, 3.1444267911257673], 'orientations': ['upright', 'upright', 'upright'], 'contact': [[0], [1], [2]], 'grounded': ['yes', 'yes', 'yes'], 'follow_rule': True}, {'ids': [0, 1, 2], 'colours': ['green', 'green', 'blue'], 'sizes': [2, 2, 3], 'xpos': [2.056467910052236, 0.9295309449798381, 4.25377418934648], 'ypos': [3.7459702707017244, 3.76524085154442, 4.125403392233214], 'rotations': [5.049504316120268, 2.0227495463282694, 3.1407659165552695], 'orientations': ['rhs', 'strange', 'upright'], 'contact': [[0], [1], [2]], 'grounded': ['yes', 'yes', 'yes'], 'follow_rule': False}, {'ids': [0, 1, 2], 'colours': ['blue', 'green', 'green'], 'sizes': [2, 1, 1], 'xpos': [4.588022378983345, 0.5874756046679646, 6.088919608416745], 'ypos': [4.124326542801579, 4.1250930858527175, 4.1245582192203525], 'rotations': [3.143894472783807, 3.1438294742459627, 3.144425482321785], 'orientations': ['upright', 'upright', 'upright'], 'contact': [[0], [1], [2]], 'grounded': ['yes', 'yes', 'yes'], 'follow_rule': True}, {'ids': [0, 1, 2], 'colours': ['red', 'green', 'green'], 'sizes': [2, 1, 1], 'xpos': [7.055626696151135, 0.30819230465683695, 5.153250815392226], 'ypos': [3.7757741067719355, 4.1245600861770715, 4.124517699998657], 'rotations': [4.201778547889569, 3.1433650423422184, 3.145980729989883], 'orientations': ['strange', 'upright', 'upright'], 'contact': [[0], [1], [2]], 'grounded': ['yes', 'yes', 'yes'], 'follow_rule': False}, {'ids': [0], 'colours': ['red'], 'sizes': [1], 'xpos': [0.980966455584144], 'ypos': [4.15692217898732], 'rotations': [3.14075602080225], 'contact': [{'V1': 0}], 'grounded': ['yes']}, {'ids': [0, 1], 'colours': ['blue', 'blue'], 'sizes': [2, 2], 'xpos': [5.53919900438758, 1.65854079923742], 'ypos': [4.15829751656101, 4.15751198256046], 'rotations': [3.14294469336728, 3.13947439604659], 'contact': [{'V1': 0, 'V2': 1}], 'grounded': ['yes', 'yes']}, {'ids': [0, 1, 2], 'colours': ['blue', 'red', 'blue'], 'sizes': [1, 1, 1], 'xpos': [2.91233558185412, 3.62676822308812, 1.29792616640764], 'ypos': [4.1571699418337, 4.15734457821355, 3.87855314146574], 'rotations': [3.14061931424498, 3.14080979983927, 1.21335141178178], 'contact': [{'V1': 0, 'V2': 1, 'V3': 2}], 'grounded': ['yes', 'yes', 'yes']}, {'ids': [0, 1, 2, 3], 'colours': ['blue', 'red', 'blue', 'green'], 'sizes': [1, 1, 2, 1], 'xpos': [2.95609825059217, 3.96209693679724, 2.2390687716568, 6.71224095289635], 'ypos': [4.15768622476784, 4.15787716497594, 4.15807459370596, 3.87670727460735], 'rotations': [3.13919121672235, 3.14161554480523, 3.13998936351093, 5.07284064751327], 'contact': [{'V1': 0, 'V2': 1, 'V3': 2, 'V4': 3}], 'grounded': ['yes', 'yes', 'yes', 'yes']}, {'ids': [0, 1, 2], 'colours': ['green', 'red', 'red'], 'sizes': [1, 3, 1], 'xpos': [1.21736009446034, 6.88866095105911, 4.29219484852988], 'ypos': [4.15714834736316, 4.15848443530156, 4.15761681621936], 'rotations': [3.14148035908309, 3.14030543965137, 3.14298105798337], 'contact': [{'V1': 0, 'V2': 1, 'V3': 2}], 'grounded': ['yes', 'yes', 'yes']}, {'ids': [0, 1, 2, 3, 4], 'colours': ['green', 'blue', 'green', 'red', 'red'], 'sizes': [2, 2, 2, 2, 3], 'xpos': [3.83090657832267, 2.38910717821051, 3.54259339814947, 1.00881638670343, 0.483372753490727], 'ypos': [4.15913936320131, 4.15701392299474, 3.77761038379749, 3.76166694023043, 3.53535261859211], 'rotations': [3.13980420303635, 3.14077430032494, 1.87848516525718, 1.57196158476873, 2.81423018257197], 'contact': [[0, 2], [1, 2], [2, 0, 1], [3, 4], [4, 3]], 'grounded': ['yes', 'yes', 'yes', 'yes', 'no']}, {'ids': [0, 1, 2], 'colours': ['red', 'blue', 'green'], 'sizes': [2, 2, 2], 'xpos': [6.08097769326034, 5.78861976198164, 1.25011232086784], 'ypos': [3.78458058527285, 4.1039571708585, 3.7795894526631], 'rotations': [5.04856954343186, 3.00593527717321, 5.05105310034866], 'contact': [[0, 1], [1, 0], 2], 'grounded': ['yes', 'yes', 'yes']}, {'ids': [0, 1, 2, 3], 'colours': ['red', 'green', 'red', 'red'], 'sizes': [2, 2, 2, 1], 'xpos': [4.475106476545, 0.413561660061233, 6.37662276433712, 5.00296952327856], 'ypos': [4.1607559072369, 4.15829244701068, 3.77944860362373, 3.87681059949227], 'rotations': [3.14176346787067, 3.1433043689908, 5.0514105380658, 5.07138540402654], 'contact': [{'V1': 0, 'V2': 1, 'V3': 2, 'V4': 3}], 'grounded': ['yes', 'yes', 'yes', 'yes']}]","[True, True, True, True, True, False, True, True]","[False, False, False, True, False, True, True, False]","[False, False, False, False, False, False, False, False]","[True, True, True, False, True, False, False, True]","[True, True, True, True, False, False, True, False]","[False, False, False, True, True, True, True, True]","[False, False, False, False, False, False, False, False]","[True, True, True, False, False, False, False, False]",-0.125,-0.375,0.0,-0.25,0.375,0.625,0.25,0.5,0.25,0.0,0.0,0.25,0.625,0.375,350.05680959755904,-5.547770769705322,-5.545177444479562,13.17498308109048,11.090354888959125,30.696137414314784,-11.089003275866798,-11.090354888959125,24.950595273973377,22.18070977791825,1.0502311195665048,"[1.0, 1.0, 1.0, 1.0, 1.0, 0.0, 1.0, 0.0, 1.0, 1.0, 1.0, 1.0, 1.0, 1.0, 1.0, 0.0135, 0.9530000000000001, 0.092, 0.5895, 0.5895, 1.0, 0.0, 0.0, 0.861, 1.0, 1.0, 1.0, 0.2925, 0.999, 0.999, 1.0, 0.7155, 0.0, 0.0, 1.0, 0.0, 0.0, 0.0, 1.0, 0.0, 0.0, 0.0, 1.0, 0.0, 0.0, 0.0, 1.0, 0.0, 1.0, 1.0, 1.0, 1.0, 0.0, 0.0, 0.0, 0.0, 1.0, 1.0, 1.0, 1.0, 0.935, 0.935, 0.935, 0.935, 1.0, 1.0, 1.0, 1.0, 0.0, 1.0, 0.0, 0.0, 0.0, 1.0, 1.0, 1.0, 1.0, 1.0, 1.0, 1.0, 1.0, 1.0, 1.0, 1.0, 0.0935, 0.0935, 0.0935, 0.0935, 1.0, 1.0, 1.0, 1.0, 1.0, 1.0, 1.0, 1.0, 1.0, 1.0, 1.0, 1.0, 1.0, 1.0, 1.0, 0.013000000000000001, 1.0, 1.0, 0.998, 1.0, 1.0, 0.002, 0.998, 0.002, 1.0, 1.0, 1.0, 1.0, 1.0, 1.0, 1.0, 0.0, 0.973, 1.0, 0.9530000000000001, 1.0, 0.8925000000000001, 0.9195, 0.17400000000000002, 0.201, 1.0, 1.0, 1.0, 1.0, 0.0, 0.0, 0.0, 0.0, 1.0, 1.0, 1.0, 0.24, 1.0, 1.0, 0.968, 1.0, 0.653, 0.653, 0.653, 1.0, 0.2535, 0.2535, 0.7035, 0.10300000000000001, 1.0, 1.0, 1.0, 1.0, 0.0, 1.0, 0.0, 0.0, 1.0, 1.0, 1.0, 0.012, 0.988, 0.988, 1.0, 1.0, 1.0, 0.0, 1.0, 1.0, 1.0, 0.0, 0.0, 1.0, 0.0, 0.0, 0.0, 1.0, 1.0, 0.0, 0.0, 0.0, 1.0, 1.0, 1.0, 1.0, 0.0, 0.0, 0.0, 0.0, 1.0, 1.0, 1.0, 1.0, 0.0, 0.0, 0.0, 0.0, 1.0, 1.0, 1.0, 1.0, 1.0, 1.0, 0.841, 1.0, 1.0, 1.0, 1.0, 1.0, 0.0, 0.0, 0.0, 0.0, 1.0, 1.0, 1.0, 1.0, 1.0, 1.0, 1.0, 0.0, 0.197, 0.0, 0.85, 0.653, 0.803, 0.0, 0.0, 0.0, 0.8525, 0.847, 0.9935, 0.847, 0.28300000000000003, 0.4305, 0.426, 0.426, 1.0, 1.0, 1.0, 1.0, 1.0, 1.0, 1.0, 0.0, 0.798, 1.0, 0.7995, 0.7995, 0.0275, 0.029, 0.2265, 0.1975, 1.0, 1.0, 1.0, 1.0, 0.0, 0.0, 0.0, 0.0, 0.862, 0.854, 0.8595, 0.8955000000000001, 0.045, 0.0005, 0.8695, 0.8505, 1.0, 1.0, 1.0, 0.022, 1.0, 1.0, 1.0, 0.978, 0.28400000000000003, 0.0145, 0.1885, 0.0275, 0.2755, 0.0, 0.0015, 0.013000000000000001, 0.0, 0.0, 0.0, 1.0, 1.0, 0.0, 0.0, 0.0, 1.0, 1.0, 1.0, 1.0, 0.0, 0.0, 0.0, 0.0, 1.0, 1.0, 1.0, 1.0, 1.0, 0.0, 1.0, 0.0, 1.0, 1.0, 1.0, 1.0, 1.0, 1.0, 1.0, 0.0, 1.0, 1.0, 1.0, 0.728, 0.8265, 0.5545, 0.5545, 0.8265, 1.0, 1.0, 1.0, 1.0, 1.0, 1.0, 1.0, 1.0, 1.0, 1.0, 1.0, 0.8715, 0.9365, 0.8695, 0.8695, 0.9365, 0.229, 0.229, 0.229, 0.229, 0.801, 0.03, 0.03, 0.801, 0.0, 0.0, 0.0, 1.0, 1.0, 0.0, 0.0, 0.0, 0.108, 0.114, 0.2315, 0.108, 0.114, 0.07050000000000001, 0.0495, 0.006, 1.0, 1.0, 1.0, 1.0, 0.0, 0.0, 0.0, 0.0, 0.8955000000000001, 0.895, 0.0115, 0.0, 0.883, 0.0, 0.0, 0.0, 1.0, 1.0, 1.0, 1.0, 0.0, 0.0, 0.0, 0.0, 0.902, 0.902, 0.902, 0.678, 0.88, 0.88, 0.902, 0.807, 1.0, 1.0, 1.0, 1.0, 0.0, 0.0, 0.0, 0.0, 1.0, 1.0, 1.0, 1.0, 1.0, 1.0, 1.0, 0.0, 1.0, 1.0, 1.0, 1.0, 0.0, 0.0, 0.0, 0.0, 1.0, 1.0, 1.0, 1.0, 0.008, 0.008, 0.008, 0.008, 1.0, 1.0, 1.0, 1.0, 1.0, 1.0, 1.0, 0.0, 1.0, 1.0, 1.0, 1.0, 1.0, 1.0, 0.6980000000000001, 1.0, 1.0, 1.0, 1.0, 1.0, 0.0, 0.0, 0.0, 0.0, 1.0, 1.0, 1.0, 1.0, 1.0, 1.0, 1.0, 0.0, 0.9530000000000001, 0.9530000000000001, 0.9530000000000001, 1.0, 1.0, 1.0, 0.641, 0.9530000000000001, 1.0, 1.0, 1.0, 1.0, 0.0, 0.0, 0.0, 0.0, 1.0, 1.0, 1.0, 1.0, 1.0, 1.0, 1.0, 1.0, 1.0, 1.0, 1.0, 1.0, 0.0, 0.0, 0.0, 0.0, 1.0, 1.0, 1.0, 1.0, 1.0, 1.0, 1.0, 1.0, 1.0, 1.0, 1.0, 1.0, 0.021500000000000002, 0.021500000000000002, 0.021500000000000002, 0.021500000000000002, 0.021500000000000002, 0.003, 0.02, 0.0095, 0.0095, 0.964, 0.9555, 0.0095, 1.0, 1.0, 1.0, 1.0, 1.0, 1.0, 1.0, 1.0, 1.0, 1.0, 1.0, 1.0, 0.0, 0.0, 0.0, 0.0, 1.0, 1.0, 1.0, 1.0, 0.0, 0.0, 1.0, 1.0, 1.0, 0.873, 0.198, 0.198, 1.0, 1.0, 0.6905, 1.0, 1.0, 1.0, 1.0, 1.0, 1.0, 1.0, 1.0, 0.0, 1.0, 0.999, 0.999, 1.0, 0.0025, 0.0025, 0.0025, 0.0025, 1.0, 1.0, 1.0, 1.0, 1.0, 0.686, 0.314, 0.0, 1.0, 1.0, 1.0, 1.0, 0.524, 0.524, 1.0, 0.47600000000000003, 1.0, 1.0, 1.0, 1.0, 0.008, 0.008, 0.008, 0.008, 0.9935, 0.9935, 0.9775, 0.9935, 0.9935, 0.0225, 0.988, 0.017, 1.0, 1.0, 1.0, 1.0, 0.0725, 0.0725, 0.0725, 0.0725, 0.041, 1.0, 1.0, 0.9590000000000001, 0.041, 0.9590000000000001, 1.0, 0.0, 0.7435, 0.9835, 0.7425, 0.986, 0.7435, 0.7435, 0.256, 0.987, 1.0, 0.005, 1.0, 1.0, 1.0, 0.005, 0.005, 1.0, 1.0, 1.0, 1.0, 1.0, 1.0, 1.0, 1.0, 0.0, 1.0, 1.0, 1.0, 1.0, 0.0, 0.0, 0.0, 0.0, 1.0, 1.0, 1.0, 1.0, 0.0, 0.0, 0.0, 0.0, 0.9705, 0.9705, 0.9145, 1.0, 0.8015, 0.8015, 0.9705, 0.7865, 1.0, 1.0, 1.0, 1.0, 0.0, 0.0, 0.0, 0.0, 1.0, 1.0, 1.0, 1.0, 0.0, 0.0, 0.0, 0.0, 1.0, 1.0, 1.0, 1.0, 0.0, 0.0, 0.0, 0.0, 1.0, 1.0, 1.0, 1.0, 1.0, 1.0, 1.0, 1.0]",-418.5875071169283,843.720363894191,-482.430437669722,964.860875339444,0.9102430794110984,-4.498681156966684,11.076803855613203,0.5138983408241962,-6.028322580102988,14.829233882445758,0.6334250289943713,"[1.0, 1.0, 1.0, 1.0, 1.0, 0.0, 1.0, 0.0, 1.0, 1.0, 1.0, 1.0, 1.0, 1.0, 1.0, 0.0, 0.0, 0.0, 0.0, 0.0, 0.0, 0.0, 0.0, 0.0, 1.0, 1.0, 1.0, 0.0, 0.0, 0.0, 1.0, 0.0, 0.0, 0.0, 1.0, 1.0, 0.0, 1.0, 1.0, 1.0, 1.0, 1.0, 1.0, 1.0, 0.0, 0.0, 1.0, 1.0, 1.0, 1.0, 1.0, 1.0, 0.0, 0.0, 0.0, 0.0, 1.0, 1.0, 1.0, 1.0, 0.0, 0.0, 0.0, 0.0, 0.0, 0.0, 0.0, 0.0, 0.0, 1.0, 1.0, 0.0, 1.0, 1.0, 1.0, 1.0, 0.0, 0.0, 0.0, 0.0, 1.0, 1.0, 1.0, 1.0, 0.0, 0.0, 0.0, 0.0, 1.0, 1.0, 1.0, 1.0, 1.0, 1.0, 0.0, 1.0, 1.0, 1.0, 1.0, 1.0, 1.0, 1.0, 1.0, 0.0, 1.0, 1.0, 1.0, 1.0, 1.0, 0.0, 1.0, 0.0, 0.0, 1.0, 0.0, 0.0, 1.0, 1.0, 1.0, 0.0, 1.0, 1.0, 0.0, 1.0, 1.0, 0.0, 0.0, 0.0, 1.0, 1.0, 1.0, 0.0, 1.0, 1.0, 1.0, 1.0, 1.0, 1.0, 1.0, 1.0, 0.0, 0.0, 0.0, 0.0, 1.0, 1.0, 1.0, 0.0, 0.0, 0.0, 1.0, 0.0, 0.0, 0.0, 1.0, 0.0, 0.0, 0.0, 0.0, 0.0, 1.0, 1.0, 1.0, 0.0, 0.0, 0.0, 1.0, 0.0, 0.0, 0.0, 0.0, 1.0, 0.0, 0.0, 0.0, 0.0, 0.0, 0.0, 0.0, 1.0, 0.0, 0.0, 0.0, 0.0, 1.0, 1.0, 1.0, 1.0, 0.0, 0.0, 0.0, 0.0, 1.0, 1.0, 1.0, 0.0, 0.0, 0.0, 1.0, 0.0, 1.0, 1.0, 1.0, 1.0, 0.0, 0.0, 0.0, 0.0, 1.0, 1.0, 1.0, 1.0, 0.0, 0.0, 0.0, 0.0, 1.0, 1.0, 1.0, 1.0, 1.0, 1.0, 1.0, 0.0, 0.0, 0.0, 0.0, 0.0, 1.0, 0.0, 0.0, 0.0, 1.0, 1.0, 1.0, 1.0, 1.0, 1.0, 1.0, 1.0, 1.0, 1.0, 1.0, 1.0, 1.0, 1.0, 1.0, 0.0, 0.0, 0.0, 0.0, 0.0, 0.0, 0.0, 0.0, 0.0, 0.0, 1.0, 0.0, 1.0, 0.0, 1.0, 0.0, 1.0, 0.0, 0.0, 0.0, 1.0, 0.0, 0.0, 0.0, 0.0, 1.0, 1.0, 1.0, 0.0, 0.0, 0.0, 1.0, 0.0, 1.0, 1.0, 1.0, 1.0, 1.0, 0.0, 1.0, 0.0, 0.0, 1.0, 1.0, 1.0, 0.0, 0.0, 0.0, 0.0, 1.0, 1.0, 1.0, 0.0, 1.0, 1.0, 1.0, 1.0, 0.0, 1.0, 1.0, 1.0, 0.0, 0.0, 0.0, 0.0, 1.0, 1.0, 1.0, 1.0, 1.0, 1.0, 1.0, 0.0, 1.0, 1.0, 1.0, 1.0, 0.0, 0.0, 0.0, 0.0, 1.0, 1.0, 1.0, 1.0, 0.0, 0.0, 0.0, 0.0, 0.0, 1.0, 0.0, 0.0, 0.0, 0.0, 0.0, 0.0, 1.0, 1.0, 1.0, 1.0, 1.0, 0.0, 1.0, 1.0, 0.0, 0.0, 0.0, 0.0, 0.0, 1.0, 1.0, 0.0, 1.0, 1.0, 1.0, 1.0, 1.0, 0.0, 1.0, 0.0, 1.0, 1.0, 1.0, 1.0, 1.0, 0.0, 1.0, 1.0, 0.0, 0.0, 0.0, 0.0, 0.0, 1.0, 1.0, 0.0, 1.0, 0.0, 0.0, 1.0, 0.0, 0.0, 0.0, 0.0, 1.0, 1.0, 1.0, 0.0, 0.0, 0.0, 1.0, 0.0, 1.0, 1.0, 1.0, 0.0, 0.0, 0.0, 0.0, 0.0, 1.0, 1.0, 1.0, 1.0, 1.0, 1.0, 1.0, 0.0, 0.0, 0.0, 0.0, 0.0, 0.0, 0.0, 0.0, 0.0, 1.0, 0.0, 1.0, 0.0, 0.0, 0.0, 0.0, 0.0, 1.0, 1.0, 1.0, 1.0, 1.0, 1.0, 1.0, 0.0, 1.0, 1.0, 1.0, 1.0, 1.0, 1.0, 0.0, 1.0, 1.0, 1.0, 1.0, 1.0, 0.0, 0.0, 0.0, 0.0, 1.0, 1.0, 1.0, 1.0, 1.0, 1.0, 1.0, 0.0, 0.0, 1.0, 1.0, 1.0, 0.0, 0.0, 0.0, 0.0, 1.0, 1.0, 1.0, 1.0, 0.0, 0.0, 0.0, 0.0, 1.0, 0.0, 1.0, 0.0, 0.0, 0.0, 0.0, 0.0, 1.0, 1.0, 1.0, 1.0, 1.0, 0.0, 1.0, 0.0, 1.0, 1.0, 1.0, 0.0, 1.0, 1.0, 0.0, 1.0, 1.0, 1.0, 1.0, 1.0, 0.0, 0.0, 0.0, 0.0, 0.0, 0.0, 0.0, 0.0, 0.0, 1.0, 0.0, 0.0, 1.0, 1.0, 1.0, 1.0, 0.0, 0.0, 0.0, 0.0, 0.0, 0.0, 0.0, 0.0, 0.0, 0.0, 0.0, 0.0, 1.0, 0.0, 1.0, 0.0, 0.0, 0.0, 0.0, 0.0, 1.0, 1.0, 0.0, 0.0, 1.0, 1.0, 1.0, 1.0, 1.0, 1.0, 1.0, 1.0, 1.0, 1.0, 1.0, 1.0, 1.0, 1.0, 1.0, 1.0, 1.0, 0.0, 1.0, 1.0, 0.0, 1.0, 0.0, 1.0, 0.0, 1.0, 0.0, 0.0, 1.0, 1.0, 1.0, 1.0, 0.0, 0.0, 1.0, 0.0, 1.0, 1.0, 1.0, 1.0, 0.0, 0.0, 0.0, 0.0, 0.0, 0.0, 0.0, 1.0, 0.0, 0.0, 0.0, 0.0, 1.0, 1.0, 1.0, 1.0, 0.0, 0.0, 0.0, 0.0, 0.0, 1.0, 1.0, 1.0, 0.0, 1.0, 1.0, 0.0, 1.0, 1.0, 1.0, 1.0, 0.0, 0.0, 0.0, 0.0, 1.0, 0.0, 1.0, 1.0, 1.0, 0.0, 0.0, 1.0, 1.0, 1.0, 1.0, 1.0, 1.0, 1.0, 1.0, 0.0, 0.0, 1.0, 1.0, 1.0, 1.0, 1.0, 0.0, 0.0, 1.0, 1.0, 1.0, 1.0, 0.0, 0.0, 0.0, 0.0, 1.0, 1.0, 1.0, 0.0, 0.0, 0.0, 1.0, 0.0, 1.0, 1.0, 1.0, 1.0, 0.0, 0.0, 0.0, 0.0, 0.0, 0.0, 0.0, 0.0, 0.0, 0.0, 0.0, 0.0, 0.0, 1.0, 0.0, 1.0, 0.0, 1.0, 1.0, 0.0, 1.0, 1.0, 1.0, 1.0, 1.0, 0.0, 0.0, 1.0]",-318.3726801373107,643.2907099349558,0.9102430794110984,-4.498681156966684,-5.545177444479562,11.076803855613203,11.090354888959125,0.5138983408241962,-6.028322580102988,-11.090354888959125,14.829233882445758,22.18070977791825,0.6173530694834558,"[1.0, 1.0, 1.0, 1.0, 1.0, 0.0, 1.0, 0.0, 1.0, 1.0, 1.0, 1.0, 1.0, 1.0, 1.0, 0.0, 0.0, 0.0, 0.0, 0.0, 0.0, 0.0, 0.0, 0.0, 1.0, 1.0, 1.0, 0.0, 0.0, 0.0, 1.0, 0.0, 0.0, 0.0, 1.0, 1.0, 0.0, 1.0, 1.0, 1.0, 0.0, 0.0, 0.0, 0.0, 0.0, 0.0, 0.0, 0.0, 1.0, 1.0, 1.0, 1.0, 0.0, 0.0, 0.0, 0.0, 1.0, 1.0, 1.0, 1.0, 0.0, 0.0, 0.0, 0.0, 0.0, 0.0, 0.0, 0.0, 0.0, 1.0, 1.0, 0.0, 0.0, 0.0, 0.0, 1.0, 0.0, 0.0, 0.0, 0.0, 1.0, 1.0, 1.0, 1.0, 0.0, 0.0, 0.0, 0.0, 0.0, 0.0, 0.0, 0.0, 1.0, 1.0, 0.0, 1.0, 1.0, 1.0, 1.0, 1.0, 1.0, 1.0, 1.0, 0.0, 1.0, 1.0, 1.0, 1.0, 1.0, 0.0, 1.0, 0.0, 0.0, 1.0, 0.0, 0.0, 1.0, 1.0, 1.0, 0.0, 1.0, 1.0, 0.0, 1.0, 1.0, 0.0, 0.0, 0.0, 1.0, 1.0, 1.0, 0.0, 1.0, 1.0, 1.0, 1.0, 1.0, 1.0, 1.0, 1.0, 0.0, 0.0, 0.0, 0.0, 1.0, 1.0, 1.0, 0.0, 0.0, 0.0, 1.0, 0.0, 0.0, 0.0, 1.0, 0.0, 0.0, 0.0, 0.0, 0.0, 1.0, 1.0, 1.0, 0.0, 0.0, 0.0, 1.0, 0.0, 0.0, 0.0, 0.0, 1.0, 0.0, 0.0, 0.0, 0.0, 0.0, 0.0, 0.0, 1.0, 0.0, 0.0, 0.0, 0.0, 1.0, 1.0, 1.0, 1.0, 0.0, 0.0, 0.0, 0.0, 1.0, 1.0, 1.0, 0.0, 0.0, 0.0, 1.0, 0.0, 1.0, 1.0, 1.0, 1.0, 0.0, 0.0, 0.0, 0.0, 1.0, 1.0, 1.0, 1.0, 0.0, 0.0, 0.0, 0.0, 1.0, 1.0, 1.0, 1.0, 1.0, 1.0, 1.0, 0.0, 0.0, 0.0, 0.0, 0.0, 1.0, 0.0, 0.0, 0.0, 1.0, 1.0, 1.0, 1.0, 1.0, 1.0, 1.0, 1.0, 1.0, 1.0, 1.0, 1.0, 1.0, 1.0, 1.0, 0.0, 0.0, 0.0, 0.0, 0.0, 0.0, 0.0, 0.0, 0.0, 0.0, 1.0, 0.0, 1.0, 0.0, 1.0, 0.0, 1.0, 0.0, 0.0, 0.0, 1.0, 0.0, 0.0, 0.0, 0.0, 1.0, 1.0, 1.0, 0.0, 0.0, 0.0, 1.0, 0.0, 1.0, 1.0, 1.0, 1.0, 1.0, 0.0, 1.0, 0.0, 0.0, 1.0, 1.0, 1.0, 0.0, 0.0, 0.0, 0.0, 1.0, 1.0, 1.0, 0.0, 1.0, 1.0, 1.0, 1.0, 0.0, 1.0, 1.0, 1.0, 0.0, 0.0, 0.0, 0.0, 1.0, 1.0, 1.0, 1.0, 1.0, 1.0, 1.0, 0.0, 1.0, 1.0, 1.0, 1.0, 0.0, 0.0, 0.0, 0.0, 1.0, 1.0, 1.0, 1.0, 0.0, 0.0, 0.0, 0.0, 0.0, 1.0, 0.0, 0.0, 0.0, 0.0, 0.0, 0.0, 0.0, 0.0, 0.0, 0.0, 0.0, 0.0, 0.0, 0.0, 1.0, 0.0, 1.0, 1.0, 1.0, 0.0, 0.0, 1.0, 1.0, 1.0, 1.0, 1.0, 1.0, 0.0, 1.0, 0.0, 1.0, 1.0, 1.0, 1.0, 1.0, 0.0, 1.0, 1.0, 0.0, 0.0, 0.0, 0.0, 0.0, 1.0, 1.0, 0.0, 1.0, 0.0, 0.0, 1.0, 0.0, 0.0, 0.0, 0.0, 1.0, 1.0, 1.0, 0.0, 0.0, 0.0, 1.0, 0.0, 1.0, 1.0, 1.0, 0.0, 0.0, 0.0, 0.0, 0.0, 1.0, 1.0, 1.0, 1.0, 1.0, 1.0, 1.0, 0.0, 0.0, 0.0, 0.0, 0.0, 0.0, 0.0, 0.0, 0.0, 1.0, 0.0, 1.0, 0.0, 0.0, 0.0, 0.0, 0.0, 1.0, 1.0, 1.0, 1.0, 1.0, 1.0, 1.0, 0.0, 1.0, 1.0, 1.0, 1.0, 1.0, 1.0, 0.0, 1.0, 1.0, 1.0, 1.0, 1.0, 0.0, 0.0, 0.0, 0.0, 1.0, 1.0, 1.0, 1.0, 1.0, 1.0, 1.0, 0.0, 0.0, 1.0, 1.0, 1.0, 0.0, 0.0, 0.0, 0.0, 1.0, 1.0, 1.0, 1.0, 0.0, 0.0, 0.0, 0.0, 1.0, 0.0, 1.0, 0.0, 0.0, 0.0, 0.0, 0.0, 1.0, 1.0, 1.0, 1.0, 1.0, 0.0, 1.0, 0.0, 1.0, 1.0, 1.0, 0.0, 1.0, 1.0, 0.0, 1.0, 1.0, 1.0, 1.0, 1.0, 0.0, 0.0, 0.0, 0.0, 0.0, 0.0, 0.0, 0.0, 0.0, 1.0, 0.0, 0.0, 1.0, 1.0, 1.0, 1.0, 0.0, 0.0, 0.0, 0.0, 0.0, 0.0, 0.0, 0.0, 0.0, 0.0, 0.0, 0.0, 1.0, 0.0, 1.0, 0.0, 0.0, 0.0, 0.0, 0.0, 1.0, 1.0, 0.0, 0.0, 1.0, 1.0, 1.0, 1.0, 1.0, 1.0, 1.0, 1.0, 1.0, 1.0, 1.0, 1.0, 1.0, 1.0, 1.0, 1.0, 1.0, 0.0, 1.0, 1.0, 0.0, 1.0, 0.0, 1.0, 0.0, 1.0, 0.0, 0.0, 1.0, 1.0, 1.0, 1.0, 0.0, 0.0, 1.0, 0.0, 1.0, 1.0, 1.0, 1.0, 0.0, 0.0, 0.0, 0.0, 0.0, 0.0, 0.0, 1.0, 0.0, 0.0, 0.0, 0.0, 1.0, 1.0, 1.0, 1.0, 0.0, 0.0, 0.0, 0.0, 0.0, 1.0, 1.0, 1.0, 0.0, 1.0, 1.0, 0.0, 1.0, 1.0, 1.0, 1.0, 0.0, 0.0, 0.0, 0.0, 1.0, 0.0, 1.0, 1.0, 1.0, 0.0, 0.0, 1.0, 1.0, 1.0, 1.0, 1.0, 1.0, 1.0, 1.0, 0.0, 0.0, 0.0, 1.0, 0.0, 0.0, 1.0, 0.0, 0.0, 1.0, 1.0, 1.0, 1.0, 0.0, 0.0, 0.0, 0.0, 1.0, 1.0, 1.0, 0.0, 0.0, 0.0, 1.0, 0.0, 1.0, 1.0, 1.0, 1.0, 0.0, 0.0, 0.0, 0.0, 0.0, 0.0, 0.0, 0.0, 0.0, 0.0, 0.0, 0.0, 0.0, 1.0, 0.0, 1.0, 0.0, 1.0, 1.0, 0.0, 1.0, 1.0, 1.0, 1.0, 1.0, 0.0, 0.0, 1.0]",-311.9759791000219,630.4973078603782,-482.430437669722,964.860875339444,292.53354917686823,-5.547925814448221,-5.545177444479562,13.175293170576278,11.090354888959125,17.3472249002015,-11.084655414944967,-11.090354888959125,24.941899552129716,22.18070977791825,1.0908740239314543,"[0.0, 0.0, 1.0, 0.0, 0.0, 0.0, 0.0, 0.0, 1.0, 1.0, 1.0, 1.0, 0.877, 0.877, 0.877, 0.0, 1.0, 0.259, 1.0, 1.0, 0.8015, 0.0, 0.259, 1.0, 1.0, 1.0, 1.0, 1.0, 1.0, 1.0, 1.0, 0.0, 0.0, 0.0, 1.0, 0.0, 0.0, 0.0, 1.0, 0.0, 0.0, 0.0, 1.0, 0.0, 0.0, 0.0, 1.0, 0.0, 0.0, 0.0, 0.0, 0.0775, 0.0, 0.0, 0.1635, 0.47100000000000003, 1.0, 1.0, 1.0, 1.0, 0.0, 0.0, 0.0, 0.0, 0.0, 0.0, 0.0, 0.0, 0.0, 0.0, 0.0, 0.0, 1.0, 1.0, 1.0, 1.0, 1.0, 1.0, 1.0, 0.0, 1.0, 1.0, 1.0, 1.0, 0.0, 0.0, 0.0, 0.0, 0.0, 0.0, 0.0, 0.0, 0.0, 0.113, 0.113, 0.0, 0.0, 0.0, 0.0, 1.0, 0.0, 0.0, 0.0, 0.0, 1.0, 1.0, 1.0, 1.0, 0.0, 0.0, 0.0, 0.0, 0.9995, 1.0, 1.0, 0.663, 1.0, 1.0, 1.0, 0.353, 1.0, 1.0, 1.0, 1.0, 0.082, 0.082, 0.0, 0.0, 0.973, 1.0, 0.7655000000000001, 0.605, 0.973, 1.0, 1.0, 0.368, 0.0, 0.0, 1.0, 0.0, 1.0, 0.0, 1.0, 0.0, 1.0, 1.0, 1.0, 1.0, 0.0, 0.0, 1.0, 0.0, 1.0, 1.0, 1.0, 1.0, 0.0, 0.9465, 0.0, 0.0, 0.666, 1.0, 0.666, 0.666, 0.0, 0.0, 0.7975, 0.0, 0.0, 0.9430000000000001, 0.0, 1.0, 1.0, 0.0, 0.0, 0.0, 0.0, 1.0, 0.0, 0.0, 0.0, 0.0, 0.0, 0.0, 1.0, 1.0, 1.0, 1.0, 0.0, 0.0, 0.0, 0.0, 1.0, 1.0, 1.0, 1.0, 1.0, 1.0, 1.0, 0.0005, 1.0, 1.0, 1.0, 1.0, 1.0, 1.0, 0.0, 1.0, 1.0, 1.0, 1.0, 1.0, 0.0, 0.0, 0.0, 0.0, 1.0, 1.0, 1.0, 1.0, 1.0, 1.0, 1.0, 0.0, 1.0, 0.0, 1.0, 0.0, 0.0, 0.0, 0.0, 0.0, 0.0, 1.0, 0.0, 1.0, 0.0, 1.0, 0.0, 1.0, 1.0, 1.0, 1.0, 1.0, 1.0, 1.0, 1.0, 0.0, 1.0, 0.0, 1.0, 1.0, 1.0, 0.0, 0.0, 1.0, 1.0, 1.0, 1.0, 1.0, 1.0, 1.0, 1.0, 1.0, 0.0, 0.9580000000000001, 0.0, 0.0, 0.0, 0.0, 0.0045000000000000005, 0.0, 0.0, 0.0, 0.0, 0.0, 0.0, 0.0, 0.0, 1.0, 0.0, 0.0, 0.0005, 0.0, 0.0, 0.0, 0.0, 0.0, 0.0, 1.0, 0.0, 0.0, 0.0, 0.0, 0.0, 0.0, 1.0, 1.0, 1.0, 0.001, 0.001, 0.001, 1.0, 0.0, 0.0, 0.0, 0.6225, 0.0, 0.0, 0.0, 0.0, 0.0, 1.0, 1.0, 1.0, 1.0, 0.0, 0.0, 0.0, 0.0, 0.0, 0.0, 0.0, 0.0, 0.0, 0.0, 0.0, 0.0, 1.0, 1.0, 1.0, 1.0, 1.0, 1.0, 1.0, 0.0, 0.0, 0.0, 0.0, 1.0, 0.0, 0.0, 1.0, 0.0, 1.0, 1.0, 1.0, 1.0, 0.0, 0.0, 0.0, 0.0, 0.0, 1.0, 0.0, 0.0, 1.0, 0.0, 0.0, 1.0, 1.0, 1.0, 1.0, 1.0, 0.0, 0.0, 0.0, 0.0, 1.0, 1.0, 1.0, 1.0, 1.0, 0.0, 1.0, 1.0, 0.0, 0.0005, 0.0, 0.0, 0.0, 0.38, 0.0, 0.0, 1.0, 1.0, 1.0, 1.0, 0.0, 0.0, 0.0, 0.0, 1.0, 1.0, 1.0, 0.999, 1.0, 1.0, 1.0, 0.0195, 1.0, 1.0, 1.0, 1.0, 0.0, 0.0, 0.0, 0.0, 0.0, 0.6285000000000001, 0.0, 0.328, 0.0, 0.0, 0.6285000000000001, 0.0, 0.0, 0.0, 0.0, 0.0, 0.0, 0.0, 0.0, 1.0, 1.0, 1.0, 1.0, 1.0, 0.0, 0.0, 0.0, 0.0, 1.0, 1.0, 1.0, 1.0, 1.0, 1.0, 1.0, 0.0, 1.0, 1.0, 1.0, 1.0, 1.0, 1.0, 0.0375, 1.0, 1.0, 1.0, 1.0, 1.0, 0.0, 0.0, 0.0, 0.0, 1.0, 1.0, 1.0, 1.0, 1.0, 1.0, 1.0, 0.0, 1.0, 1.0, 1.0, 1.0, 1.0, 1.0, 0.0, 1.0, 1.0, 1.0, 1.0, 1.0, 0.0, 0.0, 0.0, 0.0, 1.0, 1.0, 1.0, 1.0, 1.0, 1.0, 1.0, 1.0, 0.0, 0.0, 0.4395, 0.0, 0.0, 0.0, 0.001, 1.0, 0.0, 0.0, 0.0, 0.0, 0.0, 0.0, 0.0, 0.0, 1.0, 1.0, 1.0, 0.0, 1.0, 0.0, 0.0, 1.0, 0.0, 0.0, 1.0, 1.0, 1.0, 0.0, 0.0, 0.0, 0.0, 0.0, 0.0, 0.0, 0.0, 0.0, 0.0, 0.0, 1.0, 1.0, 1.0, 1.0, 0.0, 0.0, 0.0, 0.0, 0.0, 0.0, 0.0, 0.0, 0.0, 1.0, 0.0, 0.0, 1.0, 1.0, 1.0, 1.0, 0.0, 0.4945, 0.0, 0.0, 1.0, 1.0, 1.0, 1.0, 0.0, 0.0, 1.0, 1.0, 1.0, 1.0, 1.0, 1.0, 0.0, 0.0, 0.0, 0.0, 1.0, 1.0, 1.0, 1.0, 1.0, 0.704, 0.296, 0.0, 1.0, 1.0, 1.0, 1.0, 0.0, 0.0, 1.0, 1.0, 1.0, 1.0, 1.0, 1.0, 0.0, 0.0, 0.0, 0.0, 0.006, 1.0, 0.006, 0.708, 0.298, 1.0, 0.298, 1.0, 1.0, 1.0, 1.0, 1.0, 0.0, 0.0, 0.0, 0.0, 1.0, 0.0, 1.0, 1.0, 1.0, 0.0, 0.0, 1.0, 0.0, 1.0, 1.0, 1.0, 0.0, 0.0, 0.0, 0.0, 1.0, 0.224, 1.0, 1.0, 0.776, 0.0, 0.224, 1.0, 1.0, 1.0, 1.0, 1.0, 0.0, 0.0, 0.0, 0.0, 1.0, 1.0, 0.0, 1.0, 1.0, 1.0, 0.0, 1.0, 1.0, 1.0, 1.0, 1.0, 0.0, 0.0, 0.0, 0.0, 1.0, 1.0, 1.0, 1.0, 1.0, 1.0, 1.0, 0.0, 1.0, 1.0, 1.0, 1.0, 0.0, 0.0, 0.0, 0.0, 0.0, 0.0, 0.0, 0.0, 0.0, 0.0, 0.0, 0.0, 1.0, 0.4865, 1.0, 1.0, 1.0, 0.0075, 0.4865, 1.0, 0.0225, 0.0, 0.0, 0.9775, 0.0, 0.0, 0.0, 0.0]",-419.18595103414617,844.9172517286268,-482.430437669722,964.860875339444,0.9102430794110984,-4.498681156966684,-5.545177444479562,11.076803855613203,11.090354888959125,1.0,-8.012187000291565,-11.090354888959125,18.79696272282291,22.18070977791825,0.5787520451143159,"[1.0, 1.0, 1.0, 1.0, 1.0, 0.0, 1.0, 0.0, 1.0, 1.0, 1.0, 1.0, 1.0, 1.0, 1.0, 0.0, 0.0, 0.0, 0.0, 0.0, 0.0, 0.0, 0.0, 0.0, 1.0, 1.0, 1.0, 1.0, 0.0, 0.0, 1.0, 0.0, 0.0, 0.0, 0.0, 0.0, 0.0, 1.0, 0.0, 0.0, 0.0, 0.0, 0.0, 0.0, 0.0, 0.0, 0.0, 0.0, 1.0, 1.0, 1.0, 1.0, 0.0, 0.0, 0.0, 0.0, 1.0, 1.0, 1.0, 1.0, 0.0, 0.0, 0.0, 0.0, 0.0, 0.0, 0.0, 0.0, 0.0, 1.0, 1.0, 0.0, 1.0, 1.0, 1.0, 1.0, 0.0, 0.0, 0.0, 0.0, 1.0, 1.0, 1.0, 1.0, 0.0, 0.0, 0.0, 0.0, 0.0, 0.0, 0.0, 0.0, 0.0, 0.0, 0.0, 0.0, 1.0, 1.0, 1.0, 1.0, 1.0, 1.0, 1.0, 0.0, 1.0, 1.0, 1.0, 1.0, 1.0, 0.0, 1.0, 0.0, 0.0, 1.0, 0.0, 0.0, 1.0, 1.0, 1.0, 0.0, 1.0, 1.0, 0.0, 1.0, 1.0, 0.0, 0.0, 0.0, 1.0, 1.0, 1.0, 0.0, 1.0, 1.0, 1.0, 1.0, 1.0, 1.0, 1.0, 1.0, 0.0, 0.0, 0.0, 0.0, 1.0, 1.0, 1.0, 0.0, 0.0, 0.0, 1.0, 0.0, 0.0, 0.0, 1.0, 0.0, 0.0, 0.0, 0.0, 0.0, 1.0, 1.0, 1.0, 0.0, 0.0, 0.0, 1.0, 0.0, 0.0, 0.0, 0.0, 1.0, 0.0, 0.0, 0.0, 0.0, 0.0, 0.0, 0.0, 1.0, 0.0, 0.0, 0.0, 0.0, 1.0, 1.0, 1.0, 1.0, 0.0, 0.0, 0.0, 0.0, 1.0, 1.0, 1.0, 0.0, 0.0, 0.0, 1.0, 0.0, 1.0, 1.0, 1.0, 1.0, 0.0, 0.0, 0.0, 0.0, 1.0, 1.0, 1.0, 1.0, 0.0, 0.0, 0.0, 0.0, 1.0, 1.0, 1.0, 1.0, 1.0, 1.0, 1.0, 0.0, 0.0, 0.0, 0.0, 0.0, 1.0, 0.0, 0.0, 0.0, 1.0, 1.0, 1.0, 1.0, 1.0, 1.0, 1.0, 1.0, 1.0, 1.0, 1.0, 1.0, 1.0, 1.0, 1.0, 0.0, 0.0, 0.0, 0.0, 0.0, 0.0, 0.0, 0.0, 0.0, 0.0, 1.0, 0.0, 1.0, 0.0, 1.0, 0.0, 1.0, 0.0, 0.0, 0.0, 1.0, 0.0, 0.0, 0.0, 0.0, 1.0, 1.0, 1.0, 0.0, 0.0, 0.0, 1.0, 0.0, 0.0, 0.0, 1.0, 0.0, 0.0, 0.0, 0.0, 0.0, 0.0, 1.0, 1.0, 1.0, 0.0, 0.0, 0.0, 0.0, 1.0, 1.0, 1.0, 0.0, 1.0, 1.0, 1.0, 1.0, 0.0, 0.0, 1.0, 0.0, 0.0, 0.0, 0.0, 0.0, 1.0, 1.0, 1.0, 1.0, 1.0, 1.0, 1.0, 0.0, 1.0, 1.0, 1.0, 1.0, 0.0, 0.0, 0.0, 0.0, 1.0, 1.0, 1.0, 1.0, 0.0, 0.0, 0.0, 0.0, 0.0, 1.0, 0.0, 0.0, 0.0, 0.0, 0.0, 0.0, 0.0, 0.0, 0.0, 0.0, 0.0, 0.0, 0.0, 0.0, 0.0, 0.0, 0.0, 0.0, 0.0, 0.0, 0.0, 0.0, 1.0, 1.0, 0.0, 1.0, 1.0, 0.0, 1.0, 0.0, 1.0, 1.0, 1.0, 1.0, 1.0, 0.0, 1.0, 1.0, 0.0, 0.0, 0.0, 0.0, 0.0, 1.0, 1.0, 0.0, 1.0, 0.0, 0.0, 1.0, 0.0, 0.0, 0.0, 0.0, 1.0, 1.0, 1.0, 0.0, 0.0, 0.0, 1.0, 0.0, 1.0, 1.0, 1.0, 0.0, 0.0, 0.0, 0.0, 0.0, 1.0, 1.0, 1.0, 1.0, 1.0, 1.0, 1.0, 0.0, 0.0, 0.0, 0.0, 0.0, 0.0, 0.0, 0.0, 0.0, 1.0, 0.0, 1.0, 0.0, 0.0, 0.0, 0.0, 0.0, 1.0, 1.0, 1.0, 1.0, 1.0, 1.0, 1.0, 0.0, 1.0, 1.0, 1.0, 1.0, 1.0, 1.0, 0.0, 1.0, 1.0, 1.0, 1.0, 1.0, 0.0, 0.0, 0.0, 0.0, 1.0, 1.0, 1.0, 1.0, 1.0, 1.0, 1.0, 0.0, 0.0, 1.0, 1.0, 1.0, 0.0, 0.0, 0.0, 0.0, 1.0, 1.0, 1.0, 1.0, 0.0, 0.0, 0.0, 0.0, 1.0, 0.0, 1.0, 0.0, 0.0, 0.0, 0.0, 0.0, 1.0, 1.0, 1.0, 1.0, 1.0, 0.0, 1.0, 0.0, 1.0, 1.0, 1.0, 0.0, 1.0, 1.0, 0.0, 1.0, 1.0, 1.0, 1.0, 1.0, 0.0, 0.0, 0.0, 0.0, 0.0, 0.0, 0.0, 0.0, 0.0, 0.0, 0.0, 0.0, 1.0, 1.0, 1.0, 1.0, 0.0, 0.0, 0.0, 0.0, 0.0, 0.0, 0.0, 0.0, 0.0, 0.0, 0.0, 0.0, 0.0, 0.0, 0.0, 0.0, 0.0, 0.0, 0.0, 0.0, 1.0, 1.0, 0.0, 0.0, 1.0, 1.0, 1.0, 1.0, 1.0, 1.0, 1.0, 1.0, 1.0, 1.0, 1.0, 1.0, 1.0, 1.0, 1.0, 1.0, 1.0, 0.0, 1.0, 1.0, 0.0, 1.0, 0.0, 1.0, 0.0, 1.0, 0.0, 0.0, 1.0, 1.0, 1.0, 1.0, 0.0, 0.0, 1.0, 0.0, 1.0, 1.0, 1.0, 1.0, 0.0, 0.0, 0.0, 0.0, 0.0, 0.0, 0.0, 1.0, 0.0, 0.0, 0.0, 0.0, 1.0, 1.0, 1.0, 1.0, 0.0, 0.0, 0.0, 0.0, 0.0, 1.0, 1.0, 1.0, 0.0, 1.0, 1.0, 0.0, 1.0, 1.0, 1.0, 1.0, 0.0, 0.0, 0.0, 0.0, 1.0, 0.0, 1.0, 1.0, 1.0, 0.0, 0.0, 1.0, 1.0, 1.0, 1.0, 1.0, 1.0, 1.0, 1.0, 0.0, 0.0, 1.0, 1.0, 1.0, 1.0, 1.0, 0.0, 0.0, 1.0, 1.0, 1.0, 1.0, 0.0, 0.0, 0.0, 0.0, 1.0, 1.0, 1.0, 0.0, 0.0, 0.0, 1.0, 0.0, 1.0, 1.0, 1.0, 1.0, 0.0, 0.0, 0.0, 0.0, 0.0, 0.0, 0.0, 0.0, 0.0, 0.0, 0.0, 0.0, 0.0, 0.0, 1.0, 1.0, 0.0, 0.0, 0.0, 0.0, 1.0, 1.0, 1.0, 1.0, 1.0, 0.0, 0.0, 1.0]",-295.2442605392121,597.0338707387587,-482.430437669722,964.860875339444,83.73032438338817,-11.09064016274593,24.95386904773164,1.2846122460949685,-433.45128860920846,873.4479268787513,False,True,True,False,True,0.5,0.625,0.625,0.5,0.625,0.5,0.625,0.625,0.6875,0.5,0.625,0.625,"Z.exists(lambda x1: Z.lequal(x1,1,'size'),X)","Z.exactly(lambda x1: Z.exactly(lambda x2: Z.and_operator(Z.and_operator(Z.equal(x1,'red','colour'),Z.equal(x1,2,'size')),Z.and_operator(Z.equal(x2,'green','colour'),Z.equal(x2,1,'size'))),2,X),1,X)","Z.exists(lambda x1: Z.equal(x1,1,'size'),X)","Z.exactly(lambda x1: Z.exactly(lambda x2: Z.and_operator(Z.and_operator(Z.equal(x1,'red','colour'),Z.equal(x1,2,'size')),Z.and_operator(Z.equal(x2,'green','colour'),Z.equal(x2,1,'size'))),2,X),1,X)",0.625,0.375,0.5,0.625,0.5,0.7083333333333334,0.6982758620689655,0.6867816091954023,0.6954022988505747,0.6925287356321839,5.241379310344827,0,0,0,0,0,0
3,7,8,TDvs5,piHJRkGAQiNDVM_pAAAL,Iota,one is blue,"[True, True, True, False, False, False, True, False]","[True, True, True, False, False, False, True, False]",0.75,0.75,All three colors must be present.,"[['x1'],['x1','x2'],['x1','x2','x3']]","Z.exists(lambda x1: Z.exists(lambda x2: Z.exists(lambda x3: Z.and_operator(Z.and_operator(Z.equal(x1,'red','colour'),Z.equal(x2,'blue','colour')),Z.equal(x3,'green','colour')),X),X),X)",all three colors must be present,"[{'ids': [0, 1, 2], 'colours': ['blue', 'green', 'red'], 'sizes': [2, 1, 3], 'xpos': [2.2808834249257663, 6.769544469766659, 3.372663474689361], 'ypos': [4.1107430840251595, 4.111666666666668, 3.698505497540556], 'rotations': [3.139283685824163, 3.1415926535897927, 2.169046696484513], 'orientations': ['upright', 'upright', 'strange'], 'contact': [[0, 2], [1], [2, 0]], 'grounded': ['yes', 'yes', 'yes'], 'follow_rule': True}, {'ids': [0, 1, 2], 'colours': ['blue', 'red', 'green'], 'sizes': [2, 3, 1], 'xpos': [4.751827909380431, 3.775724005565713, 4.745446113157769], 'ypos': [4.11091630167754, 4.108440779789079, 3.496938009862949], 'rotations': [3.143531846023026, 3.142554602195304, 3.1641409285083535], 'orientations': ['upright', 'upright', 'upright'], 'contact': [[0, 2], [1], [2, 0]], 'grounded': ['yes', 'yes', 'no'], 'follow_rule': True}, {'ids': [0, 1, 2], 'colours': ['blue', 'green', 'red'], 'sizes': [1, 2, 3], 'xpos': [6.796291983400219, 5.796147480357338, 4.536813257911037], 'ypos': [4.107621185935416, 4.107834592080127, 3.6339442808952263], 'rotations': [3.1447202314885683, 3.139491799237459, 1.2441117605268919], 'orientations': ['upright', 'upright', 'lhs'], 'contact': [[0], [1], [2]], 'grounded': ['yes', 'yes', 'yes'], 'follow_rule': True}, {'ids': [0, 1, 2], 'colours': ['red', 'green', 'blue'], 'sizes': [1, 1, 1], 'xpos': [6.6543621973357965, 5.06511083081923, 3.4307429219606496], 'ypos': [4.10759460597883, 4.107232711376391, 3.8269324429044356], 'rotations': [3.1426114300105525, 3.1425796537900332, 1.2104326163786094], 'orientations': ['upright', 'upright', 'lhs'], 'contact': [[0], [1], [2]], 'grounded': ['yes', 'yes', 'yes'], 'follow_rule': True}, {'ids': [0, 1, 2], 'colours': ['blue', 'green', 'red'], 'sizes': [3, 3, 3], 'xpos': [5.9180375596111015, 2.5619332141838376, 1.1880611524948657], 'ypos': [4.108121923686382, 4.108550435057097, 4.108386025966559], 'rotations': [3.1425282248159854, 3.1416128509247083, 3.143324992714902], 'orientations': ['upright', 'upright', 'upright'], 'contact': [[0], [1], [2]], 'grounded': ['yes', 'yes', 'yes'], 'follow_rule': True}, {'ids': [0, 1, 2], 'colours': ['green', 'blue', 'blue'], 'sizes': [2, 1, 1], 'xpos': [3.8893555437547302, 3.057148411410345, 0.8726083173039324], 'ypos': [4.10791929444174, 4.107296192155622, 4.107902740190735], 'rotations': [3.143220786230506, 3.143695548126781, 3.138820801221345], 'orientations': ['upright', 'upright', 'upright'], 'contact': [[0], [1], [2]], 'grounded': ['yes', 'yes', 'yes'], 'follow_rule': False}, {'ids': [0, 1, 2], 'colours': ['red', 'green', 'green'], 'sizes': [2, 1, 2], 'xpos': [3.088963052500061, 0.41869335832886684, 0.4169969533599635], 'ypos': [4.107095708750288, 4.109890021765638, 4.099372125012361], 'rotations': [3.1418648610266664, 3.1353240261867397, 3.1223952941017377], 'orientations': ['upright', 'upright', 'upright'], 'contact': [[0], [1, 2], [2, 1]], 'grounded': ['yes', 'yes', 'yes'], 'follow_rule': False}, {'ids': [0, 1, 2], 'colours': ['red', 'green', 'blue'], 'sizes': [1, 1, 2], 'xpos': [2.2030265061314886, 6.405901246887235, 1.675561962246242], 'ypos': [3.827135111544465, 3.826712626471571, 4.108066914787325], 'rotations': [5.07252240192609, 1.210100753754215, 3.1399640443553625], 'orientations': ['rhs', 'lhs', 'upright'], 'contact': [[0], [1], [2]], 'grounded': ['yes', 'yes', 'yes'], 'follow_rule': True}, {'ids': [0, 1, 2, 3, 4], 'colours': ['red', 'green', 'red', 'blue', 'green'], 'sizes': [3, 1, 1, 2, 3], 'xpos': [5.12691938557365, 5.11503131679493, 4.23727953775697, 6.19519140108846, 3.42148978150856], 'ypos': [4.16166666682932, 3.21450769513128, 4.15833270210236, 3.780270212316, 4.15777826181353], 'rotations': [3.14159265356107, 3.17396503839037, 3.13596899439433, 5.0484168782327, 3.14163950292034], 'contact': [[0, 1], [1, 0], 2, 3, 4], 'grounded': ['yes', 'no', 'yes', 'yes', 'yes']}, {'ids': [0, 1, 2, 3], 'colours': ['green', 'green', 'red', 'blue'], 'sizes': [1, 3, 1, 2], 'xpos': [1.95640316882102, 3.82119006463636, 5.49466900932729, 4.94512429018313], 'ypos': [4.1575463669092, 3.68793264237984, 3.88075060909874, 3.82370041726639], 'rotations': [3.14042586215534, 5.03796059957422, 5.07099533912214, 4.13396592888911], 'contact': [0, 1, [2, 3], [3, 2]], 'grounded': ['yes', 'yes', 'yes', 'yes']}, {'ids': [0, 1, 2, 3, 4], 'colours': ['red', 'blue', 'red', 'green', 'green'], 'sizes': [3, 1, 2, 2, 1], 'xpos': [6.01871423256697, 2.01992789098242, 4.13597794449854, 0.774406281828649, 4.80555851531279], 'ypos': [3.68393205570556, 4.15898574652681, 4.15794140291817, 3.77979942907755, 3.98725786368743], 'rotations': [1.24414891831718, 3.14156263599238, 3.14292046357041, 5.04964608195148, 2.53998237313469], 'contact': [[0, 4], 1, 2, 3, [4, 0]], 'grounded': ['yes', 'yes', 'yes', 'yes', 'yes']}, {'ids': [0, 1], 'colours': ['blue', 'green'], 'sizes': [1, 2], 'xpos': [1.67047327443096, 4.46813203908946], 'ypos': [4.15694705663294, 4.15819949787589], 'rotations': [3.14214596161258, 3.14225319301416], 'contact': [{'V1': 0, 'V2': 1}], 'grounded': ['yes', 'yes']}, {'ids': [0, 1, 2, 3, 4], 'colours': ['blue', 'blue', 'red', 'blue', 'red'], 'sizes': [1, 1, 3, 2, 3], 'xpos': [2.9749447690173, 1.59038636414738, 1.89943344290003, 0.742265142690783, 5.82945571924824], 'ypos': [4.14706432996679, 4.15682792868204, 3.68436535365509, 3.87793736870491, 4.15825788448378], 'rotations': [3.19018443917557, 3.14127258207092, 4.38185242264156, 2.36758036264438, 3.14223131257379], 'contact': [[0, 2], 1, [2, 0], 3, 4], 'grounded': ['yes', 'yes', 'yes', 'yes', 'yes']}, {'ids': [0, 1, 2, 3, 4], 'colours': ['blue', 'blue', 'red', 'red', 'blue'], 'sizes': [1, 1, 2, 3, 2], 'xpos': [3.86710801315826, 0.780465760873674, 4.72248955423569, 3.06295468416754, 7.04671297081929], 'ypos': [4.1448491118357, 4.15796013032216, 4.15793209798963, 3.75002575259372, 4.15761808534214], 'rotations': [3.19364501547634, 3.14186836777695, 3.13970081999877, 4.09252896570911, 3.14406240189392], 'contact': [[0, 3], 1, 2, [3, 0], 4], 'grounded': ['yes', 'yes', 'yes', 'yes', 'yes']}, {'ids': [0, 1, 2, 3], 'colours': ['blue', 'green', 'blue', 'red'], 'sizes': [1, 2, 1, 3], 'xpos': [0.414928997162714, 1.7723984589512, 5.75738502777065, 6.08770777718876], 'ypos': [4.15743978227501, 4.15711897749998, 3.88075060909862, 3.89628768750355], 'rotations': [3.14447951863788, 3.14010156096646, 5.07099533912207, 3.69409526653564], 'contact': [0, 1, [2, 3], [3, 2]], 'grounded': ['yes', 'yes', 'yes', 'yes']}, {'ids': [0, 1, 2, 3, 4], 'colours': ['green', 'red', 'green', 'green', 'red'], 'sizes': [2, 2, 3, 3, 2], 'xpos': [1.30426887924571, 1.8868098606311, 6.83333126813548, 2.79429839111229, 3.83407517131883], 'ypos': [3.78000391300947, 4.15881602818333, 3.73307814239637, 4.15736329550291, 4.15804254736289], 'rotations': [1.23253748876037, 3.14240000646429, 4.1567939442383, 3.14166932108615, 3.1439673324419], 'contact': [0, [1, 3], 2, [3, 1], 4], 'grounded': ['yes', 'yes', 'yes', 'yes', 'yes']}]","[True, True, True, True, True, True, True, False]","[True, True, True, False, False, False, True, True]","[False, False, False, False, False, False, False, False]","[False, False, False, True, True, True, False, False]","[True, True, True, True, True, True, True, False]","[True, True, True, False, False, False, True, True]","[False, False, False, False, False, False, False, False]","[False, False, False, True, True, True, False, False]",0.125,0.125,0.0,0.0,0.625,0.625,0.5,0.5,0.25,0.25,0.0,0.0,0.375,0.375,1.5461566145302235,-5.22895776475733,-5.545177444479562,12.537357071194496,11.090354888959125,30.696137414314784,-11.089003275866798,-11.090354888959125,24.950595273973377,22.18070977791825,1.0502311195665048,"[1.0, 1.0, 1.0, 1.0, 1.0, 0.0, 1.0, 0.0, 1.0, 1.0, 1.0, 1.0, 1.0, 1.0, 1.0, 0.0135, 0.9530000000000001, 0.092, 0.5895, 0.5895, 1.0, 0.0, 0.0, 0.861, 1.0, 1.0, 1.0, 0.2925, 0.999, 0.999, 1.0, 0.7155, 0.0, 0.0, 1.0, 0.0, 0.0, 0.0, 1.0, 0.0, 0.0, 0.0, 1.0, 0.0, 0.0, 0.0, 1.0, 0.0, 1.0, 1.0, 1.0, 1.0, 0.0, 0.0, 0.0, 0.0, 1.0, 1.0, 1.0, 1.0, 0.935, 0.935, 0.935, 0.935, 1.0, 1.0, 1.0, 1.0, 0.0, 1.0, 0.0, 0.0, 0.0, 1.0, 1.0, 1.0, 1.0, 1.0, 1.0, 1.0, 1.0, 1.0, 1.0, 1.0, 0.0935, 0.0935, 0.0935, 0.0935, 1.0, 1.0, 1.0, 1.0, 1.0, 1.0, 1.0, 1.0, 1.0, 1.0, 1.0, 1.0, 1.0, 1.0, 1.0, 0.013000000000000001, 1.0, 1.0, 0.998, 1.0, 1.0, 0.002, 0.998, 0.002, 1.0, 1.0, 1.0, 1.0, 1.0, 1.0, 1.0, 0.0, 0.973, 1.0, 0.9530000000000001, 1.0, 0.8925000000000001, 0.9195, 0.17400000000000002, 0.201, 1.0, 1.0, 1.0, 1.0, 0.0, 0.0, 0.0, 0.0, 1.0, 1.0, 1.0, 0.24, 1.0, 1.0, 0.968, 1.0, 0.653, 0.653, 0.653, 1.0, 0.2535, 0.2535, 0.7035, 0.10300000000000001, 1.0, 1.0, 1.0, 1.0, 0.0, 1.0, 0.0, 0.0, 1.0, 1.0, 1.0, 0.012, 0.988, 0.988, 1.0, 1.0, 1.0, 0.0, 1.0, 1.0, 1.0, 0.0, 0.0, 1.0, 0.0, 0.0, 0.0, 1.0, 1.0, 0.0, 0.0, 0.0, 1.0, 1.0, 1.0, 1.0, 0.0, 0.0, 0.0, 0.0, 1.0, 1.0, 1.0, 1.0, 0.0, 0.0, 0.0, 0.0, 1.0, 1.0, 1.0, 1.0, 1.0, 1.0, 0.841, 1.0, 1.0, 1.0, 1.0, 1.0, 0.0, 0.0, 0.0, 0.0, 1.0, 1.0, 1.0, 1.0, 1.0, 1.0, 1.0, 0.0, 0.197, 0.0, 0.85, 0.653, 0.803, 0.0, 0.0, 0.0, 0.8525, 0.847, 0.9935, 0.847, 0.28300000000000003, 0.4305, 0.426, 0.426, 1.0, 1.0, 1.0, 1.0, 1.0, 1.0, 1.0, 0.0, 0.798, 1.0, 0.7995, 0.7995, 0.0275, 0.029, 0.2265, 0.1975, 1.0, 1.0, 1.0, 1.0, 0.0, 0.0, 0.0, 0.0, 0.862, 0.854, 0.8595, 0.8955000000000001, 0.045, 0.0005, 0.8695, 0.8505, 1.0, 1.0, 1.0, 0.022, 1.0, 1.0, 1.0, 0.978, 0.28400000000000003, 0.0145, 0.1885, 0.0275, 0.2755, 0.0, 0.0015, 0.013000000000000001, 0.0, 0.0, 0.0, 1.0, 1.0, 0.0, 0.0, 0.0, 1.0, 1.0, 1.0, 1.0, 0.0, 0.0, 0.0, 0.0, 1.0, 1.0, 1.0, 1.0, 1.0, 0.0, 1.0, 0.0, 1.0, 1.0, 1.0, 1.0, 1.0, 1.0, 1.0, 0.0, 1.0, 1.0, 1.0, 0.728, 0.8265, 0.5545, 0.5545, 0.8265, 1.0, 1.0, 1.0, 1.0, 1.0, 1.0, 1.0, 1.0, 1.0, 1.0, 1.0, 0.8715, 0.9365, 0.8695, 0.8695, 0.9365, 0.229, 0.229, 0.229, 0.229, 0.801, 0.03, 0.03, 0.801, 0.0, 0.0, 0.0, 1.0, 1.0, 0.0, 0.0, 0.0, 0.108, 0.114, 0.2315, 0.108, 0.114, 0.07050000000000001, 0.0495, 0.006, 1.0, 1.0, 1.0, 1.0, 0.0, 0.0, 0.0, 0.0, 0.8955000000000001, 0.895, 0.0115, 0.0, 0.883, 0.0, 0.0, 0.0, 1.0, 1.0, 1.0, 1.0, 0.0, 0.0, 0.0, 0.0, 0.902, 0.902, 0.902, 0.678, 0.88, 0.88, 0.902, 0.807, 1.0, 1.0, 1.0, 1.0, 0.0, 0.0, 0.0, 0.0, 1.0, 1.0, 1.0, 1.0, 1.0, 1.0, 1.0, 0.0, 1.0, 1.0, 1.0, 1.0, 0.0, 0.0, 0.0, 0.0, 1.0, 1.0, 1.0, 1.0, 0.008, 0.008, 0.008, 0.008, 1.0, 1.0, 1.0, 1.0, 1.0, 1.0, 1.0, 0.0, 1.0, 1.0, 1.0, 1.0, 1.0, 1.0, 0.6980000000000001, 1.0, 1.0, 1.0, 1.0, 1.0, 0.0, 0.0, 0.0, 0.0, 1.0, 1.0, 1.0, 1.0, 1.0, 1.0, 1.0, 0.0, 0.9530000000000001, 0.9530000000000001, 0.9530000000000001, 1.0, 1.0, 1.0, 0.641, 0.9530000000000001, 1.0, 1.0, 1.0, 1.0, 0.0, 0.0, 0.0, 0.0, 1.0, 1.0, 1.0, 1.0, 1.0, 1.0, 1.0, 1.0, 1.0, 1.0, 1.0, 1.0, 0.0, 0.0, 0.0, 0.0, 1.0, 1.0, 1.0, 1.0, 1.0, 1.0, 1.0, 1.0, 1.0, 1.0, 1.0, 1.0, 0.021500000000000002, 0.021500000000000002, 0.021500000000000002, 0.021500000000000002, 0.021500000000000002, 0.003, 0.02, 0.0095, 0.0095, 0.964, 0.9555, 0.0095, 1.0, 1.0, 1.0, 1.0, 1.0, 1.0, 1.0, 1.0, 1.0, 1.0, 1.0, 1.0, 0.0, 0.0, 0.0, 0.0, 1.0, 1.0, 1.0, 1.0, 0.0, 0.0, 1.0, 1.0, 1.0, 0.873, 0.198, 0.198, 1.0, 1.0, 0.6905, 1.0, 1.0, 1.0, 1.0, 1.0, 1.0, 1.0, 1.0, 0.0, 1.0, 0.999, 0.999, 1.0, 0.0025, 0.0025, 0.0025, 0.0025, 1.0, 1.0, 1.0, 1.0, 1.0, 0.686, 0.314, 0.0, 1.0, 1.0, 1.0, 1.0, 0.524, 0.524, 1.0, 0.47600000000000003, 1.0, 1.0, 1.0, 1.0, 0.008, 0.008, 0.008, 0.008, 0.9935, 0.9935, 0.9775, 0.9935, 0.9935, 0.0225, 0.988, 0.017, 1.0, 1.0, 1.0, 1.0, 0.0725, 0.0725, 0.0725, 0.0725, 0.041, 1.0, 1.0, 0.9590000000000001, 0.041, 0.9590000000000001, 1.0, 0.0, 0.7435, 0.9835, 0.7425, 0.986, 0.7435, 0.7435, 0.256, 0.987, 1.0, 0.005, 1.0, 1.0, 1.0, 0.005, 0.005, 1.0, 1.0, 1.0, 1.0, 1.0, 1.0, 1.0, 1.0, 0.0, 1.0, 1.0, 1.0, 1.0, 0.0, 0.0, 0.0, 0.0, 1.0, 1.0, 1.0, 1.0, 0.0, 0.0, 0.0, 0.0, 0.9705, 0.9705, 0.9145, 1.0, 0.8015, 0.8015, 0.9705, 0.7865, 1.0, 1.0, 1.0, 1.0, 0.0, 0.0, 0.0, 0.0, 1.0, 1.0, 1.0, 1.0, 0.0, 0.0, 0.0, 0.0, 1.0, 1.0, 1.0, 1.0, 0.0, 0.0, 0.0, 0.0, 1.0, 1.0, 1.0, 1.0, 1.0, 1.0, 1.0, 1.0]",-418.5875071169283,843.720363894191,-482.430437669722,964.860875339444,0.01,0.0,2.0794415416798357,0.5138983408241962,-6.028322580102988,14.829233882445758,0.6334250289943713,"[1.0, 1.0, 1.0, 1.0, 1.0, 0.0, 1.0, 0.0, 1.0, 1.0, 1.0, 1.0, 1.0, 1.0, 1.0, 0.0, 0.0, 0.0, 0.0, 0.0, 0.0, 0.0, 0.0, 0.0, 1.0, 1.0, 1.0, 0.0, 0.0, 0.0, 1.0, 0.0, 0.0, 0.0, 1.0, 1.0, 0.0, 1.0, 1.0, 1.0, 1.0, 1.0, 1.0, 1.0, 0.0, 0.0, 1.0, 1.0, 1.0, 1.0, 1.0, 1.0, 0.0, 0.0, 0.0, 0.0, 1.0, 1.0, 1.0, 1.0, 0.0, 0.0, 0.0, 0.0, 0.0, 0.0, 0.0, 0.0, 0.0, 1.0, 1.0, 0.0, 1.0, 1.0, 1.0, 1.0, 0.0, 0.0, 0.0, 0.0, 1.0, 1.0, 1.0, 1.0, 0.0, 0.0, 0.0, 0.0, 1.0, 1.0, 1.0, 1.0, 1.0, 1.0, 0.0, 1.0, 1.0, 1.0, 1.0, 1.0, 1.0, 1.0, 1.0, 0.0, 1.0, 1.0, 1.0, 1.0, 1.0, 0.0, 1.0, 0.0, 0.0, 1.0, 0.0, 0.0, 1.0, 1.0, 1.0, 0.0, 1.0, 1.0, 0.0, 1.0, 1.0, 0.0, 0.0, 0.0, 1.0, 1.0, 1.0, 0.0, 1.0, 1.0, 1.0, 1.0, 1.0, 1.0, 1.0, 1.0, 0.0, 0.0, 0.0, 0.0, 1.0, 1.0, 1.0, 0.0, 0.0, 0.0, 1.0, 0.0, 0.0, 0.0, 1.0, 0.0, 0.0, 0.0, 0.0, 0.0, 1.0, 1.0, 1.0, 0.0, 0.0, 0.0, 1.0, 0.0, 0.0, 0.0, 0.0, 1.0, 0.0, 0.0, 0.0, 0.0, 0.0, 0.0, 0.0, 1.0, 0.0, 0.0, 0.0, 0.0, 1.0, 1.0, 1.0, 1.0, 0.0, 0.0, 0.0, 0.0, 1.0, 1.0, 1.0, 0.0, 0.0, 0.0, 1.0, 0.0, 1.0, 1.0, 1.0, 1.0, 0.0, 0.0, 0.0, 0.0, 1.0, 1.0, 1.0, 1.0, 0.0, 0.0, 0.0, 0.0, 1.0, 1.0, 1.0, 1.0, 1.0, 1.0, 1.0, 0.0, 0.0, 0.0, 0.0, 0.0, 1.0, 0.0, 0.0, 0.0, 1.0, 1.0, 1.0, 1.0, 1.0, 1.0, 1.0, 1.0, 1.0, 1.0, 1.0, 1.0, 1.0, 1.0, 1.0, 0.0, 0.0, 0.0, 0.0, 0.0, 0.0, 0.0, 0.0, 0.0, 0.0, 1.0, 0.0, 1.0, 0.0, 1.0, 0.0, 1.0, 0.0, 0.0, 0.0, 1.0, 0.0, 0.0, 0.0, 0.0, 1.0, 1.0, 1.0, 0.0, 0.0, 0.0, 1.0, 0.0, 1.0, 1.0, 1.0, 1.0, 1.0, 0.0, 1.0, 0.0, 0.0, 1.0, 1.0, 1.0, 0.0, 0.0, 0.0, 0.0, 1.0, 1.0, 1.0, 0.0, 1.0, 1.0, 1.0, 1.0, 0.0, 1.0, 1.0, 1.0, 0.0, 0.0, 0.0, 0.0, 1.0, 1.0, 1.0, 1.0, 1.0, 1.0, 1.0, 0.0, 1.0, 1.0, 1.0, 1.0, 0.0, 0.0, 0.0, 0.0, 1.0, 1.0, 1.0, 1.0, 0.0, 0.0, 0.0, 0.0, 0.0, 1.0, 0.0, 0.0, 0.0, 0.0, 0.0, 0.0, 1.0, 1.0, 1.0, 1.0, 1.0, 0.0, 1.0, 1.0, 0.0, 0.0, 0.0, 0.0, 0.0, 1.0, 1.0, 0.0, 1.0, 1.0, 1.0, 1.0, 1.0, 0.0, 1.0, 0.0, 1.0, 1.0, 1.0, 1.0, 1.0, 0.0, 1.0, 1.0, 0.0, 0.0, 0.0, 0.0, 0.0, 1.0, 1.0, 0.0, 1.0, 0.0, 0.0, 1.0, 0.0, 0.0, 0.0, 0.0, 1.0, 1.0, 1.0, 0.0, 0.0, 0.0, 1.0, 0.0, 1.0, 1.0, 1.0, 0.0, 0.0, 0.0, 0.0, 0.0, 1.0, 1.0, 1.0, 1.0, 1.0, 1.0, 1.0, 0.0, 0.0, 0.0, 0.0, 0.0, 0.0, 0.0, 0.0, 0.0, 1.0, 0.0, 1.0, 0.0, 0.0, 0.0, 0.0, 0.0, 1.0, 1.0, 1.0, 1.0, 1.0, 1.0, 1.0, 0.0, 1.0, 1.0, 1.0, 1.0, 1.0, 1.0, 0.0, 1.0, 1.0, 1.0, 1.0, 1.0, 0.0, 0.0, 0.0, 0.0, 1.0, 1.0, 1.0, 1.0, 1.0, 1.0, 1.0, 0.0, 0.0, 1.0, 1.0, 1.0, 0.0, 0.0, 0.0, 0.0, 1.0, 1.0, 1.0, 1.0, 0.0, 0.0, 0.0, 0.0, 1.0, 0.0, 1.0, 0.0, 0.0, 0.0, 0.0, 0.0, 1.0, 1.0, 1.0, 1.0, 1.0, 0.0, 1.0, 0.0, 1.0, 1.0, 1.0, 0.0, 1.0, 1.0, 0.0, 1.0, 1.0, 1.0, 1.0, 1.0, 0.0, 0.0, 0.0, 0.0, 0.0, 0.0, 0.0, 0.0, 0.0, 1.0, 0.0, 0.0, 1.0, 1.0, 1.0, 1.0, 0.0, 0.0, 0.0, 0.0, 0.0, 0.0, 0.0, 0.0, 0.0, 0.0, 0.0, 0.0, 1.0, 0.0, 1.0, 0.0, 0.0, 0.0, 0.0, 0.0, 1.0, 1.0, 0.0, 0.0, 1.0, 1.0, 1.0, 1.0, 1.0, 1.0, 1.0, 1.0, 1.0, 1.0, 1.0, 1.0, 1.0, 1.0, 1.0, 1.0, 1.0, 0.0, 1.0, 1.0, 0.0, 1.0, 0.0, 1.0, 0.0, 1.0, 0.0, 0.0, 1.0, 1.0, 1.0, 1.0, 0.0, 0.0, 1.0, 0.0, 1.0, 1.0, 1.0, 1.0, 0.0, 0.0, 0.0, 0.0, 0.0, 0.0, 0.0, 1.0, 0.0, 0.0, 0.0, 0.0, 1.0, 1.0, 1.0, 1.0, 0.0, 0.0, 0.0, 0.0, 0.0, 1.0, 1.0, 1.0, 0.0, 1.0, 1.0, 0.0, 1.0, 1.0, 1.0, 1.0, 0.0, 0.0, 0.0, 0.0, 1.0, 0.0, 1.0, 1.0, 1.0, 0.0, 0.0, 1.0, 1.0, 1.0, 1.0, 1.0, 1.0, 1.0, 1.0, 0.0, 0.0, 1.0, 1.0, 1.0, 1.0, 1.0, 0.0, 0.0, 1.0, 1.0, 1.0, 1.0, 0.0, 0.0, 0.0, 0.0, 1.0, 1.0, 1.0, 0.0, 0.0, 0.0, 1.0, 0.0, 1.0, 1.0, 1.0, 1.0, 0.0, 0.0, 0.0, 0.0, 0.0, 0.0, 0.0, 0.0, 0.0, 0.0, 0.0, 0.0, 0.0, 1.0, 0.0, 1.0, 0.0, 1.0, 1.0, 0.0, 1.0, 1.0, 1.0, 1.0, 1.0, 0.0, 0.0, 1.0]",-318.3726801373107,643.2907099349558,0.01,0.0,-5.545177444479562,2.0794415416798357,11.090354888959125,0.5138983408241962,-6.028322580102988,-11.090354888959125,14.829233882445758,22.18070977791825,0.6173530694834558,"[1.0, 1.0, 1.0, 1.0, 1.0, 0.0, 1.0, 0.0, 1.0, 1.0, 1.0, 1.0, 1.0, 1.0, 1.0, 0.0, 0.0, 0.0, 0.0, 0.0, 0.0, 0.0, 0.0, 0.0, 1.0, 1.0, 1.0, 0.0, 0.0, 0.0, 1.0, 0.0, 0.0, 0.0, 1.0, 1.0, 0.0, 1.0, 1.0, 1.0, 0.0, 0.0, 0.0, 0.0, 0.0, 0.0, 0.0, 0.0, 1.0, 1.0, 1.0, 1.0, 0.0, 0.0, 0.0, 0.0, 1.0, 1.0, 1.0, 1.0, 0.0, 0.0, 0.0, 0.0, 0.0, 0.0, 0.0, 0.0, 0.0, 1.0, 1.0, 0.0, 0.0, 0.0, 0.0, 1.0, 0.0, 0.0, 0.0, 0.0, 1.0, 1.0, 1.0, 1.0, 0.0, 0.0, 0.0, 0.0, 0.0, 0.0, 0.0, 0.0, 1.0, 1.0, 0.0, 1.0, 1.0, 1.0, 1.0, 1.0, 1.0, 1.0, 1.0, 0.0, 1.0, 1.0, 1.0, 1.0, 1.0, 0.0, 1.0, 0.0, 0.0, 1.0, 0.0, 0.0, 1.0, 1.0, 1.0, 0.0, 1.0, 1.0, 0.0, 1.0, 1.0, 0.0, 0.0, 0.0, 1.0, 1.0, 1.0, 0.0, 1.0, 1.0, 1.0, 1.0, 1.0, 1.0, 1.0, 1.0, 0.0, 0.0, 0.0, 0.0, 1.0, 1.0, 1.0, 0.0, 0.0, 0.0, 1.0, 0.0, 0.0, 0.0, 1.0, 0.0, 0.0, 0.0, 0.0, 0.0, 1.0, 1.0, 1.0, 0.0, 0.0, 0.0, 1.0, 0.0, 0.0, 0.0, 0.0, 1.0, 0.0, 0.0, 0.0, 0.0, 0.0, 0.0, 0.0, 1.0, 0.0, 0.0, 0.0, 0.0, 1.0, 1.0, 1.0, 1.0, 0.0, 0.0, 0.0, 0.0, 1.0, 1.0, 1.0, 0.0, 0.0, 0.0, 1.0, 0.0, 1.0, 1.0, 1.0, 1.0, 0.0, 0.0, 0.0, 0.0, 1.0, 1.0, 1.0, 1.0, 0.0, 0.0, 0.0, 0.0, 1.0, 1.0, 1.0, 1.0, 1.0, 1.0, 1.0, 0.0, 0.0, 0.0, 0.0, 0.0, 1.0, 0.0, 0.0, 0.0, 1.0, 1.0, 1.0, 1.0, 1.0, 1.0, 1.0, 1.0, 1.0, 1.0, 1.0, 1.0, 1.0, 1.0, 1.0, 0.0, 0.0, 0.0, 0.0, 0.0, 0.0, 0.0, 0.0, 0.0, 0.0, 1.0, 0.0, 1.0, 0.0, 1.0, 0.0, 1.0, 0.0, 0.0, 0.0, 1.0, 0.0, 0.0, 0.0, 0.0, 1.0, 1.0, 1.0, 0.0, 0.0, 0.0, 1.0, 0.0, 1.0, 1.0, 1.0, 1.0, 1.0, 0.0, 1.0, 0.0, 0.0, 1.0, 1.0, 1.0, 0.0, 0.0, 0.0, 0.0, 1.0, 1.0, 1.0, 0.0, 1.0, 1.0, 1.0, 1.0, 0.0, 1.0, 1.0, 1.0, 0.0, 0.0, 0.0, 0.0, 1.0, 1.0, 1.0, 1.0, 1.0, 1.0, 1.0, 0.0, 1.0, 1.0, 1.0, 1.0, 0.0, 0.0, 0.0, 0.0, 1.0, 1.0, 1.0, 1.0, 0.0, 0.0, 0.0, 0.0, 0.0, 1.0, 0.0, 0.0, 0.0, 0.0, 0.0, 0.0, 0.0, 0.0, 0.0, 0.0, 0.0, 0.0, 0.0, 0.0, 1.0, 0.0, 1.0, 1.0, 1.0, 0.0, 0.0, 1.0, 1.0, 1.0, 1.0, 1.0, 1.0, 0.0, 1.0, 0.0, 1.0, 1.0, 1.0, 1.0, 1.0, 0.0, 1.0, 1.0, 0.0, 0.0, 0.0, 0.0, 0.0, 1.0, 1.0, 0.0, 1.0, 0.0, 0.0, 1.0, 0.0, 0.0, 0.0, 0.0, 1.0, 1.0, 1.0, 0.0, 0.0, 0.0, 1.0, 0.0, 1.0, 1.0, 1.0, 0.0, 0.0, 0.0, 0.0, 0.0, 1.0, 1.0, 1.0, 1.0, 1.0, 1.0, 1.0, 0.0, 0.0, 0.0, 0.0, 0.0, 0.0, 0.0, 0.0, 0.0, 1.0, 0.0, 1.0, 0.0, 0.0, 0.0, 0.0, 0.0, 1.0, 1.0, 1.0, 1.0, 1.0, 1.0, 1.0, 0.0, 1.0, 1.0, 1.0, 1.0, 1.0, 1.0, 0.0, 1.0, 1.0, 1.0, 1.0, 1.0, 0.0, 0.0, 0.0, 0.0, 1.0, 1.0, 1.0, 1.0, 1.0, 1.0, 1.0, 0.0, 0.0, 1.0, 1.0, 1.0, 0.0, 0.0, 0.0, 0.0, 1.0, 1.0, 1.0, 1.0, 0.0, 0.0, 0.0, 0.0, 1.0, 0.0, 1.0, 0.0, 0.0, 0.0, 0.0, 0.0, 1.0, 1.0, 1.0, 1.0, 1.0, 0.0, 1.0, 0.0, 1.0, 1.0, 1.0, 0.0, 1.0, 1.0, 0.0, 1.0, 1.0, 1.0, 1.0, 1.0, 0.0, 0.0, 0.0, 0.0, 0.0, 0.0, 0.0, 0.0, 0.0, 1.0, 0.0, 0.0, 1.0, 1.0, 1.0, 1.0, 0.0, 0.0, 0.0, 0.0, 0.0, 0.0, 0.0, 0.0, 0.0, 0.0, 0.0, 0.0, 1.0, 0.0, 1.0, 0.0, 0.0, 0.0, 0.0, 0.0, 1.0, 1.0, 0.0, 0.0, 1.0, 1.0, 1.0, 1.0, 1.0, 1.0, 1.0, 1.0, 1.0, 1.0, 1.0, 1.0, 1.0, 1.0, 1.0, 1.0, 1.0, 0.0, 1.0, 1.0, 0.0, 1.0, 0.0, 1.0, 0.0, 1.0, 0.0, 0.0, 1.0, 1.0, 1.0, 1.0, 0.0, 0.0, 1.0, 0.0, 1.0, 1.0, 1.0, 1.0, 0.0, 0.0, 0.0, 0.0, 0.0, 0.0, 0.0, 1.0, 0.0, 0.0, 0.0, 0.0, 1.0, 1.0, 1.0, 1.0, 0.0, 0.0, 0.0, 0.0, 0.0, 1.0, 1.0, 1.0, 0.0, 1.0, 1.0, 0.0, 1.0, 1.0, 1.0, 1.0, 0.0, 0.0, 0.0, 0.0, 1.0, 0.0, 1.0, 1.0, 1.0, 0.0, 0.0, 1.0, 1.0, 1.0, 1.0, 1.0, 1.0, 1.0, 1.0, 0.0, 0.0, 0.0, 1.0, 0.0, 0.0, 1.0, 0.0, 0.0, 1.0, 1.0, 1.0, 1.0, 0.0, 0.0, 0.0, 0.0, 1.0, 1.0, 1.0, 0.0, 0.0, 0.0, 1.0, 0.0, 1.0, 1.0, 1.0, 1.0, 0.0, 0.0, 0.0, 0.0, 0.0, 0.0, 0.0, 0.0, 0.0, 0.0, 0.0, 0.0, 0.0, 1.0, 0.0, 1.0, 0.0, 1.0, 1.0, 0.0, 1.0, 1.0, 1.0, 1.0, 1.0, 0.0, 0.0, 1.0]",-311.9759791000219,630.4973078603782,-482.430437669722,964.860875339444,1.9575793881050045,-5.292505905345678,-5.545177444479562,12.664453352371192,11.090354888959125,17.3472249002015,-11.084655414944967,-11.090354888959125,24.941899552129716,22.18070977791825,1.0908740239314543,"[0.0, 0.0, 1.0, 0.0, 0.0, 0.0, 0.0, 0.0, 1.0, 1.0, 1.0, 1.0, 0.877, 0.877, 0.877, 0.0, 1.0, 0.259, 1.0, 1.0, 0.8015, 0.0, 0.259, 1.0, 1.0, 1.0, 1.0, 1.0, 1.0, 1.0, 1.0, 0.0, 0.0, 0.0, 1.0, 0.0, 0.0, 0.0, 1.0, 0.0, 0.0, 0.0, 1.0, 0.0, 0.0, 0.0, 1.0, 0.0, 0.0, 0.0, 0.0, 0.0775, 0.0, 0.0, 0.1635, 0.47100000000000003, 1.0, 1.0, 1.0, 1.0, 0.0, 0.0, 0.0, 0.0, 0.0, 0.0, 0.0, 0.0, 0.0, 0.0, 0.0, 0.0, 1.0, 1.0, 1.0, 1.0, 1.0, 1.0, 1.0, 0.0, 1.0, 1.0, 1.0, 1.0, 0.0, 0.0, 0.0, 0.0, 0.0, 0.0, 0.0, 0.0, 0.0, 0.113, 0.113, 0.0, 0.0, 0.0, 0.0, 1.0, 0.0, 0.0, 0.0, 0.0, 1.0, 1.0, 1.0, 1.0, 0.0, 0.0, 0.0, 0.0, 0.9995, 1.0, 1.0, 0.663, 1.0, 1.0, 1.0, 0.353, 1.0, 1.0, 1.0, 1.0, 0.082, 0.082, 0.0, 0.0, 0.973, 1.0, 0.7655000000000001, 0.605, 0.973, 1.0, 1.0, 0.368, 0.0, 0.0, 1.0, 0.0, 1.0, 0.0, 1.0, 0.0, 1.0, 1.0, 1.0, 1.0, 0.0, 0.0, 1.0, 0.0, 1.0, 1.0, 1.0, 1.0, 0.0, 0.9465, 0.0, 0.0, 0.666, 1.0, 0.666, 0.666, 0.0, 0.0, 0.7975, 0.0, 0.0, 0.9430000000000001, 0.0, 1.0, 1.0, 0.0, 0.0, 0.0, 0.0, 1.0, 0.0, 0.0, 0.0, 0.0, 0.0, 0.0, 1.0, 1.0, 1.0, 1.0, 0.0, 0.0, 0.0, 0.0, 1.0, 1.0, 1.0, 1.0, 1.0, 1.0, 1.0, 0.0005, 1.0, 1.0, 1.0, 1.0, 1.0, 1.0, 0.0, 1.0, 1.0, 1.0, 1.0, 1.0, 0.0, 0.0, 0.0, 0.0, 1.0, 1.0, 1.0, 1.0, 1.0, 1.0, 1.0, 0.0, 1.0, 0.0, 1.0, 0.0, 0.0, 0.0, 0.0, 0.0, 0.0, 1.0, 0.0, 1.0, 0.0, 1.0, 0.0, 1.0, 1.0, 1.0, 1.0, 1.0, 1.0, 1.0, 1.0, 0.0, 1.0, 0.0, 1.0, 1.0, 1.0, 0.0, 0.0, 1.0, 1.0, 1.0, 1.0, 1.0, 1.0, 1.0, 1.0, 1.0, 0.0, 0.9580000000000001, 0.0, 0.0, 0.0, 0.0, 0.0045000000000000005, 0.0, 0.0, 0.0, 0.0, 0.0, 0.0, 0.0, 0.0, 1.0, 0.0, 0.0, 0.0005, 0.0, 0.0, 0.0, 0.0, 0.0, 0.0, 1.0, 0.0, 0.0, 0.0, 0.0, 0.0, 0.0, 1.0, 1.0, 1.0, 0.001, 0.001, 0.001, 1.0, 0.0, 0.0, 0.0, 0.6225, 0.0, 0.0, 0.0, 0.0, 0.0, 1.0, 1.0, 1.0, 1.0, 0.0, 0.0, 0.0, 0.0, 0.0, 0.0, 0.0, 0.0, 0.0, 0.0, 0.0, 0.0, 1.0, 1.0, 1.0, 1.0, 1.0, 1.0, 1.0, 0.0, 0.0, 0.0, 0.0, 1.0, 0.0, 0.0, 1.0, 0.0, 1.0, 1.0, 1.0, 1.0, 0.0, 0.0, 0.0, 0.0, 0.0, 1.0, 0.0, 0.0, 1.0, 0.0, 0.0, 1.0, 1.0, 1.0, 1.0, 1.0, 0.0, 0.0, 0.0, 0.0, 1.0, 1.0, 1.0, 1.0, 1.0, 0.0, 1.0, 1.0, 0.0, 0.0005, 0.0, 0.0, 0.0, 0.38, 0.0, 0.0, 1.0, 1.0, 1.0, 1.0, 0.0, 0.0, 0.0, 0.0, 1.0, 1.0, 1.0, 0.999, 1.0, 1.0, 1.0, 0.0195, 1.0, 1.0, 1.0, 1.0, 0.0, 0.0, 0.0, 0.0, 0.0, 0.6285000000000001, 0.0, 0.328, 0.0, 0.0, 0.6285000000000001, 0.0, 0.0, 0.0, 0.0, 0.0, 0.0, 0.0, 0.0, 1.0, 1.0, 1.0, 1.0, 1.0, 0.0, 0.0, 0.0, 0.0, 1.0, 1.0, 1.0, 1.0, 1.0, 1.0, 1.0, 0.0, 1.0, 1.0, 1.0, 1.0, 1.0, 1.0, 0.0375, 1.0, 1.0, 1.0, 1.0, 1.0, 0.0, 0.0, 0.0, 0.0, 1.0, 1.0, 1.0, 1.0, 1.0, 1.0, 1.0, 0.0, 1.0, 1.0, 1.0, 1.0, 1.0, 1.0, 0.0, 1.0, 1.0, 1.0, 1.0, 1.0, 0.0, 0.0, 0.0, 0.0, 1.0, 1.0, 1.0, 1.0, 1.0, 1.0, 1.0, 1.0, 0.0, 0.0, 0.4395, 0.0, 0.0, 0.0, 0.001, 1.0, 0.0, 0.0, 0.0, 0.0, 0.0, 0.0, 0.0, 0.0, 1.0, 1.0, 1.0, 0.0, 1.0, 0.0, 0.0, 1.0, 0.0, 0.0, 1.0, 1.0, 1.0, 0.0, 0.0, 0.0, 0.0, 0.0, 0.0, 0.0, 0.0, 0.0, 0.0, 0.0, 1.0, 1.0, 1.0, 1.0, 0.0, 0.0, 0.0, 0.0, 0.0, 0.0, 0.0, 0.0, 0.0, 1.0, 0.0, 0.0, 1.0, 1.0, 1.0, 1.0, 0.0, 0.4945, 0.0, 0.0, 1.0, 1.0, 1.0, 1.0, 0.0, 0.0, 1.0, 1.0, 1.0, 1.0, 1.0, 1.0, 0.0, 0.0, 0.0, 0.0, 1.0, 1.0, 1.0, 1.0, 1.0, 0.704, 0.296, 0.0, 1.0, 1.0, 1.0, 1.0, 0.0, 0.0, 1.0, 1.0, 1.0, 1.0, 1.0, 1.0, 0.0, 0.0, 0.0, 0.0, 0.006, 1.0, 0.006, 0.708, 0.298, 1.0, 0.298, 1.0, 1.0, 1.0, 1.0, 1.0, 0.0, 0.0, 0.0, 0.0, 1.0, 0.0, 1.0, 1.0, 1.0, 0.0, 0.0, 1.0, 0.0, 1.0, 1.0, 1.0, 0.0, 0.0, 0.0, 0.0, 1.0, 0.224, 1.0, 1.0, 0.776, 0.0, 0.224, 1.0, 1.0, 1.0, 1.0, 1.0, 0.0, 0.0, 0.0, 0.0, 1.0, 1.0, 0.0, 1.0, 1.0, 1.0, 0.0, 1.0, 1.0, 1.0, 1.0, 1.0, 0.0, 0.0, 0.0, 0.0, 1.0, 1.0, 1.0, 1.0, 1.0, 1.0, 1.0, 0.0, 1.0, 1.0, 1.0, 1.0, 0.0, 0.0, 0.0, 0.0, 0.0, 0.0, 0.0, 0.0, 0.0, 0.0, 0.0, 0.0, 1.0, 0.4865, 1.0, 1.0, 1.0, 0.0075, 0.4865, 1.0, 0.0225, 0.0, 0.0, 0.9775, 0.0, 0.0, 0.0, 0.0]",-419.18595103414617,844.9172517286268,-482.430437669722,964.860875339444,1.0,-3.5060935001457825,-5.545177444479562,9.091628541971401,11.090354888959125,1.0,-8.012187000291565,-11.090354888959125,18.79696272282291,22.18070977791825,0.5787520451143159,"[1.0, 1.0, 1.0, 1.0, 1.0, 0.0, 1.0, 0.0, 1.0, 1.0, 1.0, 1.0, 1.0, 1.0, 1.0, 0.0, 0.0, 0.0, 0.0, 0.0, 0.0, 0.0, 0.0, 0.0, 1.0, 1.0, 1.0, 1.0, 0.0, 0.0, 1.0, 0.0, 0.0, 0.0, 0.0, 0.0, 0.0, 1.0, 0.0, 0.0, 0.0, 0.0, 0.0, 0.0, 0.0, 0.0, 0.0, 0.0, 1.0, 1.0, 1.0, 1.0, 0.0, 0.0, 0.0, 0.0, 1.0, 1.0, 1.0, 1.0, 0.0, 0.0, 0.0, 0.0, 0.0, 0.0, 0.0, 0.0, 0.0, 1.0, 1.0, 0.0, 1.0, 1.0, 1.0, 1.0, 0.0, 0.0, 0.0, 0.0, 1.0, 1.0, 1.0, 1.0, 0.0, 0.0, 0.0, 0.0, 0.0, 0.0, 0.0, 0.0, 0.0, 0.0, 0.0, 0.0, 1.0, 1.0, 1.0, 1.0, 1.0, 1.0, 1.0, 0.0, 1.0, 1.0, 1.0, 1.0, 1.0, 0.0, 1.0, 0.0, 0.0, 1.0, 0.0, 0.0, 1.0, 1.0, 1.0, 0.0, 1.0, 1.0, 0.0, 1.0, 1.0, 0.0, 0.0, 0.0, 1.0, 1.0, 1.0, 0.0, 1.0, 1.0, 1.0, 1.0, 1.0, 1.0, 1.0, 1.0, 0.0, 0.0, 0.0, 0.0, 1.0, 1.0, 1.0, 0.0, 0.0, 0.0, 1.0, 0.0, 0.0, 0.0, 1.0, 0.0, 0.0, 0.0, 0.0, 0.0, 1.0, 1.0, 1.0, 0.0, 0.0, 0.0, 1.0, 0.0, 0.0, 0.0, 0.0, 1.0, 0.0, 0.0, 0.0, 0.0, 0.0, 0.0, 0.0, 1.0, 0.0, 0.0, 0.0, 0.0, 1.0, 1.0, 1.0, 1.0, 0.0, 0.0, 0.0, 0.0, 1.0, 1.0, 1.0, 0.0, 0.0, 0.0, 1.0, 0.0, 1.0, 1.0, 1.0, 1.0, 0.0, 0.0, 0.0, 0.0, 1.0, 1.0, 1.0, 1.0, 0.0, 0.0, 0.0, 0.0, 1.0, 1.0, 1.0, 1.0, 1.0, 1.0, 1.0, 0.0, 0.0, 0.0, 0.0, 0.0, 1.0, 0.0, 0.0, 0.0, 1.0, 1.0, 1.0, 1.0, 1.0, 1.0, 1.0, 1.0, 1.0, 1.0, 1.0, 1.0, 1.0, 1.0, 1.0, 0.0, 0.0, 0.0, 0.0, 0.0, 0.0, 0.0, 0.0, 0.0, 0.0, 1.0, 0.0, 1.0, 0.0, 1.0, 0.0, 1.0, 0.0, 0.0, 0.0, 1.0, 0.0, 0.0, 0.0, 0.0, 1.0, 1.0, 1.0, 0.0, 0.0, 0.0, 1.0, 0.0, 0.0, 0.0, 1.0, 0.0, 0.0, 0.0, 0.0, 0.0, 0.0, 1.0, 1.0, 1.0, 0.0, 0.0, 0.0, 0.0, 1.0, 1.0, 1.0, 0.0, 1.0, 1.0, 1.0, 1.0, 0.0, 0.0, 1.0, 0.0, 0.0, 0.0, 0.0, 0.0, 1.0, 1.0, 1.0, 1.0, 1.0, 1.0, 1.0, 0.0, 1.0, 1.0, 1.0, 1.0, 0.0, 0.0, 0.0, 0.0, 1.0, 1.0, 1.0, 1.0, 0.0, 0.0, 0.0, 0.0, 0.0, 1.0, 0.0, 0.0, 0.0, 0.0, 0.0, 0.0, 0.0, 0.0, 0.0, 0.0, 0.0, 0.0, 0.0, 0.0, 0.0, 0.0, 0.0, 0.0, 0.0, 0.0, 0.0, 0.0, 1.0, 1.0, 0.0, 1.0, 1.0, 0.0, 1.0, 0.0, 1.0, 1.0, 1.0, 1.0, 1.0, 0.0, 1.0, 1.0, 0.0, 0.0, 0.0, 0.0, 0.0, 1.0, 1.0, 0.0, 1.0, 0.0, 0.0, 1.0, 0.0, 0.0, 0.0, 0.0, 1.0, 1.0, 1.0, 0.0, 0.0, 0.0, 1.0, 0.0, 1.0, 1.0, 1.0, 0.0, 0.0, 0.0, 0.0, 0.0, 1.0, 1.0, 1.0, 1.0, 1.0, 1.0, 1.0, 0.0, 0.0, 0.0, 0.0, 0.0, 0.0, 0.0, 0.0, 0.0, 1.0, 0.0, 1.0, 0.0, 0.0, 0.0, 0.0, 0.0, 1.0, 1.0, 1.0, 1.0, 1.0, 1.0, 1.0, 0.0, 1.0, 1.0, 1.0, 1.0, 1.0, 1.0, 0.0, 1.0, 1.0, 1.0, 1.0, 1.0, 0.0, 0.0, 0.0, 0.0, 1.0, 1.0, 1.0, 1.0, 1.0, 1.0, 1.0, 0.0, 0.0, 1.0, 1.0, 1.0, 0.0, 0.0, 0.0, 0.0, 1.0, 1.0, 1.0, 1.0, 0.0, 0.0, 0.0, 0.0, 1.0, 0.0, 1.0, 0.0, 0.0, 0.0, 0.0, 0.0, 1.0, 1.0, 1.0, 1.0, 1.0, 0.0, 1.0, 0.0, 1.0, 1.0, 1.0, 0.0, 1.0, 1.0, 0.0, 1.0, 1.0, 1.0, 1.0, 1.0, 0.0, 0.0, 0.0, 0.0, 0.0, 0.0, 0.0, 0.0, 0.0, 0.0, 0.0, 0.0, 1.0, 1.0, 1.0, 1.0, 0.0, 0.0, 0.0, 0.0, 0.0, 0.0, 0.0, 0.0, 0.0, 0.0, 0.0, 0.0, 0.0, 0.0, 0.0, 0.0, 0.0, 0.0, 0.0, 0.0, 1.0, 1.0, 0.0, 0.0, 1.0, 1.0, 1.0, 1.0, 1.0, 1.0, 1.0, 1.0, 1.0, 1.0, 1.0, 1.0, 1.0, 1.0, 1.0, 1.0, 1.0, 0.0, 1.0, 1.0, 0.0, 1.0, 0.0, 1.0, 0.0, 1.0, 0.0, 0.0, 1.0, 1.0, 1.0, 1.0, 0.0, 0.0, 1.0, 0.0, 1.0, 1.0, 1.0, 1.0, 0.0, 0.0, 0.0, 0.0, 0.0, 0.0, 0.0, 1.0, 0.0, 0.0, 0.0, 0.0, 1.0, 1.0, 1.0, 1.0, 0.0, 0.0, 0.0, 0.0, 0.0, 1.0, 1.0, 1.0, 0.0, 1.0, 1.0, 0.0, 1.0, 1.0, 1.0, 1.0, 0.0, 0.0, 0.0, 0.0, 1.0, 0.0, 1.0, 1.0, 1.0, 0.0, 0.0, 1.0, 1.0, 1.0, 1.0, 1.0, 1.0, 1.0, 1.0, 0.0, 0.0, 1.0, 1.0, 1.0, 1.0, 1.0, 0.0, 0.0, 1.0, 1.0, 1.0, 1.0, 0.0, 0.0, 0.0, 0.0, 1.0, 1.0, 1.0, 0.0, 0.0, 0.0, 1.0, 0.0, 1.0, 1.0, 1.0, 1.0, 0.0, 0.0, 0.0, 0.0, 0.0, 0.0, 0.0, 0.0, 0.0, 0.0, 0.0, 0.0, 0.0, 0.0, 1.0, 1.0, 0.0, 0.0, 0.0, 0.0, 1.0, 1.0, 1.0, 1.0, 1.0, 0.0, 0.0, 1.0]",-295.2442605392121,597.0338707387587,-482.430437669722,964.860875339444,83.73032438338817,-11.09064016274593,24.95386904773164,1.2846122460949685,-433.45128860920846,873.4479268787513,False,True,True,False,True,0.5,0.375,0.625,0.75,0.625,0.75,0.625,0.625,0.6875,0.875,0.625,0.625,"Z.exists(lambda x1: Z.equal(x1,'red','colour'),X)","Z.exists(lambda x1: Z.exists(lambda x2: Z.exists(lambda x3: Z.and_operator(Z.and_operator(Z.equal(x1,'red','colour'),Z.equal(x2,'blue','colour')),Z.equal(x3,'green','colour')),X),X),X)","Z.exists(lambda x1: Z.equal(x1,'blue','colour'),X)","Z.exists(lambda x1: Z.exists(lambda x2: Z.exists(lambda x3: Z.and_operator(Z.and_operator(Z.equal(x1,x3,'colour'),Z.equal(x2,'blue','colour')),Z.equal(x3,'green','colour')),X),X),X)",0.375,0.75,0.75,0.625,0.875,0.7083333333333334,0.6982758620689655,0.6867816091954023,0.6954022988505747,0.6925287356321839,5.241379310344827,0,0,0,0,0,0
4,8,10,vrJh5,zZ5CYdb0UfG8F3vRAAAS,Omega,all are blue OR small,"[False, False, False, False, False, False, True, False]","[False, False, True, False, False, False, True, True]",0.375,0.375,It seems there most be at least one or more cones sideways for it to emit radiation. ,[['x1']],"Z.atleast(lambda x1: Z.not_operator(Z.equal(x1,'upright','orientation')),1,X)",It seems there most be at least one cone sideways to emit radiation. ,"[{'ids': [0, 1, 2], 'colours': ['green', 'blue', 'green'], 'sizes': [1, 2, 1], 'xpos': [0.3695943902506767, 3.3550150804889523, 2.7203088242630797], 'ypos': [4.128333333333334, 4.128333333333334, 4.043406777668482], 'rotations': [3.1415926535897936, 3.1415926535897922, 2.8545798207955833], 'orientations': ['upright', 'upright', 'upright'], 'contact': [[0], [1, 2], [2, 1]], 'grounded': ['yes', 'yes', 'yes'], 'follow_rule': True}, {'ids': [0, 1], 'colours': ['green', 'red'], 'sizes': [3, 1], 'xpos': [3.248829522420447, 3.8566320809599426], 'ypos': [4.1242780890091035, 3.8470619448277437], 'rotations': [3.139649475675687, 5.067598840406298], 'orientations': ['upright', 'rhs'], 'contact': [[0, 1], [1, 0]], 'grounded': ['yes', 'yes'], 'follow_rule': False}, {'ids': [0, 1], 'colours': ['red', 'blue'], 'sizes': [3, 1], 'xpos': [1.0206503755760197, 0.2943646301074242], 'ypos': [4.126032743441353, 4.030485376328394], 'rotations': [3.140901657170328, 2.8232898698210835], 'orientations': ['upright', 'upright'], 'contact': [[0, 1], [1, 0]], 'grounded': ['yes', 'yes'], 'follow_rule': False}, {'ids': [0, 1], 'colours': ['blue', 'green'], 'sizes': [3, 2], 'xpos': [1.4343836799176237, 1.0016232212485088], 'ypos': [4.128214005785234, 3.7326864819398784], 'rotations': [3.141666828927343, 1.7580784087741765], 'orientations': ['upright', 'lhs'], 'contact': [[0, 1], [1, 0]], 'grounded': ['yes', 'yes'], 'follow_rule': False}, {'ids': [0, 1, 2], 'colours': ['green', 'blue', 'blue'], 'sizes': [1, 2, 2], 'xpos': [0.1616548485028788, 6.536489280212346, 2.762984347609244], 'ypos': [3.8472420029904937, 3.747982997342705, 3.750547491582212], 'rotations': [5.069326972210772, 5.0467314292736685, 5.047223790171564], 'orientations': ['rhs', 'rhs', 'rhs'], 'contact': [[0], [1], [2]], 'grounded': ['yes', 'yes', 'yes'], 'follow_rule': True}, {'ids': [0, 1], 'colours': ['green', 'blue'], 'sizes': [2, 2], 'xpos': [4.579961114083796, 1.419887192636353], 'ypos': [3.746273671227631, 3.750566960640345], 'rotations': [5.049193500198182, 5.047371877701238], 'orientations': ['rhs', 'rhs'], 'contact': [[0], [1]], 'grounded': ['yes', 'yes'], 'follow_rule': False}, {'ids': [0, 1, 2], 'colours': ['green', 'blue', 'green'], 'sizes': [3, 2, 1], 'xpos': [6.31462500815877, 3.7691718555011304, 0.11083754065357582], 'ypos': [3.6507364224299876, 3.746412972083413, 3.846745503138853], 'rotations': [5.038064270577235, 1.232445730884341, 5.064560037579891], 'orientations': ['rhs', 'lhs', 'rhs'], 'contact': [[0], [1], [2]], 'grounded': ['yes', 'yes', 'yes'], 'follow_rule': False}, {'ids': [0, 1, 2], 'colours': ['green', 'blue', 'blue'], 'sizes': [3, 2, 2], 'xpos': [1.4116253169427773, 3.9719404530565163, 6.826319358943801], 'ypos': [3.651734734114567, 3.746931367385323, 3.748024185244085], 'rotations': [1.246168568275856, 1.2332271008395503, 1.2338344296457475], 'orientations': ['lhs', 'lhs', 'lhs'], 'contact': [[0], [1], [2]], 'grounded': ['yes', 'yes', 'yes'], 'follow_rule': False}, {'ids': [0], 'colours': ['red'], 'sizes': [1], 'xpos': [0.980966455584144], 'ypos': [4.15692217898732], 'rotations': [3.14075602080225], 'contact': [{'V1': 0}], 'grounded': ['yes']}, {'ids': [0, 1], 'colours': ['blue', 'blue'], 'sizes': [2, 2], 'xpos': [5.53919900438758, 1.65854079923742], 'ypos': [4.15829751656101, 4.15751198256046], 'rotations': [3.14294469336728, 3.13947439604659], 'contact': [{'V1': 0, 'V2': 1}], 'grounded': ['yes', 'yes']}, {'ids': [0, 1, 2], 'colours': ['blue', 'red', 'blue'], 'sizes': [1, 1, 1], 'xpos': [2.91233558185412, 3.62676822308812, 1.29792616640764], 'ypos': [4.1571699418337, 4.15734457821355, 3.87855314146574], 'rotations': [3.14061931424498, 3.14080979983927, 1.21335141178178], 'contact': [{'V1': 0, 'V2': 1, 'V3': 2}], 'grounded': ['yes', 'yes', 'yes']}, {'ids': [0, 1, 2, 3], 'colours': ['blue', 'red', 'blue', 'green'], 'sizes': [1, 1, 2, 1], 'xpos': [2.95609825059217, 3.96209693679724, 2.2390687716568, 6.71224095289635], 'ypos': [4.15768622476784, 4.15787716497594, 4.15807459370596, 3.87670727460735], 'rotations': [3.13919121672235, 3.14161554480523, 3.13998936351093, 5.07284064751327], 'contact': [{'V1': 0, 'V2': 1, 'V3': 2, 'V4': 3}], 'grounded': ['yes', 'yes', 'yes', 'yes']}, {'ids': [0, 1, 2], 'colours': ['green', 'red', 'red'], 'sizes': [1, 3, 1], 'xpos': [1.21736009446034, 6.88866095105911, 4.29219484852988], 'ypos': [4.15714834736316, 4.15848443530156, 4.15761681621936], 'rotations': [3.14148035908309, 3.14030543965137, 3.14298105798337], 'contact': [{'V1': 0, 'V2': 1, 'V3': 2}], 'grounded': ['yes', 'yes', 'yes']}, {'ids': [0, 1, 2, 3, 4], 'colours': ['green', 'blue', 'green', 'red', 'red'], 'sizes': [2, 2, 2, 2, 3], 'xpos': [3.83090657832267, 2.38910717821051, 3.54259339814947, 1.00881638670343, 0.483372753490727], 'ypos': [4.15913936320131, 4.15701392299474, 3.77761038379749, 3.76166694023043, 3.53535261859211], 'rotations': [3.13980420303635, 3.14077430032494, 1.87848516525718, 1.57196158476873, 2.81423018257197], 'contact': [[0, 2], [1, 2], [2, 0, 1], [3, 4], [4, 3]], 'grounded': ['yes', 'yes', 'yes', 'yes', 'no']}, {'ids': [0, 1, 2], 'colours': ['red', 'blue', 'green'], 'sizes': [2, 2, 2], 'xpos': [6.08097769326034, 5.78861976198164, 1.25011232086784], 'ypos': [3.78458058527285, 4.1039571708585, 3.7795894526631], 'rotations': [5.04856954343186, 3.00593527717321, 5.05105310034866], 'contact': [[0, 1], [1, 0], 2], 'grounded': ['yes', 'yes', 'yes']}, {'ids': [0, 1, 2, 3], 'colours': ['red', 'green', 'red', 'red'], 'sizes': [2, 2, 2, 1], 'xpos': [4.475106476545, 0.413561660061233, 6.37662276433712, 5.00296952327856], 'ypos': [4.1607559072369, 4.15829244701068, 3.77944860362373, 3.87681059949227], 'rotations': [3.14176346787067, 3.1433043689908, 5.0514105380658, 5.07138540402654], 'contact': [{'V1': 0, 'V2': 1, 'V3': 2, 'V4': 3}], 'grounded': ['yes', 'yes', 'yes', 'yes']}]","[False, False, True, False, False, False, True, False]","[True, True, False, True, True, True, True, True]","[False, False, False, False, False, False, False, False]","[False, False, True, False, False, False, False, False]","[False, False, True, False, False, False, True, False]","[True, True, True, True, True, True, True, False]","[False, False, False, False, False, False, False, True]","[False, False, False, False, False, False, False, False]",-0.125,-0.125,0.0,0.0,0.875,0.875,0.375,0.375,0.0,0.0,0.0,0.0,0.125,0.125,1.0,-3.5060935001457825,-5.545177444479562,9.091628541971401,11.090354888959125,1.0,-3.5060935001457825,-5.545177444479562,9.091628541971401,11.090354888959125,1.0502311195665048,"[1.0, 1.0, 1.0, 1.0, 1.0, 0.0, 1.0, 0.0, 1.0, 1.0, 1.0, 1.0, 1.0, 1.0, 1.0, 0.0135, 0.9530000000000001, 0.092, 0.5895, 0.5895, 1.0, 0.0, 0.0, 0.861, 1.0, 1.0, 1.0, 0.2925, 0.999, 0.999, 1.0, 0.7155, 0.0, 0.0, 1.0, 0.0, 0.0, 0.0, 1.0, 0.0, 0.0, 0.0, 1.0, 0.0, 0.0, 0.0, 1.0, 0.0, 1.0, 1.0, 1.0, 1.0, 0.0, 0.0, 0.0, 0.0, 1.0, 1.0, 1.0, 1.0, 0.935, 0.935, 0.935, 0.935, 1.0, 1.0, 1.0, 1.0, 0.0, 1.0, 0.0, 0.0, 0.0, 1.0, 1.0, 1.0, 1.0, 1.0, 1.0, 1.0, 1.0, 1.0, 1.0, 1.0, 0.0935, 0.0935, 0.0935, 0.0935, 1.0, 1.0, 1.0, 1.0, 1.0, 1.0, 1.0, 1.0, 1.0, 1.0, 1.0, 1.0, 1.0, 1.0, 1.0, 0.013000000000000001, 1.0, 1.0, 0.998, 1.0, 1.0, 0.002, 0.998, 0.002, 1.0, 1.0, 1.0, 1.0, 1.0, 1.0, 1.0, 0.0, 0.973, 1.0, 0.9530000000000001, 1.0, 0.8925000000000001, 0.9195, 0.17400000000000002, 0.201, 1.0, 1.0, 1.0, 1.0, 0.0, 0.0, 0.0, 0.0, 1.0, 1.0, 1.0, 0.24, 1.0, 1.0, 0.968, 1.0, 0.653, 0.653, 0.653, 1.0, 0.2535, 0.2535, 0.7035, 0.10300000000000001, 1.0, 1.0, 1.0, 1.0, 0.0, 1.0, 0.0, 0.0, 1.0, 1.0, 1.0, 0.012, 0.988, 0.988, 1.0, 1.0, 1.0, 0.0, 1.0, 1.0, 1.0, 0.0, 0.0, 1.0, 0.0, 0.0, 0.0, 1.0, 1.0, 0.0, 0.0, 0.0, 1.0, 1.0, 1.0, 1.0, 0.0, 0.0, 0.0, 0.0, 1.0, 1.0, 1.0, 1.0, 0.0, 0.0, 0.0, 0.0, 1.0, 1.0, 1.0, 1.0, 1.0, 1.0, 0.841, 1.0, 1.0, 1.0, 1.0, 1.0, 0.0, 0.0, 0.0, 0.0, 1.0, 1.0, 1.0, 1.0, 1.0, 1.0, 1.0, 0.0, 0.197, 0.0, 0.85, 0.653, 0.803, 0.0, 0.0, 0.0, 0.8525, 0.847, 0.9935, 0.847, 0.28300000000000003, 0.4305, 0.426, 0.426, 1.0, 1.0, 1.0, 1.0, 1.0, 1.0, 1.0, 0.0, 0.798, 1.0, 0.7995, 0.7995, 0.0275, 0.029, 0.2265, 0.1975, 1.0, 1.0, 1.0, 1.0, 0.0, 0.0, 0.0, 0.0, 0.862, 0.854, 0.8595, 0.8955000000000001, 0.045, 0.0005, 0.8695, 0.8505, 1.0, 1.0, 1.0, 0.022, 1.0, 1.0, 1.0, 0.978, 0.28400000000000003, 0.0145, 0.1885, 0.0275, 0.2755, 0.0, 0.0015, 0.013000000000000001, 0.0, 0.0, 0.0, 1.0, 1.0, 0.0, 0.0, 0.0, 1.0, 1.0, 1.0, 1.0, 0.0, 0.0, 0.0, 0.0, 1.0, 1.0, 1.0, 1.0, 1.0, 0.0, 1.0, 0.0, 1.0, 1.0, 1.0, 1.0, 1.0, 1.0, 1.0, 0.0, 1.0, 1.0, 1.0, 0.728, 0.8265, 0.5545, 0.5545, 0.8265, 1.0, 1.0, 1.0, 1.0, 1.0, 1.0, 1.0, 1.0, 1.0, 1.0, 1.0, 0.8715, 0.9365, 0.8695, 0.8695, 0.9365, 0.229, 0.229, 0.229, 0.229, 0.801, 0.03, 0.03, 0.801, 0.0, 0.0, 0.0, 1.0, 1.0, 0.0, 0.0, 0.0, 0.108, 0.114, 0.2315, 0.108, 0.114, 0.07050000000000001, 0.0495, 0.006, 1.0, 1.0, 1.0, 1.0, 0.0, 0.0, 0.0, 0.0, 0.8955000000000001, 0.895, 0.0115, 0.0, 0.883, 0.0, 0.0, 0.0, 1.0, 1.0, 1.0, 1.0, 0.0, 0.0, 0.0, 0.0, 0.902, 0.902, 0.902, 0.678, 0.88, 0.88, 0.902, 0.807, 1.0, 1.0, 1.0, 1.0, 0.0, 0.0, 0.0, 0.0, 1.0, 1.0, 1.0, 1.0, 1.0, 1.0, 1.0, 0.0, 1.0, 1.0, 1.0, 1.0, 0.0, 0.0, 0.0, 0.0, 1.0, 1.0, 1.0, 1.0, 0.008, 0.008, 0.008, 0.008, 1.0, 1.0, 1.0, 1.0, 1.0, 1.0, 1.0, 0.0, 1.0, 1.0, 1.0, 1.0, 1.0, 1.0, 0.6980000000000001, 1.0, 1.0, 1.0, 1.0, 1.0, 0.0, 0.0, 0.0, 0.0, 1.0, 1.0, 1.0, 1.0, 1.0, 1.0, 1.0, 0.0, 0.9530000000000001, 0.9530000000000001, 0.9530000000000001, 1.0, 1.0, 1.0, 0.641, 0.9530000000000001, 1.0, 1.0, 1.0, 1.0, 0.0, 0.0, 0.0, 0.0, 1.0, 1.0, 1.0, 1.0, 1.0, 1.0, 1.0, 1.0, 1.0, 1.0, 1.0, 1.0, 0.0, 0.0, 0.0, 0.0, 1.0, 1.0, 1.0, 1.0, 1.0, 1.0, 1.0, 1.0, 1.0, 1.0, 1.0, 1.0, 0.021500000000000002, 0.021500000000000002, 0.021500000000000002, 0.021500000000000002, 0.021500000000000002, 0.003, 0.02, 0.0095, 0.0095, 0.964, 0.9555, 0.0095, 1.0, 1.0, 1.0, 1.0, 1.0, 1.0, 1.0, 1.0, 1.0, 1.0, 1.0, 1.0, 0.0, 0.0, 0.0, 0.0, 1.0, 1.0, 1.0, 1.0, 0.0, 0.0, 1.0, 1.0, 1.0, 0.873, 0.198, 0.198, 1.0, 1.0, 0.6905, 1.0, 1.0, 1.0, 1.0, 1.0, 1.0, 1.0, 1.0, 0.0, 1.0, 0.999, 0.999, 1.0, 0.0025, 0.0025, 0.0025, 0.0025, 1.0, 1.0, 1.0, 1.0, 1.0, 0.686, 0.314, 0.0, 1.0, 1.0, 1.0, 1.0, 0.524, 0.524, 1.0, 0.47600000000000003, 1.0, 1.0, 1.0, 1.0, 0.008, 0.008, 0.008, 0.008, 0.9935, 0.9935, 0.9775, 0.9935, 0.9935, 0.0225, 0.988, 0.017, 1.0, 1.0, 1.0, 1.0, 0.0725, 0.0725, 0.0725, 0.0725, 0.041, 1.0, 1.0, 0.9590000000000001, 0.041, 0.9590000000000001, 1.0, 0.0, 0.7435, 0.9835, 0.7425, 0.986, 0.7435, 0.7435, 0.256, 0.987, 1.0, 0.005, 1.0, 1.0, 1.0, 0.005, 0.005, 1.0, 1.0, 1.0, 1.0, 1.0, 1.0, 1.0, 1.0, 0.0, 1.0, 1.0, 1.0, 1.0, 0.0, 0.0, 0.0, 0.0, 1.0, 1.0, 1.0, 1.0, 0.0, 0.0, 0.0, 0.0, 0.9705, 0.9705, 0.9145, 1.0, 0.8015, 0.8015, 0.9705, 0.7865, 1.0, 1.0, 1.0, 1.0, 0.0, 0.0, 0.0, 0.0, 1.0, 1.0, 1.0, 1.0, 0.0, 0.0, 0.0, 0.0, 1.0, 1.0, 1.0, 1.0, 0.0, 0.0, 0.0, 0.0, 1.0, 1.0, 1.0, 1.0, 1.0, 1.0, 1.0, 1.0]",-418.5875071169283,843.720363894191,-482.430437669722,964.860875339444,0.9102431057535886,-4.4986811569669065,11.07680385561365,0.9102431057535886,-4.4986811569669065,11.07680385561365,0.6334250289943713,"[1.0, 1.0, 1.0, 1.0, 1.0, 0.0, 1.0, 0.0, 1.0, 1.0, 1.0, 1.0, 1.0, 1.0, 1.0, 0.0, 0.0, 0.0, 0.0, 0.0, 0.0, 0.0, 0.0, 0.0, 1.0, 1.0, 1.0, 0.0, 0.0, 0.0, 1.0, 0.0, 0.0, 0.0, 1.0, 1.0, 0.0, 1.0, 1.0, 1.0, 1.0, 1.0, 1.0, 1.0, 0.0, 0.0, 1.0, 1.0, 1.0, 1.0, 1.0, 1.0, 0.0, 0.0, 0.0, 0.0, 1.0, 1.0, 1.0, 1.0, 0.0, 0.0, 0.0, 0.0, 0.0, 0.0, 0.0, 0.0, 0.0, 1.0, 1.0, 0.0, 1.0, 1.0, 1.0, 1.0, 0.0, 0.0, 0.0, 0.0, 1.0, 1.0, 1.0, 1.0, 0.0, 0.0, 0.0, 0.0, 1.0, 1.0, 1.0, 1.0, 1.0, 1.0, 0.0, 1.0, 1.0, 1.0, 1.0, 1.0, 1.0, 1.0, 1.0, 0.0, 1.0, 1.0, 1.0, 1.0, 1.0, 0.0, 1.0, 0.0, 0.0, 1.0, 0.0, 0.0, 1.0, 1.0, 1.0, 0.0, 1.0, 1.0, 0.0, 1.0, 1.0, 0.0, 0.0, 0.0, 1.0, 1.0, 1.0, 0.0, 1.0, 1.0, 1.0, 1.0, 1.0, 1.0, 1.0, 1.0, 0.0, 0.0, 0.0, 0.0, 1.0, 1.0, 1.0, 0.0, 0.0, 0.0, 1.0, 0.0, 0.0, 0.0, 1.0, 0.0, 0.0, 0.0, 0.0, 0.0, 1.0, 1.0, 1.0, 0.0, 0.0, 0.0, 1.0, 0.0, 0.0, 0.0, 0.0, 1.0, 0.0, 0.0, 0.0, 0.0, 0.0, 0.0, 0.0, 1.0, 0.0, 0.0, 0.0, 0.0, 1.0, 1.0, 1.0, 1.0, 0.0, 0.0, 0.0, 0.0, 1.0, 1.0, 1.0, 0.0, 0.0, 0.0, 1.0, 0.0, 1.0, 1.0, 1.0, 1.0, 0.0, 0.0, 0.0, 0.0, 1.0, 1.0, 1.0, 1.0, 0.0, 0.0, 0.0, 0.0, 1.0, 1.0, 1.0, 1.0, 1.0, 1.0, 1.0, 0.0, 0.0, 0.0, 0.0, 0.0, 1.0, 0.0, 0.0, 0.0, 1.0, 1.0, 1.0, 1.0, 1.0, 1.0, 1.0, 1.0, 1.0, 1.0, 1.0, 1.0, 1.0, 1.0, 1.0, 0.0, 0.0, 0.0, 0.0, 0.0, 0.0, 0.0, 0.0, 0.0, 0.0, 1.0, 0.0, 1.0, 0.0, 1.0, 0.0, 1.0, 0.0, 0.0, 0.0, 1.0, 0.0, 0.0, 0.0, 0.0, 1.0, 1.0, 1.0, 0.0, 0.0, 0.0, 1.0, 0.0, 1.0, 1.0, 1.0, 1.0, 1.0, 0.0, 1.0, 0.0, 0.0, 1.0, 1.0, 1.0, 0.0, 0.0, 0.0, 0.0, 1.0, 1.0, 1.0, 0.0, 1.0, 1.0, 1.0, 1.0, 0.0, 1.0, 1.0, 1.0, 0.0, 0.0, 0.0, 0.0, 1.0, 1.0, 1.0, 1.0, 1.0, 1.0, 1.0, 0.0, 1.0, 1.0, 1.0, 1.0, 0.0, 0.0, 0.0, 0.0, 1.0, 1.0, 1.0, 1.0, 0.0, 0.0, 0.0, 0.0, 0.0, 1.0, 0.0, 0.0, 0.0, 0.0, 0.0, 0.0, 1.0, 1.0, 1.0, 1.0, 1.0, 0.0, 1.0, 1.0, 0.0, 0.0, 0.0, 0.0, 0.0, 1.0, 1.0, 0.0, 1.0, 1.0, 1.0, 1.0, 1.0, 0.0, 1.0, 0.0, 1.0, 1.0, 1.0, 1.0, 1.0, 0.0, 1.0, 1.0, 0.0, 0.0, 0.0, 0.0, 0.0, 1.0, 1.0, 0.0, 1.0, 0.0, 0.0, 1.0, 0.0, 0.0, 0.0, 0.0, 1.0, 1.0, 1.0, 0.0, 0.0, 0.0, 1.0, 0.0, 1.0, 1.0, 1.0, 0.0, 0.0, 0.0, 0.0, 0.0, 1.0, 1.0, 1.0, 1.0, 1.0, 1.0, 1.0, 0.0, 0.0, 0.0, 0.0, 0.0, 0.0, 0.0, 0.0, 0.0, 1.0, 0.0, 1.0, 0.0, 0.0, 0.0, 0.0, 0.0, 1.0, 1.0, 1.0, 1.0, 1.0, 1.0, 1.0, 0.0, 1.0, 1.0, 1.0, 1.0, 1.0, 1.0, 0.0, 1.0, 1.0, 1.0, 1.0, 1.0, 0.0, 0.0, 0.0, 0.0, 1.0, 1.0, 1.0, 1.0, 1.0, 1.0, 1.0, 0.0, 0.0, 1.0, 1.0, 1.0, 0.0, 0.0, 0.0, 0.0, 1.0, 1.0, 1.0, 1.0, 0.0, 0.0, 0.0, 0.0, 1.0, 0.0, 1.0, 0.0, 0.0, 0.0, 0.0, 0.0, 1.0, 1.0, 1.0, 1.0, 1.0, 0.0, 1.0, 0.0, 1.0, 1.0, 1.0, 0.0, 1.0, 1.0, 0.0, 1.0, 1.0, 1.0, 1.0, 1.0, 0.0, 0.0, 0.0, 0.0, 0.0, 0.0, 0.0, 0.0, 0.0, 1.0, 0.0, 0.0, 1.0, 1.0, 1.0, 1.0, 0.0, 0.0, 0.0, 0.0, 0.0, 0.0, 0.0, 0.0, 0.0, 0.0, 0.0, 0.0, 1.0, 0.0, 1.0, 0.0, 0.0, 0.0, 0.0, 0.0, 1.0, 1.0, 0.0, 0.0, 1.0, 1.0, 1.0, 1.0, 1.0, 1.0, 1.0, 1.0, 1.0, 1.0, 1.0, 1.0, 1.0, 1.0, 1.0, 1.0, 1.0, 0.0, 1.0, 1.0, 0.0, 1.0, 0.0, 1.0, 0.0, 1.0, 0.0, 0.0, 1.0, 1.0, 1.0, 1.0, 0.0, 0.0, 1.0, 0.0, 1.0, 1.0, 1.0, 1.0, 0.0, 0.0, 0.0, 0.0, 0.0, 0.0, 0.0, 1.0, 0.0, 0.0, 0.0, 0.0, 1.0, 1.0, 1.0, 1.0, 0.0, 0.0, 0.0, 0.0, 0.0, 1.0, 1.0, 1.0, 0.0, 1.0, 1.0, 0.0, 1.0, 1.0, 1.0, 1.0, 0.0, 0.0, 0.0, 0.0, 1.0, 0.0, 1.0, 1.0, 1.0, 0.0, 0.0, 1.0, 1.0, 1.0, 1.0, 1.0, 1.0, 1.0, 1.0, 0.0, 0.0, 1.0, 1.0, 1.0, 1.0, 1.0, 0.0, 0.0, 1.0, 1.0, 1.0, 1.0, 0.0, 0.0, 0.0, 0.0, 1.0, 1.0, 1.0, 0.0, 0.0, 0.0, 1.0, 0.0, 1.0, 1.0, 1.0, 1.0, 0.0, 0.0, 0.0, 0.0, 0.0, 0.0, 0.0, 0.0, 0.0, 0.0, 0.0, 0.0, 0.0, 1.0, 0.0, 1.0, 0.0, 1.0, 1.0, 0.0, 1.0, 1.0, 1.0, 1.0, 1.0, 0.0, 0.0, 1.0]",-318.3726801373107,643.2907099349558,0.9102431057535886,-4.4986811569669065,-5.545177444479562,11.07680385561365,11.090354888959125,0.9102431057535886,-4.4986811569669065,-5.545177444479562,11.07680385561365,11.090354888959125,0.6173530694834558,"[1.0, 1.0, 1.0, 1.0, 1.0, 0.0, 1.0, 0.0, 1.0, 1.0, 1.0, 1.0, 1.0, 1.0, 1.0, 0.0, 0.0, 0.0, 0.0, 0.0, 0.0, 0.0, 0.0, 0.0, 1.0, 1.0, 1.0, 0.0, 0.0, 0.0, 1.0, 0.0, 0.0, 0.0, 1.0, 1.0, 0.0, 1.0, 1.0, 1.0, 0.0, 0.0, 0.0, 0.0, 0.0, 0.0, 0.0, 0.0, 1.0, 1.0, 1.0, 1.0, 0.0, 0.0, 0.0, 0.0, 1.0, 1.0, 1.0, 1.0, 0.0, 0.0, 0.0, 0.0, 0.0, 0.0, 0.0, 0.0, 0.0, 1.0, 1.0, 0.0, 0.0, 0.0, 0.0, 1.0, 0.0, 0.0, 0.0, 0.0, 1.0, 1.0, 1.0, 1.0, 0.0, 0.0, 0.0, 0.0, 0.0, 0.0, 0.0, 0.0, 1.0, 1.0, 0.0, 1.0, 1.0, 1.0, 1.0, 1.0, 1.0, 1.0, 1.0, 0.0, 1.0, 1.0, 1.0, 1.0, 1.0, 0.0, 1.0, 0.0, 0.0, 1.0, 0.0, 0.0, 1.0, 1.0, 1.0, 0.0, 1.0, 1.0, 0.0, 1.0, 1.0, 0.0, 0.0, 0.0, 1.0, 1.0, 1.0, 0.0, 1.0, 1.0, 1.0, 1.0, 1.0, 1.0, 1.0, 1.0, 0.0, 0.0, 0.0, 0.0, 1.0, 1.0, 1.0, 0.0, 0.0, 0.0, 1.0, 0.0, 0.0, 0.0, 1.0, 0.0, 0.0, 0.0, 0.0, 0.0, 1.0, 1.0, 1.0, 0.0, 0.0, 0.0, 1.0, 0.0, 0.0, 0.0, 0.0, 1.0, 0.0, 0.0, 0.0, 0.0, 0.0, 0.0, 0.0, 1.0, 0.0, 0.0, 0.0, 0.0, 1.0, 1.0, 1.0, 1.0, 0.0, 0.0, 0.0, 0.0, 1.0, 1.0, 1.0, 0.0, 0.0, 0.0, 1.0, 0.0, 1.0, 1.0, 1.0, 1.0, 0.0, 0.0, 0.0, 0.0, 1.0, 1.0, 1.0, 1.0, 0.0, 0.0, 0.0, 0.0, 1.0, 1.0, 1.0, 1.0, 1.0, 1.0, 1.0, 0.0, 0.0, 0.0, 0.0, 0.0, 1.0, 0.0, 0.0, 0.0, 1.0, 1.0, 1.0, 1.0, 1.0, 1.0, 1.0, 1.0, 1.0, 1.0, 1.0, 1.0, 1.0, 1.0, 1.0, 0.0, 0.0, 0.0, 0.0, 0.0, 0.0, 0.0, 0.0, 0.0, 0.0, 1.0, 0.0, 1.0, 0.0, 1.0, 0.0, 1.0, 0.0, 0.0, 0.0, 1.0, 0.0, 0.0, 0.0, 0.0, 1.0, 1.0, 1.0, 0.0, 0.0, 0.0, 1.0, 0.0, 1.0, 1.0, 1.0, 1.0, 1.0, 0.0, 1.0, 0.0, 0.0, 1.0, 1.0, 1.0, 0.0, 0.0, 0.0, 0.0, 1.0, 1.0, 1.0, 0.0, 1.0, 1.0, 1.0, 1.0, 0.0, 1.0, 1.0, 1.0, 0.0, 0.0, 0.0, 0.0, 1.0, 1.0, 1.0, 1.0, 1.0, 1.0, 1.0, 0.0, 1.0, 1.0, 1.0, 1.0, 0.0, 0.0, 0.0, 0.0, 1.0, 1.0, 1.0, 1.0, 0.0, 0.0, 0.0, 0.0, 0.0, 1.0, 0.0, 0.0, 0.0, 0.0, 0.0, 0.0, 0.0, 0.0, 0.0, 0.0, 0.0, 0.0, 0.0, 0.0, 1.0, 0.0, 1.0, 1.0, 1.0, 0.0, 0.0, 1.0, 1.0, 1.0, 1.0, 1.0, 1.0, 0.0, 1.0, 0.0, 1.0, 1.0, 1.0, 1.0, 1.0, 0.0, 1.0, 1.0, 0.0, 0.0, 0.0, 0.0, 0.0, 1.0, 1.0, 0.0, 1.0, 0.0, 0.0, 1.0, 0.0, 0.0, 0.0, 0.0, 1.0, 1.0, 1.0, 0.0, 0.0, 0.0, 1.0, 0.0, 1.0, 1.0, 1.0, 0.0, 0.0, 0.0, 0.0, 0.0, 1.0, 1.0, 1.0, 1.0, 1.0, 1.0, 1.0, 0.0, 0.0, 0.0, 0.0, 0.0, 0.0, 0.0, 0.0, 0.0, 1.0, 0.0, 1.0, 0.0, 0.0, 0.0, 0.0, 0.0, 1.0, 1.0, 1.0, 1.0, 1.0, 1.0, 1.0, 0.0, 1.0, 1.0, 1.0, 1.0, 1.0, 1.0, 0.0, 1.0, 1.0, 1.0, 1.0, 1.0, 0.0, 0.0, 0.0, 0.0, 1.0, 1.0, 1.0, 1.0, 1.0, 1.0, 1.0, 0.0, 0.0, 1.0, 1.0, 1.0, 0.0, 0.0, 0.0, 0.0, 1.0, 1.0, 1.0, 1.0, 0.0, 0.0, 0.0, 0.0, 1.0, 0.0, 1.0, 0.0, 0.0, 0.0, 0.0, 0.0, 1.0, 1.0, 1.0, 1.0, 1.0, 0.0, 1.0, 0.0, 1.0, 1.0, 1.0, 0.0, 1.0, 1.0, 0.0, 1.0, 1.0, 1.0, 1.0, 1.0, 0.0, 0.0, 0.0, 0.0, 0.0, 0.0, 0.0, 0.0, 0.0, 1.0, 0.0, 0.0, 1.0, 1.0, 1.0, 1.0, 0.0, 0.0, 0.0, 0.0, 0.0, 0.0, 0.0, 0.0, 0.0, 0.0, 0.0, 0.0, 1.0, 0.0, 1.0, 0.0, 0.0, 0.0, 0.0, 0.0, 1.0, 1.0, 0.0, 0.0, 1.0, 1.0, 1.0, 1.0, 1.0, 1.0, 1.0, 1.0, 1.0, 1.0, 1.0, 1.0, 1.0, 1.0, 1.0, 1.0, 1.0, 0.0, 1.0, 1.0, 0.0, 1.0, 0.0, 1.0, 0.0, 1.0, 0.0, 0.0, 1.0, 1.0, 1.0, 1.0, 0.0, 0.0, 1.0, 0.0, 1.0, 1.0, 1.0, 1.0, 0.0, 0.0, 0.0, 0.0, 0.0, 0.0, 0.0, 1.0, 0.0, 0.0, 0.0, 0.0, 1.0, 1.0, 1.0, 1.0, 0.0, 0.0, 0.0, 0.0, 0.0, 1.0, 1.0, 1.0, 0.0, 1.0, 1.0, 0.0, 1.0, 1.0, 1.0, 1.0, 0.0, 0.0, 0.0, 0.0, 1.0, 0.0, 1.0, 1.0, 1.0, 0.0, 0.0, 1.0, 1.0, 1.0, 1.0, 1.0, 1.0, 1.0, 1.0, 0.0, 0.0, 0.0, 1.0, 0.0, 0.0, 1.0, 0.0, 0.0, 1.0, 1.0, 1.0, 1.0, 0.0, 0.0, 0.0, 0.0, 1.0, 1.0, 1.0, 0.0, 0.0, 0.0, 1.0, 0.0, 1.0, 1.0, 1.0, 1.0, 0.0, 0.0, 0.0, 0.0, 0.0, 0.0, 0.0, 0.0, 0.0, 0.0, 0.0, 0.0, 0.0, 1.0, 0.0, 1.0, 0.0, 1.0, 1.0, 0.0, 1.0, 1.0, 1.0, 1.0, 1.0, 0.0, 0.0, 1.0]",-311.9759791000219,630.4973078603782,-482.430437669722,964.860875339444,0.5138983454564625,-3.0141612900514945,-5.545177444479562,8.107764121782825,11.090354888959125,0.5138983454564625,-3.0141612900514945,-5.545177444479562,8.107764121782825,11.090354888959125,1.0908740239314543,"[0.0, 0.0, 1.0, 0.0, 0.0, 0.0, 0.0, 0.0, 1.0, 1.0, 1.0, 1.0, 0.877, 0.877, 0.877, 0.0, 1.0, 0.259, 1.0, 1.0, 0.8015, 0.0, 0.259, 1.0, 1.0, 1.0, 1.0, 1.0, 1.0, 1.0, 1.0, 0.0, 0.0, 0.0, 1.0, 0.0, 0.0, 0.0, 1.0, 0.0, 0.0, 0.0, 1.0, 0.0, 0.0, 0.0, 1.0, 0.0, 0.0, 0.0, 0.0, 0.0775, 0.0, 0.0, 0.1635, 0.47100000000000003, 1.0, 1.0, 1.0, 1.0, 0.0, 0.0, 0.0, 0.0, 0.0, 0.0, 0.0, 0.0, 0.0, 0.0, 0.0, 0.0, 1.0, 1.0, 1.0, 1.0, 1.0, 1.0, 1.0, 0.0, 1.0, 1.0, 1.0, 1.0, 0.0, 0.0, 0.0, 0.0, 0.0, 0.0, 0.0, 0.0, 0.0, 0.113, 0.113, 0.0, 0.0, 0.0, 0.0, 1.0, 0.0, 0.0, 0.0, 0.0, 1.0, 1.0, 1.0, 1.0, 0.0, 0.0, 0.0, 0.0, 0.9995, 1.0, 1.0, 0.663, 1.0, 1.0, 1.0, 0.353, 1.0, 1.0, 1.0, 1.0, 0.082, 0.082, 0.0, 0.0, 0.973, 1.0, 0.7655000000000001, 0.605, 0.973, 1.0, 1.0, 0.368, 0.0, 0.0, 1.0, 0.0, 1.0, 0.0, 1.0, 0.0, 1.0, 1.0, 1.0, 1.0, 0.0, 0.0, 1.0, 0.0, 1.0, 1.0, 1.0, 1.0, 0.0, 0.9465, 0.0, 0.0, 0.666, 1.0, 0.666, 0.666, 0.0, 0.0, 0.7975, 0.0, 0.0, 0.9430000000000001, 0.0, 1.0, 1.0, 0.0, 0.0, 0.0, 0.0, 1.0, 0.0, 0.0, 0.0, 0.0, 0.0, 0.0, 1.0, 1.0, 1.0, 1.0, 0.0, 0.0, 0.0, 0.0, 1.0, 1.0, 1.0, 1.0, 1.0, 1.0, 1.0, 0.0005, 1.0, 1.0, 1.0, 1.0, 1.0, 1.0, 0.0, 1.0, 1.0, 1.0, 1.0, 1.0, 0.0, 0.0, 0.0, 0.0, 1.0, 1.0, 1.0, 1.0, 1.0, 1.0, 1.0, 0.0, 1.0, 0.0, 1.0, 0.0, 0.0, 0.0, 0.0, 0.0, 0.0, 1.0, 0.0, 1.0, 0.0, 1.0, 0.0, 1.0, 1.0, 1.0, 1.0, 1.0, 1.0, 1.0, 1.0, 0.0, 1.0, 0.0, 1.0, 1.0, 1.0, 0.0, 0.0, 1.0, 1.0, 1.0, 1.0, 1.0, 1.0, 1.0, 1.0, 1.0, 0.0, 0.9580000000000001, 0.0, 0.0, 0.0, 0.0, 0.0045000000000000005, 0.0, 0.0, 0.0, 0.0, 0.0, 0.0, 0.0, 0.0, 1.0, 0.0, 0.0, 0.0005, 0.0, 0.0, 0.0, 0.0, 0.0, 0.0, 1.0, 0.0, 0.0, 0.0, 0.0, 0.0, 0.0, 1.0, 1.0, 1.0, 0.001, 0.001, 0.001, 1.0, 0.0, 0.0, 0.0, 0.6225, 0.0, 0.0, 0.0, 0.0, 0.0, 1.0, 1.0, 1.0, 1.0, 0.0, 0.0, 0.0, 0.0, 0.0, 0.0, 0.0, 0.0, 0.0, 0.0, 0.0, 0.0, 1.0, 1.0, 1.0, 1.0, 1.0, 1.0, 1.0, 0.0, 0.0, 0.0, 0.0, 1.0, 0.0, 0.0, 1.0, 0.0, 1.0, 1.0, 1.0, 1.0, 0.0, 0.0, 0.0, 0.0, 0.0, 1.0, 0.0, 0.0, 1.0, 0.0, 0.0, 1.0, 1.0, 1.0, 1.0, 1.0, 0.0, 0.0, 0.0, 0.0, 1.0, 1.0, 1.0, 1.0, 1.0, 0.0, 1.0, 1.0, 0.0, 0.0005, 0.0, 0.0, 0.0, 0.38, 0.0, 0.0, 1.0, 1.0, 1.0, 1.0, 0.0, 0.0, 0.0, 0.0, 1.0, 1.0, 1.0, 0.999, 1.0, 1.0, 1.0, 0.0195, 1.0, 1.0, 1.0, 1.0, 0.0, 0.0, 0.0, 0.0, 0.0, 0.6285000000000001, 0.0, 0.328, 0.0, 0.0, 0.6285000000000001, 0.0, 0.0, 0.0, 0.0, 0.0, 0.0, 0.0, 0.0, 1.0, 1.0, 1.0, 1.0, 1.0, 0.0, 0.0, 0.0, 0.0, 1.0, 1.0, 1.0, 1.0, 1.0, 1.0, 1.0, 0.0, 1.0, 1.0, 1.0, 1.0, 1.0, 1.0, 0.0375, 1.0, 1.0, 1.0, 1.0, 1.0, 0.0, 0.0, 0.0, 0.0, 1.0, 1.0, 1.0, 1.0, 1.0, 1.0, 1.0, 0.0, 1.0, 1.0, 1.0, 1.0, 1.0, 1.0, 0.0, 1.0, 1.0, 1.0, 1.0, 1.0, 0.0, 0.0, 0.0, 0.0, 1.0, 1.0, 1.0, 1.0, 1.0, 1.0, 1.0, 1.0, 0.0, 0.0, 0.4395, 0.0, 0.0, 0.0, 0.001, 1.0, 0.0, 0.0, 0.0, 0.0, 0.0, 0.0, 0.0, 0.0, 1.0, 1.0, 1.0, 0.0, 1.0, 0.0, 0.0, 1.0, 0.0, 0.0, 1.0, 1.0, 1.0, 0.0, 0.0, 0.0, 0.0, 0.0, 0.0, 0.0, 0.0, 0.0, 0.0, 0.0, 1.0, 1.0, 1.0, 1.0, 0.0, 0.0, 0.0, 0.0, 0.0, 0.0, 0.0, 0.0, 0.0, 1.0, 0.0, 0.0, 1.0, 1.0, 1.0, 1.0, 0.0, 0.4945, 0.0, 0.0, 1.0, 1.0, 1.0, 1.0, 0.0, 0.0, 1.0, 1.0, 1.0, 1.0, 1.0, 1.0, 0.0, 0.0, 0.0, 0.0, 1.0, 1.0, 1.0, 1.0, 1.0, 0.704, 0.296, 0.0, 1.0, 1.0, 1.0, 1.0, 0.0, 0.0, 1.0, 1.0, 1.0, 1.0, 1.0, 1.0, 0.0, 0.0, 0.0, 0.0, 0.006, 1.0, 0.006, 0.708, 0.298, 1.0, 0.298, 1.0, 1.0, 1.0, 1.0, 1.0, 0.0, 0.0, 0.0, 0.0, 1.0, 0.0, 1.0, 1.0, 1.0, 0.0, 0.0, 1.0, 0.0, 1.0, 1.0, 1.0, 0.0, 0.0, 0.0, 0.0, 1.0, 0.224, 1.0, 1.0, 0.776, 0.0, 0.224, 1.0, 1.0, 1.0, 1.0, 1.0, 0.0, 0.0, 0.0, 0.0, 1.0, 1.0, 0.0, 1.0, 1.0, 1.0, 0.0, 1.0, 1.0, 1.0, 1.0, 1.0, 0.0, 0.0, 0.0, 0.0, 1.0, 1.0, 1.0, 1.0, 1.0, 1.0, 1.0, 0.0, 1.0, 1.0, 1.0, 1.0, 0.0, 0.0, 0.0, 0.0, 0.0, 0.0, 0.0, 0.0, 0.0, 0.0, 0.0, 0.0, 1.0, 0.4865, 1.0, 1.0, 1.0, 0.0075, 0.4865, 1.0, 0.0225, 0.0, 0.0, 0.9775, 0.0, 0.0, 0.0, 0.0]",-419.18595103414617,844.9172517286268,-482.430437669722,964.860875339444,66.9947087200437,-5.545400244364308,-5.545177444479562,13.170242030408453,11.090354888959125,66.9947087200437,-5.545400244364308,-5.545177444479562,13.170242030408453,11.090354888959125,0.5787520451143159,"[1.0, 1.0, 1.0, 1.0, 1.0, 0.0, 1.0, 0.0, 1.0, 1.0, 1.0, 1.0, 1.0, 1.0, 1.0, 0.0, 0.0, 0.0, 0.0, 0.0, 0.0, 0.0, 0.0, 0.0, 1.0, 1.0, 1.0, 1.0, 0.0, 0.0, 1.0, 0.0, 0.0, 0.0, 0.0, 0.0, 0.0, 1.0, 0.0, 0.0, 0.0, 0.0, 0.0, 0.0, 0.0, 0.0, 0.0, 0.0, 1.0, 1.0, 1.0, 1.0, 0.0, 0.0, 0.0, 0.0, 1.0, 1.0, 1.0, 1.0, 0.0, 0.0, 0.0, 0.0, 0.0, 0.0, 0.0, 0.0, 0.0, 1.0, 1.0, 0.0, 1.0, 1.0, 1.0, 1.0, 0.0, 0.0, 0.0, 0.0, 1.0, 1.0, 1.0, 1.0, 0.0, 0.0, 0.0, 0.0, 0.0, 0.0, 0.0, 0.0, 0.0, 0.0, 0.0, 0.0, 1.0, 1.0, 1.0, 1.0, 1.0, 1.0, 1.0, 0.0, 1.0, 1.0, 1.0, 1.0, 1.0, 0.0, 1.0, 0.0, 0.0, 1.0, 0.0, 0.0, 1.0, 1.0, 1.0, 0.0, 1.0, 1.0, 0.0, 1.0, 1.0, 0.0, 0.0, 0.0, 1.0, 1.0, 1.0, 0.0, 1.0, 1.0, 1.0, 1.0, 1.0, 1.0, 1.0, 1.0, 0.0, 0.0, 0.0, 0.0, 1.0, 1.0, 1.0, 0.0, 0.0, 0.0, 1.0, 0.0, 0.0, 0.0, 1.0, 0.0, 0.0, 0.0, 0.0, 0.0, 1.0, 1.0, 1.0, 0.0, 0.0, 0.0, 1.0, 0.0, 0.0, 0.0, 0.0, 1.0, 0.0, 0.0, 0.0, 0.0, 0.0, 0.0, 0.0, 1.0, 0.0, 0.0, 0.0, 0.0, 1.0, 1.0, 1.0, 1.0, 0.0, 0.0, 0.0, 0.0, 1.0, 1.0, 1.0, 0.0, 0.0, 0.0, 1.0, 0.0, 1.0, 1.0, 1.0, 1.0, 0.0, 0.0, 0.0, 0.0, 1.0, 1.0, 1.0, 1.0, 0.0, 0.0, 0.0, 0.0, 1.0, 1.0, 1.0, 1.0, 1.0, 1.0, 1.0, 0.0, 0.0, 0.0, 0.0, 0.0, 1.0, 0.0, 0.0, 0.0, 1.0, 1.0, 1.0, 1.0, 1.0, 1.0, 1.0, 1.0, 1.0, 1.0, 1.0, 1.0, 1.0, 1.0, 1.0, 0.0, 0.0, 0.0, 0.0, 0.0, 0.0, 0.0, 0.0, 0.0, 0.0, 1.0, 0.0, 1.0, 0.0, 1.0, 0.0, 1.0, 0.0, 0.0, 0.0, 1.0, 0.0, 0.0, 0.0, 0.0, 1.0, 1.0, 1.0, 0.0, 0.0, 0.0, 1.0, 0.0, 0.0, 0.0, 1.0, 0.0, 0.0, 0.0, 0.0, 0.0, 0.0, 1.0, 1.0, 1.0, 0.0, 0.0, 0.0, 0.0, 1.0, 1.0, 1.0, 0.0, 1.0, 1.0, 1.0, 1.0, 0.0, 0.0, 1.0, 0.0, 0.0, 0.0, 0.0, 0.0, 1.0, 1.0, 1.0, 1.0, 1.0, 1.0, 1.0, 0.0, 1.0, 1.0, 1.0, 1.0, 0.0, 0.0, 0.0, 0.0, 1.0, 1.0, 1.0, 1.0, 0.0, 0.0, 0.0, 0.0, 0.0, 1.0, 0.0, 0.0, 0.0, 0.0, 0.0, 0.0, 0.0, 0.0, 0.0, 0.0, 0.0, 0.0, 0.0, 0.0, 0.0, 0.0, 0.0, 0.0, 0.0, 0.0, 0.0, 0.0, 1.0, 1.0, 0.0, 1.0, 1.0, 0.0, 1.0, 0.0, 1.0, 1.0, 1.0, 1.0, 1.0, 0.0, 1.0, 1.0, 0.0, 0.0, 0.0, 0.0, 0.0, 1.0, 1.0, 0.0, 1.0, 0.0, 0.0, 1.0, 0.0, 0.0, 0.0, 0.0, 1.0, 1.0, 1.0, 0.0, 0.0, 0.0, 1.0, 0.0, 1.0, 1.0, 1.0, 0.0, 0.0, 0.0, 0.0, 0.0, 1.0, 1.0, 1.0, 1.0, 1.0, 1.0, 1.0, 0.0, 0.0, 0.0, 0.0, 0.0, 0.0, 0.0, 0.0, 0.0, 1.0, 0.0, 1.0, 0.0, 0.0, 0.0, 0.0, 0.0, 1.0, 1.0, 1.0, 1.0, 1.0, 1.0, 1.0, 0.0, 1.0, 1.0, 1.0, 1.0, 1.0, 1.0, 0.0, 1.0, 1.0, 1.0, 1.0, 1.0, 0.0, 0.0, 0.0, 0.0, 1.0, 1.0, 1.0, 1.0, 1.0, 1.0, 1.0, 0.0, 0.0, 1.0, 1.0, 1.0, 0.0, 0.0, 0.0, 0.0, 1.0, 1.0, 1.0, 1.0, 0.0, 0.0, 0.0, 0.0, 1.0, 0.0, 1.0, 0.0, 0.0, 0.0, 0.0, 0.0, 1.0, 1.0, 1.0, 1.0, 1.0, 0.0, 1.0, 0.0, 1.0, 1.0, 1.0, 0.0, 1.0, 1.0, 0.0, 1.0, 1.0, 1.0, 1.0, 1.0, 0.0, 0.0, 0.0, 0.0, 0.0, 0.0, 0.0, 0.0, 0.0, 0.0, 0.0, 0.0, 1.0, 1.0, 1.0, 1.0, 0.0, 0.0, 0.0, 0.0, 0.0, 0.0, 0.0, 0.0, 0.0, 0.0, 0.0, 0.0, 0.0, 0.0, 0.0, 0.0, 0.0, 0.0, 0.0, 0.0, 1.0, 1.0, 0.0, 0.0, 1.0, 1.0, 1.0, 1.0, 1.0, 1.0, 1.0, 1.0, 1.0, 1.0, 1.0, 1.0, 1.0, 1.0, 1.0, 1.0, 1.0, 0.0, 1.0, 1.0, 0.0, 1.0, 0.0, 1.0, 0.0, 1.0, 0.0, 0.0, 1.0, 1.0, 1.0, 1.0, 0.0, 0.0, 1.0, 0.0, 1.0, 1.0, 1.0, 1.0, 0.0, 0.0, 0.0, 0.0, 0.0, 0.0, 0.0, 1.0, 0.0, 0.0, 0.0, 0.0, 1.0, 1.0, 1.0, 1.0, 0.0, 0.0, 0.0, 0.0, 0.0, 1.0, 1.0, 1.0, 0.0, 1.0, 1.0, 0.0, 1.0, 1.0, 1.0, 1.0, 0.0, 0.0, 0.0, 0.0, 1.0, 0.0, 1.0, 1.0, 1.0, 0.0, 0.0, 1.0, 1.0, 1.0, 1.0, 1.0, 1.0, 1.0, 1.0, 0.0, 0.0, 1.0, 1.0, 1.0, 1.0, 1.0, 0.0, 0.0, 1.0, 1.0, 1.0, 1.0, 0.0, 0.0, 0.0, 0.0, 1.0, 1.0, 1.0, 0.0, 0.0, 0.0, 1.0, 0.0, 1.0, 1.0, 1.0, 1.0, 0.0, 0.0, 0.0, 0.0, 0.0, 0.0, 0.0, 0.0, 0.0, 0.0, 0.0, 0.0, 0.0, 0.0, 1.0, 1.0, 0.0, 0.0, 0.0, 0.0, 1.0, 1.0, 1.0, 1.0, 1.0, 0.0, 0.0, 1.0]",-295.2442605392121,597.0338707387587,-482.430437669722,964.860875339444,0.5138983454564625,-3.0141612900514945,8.107764121782825,1.2846122460949685,-433.45128860920846,873.4479268787513,True,True,True,True,False,0.5,0.5,0.375,0.375,0.375,0.375,0.5,0.5,0.375,0.375,0.5,0.5,"Z.exactly(lambda x1: Z.less(x1,3,'size'),3,X)","Z.atleast(lambda x1: Z.not_operator(Z.equal(x1,'upright','orientation')),1,X)","Z.exactly(lambda x1: Z.less(x1,3,'size'),3,X)","Z.atleast(lambda x1: Z.equal(x1,'no','grounded'),1,X)",0.5,0.5,0.375,0.5,0.375,0.7083333333333334,0.6982758620689655,0.6867816091954023,0.6954022988505747,0.6925287356321839,5.241379310344827,0,0,0,0,0,0
5,11,15,vrJh5,Sx5A2_s1FPDoUsTLAAAT,Omega,all are blue OR small,"[False, False, True, False, False, False, True, False]","[False, False, True, False, False, False, True, False]",0.5,0.5,There are only medium and small triangles. There are at most 3 triangles.,[['x1']],"Z.forall(lambda x1: Z.not_operator(Z.equal(x1,3,'size')),X)",There are three triangles and there is only small and medium sized triangles.,"[{'ids': [0, 1, 2], 'colours': ['green', 'blue', 'green'], 'sizes': [1, 2, 1], 'xpos': [0.3695943902506767, 3.3550150804889523, 2.7203088242630797], 'ypos': [4.128333333333334, 4.128333333333334, 4.043406777668482], 'rotations': [3.1415926535897936, 3.1415926535897922, 2.8545798207955833], 'orientations': ['upright', 'upright', 'upright'], 'contact': [[0], [1, 2], [2, 1]], 'grounded': ['yes', 'yes', 'yes'], 'follow_rule': True}, {'ids': [0, 1, 2], 'colours': ['blue', 'green', 'red'], 'sizes': [1, 1, 1], 'xpos': [5.2413103299485515, 1.2866698693846859, 2.4843988134947272], 'ypos': [4.124655552009008, 3.843792511831259, 4.124248903358369], 'rotations': [3.144349701244459, 1.2097299599429436, 3.138941237832573], 'orientations': ['upright', 'lhs', 'upright'], 'contact': [[0], [1], [2]], 'grounded': ['yes', 'yes', 'yes'], 'follow_rule': True}, {'ids': [0, 1, 2], 'colours': ['green', 'blue', 'red'], 'sizes': [3, 3, 2], 'xpos': [0.8269613929935704, 1.5195281404991374, 5.958340576948158], 'ypos': [4.128091091743146, 3.6517082610327116, 3.7462950831059048], 'rotations': [3.141781941636782, 5.036629845333743, 5.050394350268484], 'orientations': ['upright', 'rhs', 'rhs'], 'contact': [[0], [1], [2]], 'grounded': ['yes', 'yes', 'yes'], 'follow_rule': False}, {'ids': [0, 1, 2], 'colours': ['red', 'red', 'blue'], 'sizes': [1, 1, 1], 'xpos': [4.085038335341295, 6.602665838415556, 0.6750560202712187], 'ypos': [4.124650596507553, 4.124386440354373, 4.124443597556101], 'rotations': [3.1443060361876265, 3.1408082422758277, 3.1462286127131005], 'orientations': ['upright', 'upright', 'upright'], 'contact': [[0], [1], [2]], 'grounded': ['yes', 'yes', 'yes'], 'follow_rule': True}, {'ids': [0, 1, 2], 'colours': ['green', 'blue', 'green'], 'sizes': [3, 3, 2], 'xpos': [6.259406703310178, 4.980302331390753, 2.394351961384963], 'ypos': [3.654499798458896, 4.124794832036051, 4.125175592440639], 'rotations': [5.0373377930190895, 3.1418146262844817, 3.139178431969149], 'orientations': ['rhs', 'upright', 'upright'], 'contact': [[0], [1], [2]], 'grounded': ['yes', 'yes', 'yes'], 'follow_rule': False}, {'ids': [0, 1, 2, 3], 'colours': ['red', 'green', 'red', 'blue'], 'sizes': [2, 2, 1, 1], 'xpos': [5.701913573184362, 3.8066702975732536, 6.518431929535618, 4.890904227822864], 'ypos': [4.124656773975631, 4.124143898224404, 4.124577948328335, 4.1251690137596135], 'rotations': [3.1445242286341273, 3.1439992097737592, 3.1448199431840242, 3.1429137042650614], 'orientations': ['upright', 'upright', 'upright', 'upright'], 'contact': [[0], [1], [2], [3]], 'grounded': ['yes', 'yes', 'yes', 'yes'], 'follow_rule': False}, {'ids': [0, 1, 2], 'colours': ['blue', 'red', 'green'], 'sizes': [1, 3, 1], 'xpos': [1.3125886916136114, 1.336861681032349, 2.9307271230313754], 'ypos': [4.125103225425529, 4.123828896913405, 4.125042545885969], 'rotations': [-3.1417411814388596, 3.1419521414706444, -3.1403224530278138], 'orientations': ['upright', 'upright', 'upright'], 'contact': [[0], [1], [2]], 'grounded': ['yes', 'yes', 'yes'], 'follow_rule': False}, {'ids': [0, 1, 2], 'colours': ['blue', 'red', 'red'], 'sizes': [2, 1, 1], 'xpos': [5.01562141131914, 6.598648111881254, 4.108192140220865], 'ypos': [4.126649950746457, 4.125292848124105, 4.1245193188873905], 'rotations': [3.1447871855180223, -3.1404212044688458, 3.1448053783264287], 'orientations': ['upright', 'upright', 'upright'], 'contact': [[0], [1], [2]], 'grounded': ['yes', 'yes', 'yes'], 'follow_rule': True}, {'ids': [0], 'colours': ['red'], 'sizes': [1], 'xpos': [0.980966455584144], 'ypos': [4.15692217898732], 'rotations': [3.14075602080225], 'contact': [{'V1': 0}], 'grounded': ['yes']}, {'ids': [0, 1], 'colours': ['blue', 'blue'], 'sizes': [2, 2], 'xpos': [5.53919900438758, 1.65854079923742], 'ypos': [4.15829751656101, 4.15751198256046], 'rotations': [3.14294469336728, 3.13947439604659], 'contact': [{'V1': 0, 'V2': 1}], 'grounded': ['yes', 'yes']}, {'ids': [0, 1, 2], 'colours': ['blue', 'red', 'blue'], 'sizes': [1, 1, 1], 'xpos': [2.91233558185412, 3.62676822308812, 1.29792616640764], 'ypos': [4.1571699418337, 4.15734457821355, 3.87855314146574], 'rotations': [3.14061931424498, 3.14080979983927, 1.21335141178178], 'contact': [{'V1': 0, 'V2': 1, 'V3': 2}], 'grounded': ['yes', 'yes', 'yes']}, {'ids': [0, 1, 2, 3], 'colours': ['blue', 'red', 'blue', 'green'], 'sizes': [1, 1, 2, 1], 'xpos': [2.95609825059217, 3.96209693679724, 2.2390687716568, 6.71224095289635], 'ypos': [4.15768622476784, 4.15787716497594, 4.15807459370596, 3.87670727460735], 'rotations': [3.13919121672235, 3.14161554480523, 3.13998936351093, 5.07284064751327], 'contact': [{'V1': 0, 'V2': 1, 'V3': 2, 'V4': 3}], 'grounded': ['yes', 'yes', 'yes', 'yes']}, {'ids': [0, 1, 2], 'colours': ['green', 'red', 'red'], 'sizes': [1, 3, 1], 'xpos': [1.21736009446034, 6.88866095105911, 4.29219484852988], 'ypos': [4.15714834736316, 4.15848443530156, 4.15761681621936], 'rotations': [3.14148035908309, 3.14030543965137, 3.14298105798337], 'contact': [{'V1': 0, 'V2': 1, 'V3': 2}], 'grounded': ['yes', 'yes', 'yes']}, {'ids': [0, 1, 2, 3, 4], 'colours': ['green', 'blue', 'green', 'red', 'red'], 'sizes': [2, 2, 2, 2, 3], 'xpos': [3.83090657832267, 2.38910717821051, 3.54259339814947, 1.00881638670343, 0.483372753490727], 'ypos': [4.15913936320131, 4.15701392299474, 3.77761038379749, 3.76166694023043, 3.53535261859211], 'rotations': [3.13980420303635, 3.14077430032494, 1.87848516525718, 1.57196158476873, 2.81423018257197], 'contact': [[0, 2], [1, 2], [2, 0, 1], [3, 4], [4, 3]], 'grounded': ['yes', 'yes', 'yes', 'yes', 'no']}, {'ids': [0, 1, 2], 'colours': ['red', 'blue', 'green'], 'sizes': [2, 2, 2], 'xpos': [6.08097769326034, 5.78861976198164, 1.25011232086784], 'ypos': [3.78458058527285, 4.1039571708585, 3.7795894526631], 'rotations': [5.04856954343186, 3.00593527717321, 5.05105310034866], 'contact': [[0, 1], [1, 0], 2], 'grounded': ['yes', 'yes', 'yes']}, {'ids': [0, 1, 2, 3], 'colours': ['red', 'green', 'red', 'red'], 'sizes': [2, 2, 2, 1], 'xpos': [4.475106476545, 0.413561660061233, 6.37662276433712, 5.00296952327856], 'ypos': [4.1607559072369, 4.15829244701068, 3.77944860362373, 3.87681059949227], 'rotations': [3.14176346787067, 3.1433043689908, 5.0514105380658, 5.07138540402654], 'contact': [{'V1': 0, 'V2': 1, 'V3': 2, 'V4': 3}], 'grounded': ['yes', 'yes', 'yes', 'yes']}]","[False, False, False, False, False, False, True, False]","[True, True, False, True, True, True, True, True]","[False, False, True, False, False, False, False, False]","[False, False, False, False, False, False, False, False]","[False, False, True, False, False, False, True, True]","[True, True, True, True, True, True, True, False]","[False, False, False, False, False, False, False, False]","[False, False, False, False, False, False, False, True]",0.125,0.125,0.0,0.0,0.875,0.875,0.375,0.375,0.125,0.125,0.0,0.0,0.125,0.125,0.01,0.0,-5.545177444479562,2.0794415416798357,11.090354888959125,0.01,0.0,-11.090354888959125,2.772588722239781,22.18070977791825,1.0502311195665048,"[1.0, 1.0, 1.0, 1.0, 1.0, 0.0, 1.0, 0.0, 1.0, 1.0, 1.0, 1.0, 1.0, 1.0, 1.0, 0.0135, 0.9530000000000001, 0.092, 0.5895, 0.5895, 1.0, 0.0, 0.0, 0.861, 1.0, 1.0, 1.0, 0.2925, 0.999, 0.999, 1.0, 0.7155, 0.0, 0.0, 1.0, 0.0, 0.0, 0.0, 1.0, 0.0, 0.0, 0.0, 1.0, 0.0, 0.0, 0.0, 1.0, 0.0, 1.0, 1.0, 1.0, 1.0, 0.0, 0.0, 0.0, 0.0, 1.0, 1.0, 1.0, 1.0, 0.935, 0.935, 0.935, 0.935, 1.0, 1.0, 1.0, 1.0, 0.0, 1.0, 0.0, 0.0, 0.0, 1.0, 1.0, 1.0, 1.0, 1.0, 1.0, 1.0, 1.0, 1.0, 1.0, 1.0, 0.0935, 0.0935, 0.0935, 0.0935, 1.0, 1.0, 1.0, 1.0, 1.0, 1.0, 1.0, 1.0, 1.0, 1.0, 1.0, 1.0, 1.0, 1.0, 1.0, 0.013000000000000001, 1.0, 1.0, 0.998, 1.0, 1.0, 0.002, 0.998, 0.002, 1.0, 1.0, 1.0, 1.0, 1.0, 1.0, 1.0, 0.0, 0.973, 1.0, 0.9530000000000001, 1.0, 0.8925000000000001, 0.9195, 0.17400000000000002, 0.201, 1.0, 1.0, 1.0, 1.0, 0.0, 0.0, 0.0, 0.0, 1.0, 1.0, 1.0, 0.24, 1.0, 1.0, 0.968, 1.0, 0.653, 0.653, 0.653, 1.0, 0.2535, 0.2535, 0.7035, 0.10300000000000001, 1.0, 1.0, 1.0, 1.0, 0.0, 1.0, 0.0, 0.0, 1.0, 1.0, 1.0, 0.012, 0.988, 0.988, 1.0, 1.0, 1.0, 0.0, 1.0, 1.0, 1.0, 0.0, 0.0, 1.0, 0.0, 0.0, 0.0, 1.0, 1.0, 0.0, 0.0, 0.0, 1.0, 1.0, 1.0, 1.0, 0.0, 0.0, 0.0, 0.0, 1.0, 1.0, 1.0, 1.0, 0.0, 0.0, 0.0, 0.0, 1.0, 1.0, 1.0, 1.0, 1.0, 1.0, 0.841, 1.0, 1.0, 1.0, 1.0, 1.0, 0.0, 0.0, 0.0, 0.0, 1.0, 1.0, 1.0, 1.0, 1.0, 1.0, 1.0, 0.0, 0.197, 0.0, 0.85, 0.653, 0.803, 0.0, 0.0, 0.0, 0.8525, 0.847, 0.9935, 0.847, 0.28300000000000003, 0.4305, 0.426, 0.426, 1.0, 1.0, 1.0, 1.0, 1.0, 1.0, 1.0, 0.0, 0.798, 1.0, 0.7995, 0.7995, 0.0275, 0.029, 0.2265, 0.1975, 1.0, 1.0, 1.0, 1.0, 0.0, 0.0, 0.0, 0.0, 0.862, 0.854, 0.8595, 0.8955000000000001, 0.045, 0.0005, 0.8695, 0.8505, 1.0, 1.0, 1.0, 0.022, 1.0, 1.0, 1.0, 0.978, 0.28400000000000003, 0.0145, 0.1885, 0.0275, 0.2755, 0.0, 0.0015, 0.013000000000000001, 0.0, 0.0, 0.0, 1.0, 1.0, 0.0, 0.0, 0.0, 1.0, 1.0, 1.0, 1.0, 0.0, 0.0, 0.0, 0.0, 1.0, 1.0, 1.0, 1.0, 1.0, 0.0, 1.0, 0.0, 1.0, 1.0, 1.0, 1.0, 1.0, 1.0, 1.0, 0.0, 1.0, 1.0, 1.0, 0.728, 0.8265, 0.5545, 0.5545, 0.8265, 1.0, 1.0, 1.0, 1.0, 1.0, 1.0, 1.0, 1.0, 1.0, 1.0, 1.0, 0.8715, 0.9365, 0.8695, 0.8695, 0.9365, 0.229, 0.229, 0.229, 0.229, 0.801, 0.03, 0.03, 0.801, 0.0, 0.0, 0.0, 1.0, 1.0, 0.0, 0.0, 0.0, 0.108, 0.114, 0.2315, 0.108, 0.114, 0.07050000000000001, 0.0495, 0.006, 1.0, 1.0, 1.0, 1.0, 0.0, 0.0, 0.0, 0.0, 0.8955000000000001, 0.895, 0.0115, 0.0, 0.883, 0.0, 0.0, 0.0, 1.0, 1.0, 1.0, 1.0, 0.0, 0.0, 0.0, 0.0, 0.902, 0.902, 0.902, 0.678, 0.88, 0.88, 0.902, 0.807, 1.0, 1.0, 1.0, 1.0, 0.0, 0.0, 0.0, 0.0, 1.0, 1.0, 1.0, 1.0, 1.0, 1.0, 1.0, 0.0, 1.0, 1.0, 1.0, 1.0, 0.0, 0.0, 0.0, 0.0, 1.0, 1.0, 1.0, 1.0, 0.008, 0.008, 0.008, 0.008, 1.0, 1.0, 1.0, 1.0, 1.0, 1.0, 1.0, 0.0, 1.0, 1.0, 1.0, 1.0, 1.0, 1.0, 0.6980000000000001, 1.0, 1.0, 1.0, 1.0, 1.0, 0.0, 0.0, 0.0, 0.0, 1.0, 1.0, 1.0, 1.0, 1.0, 1.0, 1.0, 0.0, 0.9530000000000001, 0.9530000000000001, 0.9530000000000001, 1.0, 1.0, 1.0, 0.641, 0.9530000000000001, 1.0, 1.0, 1.0, 1.0, 0.0, 0.0, 0.0, 0.0, 1.0, 1.0, 1.0, 1.0, 1.0, 1.0, 1.0, 1.0, 1.0, 1.0, 1.0, 1.0, 0.0, 0.0, 0.0, 0.0, 1.0, 1.0, 1.0, 1.0, 1.0, 1.0, 1.0, 1.0, 1.0, 1.0, 1.0, 1.0, 0.021500000000000002, 0.021500000000000002, 0.021500000000000002, 0.021500000000000002, 0.021500000000000002, 0.003, 0.02, 0.0095, 0.0095, 0.964, 0.9555, 0.0095, 1.0, 1.0, 1.0, 1.0, 1.0, 1.0, 1.0, 1.0, 1.0, 1.0, 1.0, 1.0, 0.0, 0.0, 0.0, 0.0, 1.0, 1.0, 1.0, 1.0, 0.0, 0.0, 1.0, 1.0, 1.0, 0.873, 0.198, 0.198, 1.0, 1.0, 0.6905, 1.0, 1.0, 1.0, 1.0, 1.0, 1.0, 1.0, 1.0, 0.0, 1.0, 0.999, 0.999, 1.0, 0.0025, 0.0025, 0.0025, 0.0025, 1.0, 1.0, 1.0, 1.0, 1.0, 0.686, 0.314, 0.0, 1.0, 1.0, 1.0, 1.0, 0.524, 0.524, 1.0, 0.47600000000000003, 1.0, 1.0, 1.0, 1.0, 0.008, 0.008, 0.008, 0.008, 0.9935, 0.9935, 0.9775, 0.9935, 0.9935, 0.0225, 0.988, 0.017, 1.0, 1.0, 1.0, 1.0, 0.0725, 0.0725, 0.0725, 0.0725, 0.041, 1.0, 1.0, 0.9590000000000001, 0.041, 0.9590000000000001, 1.0, 0.0, 0.7435, 0.9835, 0.7425, 0.986, 0.7435, 0.7435, 0.256, 0.987, 1.0, 0.005, 1.0, 1.0, 1.0, 0.005, 0.005, 1.0, 1.0, 1.0, 1.0, 1.0, 1.0, 1.0, 1.0, 0.0, 1.0, 1.0, 1.0, 1.0, 0.0, 0.0, 0.0, 0.0, 1.0, 1.0, 1.0, 1.0, 0.0, 0.0, 0.0, 0.0, 0.9705, 0.9705, 0.9145, 1.0, 0.8015, 0.8015, 0.9705, 0.7865, 1.0, 1.0, 1.0, 1.0, 0.0, 0.0, 0.0, 0.0, 1.0, 1.0, 1.0, 1.0, 0.0, 0.0, 0.0, 0.0, 1.0, 1.0, 1.0, 1.0, 0.0, 0.0, 0.0, 0.0, 1.0, 1.0, 1.0, 1.0, 1.0, 1.0, 1.0, 1.0]",-418.5875071169283,843.720363894191,-482.430437669722,964.860875339444,67.05655779430526,-5.545399833562308,13.170241208804452,0.9102401122128739,-8.997362313902647,20.767313350045075,0.6334250289943713,"[1.0, 1.0, 1.0, 1.0, 1.0, 0.0, 1.0, 0.0, 1.0, 1.0, 1.0, 1.0, 1.0, 1.0, 1.0, 0.0, 0.0, 0.0, 0.0, 0.0, 0.0, 0.0, 0.0, 0.0, 1.0, 1.0, 1.0, 0.0, 0.0, 0.0, 1.0, 0.0, 0.0, 0.0, 1.0, 1.0, 0.0, 1.0, 1.0, 1.0, 1.0, 1.0, 1.0, 1.0, 0.0, 0.0, 1.0, 1.0, 1.0, 1.0, 1.0, 1.0, 0.0, 0.0, 0.0, 0.0, 1.0, 1.0, 1.0, 1.0, 0.0, 0.0, 0.0, 0.0, 0.0, 0.0, 0.0, 0.0, 0.0, 1.0, 1.0, 0.0, 1.0, 1.0, 1.0, 1.0, 0.0, 0.0, 0.0, 0.0, 1.0, 1.0, 1.0, 1.0, 0.0, 0.0, 0.0, 0.0, 1.0, 1.0, 1.0, 1.0, 1.0, 1.0, 0.0, 1.0, 1.0, 1.0, 1.0, 1.0, 1.0, 1.0, 1.0, 0.0, 1.0, 1.0, 1.0, 1.0, 1.0, 0.0, 1.0, 0.0, 0.0, 1.0, 0.0, 0.0, 1.0, 1.0, 1.0, 0.0, 1.0, 1.0, 0.0, 1.0, 1.0, 0.0, 0.0, 0.0, 1.0, 1.0, 1.0, 0.0, 1.0, 1.0, 1.0, 1.0, 1.0, 1.0, 1.0, 1.0, 0.0, 0.0, 0.0, 0.0, 1.0, 1.0, 1.0, 0.0, 0.0, 0.0, 1.0, 0.0, 0.0, 0.0, 1.0, 0.0, 0.0, 0.0, 0.0, 0.0, 1.0, 1.0, 1.0, 0.0, 0.0, 0.0, 1.0, 0.0, 0.0, 0.0, 0.0, 1.0, 0.0, 0.0, 0.0, 0.0, 0.0, 0.0, 0.0, 1.0, 0.0, 0.0, 0.0, 0.0, 1.0, 1.0, 1.0, 1.0, 0.0, 0.0, 0.0, 0.0, 1.0, 1.0, 1.0, 0.0, 0.0, 0.0, 1.0, 0.0, 1.0, 1.0, 1.0, 1.0, 0.0, 0.0, 0.0, 0.0, 1.0, 1.0, 1.0, 1.0, 0.0, 0.0, 0.0, 0.0, 1.0, 1.0, 1.0, 1.0, 1.0, 1.0, 1.0, 0.0, 0.0, 0.0, 0.0, 0.0, 1.0, 0.0, 0.0, 0.0, 1.0, 1.0, 1.0, 1.0, 1.0, 1.0, 1.0, 1.0, 1.0, 1.0, 1.0, 1.0, 1.0, 1.0, 1.0, 0.0, 0.0, 0.0, 0.0, 0.0, 0.0, 0.0, 0.0, 0.0, 0.0, 1.0, 0.0, 1.0, 0.0, 1.0, 0.0, 1.0, 0.0, 0.0, 0.0, 1.0, 0.0, 0.0, 0.0, 0.0, 1.0, 1.0, 1.0, 0.0, 0.0, 0.0, 1.0, 0.0, 1.0, 1.0, 1.0, 1.0, 1.0, 0.0, 1.0, 0.0, 0.0, 1.0, 1.0, 1.0, 0.0, 0.0, 0.0, 0.0, 1.0, 1.0, 1.0, 0.0, 1.0, 1.0, 1.0, 1.0, 0.0, 1.0, 1.0, 1.0, 0.0, 0.0, 0.0, 0.0, 1.0, 1.0, 1.0, 1.0, 1.0, 1.0, 1.0, 0.0, 1.0, 1.0, 1.0, 1.0, 0.0, 0.0, 0.0, 0.0, 1.0, 1.0, 1.0, 1.0, 0.0, 0.0, 0.0, 0.0, 0.0, 1.0, 0.0, 0.0, 0.0, 0.0, 0.0, 0.0, 1.0, 1.0, 1.0, 1.0, 1.0, 0.0, 1.0, 1.0, 0.0, 0.0, 0.0, 0.0, 0.0, 1.0, 1.0, 0.0, 1.0, 1.0, 1.0, 1.0, 1.0, 0.0, 1.0, 0.0, 1.0, 1.0, 1.0, 1.0, 1.0, 0.0, 1.0, 1.0, 0.0, 0.0, 0.0, 0.0, 0.0, 1.0, 1.0, 0.0, 1.0, 0.0, 0.0, 1.0, 0.0, 0.0, 0.0, 0.0, 1.0, 1.0, 1.0, 0.0, 0.0, 0.0, 1.0, 0.0, 1.0, 1.0, 1.0, 0.0, 0.0, 0.0, 0.0, 0.0, 1.0, 1.0, 1.0, 1.0, 1.0, 1.0, 1.0, 0.0, 0.0, 0.0, 0.0, 0.0, 0.0, 0.0, 0.0, 0.0, 1.0, 0.0, 1.0, 0.0, 0.0, 0.0, 0.0, 0.0, 1.0, 1.0, 1.0, 1.0, 1.0, 1.0, 1.0, 0.0, 1.0, 1.0, 1.0, 1.0, 1.0, 1.0, 0.0, 1.0, 1.0, 1.0, 1.0, 1.0, 0.0, 0.0, 0.0, 0.0, 1.0, 1.0, 1.0, 1.0, 1.0, 1.0, 1.0, 0.0, 0.0, 1.0, 1.0, 1.0, 0.0, 0.0, 0.0, 0.0, 1.0, 1.0, 1.0, 1.0, 0.0, 0.0, 0.0, 0.0, 1.0, 0.0, 1.0, 0.0, 0.0, 0.0, 0.0, 0.0, 1.0, 1.0, 1.0, 1.0, 1.0, 0.0, 1.0, 0.0, 1.0, 1.0, 1.0, 0.0, 1.0, 1.0, 0.0, 1.0, 1.0, 1.0, 1.0, 1.0, 0.0, 0.0, 0.0, 0.0, 0.0, 0.0, 0.0, 0.0, 0.0, 1.0, 0.0, 0.0, 1.0, 1.0, 1.0, 1.0, 0.0, 0.0, 0.0, 0.0, 0.0, 0.0, 0.0, 0.0, 0.0, 0.0, 0.0, 0.0, 1.0, 0.0, 1.0, 0.0, 0.0, 0.0, 0.0, 0.0, 1.0, 1.0, 0.0, 0.0, 1.0, 1.0, 1.0, 1.0, 1.0, 1.0, 1.0, 1.0, 1.0, 1.0, 1.0, 1.0, 1.0, 1.0, 1.0, 1.0, 1.0, 0.0, 1.0, 1.0, 0.0, 1.0, 0.0, 1.0, 0.0, 1.0, 0.0, 0.0, 1.0, 1.0, 1.0, 1.0, 0.0, 0.0, 1.0, 0.0, 1.0, 1.0, 1.0, 1.0, 0.0, 0.0, 0.0, 0.0, 0.0, 0.0, 0.0, 1.0, 0.0, 0.0, 0.0, 0.0, 1.0, 1.0, 1.0, 1.0, 0.0, 0.0, 0.0, 0.0, 0.0, 1.0, 1.0, 1.0, 0.0, 1.0, 1.0, 0.0, 1.0, 1.0, 1.0, 1.0, 0.0, 0.0, 0.0, 0.0, 1.0, 0.0, 1.0, 1.0, 1.0, 0.0, 0.0, 1.0, 1.0, 1.0, 1.0, 1.0, 1.0, 1.0, 1.0, 0.0, 0.0, 1.0, 1.0, 1.0, 1.0, 1.0, 0.0, 0.0, 1.0, 1.0, 1.0, 1.0, 0.0, 0.0, 0.0, 0.0, 1.0, 1.0, 1.0, 0.0, 0.0, 0.0, 1.0, 0.0, 1.0, 1.0, 1.0, 1.0, 0.0, 0.0, 0.0, 0.0, 0.0, 0.0, 0.0, 0.0, 0.0, 0.0, 0.0, 0.0, 0.0, 1.0, 0.0, 1.0, 0.0, 1.0, 1.0, 0.0, 1.0, 1.0, 1.0, 1.0, 1.0, 0.0, 0.0, 1.0]",-318.3726801373107,643.2907099349558,0.9102430794110984,-4.498681156966684,-5.545177444479562,11.076803855613203,11.090354888959125,0.5138983408241962,-6.028322580102988,-11.090354888959125,14.829233882445758,22.18070977791825,0.6173530694834558,"[1.0, 1.0, 1.0, 1.0, 1.0, 0.0, 1.0, 0.0, 1.0, 1.0, 1.0, 1.0, 1.0, 1.0, 1.0, 0.0, 0.0, 0.0, 0.0, 0.0, 0.0, 0.0, 0.0, 0.0, 1.0, 1.0, 1.0, 0.0, 0.0, 0.0, 1.0, 0.0, 0.0, 0.0, 1.0, 1.0, 0.0, 1.0, 1.0, 1.0, 0.0, 0.0, 0.0, 0.0, 0.0, 0.0, 0.0, 0.0, 1.0, 1.0, 1.0, 1.0, 0.0, 0.0, 0.0, 0.0, 1.0, 1.0, 1.0, 1.0, 0.0, 0.0, 0.0, 0.0, 0.0, 0.0, 0.0, 0.0, 0.0, 1.0, 1.0, 0.0, 0.0, 0.0, 0.0, 1.0, 0.0, 0.0, 0.0, 0.0, 1.0, 1.0, 1.0, 1.0, 0.0, 0.0, 0.0, 0.0, 0.0, 0.0, 0.0, 0.0, 1.0, 1.0, 0.0, 1.0, 1.0, 1.0, 1.0, 1.0, 1.0, 1.0, 1.0, 0.0, 1.0, 1.0, 1.0, 1.0, 1.0, 0.0, 1.0, 0.0, 0.0, 1.0, 0.0, 0.0, 1.0, 1.0, 1.0, 0.0, 1.0, 1.0, 0.0, 1.0, 1.0, 0.0, 0.0, 0.0, 1.0, 1.0, 1.0, 0.0, 1.0, 1.0, 1.0, 1.0, 1.0, 1.0, 1.0, 1.0, 0.0, 0.0, 0.0, 0.0, 1.0, 1.0, 1.0, 0.0, 0.0, 0.0, 1.0, 0.0, 0.0, 0.0, 1.0, 0.0, 0.0, 0.0, 0.0, 0.0, 1.0, 1.0, 1.0, 0.0, 0.0, 0.0, 1.0, 0.0, 0.0, 0.0, 0.0, 1.0, 0.0, 0.0, 0.0, 0.0, 0.0, 0.0, 0.0, 1.0, 0.0, 0.0, 0.0, 0.0, 1.0, 1.0, 1.0, 1.0, 0.0, 0.0, 0.0, 0.0, 1.0, 1.0, 1.0, 0.0, 0.0, 0.0, 1.0, 0.0, 1.0, 1.0, 1.0, 1.0, 0.0, 0.0, 0.0, 0.0, 1.0, 1.0, 1.0, 1.0, 0.0, 0.0, 0.0, 0.0, 1.0, 1.0, 1.0, 1.0, 1.0, 1.0, 1.0, 0.0, 0.0, 0.0, 0.0, 0.0, 1.0, 0.0, 0.0, 0.0, 1.0, 1.0, 1.0, 1.0, 1.0, 1.0, 1.0, 1.0, 1.0, 1.0, 1.0, 1.0, 1.0, 1.0, 1.0, 0.0, 0.0, 0.0, 0.0, 0.0, 0.0, 0.0, 0.0, 0.0, 0.0, 1.0, 0.0, 1.0, 0.0, 1.0, 0.0, 1.0, 0.0, 0.0, 0.0, 1.0, 0.0, 0.0, 0.0, 0.0, 1.0, 1.0, 1.0, 0.0, 0.0, 0.0, 1.0, 0.0, 1.0, 1.0, 1.0, 1.0, 1.0, 0.0, 1.0, 0.0, 0.0, 1.0, 1.0, 1.0, 0.0, 0.0, 0.0, 0.0, 1.0, 1.0, 1.0, 0.0, 1.0, 1.0, 1.0, 1.0, 0.0, 1.0, 1.0, 1.0, 0.0, 0.0, 0.0, 0.0, 1.0, 1.0, 1.0, 1.0, 1.0, 1.0, 1.0, 0.0, 1.0, 1.0, 1.0, 1.0, 0.0, 0.0, 0.0, 0.0, 1.0, 1.0, 1.0, 1.0, 0.0, 0.0, 0.0, 0.0, 0.0, 1.0, 0.0, 0.0, 0.0, 0.0, 0.0, 0.0, 0.0, 0.0, 0.0, 0.0, 0.0, 0.0, 0.0, 0.0, 1.0, 0.0, 1.0, 1.0, 1.0, 0.0, 0.0, 1.0, 1.0, 1.0, 1.0, 1.0, 1.0, 0.0, 1.0, 0.0, 1.0, 1.0, 1.0, 1.0, 1.0, 0.0, 1.0, 1.0, 0.0, 0.0, 0.0, 0.0, 0.0, 1.0, 1.0, 0.0, 1.0, 0.0, 0.0, 1.0, 0.0, 0.0, 0.0, 0.0, 1.0, 1.0, 1.0, 0.0, 0.0, 0.0, 1.0, 0.0, 1.0, 1.0, 1.0, 0.0, 0.0, 0.0, 0.0, 0.0, 1.0, 1.0, 1.0, 1.0, 1.0, 1.0, 1.0, 0.0, 0.0, 0.0, 0.0, 0.0, 0.0, 0.0, 0.0, 0.0, 1.0, 0.0, 1.0, 0.0, 0.0, 0.0, 0.0, 0.0, 1.0, 1.0, 1.0, 1.0, 1.0, 1.0, 1.0, 0.0, 1.0, 1.0, 1.0, 1.0, 1.0, 1.0, 0.0, 1.0, 1.0, 1.0, 1.0, 1.0, 0.0, 0.0, 0.0, 0.0, 1.0, 1.0, 1.0, 1.0, 1.0, 1.0, 1.0, 0.0, 0.0, 1.0, 1.0, 1.0, 0.0, 0.0, 0.0, 0.0, 1.0, 1.0, 1.0, 1.0, 0.0, 0.0, 0.0, 0.0, 1.0, 0.0, 1.0, 0.0, 0.0, 0.0, 0.0, 0.0, 1.0, 1.0, 1.0, 1.0, 1.0, 0.0, 1.0, 0.0, 1.0, 1.0, 1.0, 0.0, 1.0, 1.0, 0.0, 1.0, 1.0, 1.0, 1.0, 1.0, 0.0, 0.0, 0.0, 0.0, 0.0, 0.0, 0.0, 0.0, 0.0, 1.0, 0.0, 0.0, 1.0, 1.0, 1.0, 1.0, 0.0, 0.0, 0.0, 0.0, 0.0, 0.0, 0.0, 0.0, 0.0, 0.0, 0.0, 0.0, 1.0, 0.0, 1.0, 0.0, 0.0, 0.0, 0.0, 0.0, 1.0, 1.0, 0.0, 0.0, 1.0, 1.0, 1.0, 1.0, 1.0, 1.0, 1.0, 1.0, 1.0, 1.0, 1.0, 1.0, 1.0, 1.0, 1.0, 1.0, 1.0, 0.0, 1.0, 1.0, 0.0, 1.0, 0.0, 1.0, 0.0, 1.0, 0.0, 0.0, 1.0, 1.0, 1.0, 1.0, 0.0, 0.0, 1.0, 0.0, 1.0, 1.0, 1.0, 1.0, 0.0, 0.0, 0.0, 0.0, 0.0, 0.0, 0.0, 1.0, 0.0, 0.0, 0.0, 0.0, 1.0, 1.0, 1.0, 1.0, 0.0, 0.0, 0.0, 0.0, 0.0, 1.0, 1.0, 1.0, 0.0, 1.0, 1.0, 0.0, 1.0, 1.0, 1.0, 1.0, 0.0, 0.0, 0.0, 0.0, 1.0, 0.0, 1.0, 1.0, 1.0, 0.0, 0.0, 1.0, 1.0, 1.0, 1.0, 1.0, 1.0, 1.0, 1.0, 0.0, 0.0, 0.0, 1.0, 0.0, 0.0, 1.0, 0.0, 0.0, 1.0, 1.0, 1.0, 1.0, 0.0, 0.0, 0.0, 0.0, 1.0, 1.0, 1.0, 0.0, 0.0, 0.0, 1.0, 0.0, 1.0, 1.0, 1.0, 1.0, 0.0, 0.0, 0.0, 0.0, 0.0, 0.0, 0.0, 0.0, 0.0, 0.0, 0.0, 0.0, 0.0, 1.0, 0.0, 1.0, 0.0, 1.0, 1.0, 0.0, 1.0, 1.0, 1.0, 1.0, 1.0, 0.0, 0.0, 1.0]",-311.9759791000219,630.4973078603782,-482.430437669722,964.860875339444,0.01,0.0,-5.545177444479562,2.0794415416798357,11.090354888959125,0.9452085572742149,-9.346924432891239,-11.090354888959125,21.46643758802226,22.18070977791825,1.0908740239314543,"[0.0, 0.0, 1.0, 0.0, 0.0, 0.0, 0.0, 0.0, 1.0, 1.0, 1.0, 1.0, 0.877, 0.877, 0.877, 0.0, 1.0, 0.259, 1.0, 1.0, 0.8015, 0.0, 0.259, 1.0, 1.0, 1.0, 1.0, 1.0, 1.0, 1.0, 1.0, 0.0, 0.0, 0.0, 1.0, 0.0, 0.0, 0.0, 1.0, 0.0, 0.0, 0.0, 1.0, 0.0, 0.0, 0.0, 1.0, 0.0, 0.0, 0.0, 0.0, 0.0775, 0.0, 0.0, 0.1635, 0.47100000000000003, 1.0, 1.0, 1.0, 1.0, 0.0, 0.0, 0.0, 0.0, 0.0, 0.0, 0.0, 0.0, 0.0, 0.0, 0.0, 0.0, 1.0, 1.0, 1.0, 1.0, 1.0, 1.0, 1.0, 0.0, 1.0, 1.0, 1.0, 1.0, 0.0, 0.0, 0.0, 0.0, 0.0, 0.0, 0.0, 0.0, 0.0, 0.113, 0.113, 0.0, 0.0, 0.0, 0.0, 1.0, 0.0, 0.0, 0.0, 0.0, 1.0, 1.0, 1.0, 1.0, 0.0, 0.0, 0.0, 0.0, 0.9995, 1.0, 1.0, 0.663, 1.0, 1.0, 1.0, 0.353, 1.0, 1.0, 1.0, 1.0, 0.082, 0.082, 0.0, 0.0, 0.973, 1.0, 0.7655000000000001, 0.605, 0.973, 1.0, 1.0, 0.368, 0.0, 0.0, 1.0, 0.0, 1.0, 0.0, 1.0, 0.0, 1.0, 1.0, 1.0, 1.0, 0.0, 0.0, 1.0, 0.0, 1.0, 1.0, 1.0, 1.0, 0.0, 0.9465, 0.0, 0.0, 0.666, 1.0, 0.666, 0.666, 0.0, 0.0, 0.7975, 0.0, 0.0, 0.9430000000000001, 0.0, 1.0, 1.0, 0.0, 0.0, 0.0, 0.0, 1.0, 0.0, 0.0, 0.0, 0.0, 0.0, 0.0, 1.0, 1.0, 1.0, 1.0, 0.0, 0.0, 0.0, 0.0, 1.0, 1.0, 1.0, 1.0, 1.0, 1.0, 1.0, 0.0005, 1.0, 1.0, 1.0, 1.0, 1.0, 1.0, 0.0, 1.0, 1.0, 1.0, 1.0, 1.0, 0.0, 0.0, 0.0, 0.0, 1.0, 1.0, 1.0, 1.0, 1.0, 1.0, 1.0, 0.0, 1.0, 0.0, 1.0, 0.0, 0.0, 0.0, 0.0, 0.0, 0.0, 1.0, 0.0, 1.0, 0.0, 1.0, 0.0, 1.0, 1.0, 1.0, 1.0, 1.0, 1.0, 1.0, 1.0, 0.0, 1.0, 0.0, 1.0, 1.0, 1.0, 0.0, 0.0, 1.0, 1.0, 1.0, 1.0, 1.0, 1.0, 1.0, 1.0, 1.0, 0.0, 0.9580000000000001, 0.0, 0.0, 0.0, 0.0, 0.0045000000000000005, 0.0, 0.0, 0.0, 0.0, 0.0, 0.0, 0.0, 0.0, 1.0, 0.0, 0.0, 0.0005, 0.0, 0.0, 0.0, 0.0, 0.0, 0.0, 1.0, 0.0, 0.0, 0.0, 0.0, 0.0, 0.0, 1.0, 1.0, 1.0, 0.001, 0.001, 0.001, 1.0, 0.0, 0.0, 0.0, 0.6225, 0.0, 0.0, 0.0, 0.0, 0.0, 1.0, 1.0, 1.0, 1.0, 0.0, 0.0, 0.0, 0.0, 0.0, 0.0, 0.0, 0.0, 0.0, 0.0, 0.0, 0.0, 1.0, 1.0, 1.0, 1.0, 1.0, 1.0, 1.0, 0.0, 0.0, 0.0, 0.0, 1.0, 0.0, 0.0, 1.0, 0.0, 1.0, 1.0, 1.0, 1.0, 0.0, 0.0, 0.0, 0.0, 0.0, 1.0, 0.0, 0.0, 1.0, 0.0, 0.0, 1.0, 1.0, 1.0, 1.0, 1.0, 0.0, 0.0, 0.0, 0.0, 1.0, 1.0, 1.0, 1.0, 1.0, 0.0, 1.0, 1.0, 0.0, 0.0005, 0.0, 0.0, 0.0, 0.38, 0.0, 0.0, 1.0, 1.0, 1.0, 1.0, 0.0, 0.0, 0.0, 0.0, 1.0, 1.0, 1.0, 0.999, 1.0, 1.0, 1.0, 0.0195, 1.0, 1.0, 1.0, 1.0, 0.0, 0.0, 0.0, 0.0, 0.0, 0.6285000000000001, 0.0, 0.328, 0.0, 0.0, 0.6285000000000001, 0.0, 0.0, 0.0, 0.0, 0.0, 0.0, 0.0, 0.0, 1.0, 1.0, 1.0, 1.0, 1.0, 0.0, 0.0, 0.0, 0.0, 1.0, 1.0, 1.0, 1.0, 1.0, 1.0, 1.0, 0.0, 1.0, 1.0, 1.0, 1.0, 1.0, 1.0, 0.0375, 1.0, 1.0, 1.0, 1.0, 1.0, 0.0, 0.0, 0.0, 0.0, 1.0, 1.0, 1.0, 1.0, 1.0, 1.0, 1.0, 0.0, 1.0, 1.0, 1.0, 1.0, 1.0, 1.0, 0.0, 1.0, 1.0, 1.0, 1.0, 1.0, 0.0, 0.0, 0.0, 0.0, 1.0, 1.0, 1.0, 1.0, 1.0, 1.0, 1.0, 1.0, 0.0, 0.0, 0.4395, 0.0, 0.0, 0.0, 0.001, 1.0, 0.0, 0.0, 0.0, 0.0, 0.0, 0.0, 0.0, 0.0, 1.0, 1.0, 1.0, 0.0, 1.0, 0.0, 0.0, 1.0, 0.0, 0.0, 1.0, 1.0, 1.0, 0.0, 0.0, 0.0, 0.0, 0.0, 0.0, 0.0, 0.0, 0.0, 0.0, 0.0, 1.0, 1.0, 1.0, 1.0, 0.0, 0.0, 0.0, 0.0, 0.0, 0.0, 0.0, 0.0, 0.0, 1.0, 0.0, 0.0, 1.0, 1.0, 1.0, 1.0, 0.0, 0.4945, 0.0, 0.0, 1.0, 1.0, 1.0, 1.0, 0.0, 0.0, 1.0, 1.0, 1.0, 1.0, 1.0, 1.0, 0.0, 0.0, 0.0, 0.0, 1.0, 1.0, 1.0, 1.0, 1.0, 0.704, 0.296, 0.0, 1.0, 1.0, 1.0, 1.0, 0.0, 0.0, 1.0, 1.0, 1.0, 1.0, 1.0, 1.0, 0.0, 0.0, 0.0, 0.0, 0.006, 1.0, 0.006, 0.708, 0.298, 1.0, 0.298, 1.0, 1.0, 1.0, 1.0, 1.0, 0.0, 0.0, 0.0, 0.0, 1.0, 0.0, 1.0, 1.0, 1.0, 0.0, 0.0, 1.0, 0.0, 1.0, 1.0, 1.0, 0.0, 0.0, 0.0, 0.0, 1.0, 0.224, 1.0, 1.0, 0.776, 0.0, 0.224, 1.0, 1.0, 1.0, 1.0, 1.0, 0.0, 0.0, 0.0, 0.0, 1.0, 1.0, 0.0, 1.0, 1.0, 1.0, 0.0, 1.0, 1.0, 1.0, 1.0, 1.0, 0.0, 0.0, 0.0, 0.0, 1.0, 1.0, 1.0, 1.0, 1.0, 1.0, 1.0, 0.0, 1.0, 1.0, 1.0, 1.0, 0.0, 0.0, 0.0, 0.0, 0.0, 0.0, 0.0, 0.0, 0.0, 0.0, 0.0, 0.0, 1.0, 0.4865, 1.0, 1.0, 1.0, 0.0075, 0.4865, 1.0, 0.0225, 0.0, 0.0, 0.9775, 0.0, 0.0, 0.0, 0.0]",-419.18595103414617,844.9172517286268,-482.430437669722,964.860875339444,0.9102430794110984,-4.498681156966684,-5.545177444479562,11.076803855613203,11.090354888959125,0.5138983408241962,-6.028322580102988,-11.090354888959125,14.829233882445758,22.18070977791825,0.5787520451143159,"[1.0, 1.0, 1.0, 1.0, 1.0, 0.0, 1.0, 0.0, 1.0, 1.0, 1.0, 1.0, 1.0, 1.0, 1.0, 0.0, 0.0, 0.0, 0.0, 0.0, 0.0, 0.0, 0.0, 0.0, 1.0, 1.0, 1.0, 1.0, 0.0, 0.0, 1.0, 0.0, 0.0, 0.0, 0.0, 0.0, 0.0, 1.0, 0.0, 0.0, 0.0, 0.0, 0.0, 0.0, 0.0, 0.0, 0.0, 0.0, 1.0, 1.0, 1.0, 1.0, 0.0, 0.0, 0.0, 0.0, 1.0, 1.0, 1.0, 1.0, 0.0, 0.0, 0.0, 0.0, 0.0, 0.0, 0.0, 0.0, 0.0, 1.0, 1.0, 0.0, 1.0, 1.0, 1.0, 1.0, 0.0, 0.0, 0.0, 0.0, 1.0, 1.0, 1.0, 1.0, 0.0, 0.0, 0.0, 0.0, 0.0, 0.0, 0.0, 0.0, 0.0, 0.0, 0.0, 0.0, 1.0, 1.0, 1.0, 1.0, 1.0, 1.0, 1.0, 0.0, 1.0, 1.0, 1.0, 1.0, 1.0, 0.0, 1.0, 0.0, 0.0, 1.0, 0.0, 0.0, 1.0, 1.0, 1.0, 0.0, 1.0, 1.0, 0.0, 1.0, 1.0, 0.0, 0.0, 0.0, 1.0, 1.0, 1.0, 0.0, 1.0, 1.0, 1.0, 1.0, 1.0, 1.0, 1.0, 1.0, 0.0, 0.0, 0.0, 0.0, 1.0, 1.0, 1.0, 0.0, 0.0, 0.0, 1.0, 0.0, 0.0, 0.0, 1.0, 0.0, 0.0, 0.0, 0.0, 0.0, 1.0, 1.0, 1.0, 0.0, 0.0, 0.0, 1.0, 0.0, 0.0, 0.0, 0.0, 1.0, 0.0, 0.0, 0.0, 0.0, 0.0, 0.0, 0.0, 1.0, 0.0, 0.0, 0.0, 0.0, 1.0, 1.0, 1.0, 1.0, 0.0, 0.0, 0.0, 0.0, 1.0, 1.0, 1.0, 0.0, 0.0, 0.0, 1.0, 0.0, 1.0, 1.0, 1.0, 1.0, 0.0, 0.0, 0.0, 0.0, 1.0, 1.0, 1.0, 1.0, 0.0, 0.0, 0.0, 0.0, 1.0, 1.0, 1.0, 1.0, 1.0, 1.0, 1.0, 0.0, 0.0, 0.0, 0.0, 0.0, 1.0, 0.0, 0.0, 0.0, 1.0, 1.0, 1.0, 1.0, 1.0, 1.0, 1.0, 1.0, 1.0, 1.0, 1.0, 1.0, 1.0, 1.0, 1.0, 0.0, 0.0, 0.0, 0.0, 0.0, 0.0, 0.0, 0.0, 0.0, 0.0, 1.0, 0.0, 1.0, 0.0, 1.0, 0.0, 1.0, 0.0, 0.0, 0.0, 1.0, 0.0, 0.0, 0.0, 0.0, 1.0, 1.0, 1.0, 0.0, 0.0, 0.0, 1.0, 0.0, 0.0, 0.0, 1.0, 0.0, 0.0, 0.0, 0.0, 0.0, 0.0, 1.0, 1.0, 1.0, 0.0, 0.0, 0.0, 0.0, 1.0, 1.0, 1.0, 0.0, 1.0, 1.0, 1.0, 1.0, 0.0, 0.0, 1.0, 0.0, 0.0, 0.0, 0.0, 0.0, 1.0, 1.0, 1.0, 1.0, 1.0, 1.0, 1.0, 0.0, 1.0, 1.0, 1.0, 1.0, 0.0, 0.0, 0.0, 0.0, 1.0, 1.0, 1.0, 1.0, 0.0, 0.0, 0.0, 0.0, 0.0, 1.0, 0.0, 0.0, 0.0, 0.0, 0.0, 0.0, 0.0, 0.0, 0.0, 0.0, 0.0, 0.0, 0.0, 0.0, 0.0, 0.0, 0.0, 0.0, 0.0, 0.0, 0.0, 0.0, 1.0, 1.0, 0.0, 1.0, 1.0, 0.0, 1.0, 0.0, 1.0, 1.0, 1.0, 1.0, 1.0, 0.0, 1.0, 1.0, 0.0, 0.0, 0.0, 0.0, 0.0, 1.0, 1.0, 0.0, 1.0, 0.0, 0.0, 1.0, 0.0, 0.0, 0.0, 0.0, 1.0, 1.0, 1.0, 0.0, 0.0, 0.0, 1.0, 0.0, 1.0, 1.0, 1.0, 0.0, 0.0, 0.0, 0.0, 0.0, 1.0, 1.0, 1.0, 1.0, 1.0, 1.0, 1.0, 0.0, 0.0, 0.0, 0.0, 0.0, 0.0, 0.0, 0.0, 0.0, 1.0, 0.0, 1.0, 0.0, 0.0, 0.0, 0.0, 0.0, 1.0, 1.0, 1.0, 1.0, 1.0, 1.0, 1.0, 0.0, 1.0, 1.0, 1.0, 1.0, 1.0, 1.0, 0.0, 1.0, 1.0, 1.0, 1.0, 1.0, 0.0, 0.0, 0.0, 0.0, 1.0, 1.0, 1.0, 1.0, 1.0, 1.0, 1.0, 0.0, 0.0, 1.0, 1.0, 1.0, 0.0, 0.0, 0.0, 0.0, 1.0, 1.0, 1.0, 1.0, 0.0, 0.0, 0.0, 0.0, 1.0, 0.0, 1.0, 0.0, 0.0, 0.0, 0.0, 0.0, 1.0, 1.0, 1.0, 1.0, 1.0, 0.0, 1.0, 0.0, 1.0, 1.0, 1.0, 0.0, 1.0, 1.0, 0.0, 1.0, 1.0, 1.0, 1.0, 1.0, 0.0, 0.0, 0.0, 0.0, 0.0, 0.0, 0.0, 0.0, 0.0, 0.0, 0.0, 0.0, 1.0, 1.0, 1.0, 1.0, 0.0, 0.0, 0.0, 0.0, 0.0, 0.0, 0.0, 0.0, 0.0, 0.0, 0.0, 0.0, 0.0, 0.0, 0.0, 0.0, 0.0, 0.0, 0.0, 0.0, 1.0, 1.0, 0.0, 0.0, 1.0, 1.0, 1.0, 1.0, 1.0, 1.0, 1.0, 1.0, 1.0, 1.0, 1.0, 1.0, 1.0, 1.0, 1.0, 1.0, 1.0, 0.0, 1.0, 1.0, 0.0, 1.0, 0.0, 1.0, 0.0, 1.0, 0.0, 0.0, 1.0, 1.0, 1.0, 1.0, 0.0, 0.0, 1.0, 0.0, 1.0, 1.0, 1.0, 1.0, 0.0, 0.0, 0.0, 0.0, 0.0, 0.0, 0.0, 1.0, 0.0, 0.0, 0.0, 0.0, 1.0, 1.0, 1.0, 1.0, 0.0, 0.0, 0.0, 0.0, 0.0, 1.0, 1.0, 1.0, 0.0, 1.0, 1.0, 0.0, 1.0, 1.0, 1.0, 1.0, 0.0, 0.0, 0.0, 0.0, 1.0, 0.0, 1.0, 1.0, 1.0, 0.0, 0.0, 1.0, 1.0, 1.0, 1.0, 1.0, 1.0, 1.0, 1.0, 0.0, 0.0, 1.0, 1.0, 1.0, 1.0, 1.0, 0.0, 0.0, 1.0, 1.0, 1.0, 1.0, 0.0, 0.0, 0.0, 0.0, 1.0, 1.0, 1.0, 0.0, 0.0, 0.0, 1.0, 0.0, 1.0, 1.0, 1.0, 1.0, 0.0, 0.0, 0.0, 0.0, 0.0, 0.0, 0.0, 0.0, 0.0, 0.0, 0.0, 0.0, 0.0, 0.0, 1.0, 1.0, 0.0, 0.0, 0.0, 0.0, 1.0, 1.0, 1.0, 1.0, 1.0, 0.0, 0.0, 1.0]",-295.2442605392121,597.0338707387587,-482.430437669722,964.860875339444,3.978790340724065,-10.965027317078459,24.7026433563967,1.2846122460949685,-433.45128860920846,873.4479268787513,True,True,True,True,True,0.75,0.5,0.875,0.75,0.75,0.5,0.5,0.5,0.75,0.5,0.3125,0.375,"Z.exactly(lambda x1: Z.less(x1,3,'size'),3,X)","Z.forall(lambda x1: Z.not_operator(Z.lequal(x1,3,'size')),X)","Z.exactly(lambda x1: Z.less(x1,3,'size'),3,X)","Z.forall(lambda x1: Z.greater(x1,2,'size'),X)",0.5,0.5,0.5,0.5,0.5,0.7083333333333334,0.6982758620689655,0.6867816091954023,0.6954022988505747,0.6925287356321839,5.241379310344827,0,0,0,0,0,0
6,12,16,vrJh5,Sx5A2_s1FPDoUsTLAAAT,Zeta,there is a red,"[True, True, True, True, False, False, False, False]","[True, True, True, True, False, False, False, False]",1.0,1.0,Must contain a red triangle.,[['x1']],"Z.exists(lambda x1: Z.equal(x1,'red','colour'),X)",Must contain a red triangle,"[{'ids': [0, 1, 2], 'colours': ['red', 'green', 'red'], 'sizes': [2, 2, 1], 'xpos': [1.2082678368261197, 1.2082670255089956, 3.655562636224445], 'ypos': [4.111667867449258, 3.8108413534585184, 3.8307506090986188], 'rotations': [3.1415924557610455, 3.141591098893173, 1.2121899680575183], 'orientations': ['upright', 'upright', 'lhs'], 'contact': [[0, 1], [1, 0], [2]], 'grounded': ['yes', 'no', 'yes'], 'follow_rule': True}, {'ids': [0, 1, 2], 'colours': ['blue', 'green', 'green'], 'sizes': [2, 2, 2], 'xpos': [1.6124213635938658, 1.613234758904793, 3.168064229859386], 'ypos': [4.1088728834683685, 3.806135692709932, 4.107364711934577], 'rotations': [3.1430739188733607, 3.142301707837738, 3.140248045746231], 'orientations': ['upright', 'upright', 'upright'], 'contact': [[0, 1], [1, 0], [2]], 'grounded': ['yes', 'no', 'yes'], 'follow_rule': False}, {'ids': [0, 1, 2], 'colours': ['blue', 'green', 'red'], 'sizes': [1, 3, 1], 'xpos': [2.4027008779737313, 1.2491486810155243, 1.2628838211388818], 'ypos': [4.110684746541629, 4.107478026507359, 3.1516691439574243], 'rotations': [3.144865726517329, -3.1404365788996165, 3.1069983283055578], 'orientations': ['upright', 'upright', 'upright'], 'contact': [[0], [1, 2], [2, 1]], 'grounded': ['yes', 'yes', 'no'], 'follow_rule': True}, {'ids': [0, 1, 2], 'colours': ['blue', 'green', 'blue'], 'sizes': [1, 3, 1], 'xpos': [1.0275435559279877, 3.9292811258087315, 3.935815056016616], 'ypos': [3.8307506090986196, 4.111694473598422, 3.1652651947933528], 'rotations': [1.2121899680575183, -3.1416154357722204, 3.1238066270873497], 'orientations': ['lhs', 'upright', 'upright'], 'contact': [[0], [1, 2], [2, 1]], 'grounded': ['yes', 'yes', 'no'], 'follow_rule': False}, {'ids': [0, 1, 2], 'colours': ['green', 'green', 'blue'], 'sizes': [3, 1, 2], 'xpos': [1.1223807534633654, 1.1379896379217598, 2.884398181268757], 'ypos': [4.108236359162406, 3.155237058626308, 4.107589221161771], 'rotations': [3.1434397006567285, 3.109732565662112, 3.14382492846967], 'orientations': ['upright', 'upright', 'upright'], 'contact': [[0, 1], [1, 0], [2]], 'grounded': ['yes', 'no', 'yes'], 'follow_rule': False}, {'ids': [0, 1, 2], 'colours': ['red', 'green', 'blue'], 'sizes': [2, 1, 2], 'xpos': [1.5624271227494118, 1.5606605474618134, 5.016487815910459], 'ypos': [4.109152336727738, 3.4939004893540813, 4.107868807139864], 'rotations': [3.1467071196565537, 3.159974449680315, 3.1446466713927976], 'orientations': ['upright', 'upright', 'upright'], 'contact': [[0, 1], [1, 0], [2]], 'grounded': ['yes', 'no', 'yes'], 'follow_rule': True}, {'ids': [0, 1], 'colours': ['blue', 'red'], 'sizes': [2, 1], 'xpos': [5.028016672304325, 5.024971879947539], 'ypos': [4.107546947131464, 3.491912138966536], 'rotations': [3.1435513096347703, 3.154923817970896], 'orientations': ['upright', 'upright'], 'contact': [[0, 1], [1, 0]], 'grounded': ['yes', 'no'], 'follow_rule': True}, {'ids': [0], 'colours': ['green'], 'sizes': [3], 'xpos': [4.130483584807145], 'ypos': [4.10808841918597], 'rotations': [3.143251584847184], 'orientations': ['upright'], 'contact': [[0]], 'grounded': ['yes'], 'follow_rule': False}, {'ids': [0, 1, 2, 3], 'colours': ['red', 'green', 'green', 'red'], 'sizes': [1, 3, 1, 2], 'xpos': [4.99719497412721, 5.33966521510595, 6.7812617602386, 0.647214122653947], 'ypos': [3.87616110226316, 3.89757703212827, 4.15810225565523, 4.15717162300964], 'rotations': [1.21015432030723, 3.69203273094864, 3.14416974526282, 3.14125264303298], 'contact': [[0, 1], [1, 0], 2, 3], 'grounded': ['yes', 'yes', 'yes', 'yes']}, {'ids': [0, 1, 2, 3, 4], 'colours': ['red', 'red', 'blue', 'blue', 'green'], 'sizes': [2, 1, 2, 2, 1], 'xpos': [0.756045112876682, 5.7930538088619, 4.02912968049722, 0.607249611808554, 2.34445062198903], 'ypos': [3.78128677692435, 3.87663053995449, 3.77926220180112, 4.09987976609843, 4.15797989686201], 'rotations': [5.04734512360657, 1.21097145412816, 1.2338944765227, 2.99747085022243, 3.14330311350596], 'contact': [[0, 3], 1, 2, [3, 0], 4], 'grounded': ['yes', 'yes', 'yes', 'yes', 'yes']}, {'ids': [0, 1, 2, 3, 4, 5], 'colours': ['green', 'green', 'green', 'green', 'red', 'red'], 'sizes': [1, 1, 2, 2, 1, 1], 'xpos': [0.392205266119112, 6.46736091582645, 5.87132830651543, 2.56842478452184, 1.05497225772388, 3.35722507237469], 'ypos': [4.15754519774028, 3.87672651888649, 3.80774864689194, 4.15891117383473, 4.15835090526104, 4.15780493355124], 'rotations': [3.14560426344892, 5.07442800349693, 4.20513160762651, 3.14652142167178, 3.14300168792949, 3.1450254884391], 'contact': [0, [1, 2], [2, 1], 3, 4, 5], 'grounded': ['yes', 'yes', 'yes', 'yes', 'yes', 'yes']}, {'ids': [0, 1, 2], 'colours': ['blue', 'red', 'blue'], 'sizes': [1, 3, 1], 'xpos': [3.65329156447024, 3.06074315033349, 4.60711408951368], 'ypos': [3.87683998879975, 3.89790852126602, 4.15748043316142], 'rotations': [1.21104984409195, 2.59341814797494, 3.14017425270441], 'contact': [[0, 1], [1, 0], 2], 'grounded': ['yes', 'yes', 'yes']}, {'ids': [0, 1, 2, 3, 4, 5], 'colours': ['green', 'green', 'green', 'green', 'blue', 'blue'], 'sizes': [1, 3, 2, 1, 2, 1], 'xpos': [2.9046526114666, 3.68975290255409, 5.65833149766197, 2.8246611501998, 2.89449149866101, 1.87269773742003], 'ypos': [3.88094533031908, 3.68797064017839, 4.15757175612118, 3.68349548447456, 3.68583647526567, 3.8760767087662], 'rotations': [1.21243000430047, 5.03772434357929, 3.14324414103154, 5.06868148794976, 5.04716419664426, 1.2105262200236], 'contact': [[0, 4], [1, 4], 2, [3, 4], [4, 0, 1, 3], 5], 'grounded': ['yes', 'yes', 'yes', 'no', 'no', 'yes']}, {'ids': [0, 1], 'colours': ['green', 'green'], 'sizes': [1, 3], 'xpos': [0.670764619467334, 5.261348820008], 'ypos': [3.86447444538309, 4.15793495472947], 'rotations': [1.77488765373097, 3.13951555729719], 'contact': [{'V1': 0, 'V2': 1}], 'grounded': ['yes', 'yes']}, {'ids': [0, 1, 2], 'colours': ['blue', 'green', 'green'], 'sizes': [1, 1, 3], 'xpos': [4.69009713254434, 2.93439461350621, 4.78205690186546], 'ypos': [4.15772510399043, 4.15704164375121, 4.15823822985147], 'rotations': [3.14100478933091, 3.14035932239342, 3.14115234487408], 'contact': [[0, 2], 1, [2, 0]], 'grounded': ['yes', 'yes', 'yes']}, {'ids': [0, 1, 2, 3, 4, 5], 'colours': ['green', 'blue', 'blue', 'green', 'green', 'green'], 'sizes': [3, 2, 1, 1, 3, 2], 'xpos': [4.08915128061252, 2.29489936724743, 2.81704915678861, 6.85663898790724, 1.00051084466887, 4.09237106060331], 'ypos': [4.1616688599196, 4.16166316032898, 3.87799901532656, 4.1578940642729, 4.15850762807611, 3.52787490122945], 'rotations': [3.14159237119885, 3.14158410154621, 5.07138880585438, 3.13808482008692, 3.14212541938172, 3.13686252238553], 'contact': [[0, 5], 1, 2, 3, 4, [5, 0]], 'grounded': ['yes', 'yes', 'yes', 'yes', 'yes', 'no']}]","[False, False, False, False, False, False, True, True]","[False, False, False, False, True, True, False, False]","[True, True, True, True, False, False, False, False]","[False, False, False, False, False, False, True, True]","[False, False, False, False, False, False, True, True]","[False, False, False, False, True, True, False, False]","[True, True, True, True, False, False, False, False]","[False, False, False, False, False, False, True, True]",0.75,0.75,0.0,0.0,0.25,0.25,0.25,0.25,0.75,0.75,0.0,0.0,0.75,0.75,0.01,0.0,-5.545177444479562,2.0794415416798357,11.090354888959125,0.01,0.0,-11.090354888959125,2.772588722239781,22.18070977791825,1.0502311195665048,"[1.0, 1.0, 1.0, 1.0, 1.0, 0.0, 1.0, 0.0, 1.0, 1.0, 1.0, 1.0, 1.0, 1.0, 1.0, 0.0135, 0.9530000000000001, 0.092, 0.5895, 0.5895, 1.0, 0.0, 0.0, 0.861, 1.0, 1.0, 1.0, 0.2925, 0.999, 0.999, 1.0, 0.7155, 0.0, 0.0, 1.0, 0.0, 0.0, 0.0, 1.0, 0.0, 0.0, 0.0, 1.0, 0.0, 0.0, 0.0, 1.0, 0.0, 1.0, 1.0, 1.0, 1.0, 0.0, 0.0, 0.0, 0.0, 1.0, 1.0, 1.0, 1.0, 0.935, 0.935, 0.935, 0.935, 1.0, 1.0, 1.0, 1.0, 0.0, 1.0, 0.0, 0.0, 0.0, 1.0, 1.0, 1.0, 1.0, 1.0, 1.0, 1.0, 1.0, 1.0, 1.0, 1.0, 0.0935, 0.0935, 0.0935, 0.0935, 1.0, 1.0, 1.0, 1.0, 1.0, 1.0, 1.0, 1.0, 1.0, 1.0, 1.0, 1.0, 1.0, 1.0, 1.0, 0.013000000000000001, 1.0, 1.0, 0.998, 1.0, 1.0, 0.002, 0.998, 0.002, 1.0, 1.0, 1.0, 1.0, 1.0, 1.0, 1.0, 0.0, 0.973, 1.0, 0.9530000000000001, 1.0, 0.8925000000000001, 0.9195, 0.17400000000000002, 0.201, 1.0, 1.0, 1.0, 1.0, 0.0, 0.0, 0.0, 0.0, 1.0, 1.0, 1.0, 0.24, 1.0, 1.0, 0.968, 1.0, 0.653, 0.653, 0.653, 1.0, 0.2535, 0.2535, 0.7035, 0.10300000000000001, 1.0, 1.0, 1.0, 1.0, 0.0, 1.0, 0.0, 0.0, 1.0, 1.0, 1.0, 0.012, 0.988, 0.988, 1.0, 1.0, 1.0, 0.0, 1.0, 1.0, 1.0, 0.0, 0.0, 1.0, 0.0, 0.0, 0.0, 1.0, 1.0, 0.0, 0.0, 0.0, 1.0, 1.0, 1.0, 1.0, 0.0, 0.0, 0.0, 0.0, 1.0, 1.0, 1.0, 1.0, 0.0, 0.0, 0.0, 0.0, 1.0, 1.0, 1.0, 1.0, 1.0, 1.0, 0.841, 1.0, 1.0, 1.0, 1.0, 1.0, 0.0, 0.0, 0.0, 0.0, 1.0, 1.0, 1.0, 1.0, 1.0, 1.0, 1.0, 0.0, 0.197, 0.0, 0.85, 0.653, 0.803, 0.0, 0.0, 0.0, 0.8525, 0.847, 0.9935, 0.847, 0.28300000000000003, 0.4305, 0.426, 0.426, 1.0, 1.0, 1.0, 1.0, 1.0, 1.0, 1.0, 0.0, 0.798, 1.0, 0.7995, 0.7995, 0.0275, 0.029, 0.2265, 0.1975, 1.0, 1.0, 1.0, 1.0, 0.0, 0.0, 0.0, 0.0, 0.862, 0.854, 0.8595, 0.8955000000000001, 0.045, 0.0005, 0.8695, 0.8505, 1.0, 1.0, 1.0, 0.022, 1.0, 1.0, 1.0, 0.978, 0.28400000000000003, 0.0145, 0.1885, 0.0275, 0.2755, 0.0, 0.0015, 0.013000000000000001, 0.0, 0.0, 0.0, 1.0, 1.0, 0.0, 0.0, 0.0, 1.0, 1.0, 1.0, 1.0, 0.0, 0.0, 0.0, 0.0, 1.0, 1.0, 1.0, 1.0, 1.0, 0.0, 1.0, 0.0, 1.0, 1.0, 1.0, 1.0, 1.0, 1.0, 1.0, 0.0, 1.0, 1.0, 1.0, 0.728, 0.8265, 0.5545, 0.5545, 0.8265, 1.0, 1.0, 1.0, 1.0, 1.0, 1.0, 1.0, 1.0, 1.0, 1.0, 1.0, 0.8715, 0.9365, 0.8695, 0.8695, 0.9365, 0.229, 0.229, 0.229, 0.229, 0.801, 0.03, 0.03, 0.801, 0.0, 0.0, 0.0, 1.0, 1.0, 0.0, 0.0, 0.0, 0.108, 0.114, 0.2315, 0.108, 0.114, 0.07050000000000001, 0.0495, 0.006, 1.0, 1.0, 1.0, 1.0, 0.0, 0.0, 0.0, 0.0, 0.8955000000000001, 0.895, 0.0115, 0.0, 0.883, 0.0, 0.0, 0.0, 1.0, 1.0, 1.0, 1.0, 0.0, 0.0, 0.0, 0.0, 0.902, 0.902, 0.902, 0.678, 0.88, 0.88, 0.902, 0.807, 1.0, 1.0, 1.0, 1.0, 0.0, 0.0, 0.0, 0.0, 1.0, 1.0, 1.0, 1.0, 1.0, 1.0, 1.0, 0.0, 1.0, 1.0, 1.0, 1.0, 0.0, 0.0, 0.0, 0.0, 1.0, 1.0, 1.0, 1.0, 0.008, 0.008, 0.008, 0.008, 1.0, 1.0, 1.0, 1.0, 1.0, 1.0, 1.0, 0.0, 1.0, 1.0, 1.0, 1.0, 1.0, 1.0, 0.6980000000000001, 1.0, 1.0, 1.0, 1.0, 1.0, 0.0, 0.0, 0.0, 0.0, 1.0, 1.0, 1.0, 1.0, 1.0, 1.0, 1.0, 0.0, 0.9530000000000001, 0.9530000000000001, 0.9530000000000001, 1.0, 1.0, 1.0, 0.641, 0.9530000000000001, 1.0, 1.0, 1.0, 1.0, 0.0, 0.0, 0.0, 0.0, 1.0, 1.0, 1.0, 1.0, 1.0, 1.0, 1.0, 1.0, 1.0, 1.0, 1.0, 1.0, 0.0, 0.0, 0.0, 0.0, 1.0, 1.0, 1.0, 1.0, 1.0, 1.0, 1.0, 1.0, 1.0, 1.0, 1.0, 1.0, 0.021500000000000002, 0.021500000000000002, 0.021500000000000002, 0.021500000000000002, 0.021500000000000002, 0.003, 0.02, 0.0095, 0.0095, 0.964, 0.9555, 0.0095, 1.0, 1.0, 1.0, 1.0, 1.0, 1.0, 1.0, 1.0, 1.0, 1.0, 1.0, 1.0, 0.0, 0.0, 0.0, 0.0, 1.0, 1.0, 1.0, 1.0, 0.0, 0.0, 1.0, 1.0, 1.0, 0.873, 0.198, 0.198, 1.0, 1.0, 0.6905, 1.0, 1.0, 1.0, 1.0, 1.0, 1.0, 1.0, 1.0, 0.0, 1.0, 0.999, 0.999, 1.0, 0.0025, 0.0025, 0.0025, 0.0025, 1.0, 1.0, 1.0, 1.0, 1.0, 0.686, 0.314, 0.0, 1.0, 1.0, 1.0, 1.0, 0.524, 0.524, 1.0, 0.47600000000000003, 1.0, 1.0, 1.0, 1.0, 0.008, 0.008, 0.008, 0.008, 0.9935, 0.9935, 0.9775, 0.9935, 0.9935, 0.0225, 0.988, 0.017, 1.0, 1.0, 1.0, 1.0, 0.0725, 0.0725, 0.0725, 0.0725, 0.041, 1.0, 1.0, 0.9590000000000001, 0.041, 0.9590000000000001, 1.0, 0.0, 0.7435, 0.9835, 0.7425, 0.986, 0.7435, 0.7435, 0.256, 0.987, 1.0, 0.005, 1.0, 1.0, 1.0, 0.005, 0.005, 1.0, 1.0, 1.0, 1.0, 1.0, 1.0, 1.0, 1.0, 0.0, 1.0, 1.0, 1.0, 1.0, 0.0, 0.0, 0.0, 0.0, 1.0, 1.0, 1.0, 1.0, 0.0, 0.0, 0.0, 0.0, 0.9705, 0.9705, 0.9145, 1.0, 0.8015, 0.8015, 0.9705, 0.7865, 1.0, 1.0, 1.0, 1.0, 0.0, 0.0, 0.0, 0.0, 1.0, 1.0, 1.0, 1.0, 0.0, 0.0, 0.0, 0.0, 1.0, 1.0, 1.0, 1.0, 0.0, 0.0, 0.0, 0.0, 1.0, 1.0, 1.0, 1.0, 1.0, 1.0, 1.0, 1.0]",-418.5875071169283,843.720363894191,-482.430437669722,964.860875339444,0.01,0.0,2.0794415416798357,0.9102401122128739,-8.997362313902647,20.767313350045075,0.6334250289943713,"[1.0, 1.0, 1.0, 1.0, 1.0, 0.0, 1.0, 0.0, 1.0, 1.0, 1.0, 1.0, 1.0, 1.0, 1.0, 0.0, 0.0, 0.0, 0.0, 0.0, 0.0, 0.0, 0.0, 0.0, 1.0, 1.0, 1.0, 0.0, 0.0, 0.0, 1.0, 0.0, 0.0, 0.0, 1.0, 1.0, 0.0, 1.0, 1.0, 1.0, 1.0, 1.0, 1.0, 1.0, 0.0, 0.0, 1.0, 1.0, 1.0, 1.0, 1.0, 1.0, 0.0, 0.0, 0.0, 0.0, 1.0, 1.0, 1.0, 1.0, 0.0, 0.0, 0.0, 0.0, 0.0, 0.0, 0.0, 0.0, 0.0, 1.0, 1.0, 0.0, 1.0, 1.0, 1.0, 1.0, 0.0, 0.0, 0.0, 0.0, 1.0, 1.0, 1.0, 1.0, 0.0, 0.0, 0.0, 0.0, 1.0, 1.0, 1.0, 1.0, 1.0, 1.0, 0.0, 1.0, 1.0, 1.0, 1.0, 1.0, 1.0, 1.0, 1.0, 0.0, 1.0, 1.0, 1.0, 1.0, 1.0, 0.0, 1.0, 0.0, 0.0, 1.0, 0.0, 0.0, 1.0, 1.0, 1.0, 0.0, 1.0, 1.0, 0.0, 1.0, 1.0, 0.0, 0.0, 0.0, 1.0, 1.0, 1.0, 0.0, 1.0, 1.0, 1.0, 1.0, 1.0, 1.0, 1.0, 1.0, 0.0, 0.0, 0.0, 0.0, 1.0, 1.0, 1.0, 0.0, 0.0, 0.0, 1.0, 0.0, 0.0, 0.0, 1.0, 0.0, 0.0, 0.0, 0.0, 0.0, 1.0, 1.0, 1.0, 0.0, 0.0, 0.0, 1.0, 0.0, 0.0, 0.0, 0.0, 1.0, 0.0, 0.0, 0.0, 0.0, 0.0, 0.0, 0.0, 1.0, 0.0, 0.0, 0.0, 0.0, 1.0, 1.0, 1.0, 1.0, 0.0, 0.0, 0.0, 0.0, 1.0, 1.0, 1.0, 0.0, 0.0, 0.0, 1.0, 0.0, 1.0, 1.0, 1.0, 1.0, 0.0, 0.0, 0.0, 0.0, 1.0, 1.0, 1.0, 1.0, 0.0, 0.0, 0.0, 0.0, 1.0, 1.0, 1.0, 1.0, 1.0, 1.0, 1.0, 0.0, 0.0, 0.0, 0.0, 0.0, 1.0, 0.0, 0.0, 0.0, 1.0, 1.0, 1.0, 1.0, 1.0, 1.0, 1.0, 1.0, 1.0, 1.0, 1.0, 1.0, 1.0, 1.0, 1.0, 0.0, 0.0, 0.0, 0.0, 0.0, 0.0, 0.0, 0.0, 0.0, 0.0, 1.0, 0.0, 1.0, 0.0, 1.0, 0.0, 1.0, 0.0, 0.0, 0.0, 1.0, 0.0, 0.0, 0.0, 0.0, 1.0, 1.0, 1.0, 0.0, 0.0, 0.0, 1.0, 0.0, 1.0, 1.0, 1.0, 1.0, 1.0, 0.0, 1.0, 0.0, 0.0, 1.0, 1.0, 1.0, 0.0, 0.0, 0.0, 0.0, 1.0, 1.0, 1.0, 0.0, 1.0, 1.0, 1.0, 1.0, 0.0, 1.0, 1.0, 1.0, 0.0, 0.0, 0.0, 0.0, 1.0, 1.0, 1.0, 1.0, 1.0, 1.0, 1.0, 0.0, 1.0, 1.0, 1.0, 1.0, 0.0, 0.0, 0.0, 0.0, 1.0, 1.0, 1.0, 1.0, 0.0, 0.0, 0.0, 0.0, 0.0, 1.0, 0.0, 0.0, 0.0, 0.0, 0.0, 0.0, 1.0, 1.0, 1.0, 1.0, 1.0, 0.0, 1.0, 1.0, 0.0, 0.0, 0.0, 0.0, 0.0, 1.0, 1.0, 0.0, 1.0, 1.0, 1.0, 1.0, 1.0, 0.0, 1.0, 0.0, 1.0, 1.0, 1.0, 1.0, 1.0, 0.0, 1.0, 1.0, 0.0, 0.0, 0.0, 0.0, 0.0, 1.0, 1.0, 0.0, 1.0, 0.0, 0.0, 1.0, 0.0, 0.0, 0.0, 0.0, 1.0, 1.0, 1.0, 0.0, 0.0, 0.0, 1.0, 0.0, 1.0, 1.0, 1.0, 0.0, 0.0, 0.0, 0.0, 0.0, 1.0, 1.0, 1.0, 1.0, 1.0, 1.0, 1.0, 0.0, 0.0, 0.0, 0.0, 0.0, 0.0, 0.0, 0.0, 0.0, 1.0, 0.0, 1.0, 0.0, 0.0, 0.0, 0.0, 0.0, 1.0, 1.0, 1.0, 1.0, 1.0, 1.0, 1.0, 0.0, 1.0, 1.0, 1.0, 1.0, 1.0, 1.0, 0.0, 1.0, 1.0, 1.0, 1.0, 1.0, 0.0, 0.0, 0.0, 0.0, 1.0, 1.0, 1.0, 1.0, 1.0, 1.0, 1.0, 0.0, 0.0, 1.0, 1.0, 1.0, 0.0, 0.0, 0.0, 0.0, 1.0, 1.0, 1.0, 1.0, 0.0, 0.0, 0.0, 0.0, 1.0, 0.0, 1.0, 0.0, 0.0, 0.0, 0.0, 0.0, 1.0, 1.0, 1.0, 1.0, 1.0, 0.0, 1.0, 0.0, 1.0, 1.0, 1.0, 0.0, 1.0, 1.0, 0.0, 1.0, 1.0, 1.0, 1.0, 1.0, 0.0, 0.0, 0.0, 0.0, 0.0, 0.0, 0.0, 0.0, 0.0, 1.0, 0.0, 0.0, 1.0, 1.0, 1.0, 1.0, 0.0, 0.0, 0.0, 0.0, 0.0, 0.0, 0.0, 0.0, 0.0, 0.0, 0.0, 0.0, 1.0, 0.0, 1.0, 0.0, 0.0, 0.0, 0.0, 0.0, 1.0, 1.0, 0.0, 0.0, 1.0, 1.0, 1.0, 1.0, 1.0, 1.0, 1.0, 1.0, 1.0, 1.0, 1.0, 1.0, 1.0, 1.0, 1.0, 1.0, 1.0, 0.0, 1.0, 1.0, 0.0, 1.0, 0.0, 1.0, 0.0, 1.0, 0.0, 0.0, 1.0, 1.0, 1.0, 1.0, 0.0, 0.0, 1.0, 0.0, 1.0, 1.0, 1.0, 1.0, 0.0, 0.0, 0.0, 0.0, 0.0, 0.0, 0.0, 1.0, 0.0, 0.0, 0.0, 0.0, 1.0, 1.0, 1.0, 1.0, 0.0, 0.0, 0.0, 0.0, 0.0, 1.0, 1.0, 1.0, 0.0, 1.0, 1.0, 0.0, 1.0, 1.0, 1.0, 1.0, 0.0, 0.0, 0.0, 0.0, 1.0, 0.0, 1.0, 1.0, 1.0, 0.0, 0.0, 1.0, 1.0, 1.0, 1.0, 1.0, 1.0, 1.0, 1.0, 0.0, 0.0, 1.0, 1.0, 1.0, 1.0, 1.0, 0.0, 0.0, 1.0, 1.0, 1.0, 1.0, 0.0, 0.0, 0.0, 0.0, 1.0, 1.0, 1.0, 0.0, 0.0, 0.0, 1.0, 0.0, 1.0, 1.0, 1.0, 1.0, 0.0, 0.0, 0.0, 0.0, 0.0, 0.0, 0.0, 0.0, 0.0, 0.0, 0.0, 0.0, 0.0, 1.0, 0.0, 1.0, 0.0, 1.0, 1.0, 0.0, 1.0, 1.0, 1.0, 1.0, 1.0, 0.0, 0.0, 1.0]",-318.3726801373107,643.2907099349558,0.01,0.0,-5.545177444479562,2.0794415416798357,11.090354888959125,0.5138983408241962,-6.028322580102988,-11.090354888959125,14.829233882445758,22.18070977791825,0.6173530694834558,"[1.0, 1.0, 1.0, 1.0, 1.0, 0.0, 1.0, 0.0, 1.0, 1.0, 1.0, 1.0, 1.0, 1.0, 1.0, 0.0, 0.0, 0.0, 0.0, 0.0, 0.0, 0.0, 0.0, 0.0, 1.0, 1.0, 1.0, 0.0, 0.0, 0.0, 1.0, 0.0, 0.0, 0.0, 1.0, 1.0, 0.0, 1.0, 1.0, 1.0, 0.0, 0.0, 0.0, 0.0, 0.0, 0.0, 0.0, 0.0, 1.0, 1.0, 1.0, 1.0, 0.0, 0.0, 0.0, 0.0, 1.0, 1.0, 1.0, 1.0, 0.0, 0.0, 0.0, 0.0, 0.0, 0.0, 0.0, 0.0, 0.0, 1.0, 1.0, 0.0, 0.0, 0.0, 0.0, 1.0, 0.0, 0.0, 0.0, 0.0, 1.0, 1.0, 1.0, 1.0, 0.0, 0.0, 0.0, 0.0, 0.0, 0.0, 0.0, 0.0, 1.0, 1.0, 0.0, 1.0, 1.0, 1.0, 1.0, 1.0, 1.0, 1.0, 1.0, 0.0, 1.0, 1.0, 1.0, 1.0, 1.0, 0.0, 1.0, 0.0, 0.0, 1.0, 0.0, 0.0, 1.0, 1.0, 1.0, 0.0, 1.0, 1.0, 0.0, 1.0, 1.0, 0.0, 0.0, 0.0, 1.0, 1.0, 1.0, 0.0, 1.0, 1.0, 1.0, 1.0, 1.0, 1.0, 1.0, 1.0, 0.0, 0.0, 0.0, 0.0, 1.0, 1.0, 1.0, 0.0, 0.0, 0.0, 1.0, 0.0, 0.0, 0.0, 1.0, 0.0, 0.0, 0.0, 0.0, 0.0, 1.0, 1.0, 1.0, 0.0, 0.0, 0.0, 1.0, 0.0, 0.0, 0.0, 0.0, 1.0, 0.0, 0.0, 0.0, 0.0, 0.0, 0.0, 0.0, 1.0, 0.0, 0.0, 0.0, 0.0, 1.0, 1.0, 1.0, 1.0, 0.0, 0.0, 0.0, 0.0, 1.0, 1.0, 1.0, 0.0, 0.0, 0.0, 1.0, 0.0, 1.0, 1.0, 1.0, 1.0, 0.0, 0.0, 0.0, 0.0, 1.0, 1.0, 1.0, 1.0, 0.0, 0.0, 0.0, 0.0, 1.0, 1.0, 1.0, 1.0, 1.0, 1.0, 1.0, 0.0, 0.0, 0.0, 0.0, 0.0, 1.0, 0.0, 0.0, 0.0, 1.0, 1.0, 1.0, 1.0, 1.0, 1.0, 1.0, 1.0, 1.0, 1.0, 1.0, 1.0, 1.0, 1.0, 1.0, 0.0, 0.0, 0.0, 0.0, 0.0, 0.0, 0.0, 0.0, 0.0, 0.0, 1.0, 0.0, 1.0, 0.0, 1.0, 0.0, 1.0, 0.0, 0.0, 0.0, 1.0, 0.0, 0.0, 0.0, 0.0, 1.0, 1.0, 1.0, 0.0, 0.0, 0.0, 1.0, 0.0, 1.0, 1.0, 1.0, 1.0, 1.0, 0.0, 1.0, 0.0, 0.0, 1.0, 1.0, 1.0, 0.0, 0.0, 0.0, 0.0, 1.0, 1.0, 1.0, 0.0, 1.0, 1.0, 1.0, 1.0, 0.0, 1.0, 1.0, 1.0, 0.0, 0.0, 0.0, 0.0, 1.0, 1.0, 1.0, 1.0, 1.0, 1.0, 1.0, 0.0, 1.0, 1.0, 1.0, 1.0, 0.0, 0.0, 0.0, 0.0, 1.0, 1.0, 1.0, 1.0, 0.0, 0.0, 0.0, 0.0, 0.0, 1.0, 0.0, 0.0, 0.0, 0.0, 0.0, 0.0, 0.0, 0.0, 0.0, 0.0, 0.0, 0.0, 0.0, 0.0, 1.0, 0.0, 1.0, 1.0, 1.0, 0.0, 0.0, 1.0, 1.0, 1.0, 1.0, 1.0, 1.0, 0.0, 1.0, 0.0, 1.0, 1.0, 1.0, 1.0, 1.0, 0.0, 1.0, 1.0, 0.0, 0.0, 0.0, 0.0, 0.0, 1.0, 1.0, 0.0, 1.0, 0.0, 0.0, 1.0, 0.0, 0.0, 0.0, 0.0, 1.0, 1.0, 1.0, 0.0, 0.0, 0.0, 1.0, 0.0, 1.0, 1.0, 1.0, 0.0, 0.0, 0.0, 0.0, 0.0, 1.0, 1.0, 1.0, 1.0, 1.0, 1.0, 1.0, 0.0, 0.0, 0.0, 0.0, 0.0, 0.0, 0.0, 0.0, 0.0, 1.0, 0.0, 1.0, 0.0, 0.0, 0.0, 0.0, 0.0, 1.0, 1.0, 1.0, 1.0, 1.0, 1.0, 1.0, 0.0, 1.0, 1.0, 1.0, 1.0, 1.0, 1.0, 0.0, 1.0, 1.0, 1.0, 1.0, 1.0, 0.0, 0.0, 0.0, 0.0, 1.0, 1.0, 1.0, 1.0, 1.0, 1.0, 1.0, 0.0, 0.0, 1.0, 1.0, 1.0, 0.0, 0.0, 0.0, 0.0, 1.0, 1.0, 1.0, 1.0, 0.0, 0.0, 0.0, 0.0, 1.0, 0.0, 1.0, 0.0, 0.0, 0.0, 0.0, 0.0, 1.0, 1.0, 1.0, 1.0, 1.0, 0.0, 1.0, 0.0, 1.0, 1.0, 1.0, 0.0, 1.0, 1.0, 0.0, 1.0, 1.0, 1.0, 1.0, 1.0, 0.0, 0.0, 0.0, 0.0, 0.0, 0.0, 0.0, 0.0, 0.0, 1.0, 0.0, 0.0, 1.0, 1.0, 1.0, 1.0, 0.0, 0.0, 0.0, 0.0, 0.0, 0.0, 0.0, 0.0, 0.0, 0.0, 0.0, 0.0, 1.0, 0.0, 1.0, 0.0, 0.0, 0.0, 0.0, 0.0, 1.0, 1.0, 0.0, 0.0, 1.0, 1.0, 1.0, 1.0, 1.0, 1.0, 1.0, 1.0, 1.0, 1.0, 1.0, 1.0, 1.0, 1.0, 1.0, 1.0, 1.0, 0.0, 1.0, 1.0, 0.0, 1.0, 0.0, 1.0, 0.0, 1.0, 0.0, 0.0, 1.0, 1.0, 1.0, 1.0, 0.0, 0.0, 1.0, 0.0, 1.0, 1.0, 1.0, 1.0, 0.0, 0.0, 0.0, 0.0, 0.0, 0.0, 0.0, 1.0, 0.0, 0.0, 0.0, 0.0, 1.0, 1.0, 1.0, 1.0, 0.0, 0.0, 0.0, 0.0, 0.0, 1.0, 1.0, 1.0, 0.0, 1.0, 1.0, 0.0, 1.0, 1.0, 1.0, 1.0, 0.0, 0.0, 0.0, 0.0, 1.0, 0.0, 1.0, 1.0, 1.0, 0.0, 0.0, 1.0, 1.0, 1.0, 1.0, 1.0, 1.0, 1.0, 1.0, 0.0, 0.0, 0.0, 1.0, 0.0, 0.0, 1.0, 0.0, 0.0, 1.0, 1.0, 1.0, 1.0, 0.0, 0.0, 0.0, 0.0, 1.0, 1.0, 1.0, 0.0, 0.0, 0.0, 1.0, 0.0, 1.0, 1.0, 1.0, 1.0, 0.0, 0.0, 0.0, 0.0, 0.0, 0.0, 0.0, 0.0, 0.0, 0.0, 0.0, 0.0, 0.0, 1.0, 0.0, 1.0, 0.0, 1.0, 1.0, 0.0, 1.0, 1.0, 1.0, 1.0, 1.0, 0.0, 0.0, 1.0]",-311.9759791000219,630.4973078603782,-482.430437669722,964.860875339444,256.03169904507916,-5.547364722374772,-5.545177444479562,13.174170986429381,11.090354888959125,0.9452085572742149,-9.346924432891239,-11.090354888959125,21.46643758802226,22.18070977791825,1.0908740239314543,"[0.0, 0.0, 1.0, 0.0, 0.0, 0.0, 0.0, 0.0, 1.0, 1.0, 1.0, 1.0, 0.877, 0.877, 0.877, 0.0, 1.0, 0.259, 1.0, 1.0, 0.8015, 0.0, 0.259, 1.0, 1.0, 1.0, 1.0, 1.0, 1.0, 1.0, 1.0, 0.0, 0.0, 0.0, 1.0, 0.0, 0.0, 0.0, 1.0, 0.0, 0.0, 0.0, 1.0, 0.0, 0.0, 0.0, 1.0, 0.0, 0.0, 0.0, 0.0, 0.0775, 0.0, 0.0, 0.1635, 0.47100000000000003, 1.0, 1.0, 1.0, 1.0, 0.0, 0.0, 0.0, 0.0, 0.0, 0.0, 0.0, 0.0, 0.0, 0.0, 0.0, 0.0, 1.0, 1.0, 1.0, 1.0, 1.0, 1.0, 1.0, 0.0, 1.0, 1.0, 1.0, 1.0, 0.0, 0.0, 0.0, 0.0, 0.0, 0.0, 0.0, 0.0, 0.0, 0.113, 0.113, 0.0, 0.0, 0.0, 0.0, 1.0, 0.0, 0.0, 0.0, 0.0, 1.0, 1.0, 1.0, 1.0, 0.0, 0.0, 0.0, 0.0, 0.9995, 1.0, 1.0, 0.663, 1.0, 1.0, 1.0, 0.353, 1.0, 1.0, 1.0, 1.0, 0.082, 0.082, 0.0, 0.0, 0.973, 1.0, 0.7655000000000001, 0.605, 0.973, 1.0, 1.0, 0.368, 0.0, 0.0, 1.0, 0.0, 1.0, 0.0, 1.0, 0.0, 1.0, 1.0, 1.0, 1.0, 0.0, 0.0, 1.0, 0.0, 1.0, 1.0, 1.0, 1.0, 0.0, 0.9465, 0.0, 0.0, 0.666, 1.0, 0.666, 0.666, 0.0, 0.0, 0.7975, 0.0, 0.0, 0.9430000000000001, 0.0, 1.0, 1.0, 0.0, 0.0, 0.0, 0.0, 1.0, 0.0, 0.0, 0.0, 0.0, 0.0, 0.0, 1.0, 1.0, 1.0, 1.0, 0.0, 0.0, 0.0, 0.0, 1.0, 1.0, 1.0, 1.0, 1.0, 1.0, 1.0, 0.0005, 1.0, 1.0, 1.0, 1.0, 1.0, 1.0, 0.0, 1.0, 1.0, 1.0, 1.0, 1.0, 0.0, 0.0, 0.0, 0.0, 1.0, 1.0, 1.0, 1.0, 1.0, 1.0, 1.0, 0.0, 1.0, 0.0, 1.0, 0.0, 0.0, 0.0, 0.0, 0.0, 0.0, 1.0, 0.0, 1.0, 0.0, 1.0, 0.0, 1.0, 1.0, 1.0, 1.0, 1.0, 1.0, 1.0, 1.0, 0.0, 1.0, 0.0, 1.0, 1.0, 1.0, 0.0, 0.0, 1.0, 1.0, 1.0, 1.0, 1.0, 1.0, 1.0, 1.0, 1.0, 0.0, 0.9580000000000001, 0.0, 0.0, 0.0, 0.0, 0.0045000000000000005, 0.0, 0.0, 0.0, 0.0, 0.0, 0.0, 0.0, 0.0, 1.0, 0.0, 0.0, 0.0005, 0.0, 0.0, 0.0, 0.0, 0.0, 0.0, 1.0, 0.0, 0.0, 0.0, 0.0, 0.0, 0.0, 1.0, 1.0, 1.0, 0.001, 0.001, 0.001, 1.0, 0.0, 0.0, 0.0, 0.6225, 0.0, 0.0, 0.0, 0.0, 0.0, 1.0, 1.0, 1.0, 1.0, 0.0, 0.0, 0.0, 0.0, 0.0, 0.0, 0.0, 0.0, 0.0, 0.0, 0.0, 0.0, 1.0, 1.0, 1.0, 1.0, 1.0, 1.0, 1.0, 0.0, 0.0, 0.0, 0.0, 1.0, 0.0, 0.0, 1.0, 0.0, 1.0, 1.0, 1.0, 1.0, 0.0, 0.0, 0.0, 0.0, 0.0, 1.0, 0.0, 0.0, 1.0, 0.0, 0.0, 1.0, 1.0, 1.0, 1.0, 1.0, 0.0, 0.0, 0.0, 0.0, 1.0, 1.0, 1.0, 1.0, 1.0, 0.0, 1.0, 1.0, 0.0, 0.0005, 0.0, 0.0, 0.0, 0.38, 0.0, 0.0, 1.0, 1.0, 1.0, 1.0, 0.0, 0.0, 0.0, 0.0, 1.0, 1.0, 1.0, 0.999, 1.0, 1.0, 1.0, 0.0195, 1.0, 1.0, 1.0, 1.0, 0.0, 0.0, 0.0, 0.0, 0.0, 0.6285000000000001, 0.0, 0.328, 0.0, 0.0, 0.6285000000000001, 0.0, 0.0, 0.0, 0.0, 0.0, 0.0, 0.0, 0.0, 1.0, 1.0, 1.0, 1.0, 1.0, 0.0, 0.0, 0.0, 0.0, 1.0, 1.0, 1.0, 1.0, 1.0, 1.0, 1.0, 0.0, 1.0, 1.0, 1.0, 1.0, 1.0, 1.0, 0.0375, 1.0, 1.0, 1.0, 1.0, 1.0, 0.0, 0.0, 0.0, 0.0, 1.0, 1.0, 1.0, 1.0, 1.0, 1.0, 1.0, 0.0, 1.0, 1.0, 1.0, 1.0, 1.0, 1.0, 0.0, 1.0, 1.0, 1.0, 1.0, 1.0, 0.0, 0.0, 0.0, 0.0, 1.0, 1.0, 1.0, 1.0, 1.0, 1.0, 1.0, 1.0, 0.0, 0.0, 0.4395, 0.0, 0.0, 0.0, 0.001, 1.0, 0.0, 0.0, 0.0, 0.0, 0.0, 0.0, 0.0, 0.0, 1.0, 1.0, 1.0, 0.0, 1.0, 0.0, 0.0, 1.0, 0.0, 0.0, 1.0, 1.0, 1.0, 0.0, 0.0, 0.0, 0.0, 0.0, 0.0, 0.0, 0.0, 0.0, 0.0, 0.0, 1.0, 1.0, 1.0, 1.0, 0.0, 0.0, 0.0, 0.0, 0.0, 0.0, 0.0, 0.0, 0.0, 1.0, 0.0, 0.0, 1.0, 1.0, 1.0, 1.0, 0.0, 0.4945, 0.0, 0.0, 1.0, 1.0, 1.0, 1.0, 0.0, 0.0, 1.0, 1.0, 1.0, 1.0, 1.0, 1.0, 0.0, 0.0, 0.0, 0.0, 1.0, 1.0, 1.0, 1.0, 1.0, 0.704, 0.296, 0.0, 1.0, 1.0, 1.0, 1.0, 0.0, 0.0, 1.0, 1.0, 1.0, 1.0, 1.0, 1.0, 0.0, 0.0, 0.0, 0.0, 0.006, 1.0, 0.006, 0.708, 0.298, 1.0, 0.298, 1.0, 1.0, 1.0, 1.0, 1.0, 0.0, 0.0, 0.0, 0.0, 1.0, 0.0, 1.0, 1.0, 1.0, 0.0, 0.0, 1.0, 0.0, 1.0, 1.0, 1.0, 0.0, 0.0, 0.0, 0.0, 1.0, 0.224, 1.0, 1.0, 0.776, 0.0, 0.224, 1.0, 1.0, 1.0, 1.0, 1.0, 0.0, 0.0, 0.0, 0.0, 1.0, 1.0, 0.0, 1.0, 1.0, 1.0, 0.0, 1.0, 1.0, 1.0, 1.0, 1.0, 0.0, 0.0, 0.0, 0.0, 1.0, 1.0, 1.0, 1.0, 1.0, 1.0, 1.0, 0.0, 1.0, 1.0, 1.0, 1.0, 0.0, 0.0, 0.0, 0.0, 0.0, 0.0, 0.0, 0.0, 0.0, 0.0, 0.0, 0.0, 1.0, 0.4865, 1.0, 1.0, 1.0, 0.0075, 0.4865, 1.0, 0.0225, 0.0, 0.0, 0.9775, 0.0, 0.0, 0.0, 0.0]",-419.18595103414617,844.9172517286268,-482.430437669722,964.860875339444,0.01,0.0,-5.545177444479562,2.0794415416798357,11.090354888959125,0.5138983408241962,-6.028322580102988,-11.090354888959125,14.829233882445758,22.18070977791825,0.5787520451143159,"[1.0, 1.0, 1.0, 1.0, 1.0, 0.0, 1.0, 0.0, 1.0, 1.0, 1.0, 1.0, 1.0, 1.0, 1.0, 0.0, 0.0, 0.0, 0.0, 0.0, 0.0, 0.0, 0.0, 0.0, 1.0, 1.0, 1.0, 1.0, 0.0, 0.0, 1.0, 0.0, 0.0, 0.0, 0.0, 0.0, 0.0, 1.0, 0.0, 0.0, 0.0, 0.0, 0.0, 0.0, 0.0, 0.0, 0.0, 0.0, 1.0, 1.0, 1.0, 1.0, 0.0, 0.0, 0.0, 0.0, 1.0, 1.0, 1.0, 1.0, 0.0, 0.0, 0.0, 0.0, 0.0, 0.0, 0.0, 0.0, 0.0, 1.0, 1.0, 0.0, 1.0, 1.0, 1.0, 1.0, 0.0, 0.0, 0.0, 0.0, 1.0, 1.0, 1.0, 1.0, 0.0, 0.0, 0.0, 0.0, 0.0, 0.0, 0.0, 0.0, 0.0, 0.0, 0.0, 0.0, 1.0, 1.0, 1.0, 1.0, 1.0, 1.0, 1.0, 0.0, 1.0, 1.0, 1.0, 1.0, 1.0, 0.0, 1.0, 0.0, 0.0, 1.0, 0.0, 0.0, 1.0, 1.0, 1.0, 0.0, 1.0, 1.0, 0.0, 1.0, 1.0, 0.0, 0.0, 0.0, 1.0, 1.0, 1.0, 0.0, 1.0, 1.0, 1.0, 1.0, 1.0, 1.0, 1.0, 1.0, 0.0, 0.0, 0.0, 0.0, 1.0, 1.0, 1.0, 0.0, 0.0, 0.0, 1.0, 0.0, 0.0, 0.0, 1.0, 0.0, 0.0, 0.0, 0.0, 0.0, 1.0, 1.0, 1.0, 0.0, 0.0, 0.0, 1.0, 0.0, 0.0, 0.0, 0.0, 1.0, 0.0, 0.0, 0.0, 0.0, 0.0, 0.0, 0.0, 1.0, 0.0, 0.0, 0.0, 0.0, 1.0, 1.0, 1.0, 1.0, 0.0, 0.0, 0.0, 0.0, 1.0, 1.0, 1.0, 0.0, 0.0, 0.0, 1.0, 0.0, 1.0, 1.0, 1.0, 1.0, 0.0, 0.0, 0.0, 0.0, 1.0, 1.0, 1.0, 1.0, 0.0, 0.0, 0.0, 0.0, 1.0, 1.0, 1.0, 1.0, 1.0, 1.0, 1.0, 0.0, 0.0, 0.0, 0.0, 0.0, 1.0, 0.0, 0.0, 0.0, 1.0, 1.0, 1.0, 1.0, 1.0, 1.0, 1.0, 1.0, 1.0, 1.0, 1.0, 1.0, 1.0, 1.0, 1.0, 0.0, 0.0, 0.0, 0.0, 0.0, 0.0, 0.0, 0.0, 0.0, 0.0, 1.0, 0.0, 1.0, 0.0, 1.0, 0.0, 1.0, 0.0, 0.0, 0.0, 1.0, 0.0, 0.0, 0.0, 0.0, 1.0, 1.0, 1.0, 0.0, 0.0, 0.0, 1.0, 0.0, 0.0, 0.0, 1.0, 0.0, 0.0, 0.0, 0.0, 0.0, 0.0, 1.0, 1.0, 1.0, 0.0, 0.0, 0.0, 0.0, 1.0, 1.0, 1.0, 0.0, 1.0, 1.0, 1.0, 1.0, 0.0, 0.0, 1.0, 0.0, 0.0, 0.0, 0.0, 0.0, 1.0, 1.0, 1.0, 1.0, 1.0, 1.0, 1.0, 0.0, 1.0, 1.0, 1.0, 1.0, 0.0, 0.0, 0.0, 0.0, 1.0, 1.0, 1.0, 1.0, 0.0, 0.0, 0.0, 0.0, 0.0, 1.0, 0.0, 0.0, 0.0, 0.0, 0.0, 0.0, 0.0, 0.0, 0.0, 0.0, 0.0, 0.0, 0.0, 0.0, 0.0, 0.0, 0.0, 0.0, 0.0, 0.0, 0.0, 0.0, 1.0, 1.0, 0.0, 1.0, 1.0, 0.0, 1.0, 0.0, 1.0, 1.0, 1.0, 1.0, 1.0, 0.0, 1.0, 1.0, 0.0, 0.0, 0.0, 0.0, 0.0, 1.0, 1.0, 0.0, 1.0, 0.0, 0.0, 1.0, 0.0, 0.0, 0.0, 0.0, 1.0, 1.0, 1.0, 0.0, 0.0, 0.0, 1.0, 0.0, 1.0, 1.0, 1.0, 0.0, 0.0, 0.0, 0.0, 0.0, 1.0, 1.0, 1.0, 1.0, 1.0, 1.0, 1.0, 0.0, 0.0, 0.0, 0.0, 0.0, 0.0, 0.0, 0.0, 0.0, 1.0, 0.0, 1.0, 0.0, 0.0, 0.0, 0.0, 0.0, 1.0, 1.0, 1.0, 1.0, 1.0, 1.0, 1.0, 0.0, 1.0, 1.0, 1.0, 1.0, 1.0, 1.0, 0.0, 1.0, 1.0, 1.0, 1.0, 1.0, 0.0, 0.0, 0.0, 0.0, 1.0, 1.0, 1.0, 1.0, 1.0, 1.0, 1.0, 0.0, 0.0, 1.0, 1.0, 1.0, 0.0, 0.0, 0.0, 0.0, 1.0, 1.0, 1.0, 1.0, 0.0, 0.0, 0.0, 0.0, 1.0, 0.0, 1.0, 0.0, 0.0, 0.0, 0.0, 0.0, 1.0, 1.0, 1.0, 1.0, 1.0, 0.0, 1.0, 0.0, 1.0, 1.0, 1.0, 0.0, 1.0, 1.0, 0.0, 1.0, 1.0, 1.0, 1.0, 1.0, 0.0, 0.0, 0.0, 0.0, 0.0, 0.0, 0.0, 0.0, 0.0, 0.0, 0.0, 0.0, 1.0, 1.0, 1.0, 1.0, 0.0, 0.0, 0.0, 0.0, 0.0, 0.0, 0.0, 0.0, 0.0, 0.0, 0.0, 0.0, 0.0, 0.0, 0.0, 0.0, 0.0, 0.0, 0.0, 0.0, 1.0, 1.0, 0.0, 0.0, 1.0, 1.0, 1.0, 1.0, 1.0, 1.0, 1.0, 1.0, 1.0, 1.0, 1.0, 1.0, 1.0, 1.0, 1.0, 1.0, 1.0, 0.0, 1.0, 1.0, 0.0, 1.0, 0.0, 1.0, 0.0, 1.0, 0.0, 0.0, 1.0, 1.0, 1.0, 1.0, 0.0, 0.0, 1.0, 0.0, 1.0, 1.0, 1.0, 1.0, 0.0, 0.0, 0.0, 0.0, 0.0, 0.0, 0.0, 1.0, 0.0, 0.0, 0.0, 0.0, 1.0, 1.0, 1.0, 1.0, 0.0, 0.0, 0.0, 0.0, 0.0, 1.0, 1.0, 1.0, 0.0, 1.0, 1.0, 0.0, 1.0, 1.0, 1.0, 1.0, 0.0, 0.0, 0.0, 0.0, 1.0, 0.0, 1.0, 1.0, 1.0, 0.0, 0.0, 1.0, 1.0, 1.0, 1.0, 1.0, 1.0, 1.0, 1.0, 0.0, 0.0, 1.0, 1.0, 1.0, 1.0, 1.0, 0.0, 0.0, 1.0, 1.0, 1.0, 1.0, 0.0, 0.0, 0.0, 0.0, 1.0, 1.0, 1.0, 0.0, 0.0, 0.0, 1.0, 0.0, 1.0, 1.0, 1.0, 1.0, 0.0, 0.0, 0.0, 0.0, 0.0, 0.0, 0.0, 0.0, 0.0, 0.0, 0.0, 0.0, 0.0, 0.0, 1.0, 1.0, 0.0, 0.0, 0.0, 0.0, 1.0, 1.0, 1.0, 1.0, 1.0, 0.0, 0.0, 1.0]",-295.2442605392121,597.0338707387587,-482.430437669722,964.860875339444,3.978790340724065,-10.965027317078459,24.7026433563967,1.2846122460949685,-433.45128860920846,873.4479268787513,True,True,True,True,True,0.75,1.0,0.875,1.0,0.75,1.0,0.5,0.5,0.75,1.0,0.3125,0.25,"Z.exists(lambda x1: Z.equal(x1,'red','colour'),X)","Z.exists(lambda x1: Z.equal(x1,'red','colour'),X)","Z.atmost(lambda x1: Z.equal(x1,'no','grounded'),1,X)","Z.exists(lambda x1: Z.equal(x1,'red','colour'),X)",1.0,1.0,1.0,0.375,1.0,0.7083333333333334,0.6982758620689655,0.6867816091954023,0.6954022988505747,0.6925287356321839,5.241379310344827,2000,2000,2000,1,0,1
7,14,20,OWxuM,3ioMahe1PAlAZAq3AAAo,Zeta,there is a red,"[True, True, True, True, False, False, False, False]","[True, True, True, True, False, False, False, False]",1.0,1.0,There must be at least one red cone.,[['x1']],"Z.atleast(lambda x1: Z.equal(x1,'red','colour'),1,X)",There must be at least 1 red cone.,"[{'ids': [0, 1, 2], 'colours': ['red', 'green', 'red'], 'sizes': [2, 2, 1], 'xpos': [1.2082597043088779, 1.2082596739034506, 3.6555627088626457], 'ypos': [4.128333378334531, 3.827484519678042, 3.8474172757652845], 'rotations': [3.1415926461740495, 3.1415925953177313, 1.2121899680575183], 'orientations': ['upright', 'upright', 'lhs'], 'contact': [[0, 1], [1, 0], [2]], 'grounded': ['yes', 'no', 'yes'], 'follow_rule': True}, {'ids': [0, 1, 2], 'colours': ['green', 'red', 'red'], 'sizes': [3, 3, 1], 'xpos': [7.6658178545194176, 4.574903397024795, 0.9367645369395938], 'ypos': [3.653384172414705, 3.650299573741741, 4.123533971052495], 'rotations': [1.2461882484012412, 5.039405053324322, 3.1416027588173976], 'orientations': ['lhs', 'rhs', 'upright'], 'contact': [[0], [1], [2]], 'grounded': ['yes', 'yes', 'yes'], 'follow_rule': True}, {'ids': [0, 1], 'colours': ['blue', 'green'], 'sizes': [3, 3], 'xpos': [3.1306349993132176, 2.0280744685800673], 'ypos': [4.125333427631534, 3.757432388880936], 'rotations': [3.144858920225454, 3.9690845571373], 'orientations': ['upright', 'strange'], 'contact': [[0, 1], [1, 0]], 'grounded': ['yes', 'yes'], 'follow_rule': False}, {'ids': [0, 1], 'colours': ['red', 'green'], 'sizes': [1, 1], 'xpos': [4.58077011377139, 1.053865107975931], 'ypos': [4.124621613987193, 3.8436857664979853], 'rotations': [3.1434699580336507, 1.2112903276496407], 'orientations': ['upright', 'lhs'], 'contact': [[0], [1]], 'grounded': ['yes', 'yes'], 'follow_rule': True}, {'ids': [0, 1, 2], 'colours': ['red', 'red', 'red'], 'sizes': [1, 2, 3], 'xpos': [6.454536705064617, 5.895516844191016, 1.3610848273082148], 'ypos': [4.126218976127892, 3.7462494480979647, 4.030861320038198], 'rotations': [3.134544730429331, 1.2335007145364791, 3.3286515163650887], 'orientations': ['upright', 'lhs', 'upright'], 'contact': [[0], [1], [2]], 'grounded': ['yes', 'yes', 'yes'], 'follow_rule': True}, {'ids': [0, 1], 'colours': ['green', 'green'], 'sizes': [3, 3], 'xpos': [6.674966202445685, 7.107122342893442], 'ypos': [3.651803475817381, 3.4373348288224683], 'rotations': [5.040309306794045, 1.0646252394084168], 'orientations': ['rhs', 'lhs'], 'contact': [[0, 1], [1, 0]], 'grounded': ['yes', 'yes'], 'follow_rule': False}, {'ids': [0, 1], 'colours': ['red', 'green'], 'sizes': [1, 1], 'xpos': [6.389237478234545, 5.288592190826301], 'ypos': [3.846512703924214, 4.124400140952037], 'rotations': [1.2106992614302152, 3.146371402849864], 'orientations': ['lhs', 'upright'], 'contact': [[0], [1]], 'grounded': ['yes', 'yes'], 'follow_rule': True}, {'ids': [0, 1], 'colours': ['red', 'green'], 'sizes': [2, 2], 'xpos': [5.47726372058859, 3.3801239998168757], 'ypos': [4.124146222166583, 4.124503136331489], 'rotations': [3.143873777563941, 3.1407933435411826], 'orientations': ['upright', 'upright'], 'contact': [[0], [1]], 'grounded': ['yes', 'yes'], 'follow_rule': True}, {'ids': [0, 1, 2, 3], 'colours': ['red', 'green', 'green', 'red'], 'sizes': [1, 3, 1, 2], 'xpos': [4.99719497412721, 5.33966521510595, 6.7812617602386, 0.647214122653947], 'ypos': [3.87616110226316, 3.89757703212827, 4.15810225565523, 4.15717162300964], 'rotations': [1.21015432030723, 3.69203273094864, 3.14416974526282, 3.14125264303298], 'contact': [[0, 1], [1, 0], 2, 3], 'grounded': ['yes', 'yes', 'yes', 'yes']}, {'ids': [0, 1, 2, 3, 4], 'colours': ['red', 'red', 'blue', 'blue', 'green'], 'sizes': [2, 1, 2, 2, 1], 'xpos': [0.756045112876682, 5.7930538088619, 4.02912968049722, 0.607249611808554, 2.34445062198903], 'ypos': [3.78128677692435, 3.87663053995449, 3.77926220180112, 4.09987976609843, 4.15797989686201], 'rotations': [5.04734512360657, 1.21097145412816, 1.2338944765227, 2.99747085022243, 3.14330311350596], 'contact': [[0, 3], 1, 2, [3, 0], 4], 'grounded': ['yes', 'yes', 'yes', 'yes', 'yes']}, {'ids': [0, 1, 2, 3, 4, 5], 'colours': ['green', 'green', 'green', 'green', 'red', 'red'], 'sizes': [1, 1, 2, 2, 1, 1], 'xpos': [0.392205266119112, 6.46736091582645, 5.87132830651543, 2.56842478452184, 1.05497225772388, 3.35722507237469], 'ypos': [4.15754519774028, 3.87672651888649, 3.80774864689194, 4.15891117383473, 4.15835090526104, 4.15780493355124], 'rotations': [3.14560426344892, 5.07442800349693, 4.20513160762651, 3.14652142167178, 3.14300168792949, 3.1450254884391], 'contact': [0, [1, 2], [2, 1], 3, 4, 5], 'grounded': ['yes', 'yes', 'yes', 'yes', 'yes', 'yes']}, {'ids': [0, 1, 2], 'colours': ['blue', 'red', 'blue'], 'sizes': [1, 3, 1], 'xpos': [3.65329156447024, 3.06074315033349, 4.60711408951368], 'ypos': [3.87683998879975, 3.89790852126602, 4.15748043316142], 'rotations': [1.21104984409195, 2.59341814797494, 3.14017425270441], 'contact': [[0, 1], [1, 0], 2], 'grounded': ['yes', 'yes', 'yes']}, {'ids': [0, 1, 2, 3, 4, 5], 'colours': ['green', 'green', 'green', 'green', 'blue', 'blue'], 'sizes': [1, 3, 2, 1, 2, 1], 'xpos': [2.9046526114666, 3.68975290255409, 5.65833149766197, 2.8246611501998, 2.89449149866101, 1.87269773742003], 'ypos': [3.88094533031908, 3.68797064017839, 4.15757175612118, 3.68349548447456, 3.68583647526567, 3.8760767087662], 'rotations': [1.21243000430047, 5.03772434357929, 3.14324414103154, 5.06868148794976, 5.04716419664426, 1.2105262200236], 'contact': [[0, 4], [1, 4], 2, [3, 4], [4, 0, 1, 3], 5], 'grounded': ['yes', 'yes', 'yes', 'no', 'no', 'yes']}, {'ids': [0, 1], 'colours': ['green', 'green'], 'sizes': [1, 3], 'xpos': [0.670764619467334, 5.261348820008], 'ypos': [3.86447444538309, 4.15793495472947], 'rotations': [1.77488765373097, 3.13951555729719], 'contact': [{'V1': 0, 'V2': 1}], 'grounded': ['yes', 'yes']}, {'ids': [0, 1, 2], 'colours': ['blue', 'green', 'green'], 'sizes': [1, 1, 3], 'xpos': [4.69009713254434, 2.93439461350621, 4.78205690186546], 'ypos': [4.15772510399043, 4.15704164375121, 4.15823822985147], 'rotations': [3.14100478933091, 3.14035932239342, 3.14115234487408], 'contact': [[0, 2], 1, [2, 0]], 'grounded': ['yes', 'yes', 'yes']}, {'ids': [0, 1, 2, 3, 4, 5], 'colours': ['green', 'blue', 'blue', 'green', 'green', 'green'], 'sizes': [3, 2, 1, 1, 3, 2], 'xpos': [4.08915128061252, 2.29489936724743, 2.81704915678861, 6.85663898790724, 1.00051084466887, 4.09237106060331], 'ypos': [4.1616688599196, 4.16166316032898, 3.87799901532656, 4.1578940642729, 4.15850762807611, 3.52787490122945], 'rotations': [3.14159237119885, 3.14158410154621, 5.07138880585438, 3.13808482008692, 3.14212541938172, 3.13686252238553], 'contact': [[0, 5], 1, 2, 3, 4, [5, 0]], 'grounded': ['yes', 'yes', 'yes', 'yes', 'yes', 'no']}]","[True, True, True, True, False, False, False, False]","[True, True, True, True, True, True, True, True]","[False, False, False, False, False, False, False, False]","[False, False, False, False, False, False, False, False]","[True, True, True, True, False, False, False, False]","[True, True, True, True, True, True, True, True]","[False, False, False, False, False, False, False, False]","[False, False, False, False, False, False, False, False]",0.0,0.0,0.0,0.0,1.0,1.0,1.0,1.0,0.0,0.0,0.0,0.0,0.0,0.0,6.745589696488481,-5.525923266002811,-5.545177444479562,13.131288073685457,11.090354888959125,656.2785432533499,-16.639714073107854,-16.635532333438686,36.457481976563656,33.27106466687737,1.0502311195665048,"[1.0, 1.0, 1.0, 1.0, 1.0, 0.0, 1.0, 0.0, 1.0, 1.0, 1.0, 1.0, 1.0, 1.0, 1.0, 0.0135, 0.9530000000000001, 0.092, 0.5895, 0.5895, 1.0, 0.0, 0.0, 0.861, 1.0, 1.0, 1.0, 0.2925, 0.999, 0.999, 1.0, 0.7155, 0.0, 0.0, 1.0, 0.0, 0.0, 0.0, 1.0, 0.0, 0.0, 0.0, 1.0, 0.0, 0.0, 0.0, 1.0, 0.0, 1.0, 1.0, 1.0, 1.0, 0.0, 0.0, 0.0, 0.0, 1.0, 1.0, 1.0, 1.0, 0.935, 0.935, 0.935, 0.935, 1.0, 1.0, 1.0, 1.0, 0.0, 1.0, 0.0, 0.0, 0.0, 1.0, 1.0, 1.0, 1.0, 1.0, 1.0, 1.0, 1.0, 1.0, 1.0, 1.0, 0.0935, 0.0935, 0.0935, 0.0935, 1.0, 1.0, 1.0, 1.0, 1.0, 1.0, 1.0, 1.0, 1.0, 1.0, 1.0, 1.0, 1.0, 1.0, 1.0, 0.013000000000000001, 1.0, 1.0, 0.998, 1.0, 1.0, 0.002, 0.998, 0.002, 1.0, 1.0, 1.0, 1.0, 1.0, 1.0, 1.0, 0.0, 0.973, 1.0, 0.9530000000000001, 1.0, 0.8925000000000001, 0.9195, 0.17400000000000002, 0.201, 1.0, 1.0, 1.0, 1.0, 0.0, 0.0, 0.0, 0.0, 1.0, 1.0, 1.0, 0.24, 1.0, 1.0, 0.968, 1.0, 0.653, 0.653, 0.653, 1.0, 0.2535, 0.2535, 0.7035, 0.10300000000000001, 1.0, 1.0, 1.0, 1.0, 0.0, 1.0, 0.0, 0.0, 1.0, 1.0, 1.0, 0.012, 0.988, 0.988, 1.0, 1.0, 1.0, 0.0, 1.0, 1.0, 1.0, 0.0, 0.0, 1.0, 0.0, 0.0, 0.0, 1.0, 1.0, 0.0, 0.0, 0.0, 1.0, 1.0, 1.0, 1.0, 0.0, 0.0, 0.0, 0.0, 1.0, 1.0, 1.0, 1.0, 0.0, 0.0, 0.0, 0.0, 1.0, 1.0, 1.0, 1.0, 1.0, 1.0, 0.841, 1.0, 1.0, 1.0, 1.0, 1.0, 0.0, 0.0, 0.0, 0.0, 1.0, 1.0, 1.0, 1.0, 1.0, 1.0, 1.0, 0.0, 0.197, 0.0, 0.85, 0.653, 0.803, 0.0, 0.0, 0.0, 0.8525, 0.847, 0.9935, 0.847, 0.28300000000000003, 0.4305, 0.426, 0.426, 1.0, 1.0, 1.0, 1.0, 1.0, 1.0, 1.0, 0.0, 0.798, 1.0, 0.7995, 0.7995, 0.0275, 0.029, 0.2265, 0.1975, 1.0, 1.0, 1.0, 1.0, 0.0, 0.0, 0.0, 0.0, 0.862, 0.854, 0.8595, 0.8955000000000001, 0.045, 0.0005, 0.8695, 0.8505, 1.0, 1.0, 1.0, 0.022, 1.0, 1.0, 1.0, 0.978, 0.28400000000000003, 0.0145, 0.1885, 0.0275, 0.2755, 0.0, 0.0015, 0.013000000000000001, 0.0, 0.0, 0.0, 1.0, 1.0, 0.0, 0.0, 0.0, 1.0, 1.0, 1.0, 1.0, 0.0, 0.0, 0.0, 0.0, 1.0, 1.0, 1.0, 1.0, 1.0, 0.0, 1.0, 0.0, 1.0, 1.0, 1.0, 1.0, 1.0, 1.0, 1.0, 0.0, 1.0, 1.0, 1.0, 0.728, 0.8265, 0.5545, 0.5545, 0.8265, 1.0, 1.0, 1.0, 1.0, 1.0, 1.0, 1.0, 1.0, 1.0, 1.0, 1.0, 0.8715, 0.9365, 0.8695, 0.8695, 0.9365, 0.229, 0.229, 0.229, 0.229, 0.801, 0.03, 0.03, 0.801, 0.0, 0.0, 0.0, 1.0, 1.0, 0.0, 0.0, 0.0, 0.108, 0.114, 0.2315, 0.108, 0.114, 0.07050000000000001, 0.0495, 0.006, 1.0, 1.0, 1.0, 1.0, 0.0, 0.0, 0.0, 0.0, 0.8955000000000001, 0.895, 0.0115, 0.0, 0.883, 0.0, 0.0, 0.0, 1.0, 1.0, 1.0, 1.0, 0.0, 0.0, 0.0, 0.0, 0.902, 0.902, 0.902, 0.678, 0.88, 0.88, 0.902, 0.807, 1.0, 1.0, 1.0, 1.0, 0.0, 0.0, 0.0, 0.0, 1.0, 1.0, 1.0, 1.0, 1.0, 1.0, 1.0, 0.0, 1.0, 1.0, 1.0, 1.0, 0.0, 0.0, 0.0, 0.0, 1.0, 1.0, 1.0, 1.0, 0.008, 0.008, 0.008, 0.008, 1.0, 1.0, 1.0, 1.0, 1.0, 1.0, 1.0, 0.0, 1.0, 1.0, 1.0, 1.0, 1.0, 1.0, 0.6980000000000001, 1.0, 1.0, 1.0, 1.0, 1.0, 0.0, 0.0, 0.0, 0.0, 1.0, 1.0, 1.0, 1.0, 1.0, 1.0, 1.0, 0.0, 0.9530000000000001, 0.9530000000000001, 0.9530000000000001, 1.0, 1.0, 1.0, 0.641, 0.9530000000000001, 1.0, 1.0, 1.0, 1.0, 0.0, 0.0, 0.0, 0.0, 1.0, 1.0, 1.0, 1.0, 1.0, 1.0, 1.0, 1.0, 1.0, 1.0, 1.0, 1.0, 0.0, 0.0, 0.0, 0.0, 1.0, 1.0, 1.0, 1.0, 1.0, 1.0, 1.0, 1.0, 1.0, 1.0, 1.0, 1.0, 0.021500000000000002, 0.021500000000000002, 0.021500000000000002, 0.021500000000000002, 0.021500000000000002, 0.003, 0.02, 0.0095, 0.0095, 0.964, 0.9555, 0.0095, 1.0, 1.0, 1.0, 1.0, 1.0, 1.0, 1.0, 1.0, 1.0, 1.0, 1.0, 1.0, 0.0, 0.0, 0.0, 0.0, 1.0, 1.0, 1.0, 1.0, 0.0, 0.0, 1.0, 1.0, 1.0, 0.873, 0.198, 0.198, 1.0, 1.0, 0.6905, 1.0, 1.0, 1.0, 1.0, 1.0, 1.0, 1.0, 1.0, 0.0, 1.0, 0.999, 0.999, 1.0, 0.0025, 0.0025, 0.0025, 0.0025, 1.0, 1.0, 1.0, 1.0, 1.0, 0.686, 0.314, 0.0, 1.0, 1.0, 1.0, 1.0, 0.524, 0.524, 1.0, 0.47600000000000003, 1.0, 1.0, 1.0, 1.0, 0.008, 0.008, 0.008, 0.008, 0.9935, 0.9935, 0.9775, 0.9935, 0.9935, 0.0225, 0.988, 0.017, 1.0, 1.0, 1.0, 1.0, 0.0725, 0.0725, 0.0725, 0.0725, 0.041, 1.0, 1.0, 0.9590000000000001, 0.041, 0.9590000000000001, 1.0, 0.0, 0.7435, 0.9835, 0.7425, 0.986, 0.7435, 0.7435, 0.256, 0.987, 1.0, 0.005, 1.0, 1.0, 1.0, 0.005, 0.005, 1.0, 1.0, 1.0, 1.0, 1.0, 1.0, 1.0, 1.0, 0.0, 1.0, 1.0, 1.0, 1.0, 0.0, 0.0, 0.0, 0.0, 1.0, 1.0, 1.0, 1.0, 0.0, 0.0, 0.0, 0.0, 0.9705, 0.9705, 0.9145, 1.0, 0.8015, 0.8015, 0.9705, 0.7865, 1.0, 1.0, 1.0, 1.0, 0.0, 0.0, 0.0, 0.0, 1.0, 1.0, 1.0, 1.0, 0.0, 0.0, 0.0, 0.0, 1.0, 1.0, 1.0, 1.0, 0.0, 0.0, 0.0, 0.0, 1.0, 1.0, 1.0, 1.0, 1.0, 1.0, 1.0, 1.0]",-418.5875071169283,843.720363894191,-482.430437669722,964.860875339444,0.01,0.0,2.0794415416798357,0.01,0.0,3.1780538303479458,0.6334250289943713,"[1.0, 1.0, 1.0, 1.0, 1.0, 0.0, 1.0, 0.0, 1.0, 1.0, 1.0, 1.0, 1.0, 1.0, 1.0, 0.0, 0.0, 0.0, 0.0, 0.0, 0.0, 0.0, 0.0, 0.0, 1.0, 1.0, 1.0, 0.0, 0.0, 0.0, 1.0, 0.0, 0.0, 0.0, 1.0, 1.0, 0.0, 1.0, 1.0, 1.0, 1.0, 1.0, 1.0, 1.0, 0.0, 0.0, 1.0, 1.0, 1.0, 1.0, 1.0, 1.0, 0.0, 0.0, 0.0, 0.0, 1.0, 1.0, 1.0, 1.0, 0.0, 0.0, 0.0, 0.0, 0.0, 0.0, 0.0, 0.0, 0.0, 1.0, 1.0, 0.0, 1.0, 1.0, 1.0, 1.0, 0.0, 0.0, 0.0, 0.0, 1.0, 1.0, 1.0, 1.0, 0.0, 0.0, 0.0, 0.0, 1.0, 1.0, 1.0, 1.0, 1.0, 1.0, 0.0, 1.0, 1.0, 1.0, 1.0, 1.0, 1.0, 1.0, 1.0, 0.0, 1.0, 1.0, 1.0, 1.0, 1.0, 0.0, 1.0, 0.0, 0.0, 1.0, 0.0, 0.0, 1.0, 1.0, 1.0, 0.0, 1.0, 1.0, 0.0, 1.0, 1.0, 0.0, 0.0, 0.0, 1.0, 1.0, 1.0, 0.0, 1.0, 1.0, 1.0, 1.0, 1.0, 1.0, 1.0, 1.0, 0.0, 0.0, 0.0, 0.0, 1.0, 1.0, 1.0, 0.0, 0.0, 0.0, 1.0, 0.0, 0.0, 0.0, 1.0, 0.0, 0.0, 0.0, 0.0, 0.0, 1.0, 1.0, 1.0, 0.0, 0.0, 0.0, 1.0, 0.0, 0.0, 0.0, 0.0, 1.0, 0.0, 0.0, 0.0, 0.0, 0.0, 0.0, 0.0, 1.0, 0.0, 0.0, 0.0, 0.0, 1.0, 1.0, 1.0, 1.0, 0.0, 0.0, 0.0, 0.0, 1.0, 1.0, 1.0, 0.0, 0.0, 0.0, 1.0, 0.0, 1.0, 1.0, 1.0, 1.0, 0.0, 0.0, 0.0, 0.0, 1.0, 1.0, 1.0, 1.0, 0.0, 0.0, 0.0, 0.0, 1.0, 1.0, 1.0, 1.0, 1.0, 1.0, 1.0, 0.0, 0.0, 0.0, 0.0, 0.0, 1.0, 0.0, 0.0, 0.0, 1.0, 1.0, 1.0, 1.0, 1.0, 1.0, 1.0, 1.0, 1.0, 1.0, 1.0, 1.0, 1.0, 1.0, 1.0, 0.0, 0.0, 0.0, 0.0, 0.0, 0.0, 0.0, 0.0, 0.0, 0.0, 1.0, 0.0, 1.0, 0.0, 1.0, 0.0, 1.0, 0.0, 0.0, 0.0, 1.0, 0.0, 0.0, 0.0, 0.0, 1.0, 1.0, 1.0, 0.0, 0.0, 0.0, 1.0, 0.0, 1.0, 1.0, 1.0, 1.0, 1.0, 0.0, 1.0, 0.0, 0.0, 1.0, 1.0, 1.0, 0.0, 0.0, 0.0, 0.0, 1.0, 1.0, 1.0, 0.0, 1.0, 1.0, 1.0, 1.0, 0.0, 1.0, 1.0, 1.0, 0.0, 0.0, 0.0, 0.0, 1.0, 1.0, 1.0, 1.0, 1.0, 1.0, 1.0, 0.0, 1.0, 1.0, 1.0, 1.0, 0.0, 0.0, 0.0, 0.0, 1.0, 1.0, 1.0, 1.0, 0.0, 0.0, 0.0, 0.0, 0.0, 1.0, 0.0, 0.0, 0.0, 0.0, 0.0, 0.0, 1.0, 1.0, 1.0, 1.0, 1.0, 0.0, 1.0, 1.0, 0.0, 0.0, 0.0, 0.0, 0.0, 1.0, 1.0, 0.0, 1.0, 1.0, 1.0, 1.0, 1.0, 0.0, 1.0, 0.0, 1.0, 1.0, 1.0, 1.0, 1.0, 0.0, 1.0, 1.0, 0.0, 0.0, 0.0, 0.0, 0.0, 1.0, 1.0, 0.0, 1.0, 0.0, 0.0, 1.0, 0.0, 0.0, 0.0, 0.0, 1.0, 1.0, 1.0, 0.0, 0.0, 0.0, 1.0, 0.0, 1.0, 1.0, 1.0, 0.0, 0.0, 0.0, 0.0, 0.0, 1.0, 1.0, 1.0, 1.0, 1.0, 1.0, 1.0, 0.0, 0.0, 0.0, 0.0, 0.0, 0.0, 0.0, 0.0, 0.0, 1.0, 0.0, 1.0, 0.0, 0.0, 0.0, 0.0, 0.0, 1.0, 1.0, 1.0, 1.0, 1.0, 1.0, 1.0, 0.0, 1.0, 1.0, 1.0, 1.0, 1.0, 1.0, 0.0, 1.0, 1.0, 1.0, 1.0, 1.0, 0.0, 0.0, 0.0, 0.0, 1.0, 1.0, 1.0, 1.0, 1.0, 1.0, 1.0, 0.0, 0.0, 1.0, 1.0, 1.0, 0.0, 0.0, 0.0, 0.0, 1.0, 1.0, 1.0, 1.0, 0.0, 0.0, 0.0, 0.0, 1.0, 0.0, 1.0, 0.0, 0.0, 0.0, 0.0, 0.0, 1.0, 1.0, 1.0, 1.0, 1.0, 0.0, 1.0, 0.0, 1.0, 1.0, 1.0, 0.0, 1.0, 1.0, 0.0, 1.0, 1.0, 1.0, 1.0, 1.0, 0.0, 0.0, 0.0, 0.0, 0.0, 0.0, 0.0, 0.0, 0.0, 1.0, 0.0, 0.0, 1.0, 1.0, 1.0, 1.0, 0.0, 0.0, 0.0, 0.0, 0.0, 0.0, 0.0, 0.0, 0.0, 0.0, 0.0, 0.0, 1.0, 0.0, 1.0, 0.0, 0.0, 0.0, 0.0, 0.0, 1.0, 1.0, 0.0, 0.0, 1.0, 1.0, 1.0, 1.0, 1.0, 1.0, 1.0, 1.0, 1.0, 1.0, 1.0, 1.0, 1.0, 1.0, 1.0, 1.0, 1.0, 0.0, 1.0, 1.0, 0.0, 1.0, 0.0, 1.0, 0.0, 1.0, 0.0, 0.0, 1.0, 1.0, 1.0, 1.0, 0.0, 0.0, 1.0, 0.0, 1.0, 1.0, 1.0, 1.0, 0.0, 0.0, 0.0, 0.0, 0.0, 0.0, 0.0, 1.0, 0.0, 0.0, 0.0, 0.0, 1.0, 1.0, 1.0, 1.0, 0.0, 0.0, 0.0, 0.0, 0.0, 1.0, 1.0, 1.0, 0.0, 1.0, 1.0, 0.0, 1.0, 1.0, 1.0, 1.0, 0.0, 0.0, 0.0, 0.0, 1.0, 0.0, 1.0, 1.0, 1.0, 0.0, 0.0, 1.0, 1.0, 1.0, 1.0, 1.0, 1.0, 1.0, 1.0, 0.0, 0.0, 1.0, 1.0, 1.0, 1.0, 1.0, 0.0, 0.0, 1.0, 1.0, 1.0, 1.0, 0.0, 0.0, 0.0, 0.0, 1.0, 1.0, 1.0, 0.0, 0.0, 0.0, 1.0, 0.0, 1.0, 1.0, 1.0, 1.0, 0.0, 0.0, 0.0, 0.0, 0.0, 0.0, 0.0, 0.0, 0.0, 0.0, 0.0, 0.0, 0.0, 1.0, 0.0, 1.0, 0.0, 1.0, 1.0, 0.0, 1.0, 1.0, 1.0, 1.0, 1.0, 0.0, 0.0, 1.0]",-318.3726801373107,643.2907099349558,0.01,0.0,-5.545177444479562,2.0794415416798357,11.090354888959125,0.513898345456696,-9.042483870154484,-16.635532333438686,21.263021570656914,33.27106466687737,0.6173530694834558,"[1.0, 1.0, 1.0, 1.0, 1.0, 0.0, 1.0, 0.0, 1.0, 1.0, 1.0, 1.0, 1.0, 1.0, 1.0, 0.0, 0.0, 0.0, 0.0, 0.0, 0.0, 0.0, 0.0, 0.0, 1.0, 1.0, 1.0, 0.0, 0.0, 0.0, 1.0, 0.0, 0.0, 0.0, 1.0, 1.0, 0.0, 1.0, 1.0, 1.0, 0.0, 0.0, 0.0, 0.0, 0.0, 0.0, 0.0, 0.0, 1.0, 1.0, 1.0, 1.0, 0.0, 0.0, 0.0, 0.0, 1.0, 1.0, 1.0, 1.0, 0.0, 0.0, 0.0, 0.0, 0.0, 0.0, 0.0, 0.0, 0.0, 1.0, 1.0, 0.0, 0.0, 0.0, 0.0, 1.0, 0.0, 0.0, 0.0, 0.0, 1.0, 1.0, 1.0, 1.0, 0.0, 0.0, 0.0, 0.0, 0.0, 0.0, 0.0, 0.0, 1.0, 1.0, 0.0, 1.0, 1.0, 1.0, 1.0, 1.0, 1.0, 1.0, 1.0, 0.0, 1.0, 1.0, 1.0, 1.0, 1.0, 0.0, 1.0, 0.0, 0.0, 1.0, 0.0, 0.0, 1.0, 1.0, 1.0, 0.0, 1.0, 1.0, 0.0, 1.0, 1.0, 0.0, 0.0, 0.0, 1.0, 1.0, 1.0, 0.0, 1.0, 1.0, 1.0, 1.0, 1.0, 1.0, 1.0, 1.0, 0.0, 0.0, 0.0, 0.0, 1.0, 1.0, 1.0, 0.0, 0.0, 0.0, 1.0, 0.0, 0.0, 0.0, 1.0, 0.0, 0.0, 0.0, 0.0, 0.0, 1.0, 1.0, 1.0, 0.0, 0.0, 0.0, 1.0, 0.0, 0.0, 0.0, 0.0, 1.0, 0.0, 0.0, 0.0, 0.0, 0.0, 0.0, 0.0, 1.0, 0.0, 0.0, 0.0, 0.0, 1.0, 1.0, 1.0, 1.0, 0.0, 0.0, 0.0, 0.0, 1.0, 1.0, 1.0, 0.0, 0.0, 0.0, 1.0, 0.0, 1.0, 1.0, 1.0, 1.0, 0.0, 0.0, 0.0, 0.0, 1.0, 1.0, 1.0, 1.0, 0.0, 0.0, 0.0, 0.0, 1.0, 1.0, 1.0, 1.0, 1.0, 1.0, 1.0, 0.0, 0.0, 0.0, 0.0, 0.0, 1.0, 0.0, 0.0, 0.0, 1.0, 1.0, 1.0, 1.0, 1.0, 1.0, 1.0, 1.0, 1.0, 1.0, 1.0, 1.0, 1.0, 1.0, 1.0, 0.0, 0.0, 0.0, 0.0, 0.0, 0.0, 0.0, 0.0, 0.0, 0.0, 1.0, 0.0, 1.0, 0.0, 1.0, 0.0, 1.0, 0.0, 0.0, 0.0, 1.0, 0.0, 0.0, 0.0, 0.0, 1.0, 1.0, 1.0, 0.0, 0.0, 0.0, 1.0, 0.0, 1.0, 1.0, 1.0, 1.0, 1.0, 0.0, 1.0, 0.0, 0.0, 1.0, 1.0, 1.0, 0.0, 0.0, 0.0, 0.0, 1.0, 1.0, 1.0, 0.0, 1.0, 1.0, 1.0, 1.0, 0.0, 1.0, 1.0, 1.0, 0.0, 0.0, 0.0, 0.0, 1.0, 1.0, 1.0, 1.0, 1.0, 1.0, 1.0, 0.0, 1.0, 1.0, 1.0, 1.0, 0.0, 0.0, 0.0, 0.0, 1.0, 1.0, 1.0, 1.0, 0.0, 0.0, 0.0, 0.0, 0.0, 1.0, 0.0, 0.0, 0.0, 0.0, 0.0, 0.0, 0.0, 0.0, 0.0, 0.0, 0.0, 0.0, 0.0, 0.0, 1.0, 0.0, 1.0, 1.0, 1.0, 0.0, 0.0, 1.0, 1.0, 1.0, 1.0, 1.0, 1.0, 0.0, 1.0, 0.0, 1.0, 1.0, 1.0, 1.0, 1.0, 0.0, 1.0, 1.0, 0.0, 0.0, 0.0, 0.0, 0.0, 1.0, 1.0, 0.0, 1.0, 0.0, 0.0, 1.0, 0.0, 0.0, 0.0, 0.0, 1.0, 1.0, 1.0, 0.0, 0.0, 0.0, 1.0, 0.0, 1.0, 1.0, 1.0, 0.0, 0.0, 0.0, 0.0, 0.0, 1.0, 1.0, 1.0, 1.0, 1.0, 1.0, 1.0, 0.0, 0.0, 0.0, 0.0, 0.0, 0.0, 0.0, 0.0, 0.0, 1.0, 0.0, 1.0, 0.0, 0.0, 0.0, 0.0, 0.0, 1.0, 1.0, 1.0, 1.0, 1.0, 1.0, 1.0, 0.0, 1.0, 1.0, 1.0, 1.0, 1.0, 1.0, 0.0, 1.0, 1.0, 1.0, 1.0, 1.0, 0.0, 0.0, 0.0, 0.0, 1.0, 1.0, 1.0, 1.0, 1.0, 1.0, 1.0, 0.0, 0.0, 1.0, 1.0, 1.0, 0.0, 0.0, 0.0, 0.0, 1.0, 1.0, 1.0, 1.0, 0.0, 0.0, 0.0, 0.0, 1.0, 0.0, 1.0, 0.0, 0.0, 0.0, 0.0, 0.0, 1.0, 1.0, 1.0, 1.0, 1.0, 0.0, 1.0, 0.0, 1.0, 1.0, 1.0, 0.0, 1.0, 1.0, 0.0, 1.0, 1.0, 1.0, 1.0, 1.0, 0.0, 0.0, 0.0, 0.0, 0.0, 0.0, 0.0, 0.0, 0.0, 1.0, 0.0, 0.0, 1.0, 1.0, 1.0, 1.0, 0.0, 0.0, 0.0, 0.0, 0.0, 0.0, 0.0, 0.0, 0.0, 0.0, 0.0, 0.0, 1.0, 0.0, 1.0, 0.0, 0.0, 0.0, 0.0, 0.0, 1.0, 1.0, 0.0, 0.0, 1.0, 1.0, 1.0, 1.0, 1.0, 1.0, 1.0, 1.0, 1.0, 1.0, 1.0, 1.0, 1.0, 1.0, 1.0, 1.0, 1.0, 0.0, 1.0, 1.0, 0.0, 1.0, 0.0, 1.0, 0.0, 1.0, 0.0, 0.0, 1.0, 1.0, 1.0, 1.0, 0.0, 0.0, 1.0, 0.0, 1.0, 1.0, 1.0, 1.0, 0.0, 0.0, 0.0, 0.0, 0.0, 0.0, 0.0, 1.0, 0.0, 0.0, 0.0, 0.0, 1.0, 1.0, 1.0, 1.0, 0.0, 0.0, 0.0, 0.0, 0.0, 1.0, 1.0, 1.0, 0.0, 1.0, 1.0, 0.0, 1.0, 1.0, 1.0, 1.0, 0.0, 0.0, 0.0, 0.0, 1.0, 0.0, 1.0, 1.0, 1.0, 0.0, 0.0, 1.0, 1.0, 1.0, 1.0, 1.0, 1.0, 1.0, 1.0, 0.0, 0.0, 0.0, 1.0, 0.0, 0.0, 1.0, 0.0, 0.0, 1.0, 1.0, 1.0, 1.0, 0.0, 0.0, 0.0, 0.0, 1.0, 1.0, 1.0, 0.0, 0.0, 0.0, 1.0, 0.0, 1.0, 1.0, 1.0, 1.0, 0.0, 0.0, 0.0, 0.0, 0.0, 0.0, 0.0, 0.0, 0.0, 0.0, 0.0, 0.0, 0.0, 1.0, 0.0, 1.0, 0.0, 1.0, 1.0, 0.0, 1.0, 1.0, 1.0, 1.0, 1.0, 0.0, 0.0, 1.0]",-311.9759791000219,630.4973078603782,-482.430437669722,964.860875339444,0.01,0.0,-5.545177444479562,2.0794415416798357,11.090354888959125,1.0,-12.51828050043735,-16.635532333438686,28.214614831222644,33.27106466687737,1.0908740239314543,"[0.0, 0.0, 1.0, 0.0, 0.0, 0.0, 0.0, 0.0, 1.0, 1.0, 1.0, 1.0, 0.877, 0.877, 0.877, 0.0, 1.0, 0.259, 1.0, 1.0, 0.8015, 0.0, 0.259, 1.0, 1.0, 1.0, 1.0, 1.0, 1.0, 1.0, 1.0, 0.0, 0.0, 0.0, 1.0, 0.0, 0.0, 0.0, 1.0, 0.0, 0.0, 0.0, 1.0, 0.0, 0.0, 0.0, 1.0, 0.0, 0.0, 0.0, 0.0, 0.0775, 0.0, 0.0, 0.1635, 0.47100000000000003, 1.0, 1.0, 1.0, 1.0, 0.0, 0.0, 0.0, 0.0, 0.0, 0.0, 0.0, 0.0, 0.0, 0.0, 0.0, 0.0, 1.0, 1.0, 1.0, 1.0, 1.0, 1.0, 1.0, 0.0, 1.0, 1.0, 1.0, 1.0, 0.0, 0.0, 0.0, 0.0, 0.0, 0.0, 0.0, 0.0, 0.0, 0.113, 0.113, 0.0, 0.0, 0.0, 0.0, 1.0, 0.0, 0.0, 0.0, 0.0, 1.0, 1.0, 1.0, 1.0, 0.0, 0.0, 0.0, 0.0, 0.9995, 1.0, 1.0, 0.663, 1.0, 1.0, 1.0, 0.353, 1.0, 1.0, 1.0, 1.0, 0.082, 0.082, 0.0, 0.0, 0.973, 1.0, 0.7655000000000001, 0.605, 0.973, 1.0, 1.0, 0.368, 0.0, 0.0, 1.0, 0.0, 1.0, 0.0, 1.0, 0.0, 1.0, 1.0, 1.0, 1.0, 0.0, 0.0, 1.0, 0.0, 1.0, 1.0, 1.0, 1.0, 0.0, 0.9465, 0.0, 0.0, 0.666, 1.0, 0.666, 0.666, 0.0, 0.0, 0.7975, 0.0, 0.0, 0.9430000000000001, 0.0, 1.0, 1.0, 0.0, 0.0, 0.0, 0.0, 1.0, 0.0, 0.0, 0.0, 0.0, 0.0, 0.0, 1.0, 1.0, 1.0, 1.0, 0.0, 0.0, 0.0, 0.0, 1.0, 1.0, 1.0, 1.0, 1.0, 1.0, 1.0, 0.0005, 1.0, 1.0, 1.0, 1.0, 1.0, 1.0, 0.0, 1.0, 1.0, 1.0, 1.0, 1.0, 0.0, 0.0, 0.0, 0.0, 1.0, 1.0, 1.0, 1.0, 1.0, 1.0, 1.0, 0.0, 1.0, 0.0, 1.0, 0.0, 0.0, 0.0, 0.0, 0.0, 0.0, 1.0, 0.0, 1.0, 0.0, 1.0, 0.0, 1.0, 1.0, 1.0, 1.0, 1.0, 1.0, 1.0, 1.0, 0.0, 1.0, 0.0, 1.0, 1.0, 1.0, 0.0, 0.0, 1.0, 1.0, 1.0, 1.0, 1.0, 1.0, 1.0, 1.0, 1.0, 0.0, 0.9580000000000001, 0.0, 0.0, 0.0, 0.0, 0.0045000000000000005, 0.0, 0.0, 0.0, 0.0, 0.0, 0.0, 0.0, 0.0, 1.0, 0.0, 0.0, 0.0005, 0.0, 0.0, 0.0, 0.0, 0.0, 0.0, 1.0, 0.0, 0.0, 0.0, 0.0, 0.0, 0.0, 1.0, 1.0, 1.0, 0.001, 0.001, 0.001, 1.0, 0.0, 0.0, 0.0, 0.6225, 0.0, 0.0, 0.0, 0.0, 0.0, 1.0, 1.0, 1.0, 1.0, 0.0, 0.0, 0.0, 0.0, 0.0, 0.0, 0.0, 0.0, 0.0, 0.0, 0.0, 0.0, 1.0, 1.0, 1.0, 1.0, 1.0, 1.0, 1.0, 0.0, 0.0, 0.0, 0.0, 1.0, 0.0, 0.0, 1.0, 0.0, 1.0, 1.0, 1.0, 1.0, 0.0, 0.0, 0.0, 0.0, 0.0, 1.0, 0.0, 0.0, 1.0, 0.0, 0.0, 1.0, 1.0, 1.0, 1.0, 1.0, 0.0, 0.0, 0.0, 0.0, 1.0, 1.0, 1.0, 1.0, 1.0, 0.0, 1.0, 1.0, 0.0, 0.0005, 0.0, 0.0, 0.0, 0.38, 0.0, 0.0, 1.0, 1.0, 1.0, 1.0, 0.0, 0.0, 0.0, 0.0, 1.0, 1.0, 1.0, 0.999, 1.0, 1.0, 1.0, 0.0195, 1.0, 1.0, 1.0, 1.0, 0.0, 0.0, 0.0, 0.0, 0.0, 0.6285000000000001, 0.0, 0.328, 0.0, 0.0, 0.6285000000000001, 0.0, 0.0, 0.0, 0.0, 0.0, 0.0, 0.0, 0.0, 1.0, 1.0, 1.0, 1.0, 1.0, 0.0, 0.0, 0.0, 0.0, 1.0, 1.0, 1.0, 1.0, 1.0, 1.0, 1.0, 0.0, 1.0, 1.0, 1.0, 1.0, 1.0, 1.0, 0.0375, 1.0, 1.0, 1.0, 1.0, 1.0, 0.0, 0.0, 0.0, 0.0, 1.0, 1.0, 1.0, 1.0, 1.0, 1.0, 1.0, 0.0, 1.0, 1.0, 1.0, 1.0, 1.0, 1.0, 0.0, 1.0, 1.0, 1.0, 1.0, 1.0, 0.0, 0.0, 0.0, 0.0, 1.0, 1.0, 1.0, 1.0, 1.0, 1.0, 1.0, 1.0, 0.0, 0.0, 0.4395, 0.0, 0.0, 0.0, 0.001, 1.0, 0.0, 0.0, 0.0, 0.0, 0.0, 0.0, 0.0, 0.0, 1.0, 1.0, 1.0, 0.0, 1.0, 0.0, 0.0, 1.0, 0.0, 0.0, 1.0, 1.0, 1.0, 0.0, 0.0, 0.0, 0.0, 0.0, 0.0, 0.0, 0.0, 0.0, 0.0, 0.0, 1.0, 1.0, 1.0, 1.0, 0.0, 0.0, 0.0, 0.0, 0.0, 0.0, 0.0, 0.0, 0.0, 1.0, 0.0, 0.0, 1.0, 1.0, 1.0, 1.0, 0.0, 0.4945, 0.0, 0.0, 1.0, 1.0, 1.0, 1.0, 0.0, 0.0, 1.0, 1.0, 1.0, 1.0, 1.0, 1.0, 0.0, 0.0, 0.0, 0.0, 1.0, 1.0, 1.0, 1.0, 1.0, 0.704, 0.296, 0.0, 1.0, 1.0, 1.0, 1.0, 0.0, 0.0, 1.0, 1.0, 1.0, 1.0, 1.0, 1.0, 0.0, 0.0, 0.0, 0.0, 0.006, 1.0, 0.006, 0.708, 0.298, 1.0, 0.298, 1.0, 1.0, 1.0, 1.0, 1.0, 0.0, 0.0, 0.0, 0.0, 1.0, 0.0, 1.0, 1.0, 1.0, 0.0, 0.0, 1.0, 0.0, 1.0, 1.0, 1.0, 0.0, 0.0, 0.0, 0.0, 1.0, 0.224, 1.0, 1.0, 0.776, 0.0, 0.224, 1.0, 1.0, 1.0, 1.0, 1.0, 0.0, 0.0, 0.0, 0.0, 1.0, 1.0, 0.0, 1.0, 1.0, 1.0, 0.0, 1.0, 1.0, 1.0, 1.0, 1.0, 0.0, 0.0, 0.0, 0.0, 1.0, 1.0, 1.0, 1.0, 1.0, 1.0, 1.0, 0.0, 1.0, 1.0, 1.0, 1.0, 0.0, 0.0, 0.0, 0.0, 0.0, 0.0, 0.0, 0.0, 0.0, 0.0, 0.0, 0.0, 1.0, 0.4865, 1.0, 1.0, 1.0, 0.0075, 0.4865, 1.0, 0.0225, 0.0, 0.0, 0.9775, 0.0, 0.0, 0.0, 0.0]",-419.18595103414617,844.9172517286268,-482.430437669722,964.860875339444,0.01,0.0,-5.545177444479562,2.0794415416798357,11.090354888959125,0.01,0.0,-16.635532333438686,3.1780538303479458,33.27106466687737,0.5787520451143159,"[1.0, 1.0, 1.0, 1.0, 1.0, 0.0, 1.0, 0.0, 1.0, 1.0, 1.0, 1.0, 1.0, 1.0, 1.0, 0.0, 0.0, 0.0, 0.0, 0.0, 0.0, 0.0, 0.0, 0.0, 1.0, 1.0, 1.0, 1.0, 0.0, 0.0, 1.0, 0.0, 0.0, 0.0, 0.0, 0.0, 0.0, 1.0, 0.0, 0.0, 0.0, 0.0, 0.0, 0.0, 0.0, 0.0, 0.0, 0.0, 1.0, 1.0, 1.0, 1.0, 0.0, 0.0, 0.0, 0.0, 1.0, 1.0, 1.0, 1.0, 0.0, 0.0, 0.0, 0.0, 0.0, 0.0, 0.0, 0.0, 0.0, 1.0, 1.0, 0.0, 1.0, 1.0, 1.0, 1.0, 0.0, 0.0, 0.0, 0.0, 1.0, 1.0, 1.0, 1.0, 0.0, 0.0, 0.0, 0.0, 0.0, 0.0, 0.0, 0.0, 0.0, 0.0, 0.0, 0.0, 1.0, 1.0, 1.0, 1.0, 1.0, 1.0, 1.0, 0.0, 1.0, 1.0, 1.0, 1.0, 1.0, 0.0, 1.0, 0.0, 0.0, 1.0, 0.0, 0.0, 1.0, 1.0, 1.0, 0.0, 1.0, 1.0, 0.0, 1.0, 1.0, 0.0, 0.0, 0.0, 1.0, 1.0, 1.0, 0.0, 1.0, 1.0, 1.0, 1.0, 1.0, 1.0, 1.0, 1.0, 0.0, 0.0, 0.0, 0.0, 1.0, 1.0, 1.0, 0.0, 0.0, 0.0, 1.0, 0.0, 0.0, 0.0, 1.0, 0.0, 0.0, 0.0, 0.0, 0.0, 1.0, 1.0, 1.0, 0.0, 0.0, 0.0, 1.0, 0.0, 0.0, 0.0, 0.0, 1.0, 0.0, 0.0, 0.0, 0.0, 0.0, 0.0, 0.0, 1.0, 0.0, 0.0, 0.0, 0.0, 1.0, 1.0, 1.0, 1.0, 0.0, 0.0, 0.0, 0.0, 1.0, 1.0, 1.0, 0.0, 0.0, 0.0, 1.0, 0.0, 1.0, 1.0, 1.0, 1.0, 0.0, 0.0, 0.0, 0.0, 1.0, 1.0, 1.0, 1.0, 0.0, 0.0, 0.0, 0.0, 1.0, 1.0, 1.0, 1.0, 1.0, 1.0, 1.0, 0.0, 0.0, 0.0, 0.0, 0.0, 1.0, 0.0, 0.0, 0.0, 1.0, 1.0, 1.0, 1.0, 1.0, 1.0, 1.0, 1.0, 1.0, 1.0, 1.0, 1.0, 1.0, 1.0, 1.0, 0.0, 0.0, 0.0, 0.0, 0.0, 0.0, 0.0, 0.0, 0.0, 0.0, 1.0, 0.0, 1.0, 0.0, 1.0, 0.0, 1.0, 0.0, 0.0, 0.0, 1.0, 0.0, 0.0, 0.0, 0.0, 1.0, 1.0, 1.0, 0.0, 0.0, 0.0, 1.0, 0.0, 0.0, 0.0, 1.0, 0.0, 0.0, 0.0, 0.0, 0.0, 0.0, 1.0, 1.0, 1.0, 0.0, 0.0, 0.0, 0.0, 1.0, 1.0, 1.0, 0.0, 1.0, 1.0, 1.0, 1.0, 0.0, 0.0, 1.0, 0.0, 0.0, 0.0, 0.0, 0.0, 1.0, 1.0, 1.0, 1.0, 1.0, 1.0, 1.0, 0.0, 1.0, 1.0, 1.0, 1.0, 0.0, 0.0, 0.0, 0.0, 1.0, 1.0, 1.0, 1.0, 0.0, 0.0, 0.0, 0.0, 0.0, 1.0, 0.0, 0.0, 0.0, 0.0, 0.0, 0.0, 0.0, 0.0, 0.0, 0.0, 0.0, 0.0, 0.0, 0.0, 0.0, 0.0, 0.0, 0.0, 0.0, 0.0, 0.0, 0.0, 1.0, 1.0, 0.0, 1.0, 1.0, 0.0, 1.0, 0.0, 1.0, 1.0, 1.0, 1.0, 1.0, 0.0, 1.0, 1.0, 0.0, 0.0, 0.0, 0.0, 0.0, 1.0, 1.0, 0.0, 1.0, 0.0, 0.0, 1.0, 0.0, 0.0, 0.0, 0.0, 1.0, 1.0, 1.0, 0.0, 0.0, 0.0, 1.0, 0.0, 1.0, 1.0, 1.0, 0.0, 0.0, 0.0, 0.0, 0.0, 1.0, 1.0, 1.0, 1.0, 1.0, 1.0, 1.0, 0.0, 0.0, 0.0, 0.0, 0.0, 0.0, 0.0, 0.0, 0.0, 1.0, 0.0, 1.0, 0.0, 0.0, 0.0, 0.0, 0.0, 1.0, 1.0, 1.0, 1.0, 1.0, 1.0, 1.0, 0.0, 1.0, 1.0, 1.0, 1.0, 1.0, 1.0, 0.0, 1.0, 1.0, 1.0, 1.0, 1.0, 0.0, 0.0, 0.0, 0.0, 1.0, 1.0, 1.0, 1.0, 1.0, 1.0, 1.0, 0.0, 0.0, 1.0, 1.0, 1.0, 0.0, 0.0, 0.0, 0.0, 1.0, 1.0, 1.0, 1.0, 0.0, 0.0, 0.0, 0.0, 1.0, 0.0, 1.0, 0.0, 0.0, 0.0, 0.0, 0.0, 1.0, 1.0, 1.0, 1.0, 1.0, 0.0, 1.0, 0.0, 1.0, 1.0, 1.0, 0.0, 1.0, 1.0, 0.0, 1.0, 1.0, 1.0, 1.0, 1.0, 0.0, 0.0, 0.0, 0.0, 0.0, 0.0, 0.0, 0.0, 0.0, 0.0, 0.0, 0.0, 1.0, 1.0, 1.0, 1.0, 0.0, 0.0, 0.0, 0.0, 0.0, 0.0, 0.0, 0.0, 0.0, 0.0, 0.0, 0.0, 0.0, 0.0, 0.0, 0.0, 0.0, 0.0, 0.0, 0.0, 1.0, 1.0, 0.0, 0.0, 1.0, 1.0, 1.0, 1.0, 1.0, 1.0, 1.0, 1.0, 1.0, 1.0, 1.0, 1.0, 1.0, 1.0, 1.0, 1.0, 1.0, 0.0, 1.0, 1.0, 0.0, 1.0, 0.0, 1.0, 0.0, 1.0, 0.0, 0.0, 1.0, 1.0, 1.0, 1.0, 0.0, 0.0, 1.0, 0.0, 1.0, 1.0, 1.0, 1.0, 0.0, 0.0, 0.0, 0.0, 0.0, 0.0, 0.0, 1.0, 0.0, 0.0, 0.0, 0.0, 1.0, 1.0, 1.0, 1.0, 0.0, 0.0, 0.0, 0.0, 0.0, 1.0, 1.0, 1.0, 0.0, 1.0, 1.0, 0.0, 1.0, 1.0, 1.0, 1.0, 0.0, 0.0, 0.0, 0.0, 1.0, 0.0, 1.0, 1.0, 1.0, 0.0, 0.0, 1.0, 1.0, 1.0, 1.0, 1.0, 1.0, 1.0, 1.0, 0.0, 0.0, 1.0, 1.0, 1.0, 1.0, 1.0, 0.0, 0.0, 1.0, 1.0, 1.0, 1.0, 0.0, 0.0, 0.0, 0.0, 1.0, 1.0, 1.0, 0.0, 0.0, 0.0, 1.0, 0.0, 1.0, 1.0, 1.0, 1.0, 0.0, 0.0, 0.0, 0.0, 0.0, 0.0, 0.0, 0.0, 0.0, 0.0, 0.0, 0.0, 0.0, 0.0, 1.0, 1.0, 0.0, 0.0, 0.0, 0.0, 1.0, 1.0, 1.0, 1.0, 1.0, 0.0, 0.0, 1.0]",-295.2442605392121,597.0338707387587,-482.430437669722,964.860875339444,1.0,-11.51828050043735,26.214614831222644,1.2846122460949685,-433.45128860920846,873.4479268787513,False,True,True,True,True,0.5833333333333334,0.5,0.75,1.0,0.625,1.0,0.7083333333333334,1.0,0.75,1.0,0.6666666666666666,1.0,"Z.exists(lambda x1: Z.less(x1,3,'size'),X)","Z.atleast(lambda x1: Z.equal(x1,'red','colour'),1,X)","Z.exists(lambda x1: Z.equal(x1,'red','colour'),X)","Z.atleast(lambda x1: Z.equal(x1,'red','colour'),1,X)",0.5,1.0,1.0,1.0,1.0,0.7083333333333334,0.6982758620689655,0.6867816091954023,0.6954022988505747,0.6925287356321839,5.241379310344827,125,2000,2000,0,1801,0
8,15,21,OWxuM,3ioMahe1PAlAZAq3AAAo,Kappa,at least one is blue AND small,"[False, False, False, False, False, True, True, False]","[False, False, False, False, False, True, True, False]",0.25,0.25,There must be 3 green cones. ,[['x1']],"Z.exactly(lambda x1: Z.equal(x1,'green','colour'),3,X)",There must be 3 green cones. ,"[{'ids': [0, 1, 2, 3, 4], 'colours': ['blue', 'blue', 'green', 'green', 'green'], 'sizes': [1, 2, 1, 2, 3], 'xpos': [0.30944354698471727, 3.9223107844508354, 5.337497571026289, 3.113460372457518, 5.411614200311723], 'ypos': [4.120000000000001, 4.120000000000001, 4.120000000000001, 4.120000000000001, 4.119999844065521], 'rotations': [3.141592653589794, 3.1415926535897922, 3.1415926535897944, 3.1415926535897922, 3.1415929593436753], 'orientations': ['upright', 'upright', 'upright', 'upright', 'upright'], 'contact': [[0], [1, 3], [2], [3, 1], [4]], 'grounded': ['yes', 'yes', 'yes', 'yes', 'yes'], 'follow_rule': True}, {'ids': [0, 1], 'colours': ['green', 'blue'], 'sizes': [3, 3], 'xpos': [3.073060752474545, 6.690794267329855], 'ypos': [4.116354959146891, 4.117095197780237], 'rotations': [3.1434528499130696, 3.1414231122806333], 'orientations': ['upright', 'upright'], 'contact': [[0], [1]], 'grounded': ['yes', 'yes'], 'follow_rule': False}, {'ids': [0, 1], 'colours': ['green', 'green'], 'sizes': [2, 3], 'xpos': [3.9763683781989716, 3.191355282223906], 'ypos': [3.7394536719048324, 3.6846625039911025], 'rotations': [5.052304219335388, 4.186187579945576], 'orientations': ['rhs', 'strange'], 'contact': [[0, 1], [1, 0]], 'grounded': ['yes', 'yes'], 'follow_rule': False}, {'ids': [0, 1, 2, 3], 'colours': ['green', 'blue', 'blue', 'green'], 'sizes': [3, 3, 2, 2], 'xpos': [5.512342175083849, 6.631272285298399, 3.840142076526787, 6.768562529786534], 'ypos': [4.116449823243153, 3.6311745994097904, 4.1163496613854615, 3.2956809034538526], 'rotations': [3.1432256545908825, 4.500587016675685, 3.1425995218149305, 0.6543737797186735], 'orientations': ['upright', 'strange', 'upright', 'strange'], 'contact': [[0], [1, 3], [2], [3, 1]], 'grounded': ['yes', 'yes', 'yes', 'yes'], 'follow_rule': False}, {'ids': [0, 1], 'colours': ['green', 'green'], 'sizes': [2, 3], 'xpos': [5.370048507841581, 5.370266379273263], 'ypos': [4.119668479963192, 4.10738044110752], 'rotations': [3.1405275834533075, 3.1424020299784337], 'orientations': ['upright', 'upright'], 'contact': [[0, 1], [1, 0]], 'grounded': ['yes', 'no'], 'follow_rule': False}, {'ids': [0, 1], 'colours': ['green', 'green'], 'sizes': [1, 3], 'xpos': [2.4645205990719834, 2.4589775549458897], 'ypos': [4.115765949512388, 4.116508348092701], 'rotations': [3.1442850348759213, 3.142891897591461], 'orientations': ['upright', 'upright'], 'contact': [[0], [1]], 'grounded': ['yes', 'yes'], 'follow_rule': False}, {'ids': [0, 1, 2], 'colours': ['green', 'green', 'green'], 'sizes': [1, 3, 2], 'xpos': [0.4732613602294875, 1.6516724325347985, 0.5653083556341701], 'ypos': [4.1194985406934395, 4.1173196408234, 3.7065210678473637], 'rotations': [3.14326419298405, 3.1459942032643764, 4.1698074817267585], 'orientations': ['upright', 'upright', 'strange'], 'contact': [[0, 2], [1, 2], [2, 0, 1]], 'grounded': ['yes', 'yes', 'no'], 'follow_rule': False}, {'ids': [0, 1, 2, 3, 4], 'colours': ['green', 'green', 'green', 'blue', 'blue'], 'sizes': [1, 2, 3, 2, 1], 'xpos': [2.997084060615499, 0.6367124906090478, 2.0609881957655425, 5.975010040155735, 1.0629588962976988], 'ypos': [4.116320431539702, 4.11527776796665, 4.117605458873692, 3.7377155979875303, 3.8368012315738755], 'rotations': [3.1446645175441947, 3.141068309581211, 3.141090908279944, 5.050412491774265, 4.373655593627108], 'orientations': ['upright', 'upright', 'upright', 'rhs', 'strange'], 'contact': [[0], [1], [2, 4], [3], [4, 2]], 'grounded': ['yes', 'yes', 'yes', 'yes', 'yes'], 'follow_rule': True}, {'ids': [0, 1, 2, 3, 4, 5, 6, 7], 'colours': ['red', 'blue', 'blue', 'red', 'red', 'green', 'red', 'blue'], 'sizes': [3, 1, 2, 2, 3, 2, 1, 2], 'xpos': [3.73068127782473, 5.21143043275308, 0.628029634657912, 5.41985831114537, 3.73221495043733, 2.6881904061602, 2.69592462610732, 4.6441478837753], 'ypos': [4.15955293434237, 3.88040887163376, 3.77952636825576, 4.00866939013447, 3.84618730815599, 4.16046505787232, 3.36197381341272, 4.15735107629793], 'rotations': [3.14513282779734, 5.0677355060028, 5.0513292843393, 2.88192941289468, 3.14453575957132, 3.13858862708556, 2.60114260528712, 3.14253353812844], 'contact': [[0, 4], [1, 3], 2, [3, 1, 7], [4, 0], [5, 6], [6, 5], [7, 3]], 'grounded': ['yes', 'yes', 'yes', 'no', 'no', 'yes', 'no', 'yes']}, {'ids': [0, 1, 2, 3, 4], 'colours': ['green', 'red', 'red', 'blue', 'blue'], 'sizes': [3, 3, 3, 1, 1], 'xpos': [0.494087661193018, 3.9483348516538, 5.27168256714865, 5.34332261433319, 0.73624872055367], 'ypos': [4.03747541930378, 4.15789345817489, 3.68793264237984, 3.6957884966519, 3.12182877557111], 'rotations': [3.39186622255945, 3.13985318391394, 5.03796059957422, 0.88254982855712, 3.37051889969503], 'contact': [[0, 4], 1, [2, 3], [3, 2], [4, 0]], 'grounded': ['yes', 'yes', 'yes', 'yes', 'no']}, {'ids': [0, 1, 2, 3], 'colours': ['red', 'blue', 'blue', 'green'], 'sizes': [1, 1, 2, 2], 'xpos': [3.18059163568182, 0.310290458717288, 3.1806567054277, 2.31556998810598], 'ypos': [4.16168723431181, 4.15876638336768, 4.1487939044355, 4.15777861520172], 'rotations': [3.14159140357956, 3.14265904643877, 3.14147445775215, 3.14506697679819], 'contact': [[0, 2], 1, [2, 0], 3], 'grounded': ['yes', 'yes', 'no', 'yes']}, {'ids': [0, 1, 2], 'colours': ['red', 'blue', 'blue'], 'sizes': [2, 1, 1], 'xpos': [4.18368803941992, 0.414042657065262, 2.15035350734386], 'ypos': [3.77956682056473, 4.15748311487421, 3.8762597297667], 'rotations': [1.23393916549627, 3.14433838895914, 1.21175410086331], 'contact': [{'V1': 0, 'V2': 1, 'V3': 2}], 'grounded': ['yes', 'yes', 'yes']}, {'ids': [0, 1, 2, 3], 'colours': ['red', 'blue', 'green', 'green'], 'sizes': [1, 2, 3, 2], 'xpos': [3.51554594721066, 0.952630095552302, 1.15938786102465, 4.3365248890533], 'ypos': [4.15861023322789, 3.78844050360235, 3.68324865018165, 3.81210635173936], 'rotations': [3.13374769948046, 1.95279692618981, 5.03789515425762, 2.09958352806452], 'contact': [[0, 3], 1, 2, [3, 0]], 'grounded': ['yes', 'yes', 'yes', 'yes']}, {'ids': [0, 1, 2, 3, 4, 5, 6], 'colours': ['red', 'green', 'green', 'red', 'red', 'green', 'blue'], 'sizes': [2, 2, 1, 2, 3, 1, 2], 'xpos': [6.87642919084431, 0.500811040908878, 6.83118798955539, 0.500811040908877, 2.84733119936067, 4.8509860534385, 6.36697442237732], 'ypos': [4.16175085069598, 4.16166666666667, 3.43496091839389, 3.86081693802354, 3.68420776646255, 3.88048305615273, 3.30313545616522], 'rotations': [3.14149734712368, 3.14159265358979, 3.21473720201577, 3.1415926535898, 5.03748075887867, 5.06844557980735, 3.76206868572812], 'contact': [[0, 6, 2], [1, 3], [2, 0, 6], [3, 1], 4, 5, [6, 0, 2]], 'grounded': ['yes', 'yes', 'no', 'no', 'yes', 'yes', 'no']}, {'ids': [0, 1, 2, 3], 'colours': ['green', 'red', 'green', 'green'], 'sizes': [3, 2, 3, 1], 'xpos': [0.68898442305447, 3.35991414777035, 6.19696481477246, 0.285852488312505], 'ypos': [4.14082379374931, 3.77953993499473, 3.68347394204074, 3.22090721981064], 'rotations': [3.17946147794873, 5.05131141313782, 1.24390261182064, 2.78305328423849], 'contact': [[0, 3], 1, 2, [3, 0]], 'grounded': ['yes', 'yes', 'yes', 'no']}, {'ids': [0, 1, 2, 3, 4, 5], 'colours': ['blue', 'green', 'red', 'green', 'red', 'red'], 'sizes': [2, 1, 3, 3, 2, 2], 'xpos': [1.90901458039544, 3.20404317572615, 5.35557787085149, 2.21502873493383, 4.45133508655654, 0.411178438002497], 'ypos': [4.15997299836821, 3.9724254650111, 3.68341260130509, 3.66870790290145, 3.29547827552602, 4.15884184210246], 'rotations': [3.14582683698787, 3.82418159605204, 1.24456815445981, 4.50974799681394, 6.86637263771617, 3.14292060739547], 'contact': [[0, 3], [1, 3], [2, 4], [3, 0, 1], [4, 2], 5], 'grounded': ['yes', 'yes', 'yes', 'yes', 'yes', 'yes']}]","[False, False, False, False, False, False, True, False]","[True, True, True, True, True, False, True, True]","[False, False, False, False, False, True, False, False]","[False, False, False, False, False, False, False, False]","[False, False, False, False, False, False, True, False]","[True, True, True, True, True, False, True, True]","[False, False, False, False, False, True, False, False]","[False, False, False, False, False, False, False, False]",-0.125,-0.125,0.0,0.0,0.875,0.875,0.25,0.25,0.0,0.0,0.0,0.0,0.125,0.125,343.2420657560145,-5.5480993281728725,-5.545177444479562,13.175640198025581,11.090354888959125,656.2785432533499,-16.639714073107854,-16.635532333438686,36.457481976563656,33.27106466687737,1.0502311195665048,"[1.0, 1.0, 1.0, 1.0, 1.0, 0.0, 1.0, 0.0, 1.0, 1.0, 1.0, 1.0, 1.0, 1.0, 1.0, 0.0135, 0.9530000000000001, 0.092, 0.5895, 0.5895, 1.0, 0.0, 0.0, 0.861, 1.0, 1.0, 1.0, 0.2925, 0.999, 0.999, 1.0, 0.7155, 0.0, 0.0, 1.0, 0.0, 0.0, 0.0, 1.0, 0.0, 0.0, 0.0, 1.0, 0.0, 0.0, 0.0, 1.0, 0.0, 1.0, 1.0, 1.0, 1.0, 0.0, 0.0, 0.0, 0.0, 1.0, 1.0, 1.0, 1.0, 0.935, 0.935, 0.935, 0.935, 1.0, 1.0, 1.0, 1.0, 0.0, 1.0, 0.0, 0.0, 0.0, 1.0, 1.0, 1.0, 1.0, 1.0, 1.0, 1.0, 1.0, 1.0, 1.0, 1.0, 0.0935, 0.0935, 0.0935, 0.0935, 1.0, 1.0, 1.0, 1.0, 1.0, 1.0, 1.0, 1.0, 1.0, 1.0, 1.0, 1.0, 1.0, 1.0, 1.0, 0.013000000000000001, 1.0, 1.0, 0.998, 1.0, 1.0, 0.002, 0.998, 0.002, 1.0, 1.0, 1.0, 1.0, 1.0, 1.0, 1.0, 0.0, 0.973, 1.0, 0.9530000000000001, 1.0, 0.8925000000000001, 0.9195, 0.17400000000000002, 0.201, 1.0, 1.0, 1.0, 1.0, 0.0, 0.0, 0.0, 0.0, 1.0, 1.0, 1.0, 0.24, 1.0, 1.0, 0.968, 1.0, 0.653, 0.653, 0.653, 1.0, 0.2535, 0.2535, 0.7035, 0.10300000000000001, 1.0, 1.0, 1.0, 1.0, 0.0, 1.0, 0.0, 0.0, 1.0, 1.0, 1.0, 0.012, 0.988, 0.988, 1.0, 1.0, 1.0, 0.0, 1.0, 1.0, 1.0, 0.0, 0.0, 1.0, 0.0, 0.0, 0.0, 1.0, 1.0, 0.0, 0.0, 0.0, 1.0, 1.0, 1.0, 1.0, 0.0, 0.0, 0.0, 0.0, 1.0, 1.0, 1.0, 1.0, 0.0, 0.0, 0.0, 0.0, 1.0, 1.0, 1.0, 1.0, 1.0, 1.0, 0.841, 1.0, 1.0, 1.0, 1.0, 1.0, 0.0, 0.0, 0.0, 0.0, 1.0, 1.0, 1.0, 1.0, 1.0, 1.0, 1.0, 0.0, 0.197, 0.0, 0.85, 0.653, 0.803, 0.0, 0.0, 0.0, 0.8525, 0.847, 0.9935, 0.847, 0.28300000000000003, 0.4305, 0.426, 0.426, 1.0, 1.0, 1.0, 1.0, 1.0, 1.0, 1.0, 0.0, 0.798, 1.0, 0.7995, 0.7995, 0.0275, 0.029, 0.2265, 0.1975, 1.0, 1.0, 1.0, 1.0, 0.0, 0.0, 0.0, 0.0, 0.862, 0.854, 0.8595, 0.8955000000000001, 0.045, 0.0005, 0.8695, 0.8505, 1.0, 1.0, 1.0, 0.022, 1.0, 1.0, 1.0, 0.978, 0.28400000000000003, 0.0145, 0.1885, 0.0275, 0.2755, 0.0, 0.0015, 0.013000000000000001, 0.0, 0.0, 0.0, 1.0, 1.0, 0.0, 0.0, 0.0, 1.0, 1.0, 1.0, 1.0, 0.0, 0.0, 0.0, 0.0, 1.0, 1.0, 1.0, 1.0, 1.0, 0.0, 1.0, 0.0, 1.0, 1.0, 1.0, 1.0, 1.0, 1.0, 1.0, 0.0, 1.0, 1.0, 1.0, 0.728, 0.8265, 0.5545, 0.5545, 0.8265, 1.0, 1.0, 1.0, 1.0, 1.0, 1.0, 1.0, 1.0, 1.0, 1.0, 1.0, 0.8715, 0.9365, 0.8695, 0.8695, 0.9365, 0.229, 0.229, 0.229, 0.229, 0.801, 0.03, 0.03, 0.801, 0.0, 0.0, 0.0, 1.0, 1.0, 0.0, 0.0, 0.0, 0.108, 0.114, 0.2315, 0.108, 0.114, 0.07050000000000001, 0.0495, 0.006, 1.0, 1.0, 1.0, 1.0, 0.0, 0.0, 0.0, 0.0, 0.8955000000000001, 0.895, 0.0115, 0.0, 0.883, 0.0, 0.0, 0.0, 1.0, 1.0, 1.0, 1.0, 0.0, 0.0, 0.0, 0.0, 0.902, 0.902, 0.902, 0.678, 0.88, 0.88, 0.902, 0.807, 1.0, 1.0, 1.0, 1.0, 0.0, 0.0, 0.0, 0.0, 1.0, 1.0, 1.0, 1.0, 1.0, 1.0, 1.0, 0.0, 1.0, 1.0, 1.0, 1.0, 0.0, 0.0, 0.0, 0.0, 1.0, 1.0, 1.0, 1.0, 0.008, 0.008, 0.008, 0.008, 1.0, 1.0, 1.0, 1.0, 1.0, 1.0, 1.0, 0.0, 1.0, 1.0, 1.0, 1.0, 1.0, 1.0, 0.6980000000000001, 1.0, 1.0, 1.0, 1.0, 1.0, 0.0, 0.0, 0.0, 0.0, 1.0, 1.0, 1.0, 1.0, 1.0, 1.0, 1.0, 0.0, 0.9530000000000001, 0.9530000000000001, 0.9530000000000001, 1.0, 1.0, 1.0, 0.641, 0.9530000000000001, 1.0, 1.0, 1.0, 1.0, 0.0, 0.0, 0.0, 0.0, 1.0, 1.0, 1.0, 1.0, 1.0, 1.0, 1.0, 1.0, 1.0, 1.0, 1.0, 1.0, 0.0, 0.0, 0.0, 0.0, 1.0, 1.0, 1.0, 1.0, 1.0, 1.0, 1.0, 1.0, 1.0, 1.0, 1.0, 1.0, 0.021500000000000002, 0.021500000000000002, 0.021500000000000002, 0.021500000000000002, 0.021500000000000002, 0.003, 0.02, 0.0095, 0.0095, 0.964, 0.9555, 0.0095, 1.0, 1.0, 1.0, 1.0, 1.0, 1.0, 1.0, 1.0, 1.0, 1.0, 1.0, 1.0, 0.0, 0.0, 0.0, 0.0, 1.0, 1.0, 1.0, 1.0, 0.0, 0.0, 1.0, 1.0, 1.0, 0.873, 0.198, 0.198, 1.0, 1.0, 0.6905, 1.0, 1.0, 1.0, 1.0, 1.0, 1.0, 1.0, 1.0, 0.0, 1.0, 0.999, 0.999, 1.0, 0.0025, 0.0025, 0.0025, 0.0025, 1.0, 1.0, 1.0, 1.0, 1.0, 0.686, 0.314, 0.0, 1.0, 1.0, 1.0, 1.0, 0.524, 0.524, 1.0, 0.47600000000000003, 1.0, 1.0, 1.0, 1.0, 0.008, 0.008, 0.008, 0.008, 0.9935, 0.9935, 0.9775, 0.9935, 0.9935, 0.0225, 0.988, 0.017, 1.0, 1.0, 1.0, 1.0, 0.0725, 0.0725, 0.0725, 0.0725, 0.041, 1.0, 1.0, 0.9590000000000001, 0.041, 0.9590000000000001, 1.0, 0.0, 0.7435, 0.9835, 0.7425, 0.986, 0.7435, 0.7435, 0.256, 0.987, 1.0, 0.005, 1.0, 1.0, 1.0, 0.005, 0.005, 1.0, 1.0, 1.0, 1.0, 1.0, 1.0, 1.0, 1.0, 0.0, 1.0, 1.0, 1.0, 1.0, 0.0, 0.0, 0.0, 0.0, 1.0, 1.0, 1.0, 1.0, 0.0, 0.0, 0.0, 0.0, 0.9705, 0.9705, 0.9145, 1.0, 0.8015, 0.8015, 0.9705, 0.7865, 1.0, 1.0, 1.0, 1.0, 0.0, 0.0, 0.0, 0.0, 1.0, 1.0, 1.0, 1.0, 0.0, 0.0, 0.0, 0.0, 1.0, 1.0, 1.0, 1.0, 0.0, 0.0, 0.0, 0.0, 1.0, 1.0, 1.0, 1.0, 1.0, 1.0, 1.0, 1.0]",-418.5875071169283,843.720363894191,-482.430437669722,964.860875339444,0.01,0.0,2.0794415416798357,0.01,0.0,3.1780538303479458,0.6334250289943713,"[1.0, 1.0, 1.0, 1.0, 1.0, 0.0, 1.0, 0.0, 1.0, 1.0, 1.0, 1.0, 1.0, 1.0, 1.0, 0.0, 0.0, 0.0, 0.0, 0.0, 0.0, 0.0, 0.0, 0.0, 1.0, 1.0, 1.0, 0.0, 0.0, 0.0, 1.0, 0.0, 0.0, 0.0, 1.0, 1.0, 0.0, 1.0, 1.0, 1.0, 1.0, 1.0, 1.0, 1.0, 0.0, 0.0, 1.0, 1.0, 1.0, 1.0, 1.0, 1.0, 0.0, 0.0, 0.0, 0.0, 1.0, 1.0, 1.0, 1.0, 0.0, 0.0, 0.0, 0.0, 0.0, 0.0, 0.0, 0.0, 0.0, 1.0, 1.0, 0.0, 1.0, 1.0, 1.0, 1.0, 0.0, 0.0, 0.0, 0.0, 1.0, 1.0, 1.0, 1.0, 0.0, 0.0, 0.0, 0.0, 1.0, 1.0, 1.0, 1.0, 1.0, 1.0, 0.0, 1.0, 1.0, 1.0, 1.0, 1.0, 1.0, 1.0, 1.0, 0.0, 1.0, 1.0, 1.0, 1.0, 1.0, 0.0, 1.0, 0.0, 0.0, 1.0, 0.0, 0.0, 1.0, 1.0, 1.0, 0.0, 1.0, 1.0, 0.0, 1.0, 1.0, 0.0, 0.0, 0.0, 1.0, 1.0, 1.0, 0.0, 1.0, 1.0, 1.0, 1.0, 1.0, 1.0, 1.0, 1.0, 0.0, 0.0, 0.0, 0.0, 1.0, 1.0, 1.0, 0.0, 0.0, 0.0, 1.0, 0.0, 0.0, 0.0, 1.0, 0.0, 0.0, 0.0, 0.0, 0.0, 1.0, 1.0, 1.0, 0.0, 0.0, 0.0, 1.0, 0.0, 0.0, 0.0, 0.0, 1.0, 0.0, 0.0, 0.0, 0.0, 0.0, 0.0, 0.0, 1.0, 0.0, 0.0, 0.0, 0.0, 1.0, 1.0, 1.0, 1.0, 0.0, 0.0, 0.0, 0.0, 1.0, 1.0, 1.0, 0.0, 0.0, 0.0, 1.0, 0.0, 1.0, 1.0, 1.0, 1.0, 0.0, 0.0, 0.0, 0.0, 1.0, 1.0, 1.0, 1.0, 0.0, 0.0, 0.0, 0.0, 1.0, 1.0, 1.0, 1.0, 1.0, 1.0, 1.0, 0.0, 0.0, 0.0, 0.0, 0.0, 1.0, 0.0, 0.0, 0.0, 1.0, 1.0, 1.0, 1.0, 1.0, 1.0, 1.0, 1.0, 1.0, 1.0, 1.0, 1.0, 1.0, 1.0, 1.0, 0.0, 0.0, 0.0, 0.0, 0.0, 0.0, 0.0, 0.0, 0.0, 0.0, 1.0, 0.0, 1.0, 0.0, 1.0, 0.0, 1.0, 0.0, 0.0, 0.0, 1.0, 0.0, 0.0, 0.0, 0.0, 1.0, 1.0, 1.0, 0.0, 0.0, 0.0, 1.0, 0.0, 1.0, 1.0, 1.0, 1.0, 1.0, 0.0, 1.0, 0.0, 0.0, 1.0, 1.0, 1.0, 0.0, 0.0, 0.0, 0.0, 1.0, 1.0, 1.0, 0.0, 1.0, 1.0, 1.0, 1.0, 0.0, 1.0, 1.0, 1.0, 0.0, 0.0, 0.0, 0.0, 1.0, 1.0, 1.0, 1.0, 1.0, 1.0, 1.0, 0.0, 1.0, 1.0, 1.0, 1.0, 0.0, 0.0, 0.0, 0.0, 1.0, 1.0, 1.0, 1.0, 0.0, 0.0, 0.0, 0.0, 0.0, 1.0, 0.0, 0.0, 0.0, 0.0, 0.0, 0.0, 1.0, 1.0, 1.0, 1.0, 1.0, 0.0, 1.0, 1.0, 0.0, 0.0, 0.0, 0.0, 0.0, 1.0, 1.0, 0.0, 1.0, 1.0, 1.0, 1.0, 1.0, 0.0, 1.0, 0.0, 1.0, 1.0, 1.0, 1.0, 1.0, 0.0, 1.0, 1.0, 0.0, 0.0, 0.0, 0.0, 0.0, 1.0, 1.0, 0.0, 1.0, 0.0, 0.0, 1.0, 0.0, 0.0, 0.0, 0.0, 1.0, 1.0, 1.0, 0.0, 0.0, 0.0, 1.0, 0.0, 1.0, 1.0, 1.0, 0.0, 0.0, 0.0, 0.0, 0.0, 1.0, 1.0, 1.0, 1.0, 1.0, 1.0, 1.0, 0.0, 0.0, 0.0, 0.0, 0.0, 0.0, 0.0, 0.0, 0.0, 1.0, 0.0, 1.0, 0.0, 0.0, 0.0, 0.0, 0.0, 1.0, 1.0, 1.0, 1.0, 1.0, 1.0, 1.0, 0.0, 1.0, 1.0, 1.0, 1.0, 1.0, 1.0, 0.0, 1.0, 1.0, 1.0, 1.0, 1.0, 0.0, 0.0, 0.0, 0.0, 1.0, 1.0, 1.0, 1.0, 1.0, 1.0, 1.0, 0.0, 0.0, 1.0, 1.0, 1.0, 0.0, 0.0, 0.0, 0.0, 1.0, 1.0, 1.0, 1.0, 0.0, 0.0, 0.0, 0.0, 1.0, 0.0, 1.0, 0.0, 0.0, 0.0, 0.0, 0.0, 1.0, 1.0, 1.0, 1.0, 1.0, 0.0, 1.0, 0.0, 1.0, 1.0, 1.0, 0.0, 1.0, 1.0, 0.0, 1.0, 1.0, 1.0, 1.0, 1.0, 0.0, 0.0, 0.0, 0.0, 0.0, 0.0, 0.0, 0.0, 0.0, 1.0, 0.0, 0.0, 1.0, 1.0, 1.0, 1.0, 0.0, 0.0, 0.0, 0.0, 0.0, 0.0, 0.0, 0.0, 0.0, 0.0, 0.0, 0.0, 1.0, 0.0, 1.0, 0.0, 0.0, 0.0, 0.0, 0.0, 1.0, 1.0, 0.0, 0.0, 1.0, 1.0, 1.0, 1.0, 1.0, 1.0, 1.0, 1.0, 1.0, 1.0, 1.0, 1.0, 1.0, 1.0, 1.0, 1.0, 1.0, 0.0, 1.0, 1.0, 0.0, 1.0, 0.0, 1.0, 0.0, 1.0, 0.0, 0.0, 1.0, 1.0, 1.0, 1.0, 0.0, 0.0, 1.0, 0.0, 1.0, 1.0, 1.0, 1.0, 0.0, 0.0, 0.0, 0.0, 0.0, 0.0, 0.0, 1.0, 0.0, 0.0, 0.0, 0.0, 1.0, 1.0, 1.0, 1.0, 0.0, 0.0, 0.0, 0.0, 0.0, 1.0, 1.0, 1.0, 0.0, 1.0, 1.0, 0.0, 1.0, 1.0, 1.0, 1.0, 0.0, 0.0, 0.0, 0.0, 1.0, 0.0, 1.0, 1.0, 1.0, 0.0, 0.0, 1.0, 1.0, 1.0, 1.0, 1.0, 1.0, 1.0, 1.0, 0.0, 0.0, 1.0, 1.0, 1.0, 1.0, 1.0, 0.0, 0.0, 1.0, 1.0, 1.0, 1.0, 0.0, 0.0, 0.0, 0.0, 1.0, 1.0, 1.0, 0.0, 0.0, 0.0, 1.0, 0.0, 1.0, 1.0, 1.0, 1.0, 0.0, 0.0, 0.0, 0.0, 0.0, 0.0, 0.0, 0.0, 0.0, 0.0, 0.0, 0.0, 0.0, 1.0, 0.0, 1.0, 0.0, 1.0, 1.0, 0.0, 1.0, 1.0, 1.0, 1.0, 1.0, 0.0, 0.0, 1.0]",-318.3726801373107,643.2907099349558,0.01,0.0,-5.545177444479562,2.0794415416798357,11.090354888959125,0.513898345456696,-9.042483870154484,-16.635532333438686,21.263021570656914,33.27106466687737,0.6173530694834558,"[1.0, 1.0, 1.0, 1.0, 1.0, 0.0, 1.0, 0.0, 1.0, 1.0, 1.0, 1.0, 1.0, 1.0, 1.0, 0.0, 0.0, 0.0, 0.0, 0.0, 0.0, 0.0, 0.0, 0.0, 1.0, 1.0, 1.0, 0.0, 0.0, 0.0, 1.0, 0.0, 0.0, 0.0, 1.0, 1.0, 0.0, 1.0, 1.0, 1.0, 0.0, 0.0, 0.0, 0.0, 0.0, 0.0, 0.0, 0.0, 1.0, 1.0, 1.0, 1.0, 0.0, 0.0, 0.0, 0.0, 1.0, 1.0, 1.0, 1.0, 0.0, 0.0, 0.0, 0.0, 0.0, 0.0, 0.0, 0.0, 0.0, 1.0, 1.0, 0.0, 0.0, 0.0, 0.0, 1.0, 0.0, 0.0, 0.0, 0.0, 1.0, 1.0, 1.0, 1.0, 0.0, 0.0, 0.0, 0.0, 0.0, 0.0, 0.0, 0.0, 1.0, 1.0, 0.0, 1.0, 1.0, 1.0, 1.0, 1.0, 1.0, 1.0, 1.0, 0.0, 1.0, 1.0, 1.0, 1.0, 1.0, 0.0, 1.0, 0.0, 0.0, 1.0, 0.0, 0.0, 1.0, 1.0, 1.0, 0.0, 1.0, 1.0, 0.0, 1.0, 1.0, 0.0, 0.0, 0.0, 1.0, 1.0, 1.0, 0.0, 1.0, 1.0, 1.0, 1.0, 1.0, 1.0, 1.0, 1.0, 0.0, 0.0, 0.0, 0.0, 1.0, 1.0, 1.0, 0.0, 0.0, 0.0, 1.0, 0.0, 0.0, 0.0, 1.0, 0.0, 0.0, 0.0, 0.0, 0.0, 1.0, 1.0, 1.0, 0.0, 0.0, 0.0, 1.0, 0.0, 0.0, 0.0, 0.0, 1.0, 0.0, 0.0, 0.0, 0.0, 0.0, 0.0, 0.0, 1.0, 0.0, 0.0, 0.0, 0.0, 1.0, 1.0, 1.0, 1.0, 0.0, 0.0, 0.0, 0.0, 1.0, 1.0, 1.0, 0.0, 0.0, 0.0, 1.0, 0.0, 1.0, 1.0, 1.0, 1.0, 0.0, 0.0, 0.0, 0.0, 1.0, 1.0, 1.0, 1.0, 0.0, 0.0, 0.0, 0.0, 1.0, 1.0, 1.0, 1.0, 1.0, 1.0, 1.0, 0.0, 0.0, 0.0, 0.0, 0.0, 1.0, 0.0, 0.0, 0.0, 1.0, 1.0, 1.0, 1.0, 1.0, 1.0, 1.0, 1.0, 1.0, 1.0, 1.0, 1.0, 1.0, 1.0, 1.0, 0.0, 0.0, 0.0, 0.0, 0.0, 0.0, 0.0, 0.0, 0.0, 0.0, 1.0, 0.0, 1.0, 0.0, 1.0, 0.0, 1.0, 0.0, 0.0, 0.0, 1.0, 0.0, 0.0, 0.0, 0.0, 1.0, 1.0, 1.0, 0.0, 0.0, 0.0, 1.0, 0.0, 1.0, 1.0, 1.0, 1.0, 1.0, 0.0, 1.0, 0.0, 0.0, 1.0, 1.0, 1.0, 0.0, 0.0, 0.0, 0.0, 1.0, 1.0, 1.0, 0.0, 1.0, 1.0, 1.0, 1.0, 0.0, 1.0, 1.0, 1.0, 0.0, 0.0, 0.0, 0.0, 1.0, 1.0, 1.0, 1.0, 1.0, 1.0, 1.0, 0.0, 1.0, 1.0, 1.0, 1.0, 0.0, 0.0, 0.0, 0.0, 1.0, 1.0, 1.0, 1.0, 0.0, 0.0, 0.0, 0.0, 0.0, 1.0, 0.0, 0.0, 0.0, 0.0, 0.0, 0.0, 0.0, 0.0, 0.0, 0.0, 0.0, 0.0, 0.0, 0.0, 1.0, 0.0, 1.0, 1.0, 1.0, 0.0, 0.0, 1.0, 1.0, 1.0, 1.0, 1.0, 1.0, 0.0, 1.0, 0.0, 1.0, 1.0, 1.0, 1.0, 1.0, 0.0, 1.0, 1.0, 0.0, 0.0, 0.0, 0.0, 0.0, 1.0, 1.0, 0.0, 1.0, 0.0, 0.0, 1.0, 0.0, 0.0, 0.0, 0.0, 1.0, 1.0, 1.0, 0.0, 0.0, 0.0, 1.0, 0.0, 1.0, 1.0, 1.0, 0.0, 0.0, 0.0, 0.0, 0.0, 1.0, 1.0, 1.0, 1.0, 1.0, 1.0, 1.0, 0.0, 0.0, 0.0, 0.0, 0.0, 0.0, 0.0, 0.0, 0.0, 1.0, 0.0, 1.0, 0.0, 0.0, 0.0, 0.0, 0.0, 1.0, 1.0, 1.0, 1.0, 1.0, 1.0, 1.0, 0.0, 1.0, 1.0, 1.0, 1.0, 1.0, 1.0, 0.0, 1.0, 1.0, 1.0, 1.0, 1.0, 0.0, 0.0, 0.0, 0.0, 1.0, 1.0, 1.0, 1.0, 1.0, 1.0, 1.0, 0.0, 0.0, 1.0, 1.0, 1.0, 0.0, 0.0, 0.0, 0.0, 1.0, 1.0, 1.0, 1.0, 0.0, 0.0, 0.0, 0.0, 1.0, 0.0, 1.0, 0.0, 0.0, 0.0, 0.0, 0.0, 1.0, 1.0, 1.0, 1.0, 1.0, 0.0, 1.0, 0.0, 1.0, 1.0, 1.0, 0.0, 1.0, 1.0, 0.0, 1.0, 1.0, 1.0, 1.0, 1.0, 0.0, 0.0, 0.0, 0.0, 0.0, 0.0, 0.0, 0.0, 0.0, 1.0, 0.0, 0.0, 1.0, 1.0, 1.0, 1.0, 0.0, 0.0, 0.0, 0.0, 0.0, 0.0, 0.0, 0.0, 0.0, 0.0, 0.0, 0.0, 1.0, 0.0, 1.0, 0.0, 0.0, 0.0, 0.0, 0.0, 1.0, 1.0, 0.0, 0.0, 1.0, 1.0, 1.0, 1.0, 1.0, 1.0, 1.0, 1.0, 1.0, 1.0, 1.0, 1.0, 1.0, 1.0, 1.0, 1.0, 1.0, 0.0, 1.0, 1.0, 0.0, 1.0, 0.0, 1.0, 0.0, 1.0, 0.0, 0.0, 1.0, 1.0, 1.0, 1.0, 0.0, 0.0, 1.0, 0.0, 1.0, 1.0, 1.0, 1.0, 0.0, 0.0, 0.0, 0.0, 0.0, 0.0, 0.0, 1.0, 0.0, 0.0, 0.0, 0.0, 1.0, 1.0, 1.0, 1.0, 0.0, 0.0, 0.0, 0.0, 0.0, 1.0, 1.0, 1.0, 0.0, 1.0, 1.0, 0.0, 1.0, 1.0, 1.0, 1.0, 0.0, 0.0, 0.0, 0.0, 1.0, 0.0, 1.0, 1.0, 1.0, 0.0, 0.0, 1.0, 1.0, 1.0, 1.0, 1.0, 1.0, 1.0, 1.0, 0.0, 0.0, 0.0, 1.0, 0.0, 0.0, 1.0, 0.0, 0.0, 1.0, 1.0, 1.0, 1.0, 0.0, 0.0, 0.0, 0.0, 1.0, 1.0, 1.0, 0.0, 0.0, 0.0, 1.0, 0.0, 1.0, 1.0, 1.0, 1.0, 0.0, 0.0, 0.0, 0.0, 0.0, 0.0, 0.0, 0.0, 0.0, 0.0, 0.0, 0.0, 0.0, 1.0, 0.0, 1.0, 0.0, 1.0, 1.0, 0.0, 1.0, 1.0, 1.0, 1.0, 1.0, 0.0, 0.0, 1.0]",-311.9759791000219,630.4973078603782,-482.430437669722,964.860875339444,0.9102430794110984,-4.498681156966684,-5.545177444479562,11.076803855613203,11.090354888959125,1.0,-12.51828050043735,-16.635532333438686,28.214614831222644,33.27106466687737,1.0908740239314543,"[0.0, 0.0, 1.0, 0.0, 0.0, 0.0, 0.0, 0.0, 1.0, 1.0, 1.0, 1.0, 0.877, 0.877, 0.877, 0.0, 1.0, 0.259, 1.0, 1.0, 0.8015, 0.0, 0.259, 1.0, 1.0, 1.0, 1.0, 1.0, 1.0, 1.0, 1.0, 0.0, 0.0, 0.0, 1.0, 0.0, 0.0, 0.0, 1.0, 0.0, 0.0, 0.0, 1.0, 0.0, 0.0, 0.0, 1.0, 0.0, 0.0, 0.0, 0.0, 0.0775, 0.0, 0.0, 0.1635, 0.47100000000000003, 1.0, 1.0, 1.0, 1.0, 0.0, 0.0, 0.0, 0.0, 0.0, 0.0, 0.0, 0.0, 0.0, 0.0, 0.0, 0.0, 1.0, 1.0, 1.0, 1.0, 1.0, 1.0, 1.0, 0.0, 1.0, 1.0, 1.0, 1.0, 0.0, 0.0, 0.0, 0.0, 0.0, 0.0, 0.0, 0.0, 0.0, 0.113, 0.113, 0.0, 0.0, 0.0, 0.0, 1.0, 0.0, 0.0, 0.0, 0.0, 1.0, 1.0, 1.0, 1.0, 0.0, 0.0, 0.0, 0.0, 0.9995, 1.0, 1.0, 0.663, 1.0, 1.0, 1.0, 0.353, 1.0, 1.0, 1.0, 1.0, 0.082, 0.082, 0.0, 0.0, 0.973, 1.0, 0.7655000000000001, 0.605, 0.973, 1.0, 1.0, 0.368, 0.0, 0.0, 1.0, 0.0, 1.0, 0.0, 1.0, 0.0, 1.0, 1.0, 1.0, 1.0, 0.0, 0.0, 1.0, 0.0, 1.0, 1.0, 1.0, 1.0, 0.0, 0.9465, 0.0, 0.0, 0.666, 1.0, 0.666, 0.666, 0.0, 0.0, 0.7975, 0.0, 0.0, 0.9430000000000001, 0.0, 1.0, 1.0, 0.0, 0.0, 0.0, 0.0, 1.0, 0.0, 0.0, 0.0, 0.0, 0.0, 0.0, 1.0, 1.0, 1.0, 1.0, 0.0, 0.0, 0.0, 0.0, 1.0, 1.0, 1.0, 1.0, 1.0, 1.0, 1.0, 0.0005, 1.0, 1.0, 1.0, 1.0, 1.0, 1.0, 0.0, 1.0, 1.0, 1.0, 1.0, 1.0, 0.0, 0.0, 0.0, 0.0, 1.0, 1.0, 1.0, 1.0, 1.0, 1.0, 1.0, 0.0, 1.0, 0.0, 1.0, 0.0, 0.0, 0.0, 0.0, 0.0, 0.0, 1.0, 0.0, 1.0, 0.0, 1.0, 0.0, 1.0, 1.0, 1.0, 1.0, 1.0, 1.0, 1.0, 1.0, 0.0, 1.0, 0.0, 1.0, 1.0, 1.0, 0.0, 0.0, 1.0, 1.0, 1.0, 1.0, 1.0, 1.0, 1.0, 1.0, 1.0, 0.0, 0.9580000000000001, 0.0, 0.0, 0.0, 0.0, 0.0045000000000000005, 0.0, 0.0, 0.0, 0.0, 0.0, 0.0, 0.0, 0.0, 1.0, 0.0, 0.0, 0.0005, 0.0, 0.0, 0.0, 0.0, 0.0, 0.0, 1.0, 0.0, 0.0, 0.0, 0.0, 0.0, 0.0, 1.0, 1.0, 1.0, 0.001, 0.001, 0.001, 1.0, 0.0, 0.0, 0.0, 0.6225, 0.0, 0.0, 0.0, 0.0, 0.0, 1.0, 1.0, 1.0, 1.0, 0.0, 0.0, 0.0, 0.0, 0.0, 0.0, 0.0, 0.0, 0.0, 0.0, 0.0, 0.0, 1.0, 1.0, 1.0, 1.0, 1.0, 1.0, 1.0, 0.0, 0.0, 0.0, 0.0, 1.0, 0.0, 0.0, 1.0, 0.0, 1.0, 1.0, 1.0, 1.0, 0.0, 0.0, 0.0, 0.0, 0.0, 1.0, 0.0, 0.0, 1.0, 0.0, 0.0, 1.0, 1.0, 1.0, 1.0, 1.0, 0.0, 0.0, 0.0, 0.0, 1.0, 1.0, 1.0, 1.0, 1.0, 0.0, 1.0, 1.0, 0.0, 0.0005, 0.0, 0.0, 0.0, 0.38, 0.0, 0.0, 1.0, 1.0, 1.0, 1.0, 0.0, 0.0, 0.0, 0.0, 1.0, 1.0, 1.0, 0.999, 1.0, 1.0, 1.0, 0.0195, 1.0, 1.0, 1.0, 1.0, 0.0, 0.0, 0.0, 0.0, 0.0, 0.6285000000000001, 0.0, 0.328, 0.0, 0.0, 0.6285000000000001, 0.0, 0.0, 0.0, 0.0, 0.0, 0.0, 0.0, 0.0, 1.0, 1.0, 1.0, 1.0, 1.0, 0.0, 0.0, 0.0, 0.0, 1.0, 1.0, 1.0, 1.0, 1.0, 1.0, 1.0, 0.0, 1.0, 1.0, 1.0, 1.0, 1.0, 1.0, 0.0375, 1.0, 1.0, 1.0, 1.0, 1.0, 0.0, 0.0, 0.0, 0.0, 1.0, 1.0, 1.0, 1.0, 1.0, 1.0, 1.0, 0.0, 1.0, 1.0, 1.0, 1.0, 1.0, 1.0, 0.0, 1.0, 1.0, 1.0, 1.0, 1.0, 0.0, 0.0, 0.0, 0.0, 1.0, 1.0, 1.0, 1.0, 1.0, 1.0, 1.0, 1.0, 0.0, 0.0, 0.4395, 0.0, 0.0, 0.0, 0.001, 1.0, 0.0, 0.0, 0.0, 0.0, 0.0, 0.0, 0.0, 0.0, 1.0, 1.0, 1.0, 0.0, 1.0, 0.0, 0.0, 1.0, 0.0, 0.0, 1.0, 1.0, 1.0, 0.0, 0.0, 0.0, 0.0, 0.0, 0.0, 0.0, 0.0, 0.0, 0.0, 0.0, 1.0, 1.0, 1.0, 1.0, 0.0, 0.0, 0.0, 0.0, 0.0, 0.0, 0.0, 0.0, 0.0, 1.0, 0.0, 0.0, 1.0, 1.0, 1.0, 1.0, 0.0, 0.4945, 0.0, 0.0, 1.0, 1.0, 1.0, 1.0, 0.0, 0.0, 1.0, 1.0, 1.0, 1.0, 1.0, 1.0, 0.0, 0.0, 0.0, 0.0, 1.0, 1.0, 1.0, 1.0, 1.0, 0.704, 0.296, 0.0, 1.0, 1.0, 1.0, 1.0, 0.0, 0.0, 1.0, 1.0, 1.0, 1.0, 1.0, 1.0, 0.0, 0.0, 0.0, 0.0, 0.006, 1.0, 0.006, 0.708, 0.298, 1.0, 0.298, 1.0, 1.0, 1.0, 1.0, 1.0, 0.0, 0.0, 0.0, 0.0, 1.0, 0.0, 1.0, 1.0, 1.0, 0.0, 0.0, 1.0, 0.0, 1.0, 1.0, 1.0, 0.0, 0.0, 0.0, 0.0, 1.0, 0.224, 1.0, 1.0, 0.776, 0.0, 0.224, 1.0, 1.0, 1.0, 1.0, 1.0, 0.0, 0.0, 0.0, 0.0, 1.0, 1.0, 0.0, 1.0, 1.0, 1.0, 0.0, 1.0, 1.0, 1.0, 1.0, 1.0, 0.0, 0.0, 0.0, 0.0, 1.0, 1.0, 1.0, 1.0, 1.0, 1.0, 1.0, 0.0, 1.0, 1.0, 1.0, 1.0, 0.0, 0.0, 0.0, 0.0, 0.0, 0.0, 0.0, 0.0, 0.0, 0.0, 0.0, 0.0, 1.0, 0.4865, 1.0, 1.0, 1.0, 0.0075, 0.4865, 1.0, 0.0225, 0.0, 0.0, 0.9775, 0.0, 0.0, 0.0, 0.0]",-419.18595103414617,844.9172517286268,-482.430437669722,964.860875339444,0.01,0.0,-5.545177444479562,2.0794415416798357,11.090354888959125,0.01,0.0,-16.635532333438686,3.1780538303479458,33.27106466687737,0.5787520451143159,"[1.0, 1.0, 1.0, 1.0, 1.0, 0.0, 1.0, 0.0, 1.0, 1.0, 1.0, 1.0, 1.0, 1.0, 1.0, 0.0, 0.0, 0.0, 0.0, 0.0, 0.0, 0.0, 0.0, 0.0, 1.0, 1.0, 1.0, 1.0, 0.0, 0.0, 1.0, 0.0, 0.0, 0.0, 0.0, 0.0, 0.0, 1.0, 0.0, 0.0, 0.0, 0.0, 0.0, 0.0, 0.0, 0.0, 0.0, 0.0, 1.0, 1.0, 1.0, 1.0, 0.0, 0.0, 0.0, 0.0, 1.0, 1.0, 1.0, 1.0, 0.0, 0.0, 0.0, 0.0, 0.0, 0.0, 0.0, 0.0, 0.0, 1.0, 1.0, 0.0, 1.0, 1.0, 1.0, 1.0, 0.0, 0.0, 0.0, 0.0, 1.0, 1.0, 1.0, 1.0, 0.0, 0.0, 0.0, 0.0, 0.0, 0.0, 0.0, 0.0, 0.0, 0.0, 0.0, 0.0, 1.0, 1.0, 1.0, 1.0, 1.0, 1.0, 1.0, 0.0, 1.0, 1.0, 1.0, 1.0, 1.0, 0.0, 1.0, 0.0, 0.0, 1.0, 0.0, 0.0, 1.0, 1.0, 1.0, 0.0, 1.0, 1.0, 0.0, 1.0, 1.0, 0.0, 0.0, 0.0, 1.0, 1.0, 1.0, 0.0, 1.0, 1.0, 1.0, 1.0, 1.0, 1.0, 1.0, 1.0, 0.0, 0.0, 0.0, 0.0, 1.0, 1.0, 1.0, 0.0, 0.0, 0.0, 1.0, 0.0, 0.0, 0.0, 1.0, 0.0, 0.0, 0.0, 0.0, 0.0, 1.0, 1.0, 1.0, 0.0, 0.0, 0.0, 1.0, 0.0, 0.0, 0.0, 0.0, 1.0, 0.0, 0.0, 0.0, 0.0, 0.0, 0.0, 0.0, 1.0, 0.0, 0.0, 0.0, 0.0, 1.0, 1.0, 1.0, 1.0, 0.0, 0.0, 0.0, 0.0, 1.0, 1.0, 1.0, 0.0, 0.0, 0.0, 1.0, 0.0, 1.0, 1.0, 1.0, 1.0, 0.0, 0.0, 0.0, 0.0, 1.0, 1.0, 1.0, 1.0, 0.0, 0.0, 0.0, 0.0, 1.0, 1.0, 1.0, 1.0, 1.0, 1.0, 1.0, 0.0, 0.0, 0.0, 0.0, 0.0, 1.0, 0.0, 0.0, 0.0, 1.0, 1.0, 1.0, 1.0, 1.0, 1.0, 1.0, 1.0, 1.0, 1.0, 1.0, 1.0, 1.0, 1.0, 1.0, 0.0, 0.0, 0.0, 0.0, 0.0, 0.0, 0.0, 0.0, 0.0, 0.0, 1.0, 0.0, 1.0, 0.0, 1.0, 0.0, 1.0, 0.0, 0.0, 0.0, 1.0, 0.0, 0.0, 0.0, 0.0, 1.0, 1.0, 1.0, 0.0, 0.0, 0.0, 1.0, 0.0, 0.0, 0.0, 1.0, 0.0, 0.0, 0.0, 0.0, 0.0, 0.0, 1.0, 1.0, 1.0, 0.0, 0.0, 0.0, 0.0, 1.0, 1.0, 1.0, 0.0, 1.0, 1.0, 1.0, 1.0, 0.0, 0.0, 1.0, 0.0, 0.0, 0.0, 0.0, 0.0, 1.0, 1.0, 1.0, 1.0, 1.0, 1.0, 1.0, 0.0, 1.0, 1.0, 1.0, 1.0, 0.0, 0.0, 0.0, 0.0, 1.0, 1.0, 1.0, 1.0, 0.0, 0.0, 0.0, 0.0, 0.0, 1.0, 0.0, 0.0, 0.0, 0.0, 0.0, 0.0, 0.0, 0.0, 0.0, 0.0, 0.0, 0.0, 0.0, 0.0, 0.0, 0.0, 0.0, 0.0, 0.0, 0.0, 0.0, 0.0, 1.0, 1.0, 0.0, 1.0, 1.0, 0.0, 1.0, 0.0, 1.0, 1.0, 1.0, 1.0, 1.0, 0.0, 1.0, 1.0, 0.0, 0.0, 0.0, 0.0, 0.0, 1.0, 1.0, 0.0, 1.0, 0.0, 0.0, 1.0, 0.0, 0.0, 0.0, 0.0, 1.0, 1.0, 1.0, 0.0, 0.0, 0.0, 1.0, 0.0, 1.0, 1.0, 1.0, 0.0, 0.0, 0.0, 0.0, 0.0, 1.0, 1.0, 1.0, 1.0, 1.0, 1.0, 1.0, 0.0, 0.0, 0.0, 0.0, 0.0, 0.0, 0.0, 0.0, 0.0, 1.0, 0.0, 1.0, 0.0, 0.0, 0.0, 0.0, 0.0, 1.0, 1.0, 1.0, 1.0, 1.0, 1.0, 1.0, 0.0, 1.0, 1.0, 1.0, 1.0, 1.0, 1.0, 0.0, 1.0, 1.0, 1.0, 1.0, 1.0, 0.0, 0.0, 0.0, 0.0, 1.0, 1.0, 1.0, 1.0, 1.0, 1.0, 1.0, 0.0, 0.0, 1.0, 1.0, 1.0, 0.0, 0.0, 0.0, 0.0, 1.0, 1.0, 1.0, 1.0, 0.0, 0.0, 0.0, 0.0, 1.0, 0.0, 1.0, 0.0, 0.0, 0.0, 0.0, 0.0, 1.0, 1.0, 1.0, 1.0, 1.0, 0.0, 1.0, 0.0, 1.0, 1.0, 1.0, 0.0, 1.0, 1.0, 0.0, 1.0, 1.0, 1.0, 1.0, 1.0, 0.0, 0.0, 0.0, 0.0, 0.0, 0.0, 0.0, 0.0, 0.0, 0.0, 0.0, 0.0, 1.0, 1.0, 1.0, 1.0, 0.0, 0.0, 0.0, 0.0, 0.0, 0.0, 0.0, 0.0, 0.0, 0.0, 0.0, 0.0, 0.0, 0.0, 0.0, 0.0, 0.0, 0.0, 0.0, 0.0, 1.0, 1.0, 0.0, 0.0, 1.0, 1.0, 1.0, 1.0, 1.0, 1.0, 1.0, 1.0, 1.0, 1.0, 1.0, 1.0, 1.0, 1.0, 1.0, 1.0, 1.0, 0.0, 1.0, 1.0, 0.0, 1.0, 0.0, 1.0, 0.0, 1.0, 0.0, 0.0, 1.0, 1.0, 1.0, 1.0, 0.0, 0.0, 1.0, 0.0, 1.0, 1.0, 1.0, 1.0, 0.0, 0.0, 0.0, 0.0, 0.0, 0.0, 0.0, 1.0, 0.0, 0.0, 0.0, 0.0, 1.0, 1.0, 1.0, 1.0, 0.0, 0.0, 0.0, 0.0, 0.0, 1.0, 1.0, 1.0, 0.0, 1.0, 1.0, 0.0, 1.0, 1.0, 1.0, 1.0, 0.0, 0.0, 0.0, 0.0, 1.0, 0.0, 1.0, 1.0, 1.0, 0.0, 0.0, 1.0, 1.0, 1.0, 1.0, 1.0, 1.0, 1.0, 1.0, 0.0, 0.0, 1.0, 1.0, 1.0, 1.0, 1.0, 0.0, 0.0, 1.0, 1.0, 1.0, 1.0, 0.0, 0.0, 0.0, 0.0, 1.0, 1.0, 1.0, 0.0, 0.0, 0.0, 1.0, 0.0, 1.0, 1.0, 1.0, 1.0, 0.0, 0.0, 0.0, 0.0, 0.0, 0.0, 0.0, 0.0, 0.0, 0.0, 0.0, 0.0, 0.0, 0.0, 1.0, 1.0, 0.0, 0.0, 0.0, 0.0, 1.0, 1.0, 1.0, 1.0, 1.0, 0.0, 0.0, 1.0]",-295.2442605392121,597.0338707387587,-482.430437669722,964.860875339444,1.0,-11.51828050043735,26.214614831222644,1.2846122460949685,-433.45128860920846,873.4479268787513,False,True,True,True,True,0.5833333333333334,0.875,0.75,0.25,0.625,0.25,0.7083333333333334,0.5,0.75,0.25,0.6666666666666666,0.375,"Z.atleast(lambda x1: Z.less(x1,2,'size'),2,X)","Z.exactly(lambda x1: Z.equal(x1,'green','colour'),3,X)","Z.forall(lambda x1: Z.equal(x1,'no','grounded'),X)","Z.exactly(lambda x1: Z.equal(x1,'green','colour'),3,X)",0.875,0.5,0.25,0.5,0.25,0.7083333333333334,0.6982758620689655,0.6867816091954023,0.6954022988505747,0.6925287356321839,5.241379310344827,0,0,0,0,0,0
9,16,24,OWxuM,3ioMahe1PAlAZAq3AAAo,Iota,one is blue,"[False, False, False, True, False, False, False, False]","[True, True, True, True, False, False, False, False]",0.625,1.0,There is exactly one blue cone.,[['x1']],"Z.exactly(lambda x1: Z.equal(x1,'blue','colour'),1,X)",There is exactly one blue cone.,"[{'ids': [0, 1, 2], 'colours': ['blue', 'green', 'red'], 'sizes': [2, 1, 3], 'xpos': [2.2821404651733017, 6.769546836916266, 3.36982285480355], 'ypos': [4.119217331394448, 4.120000000000001, 3.7078932608510806], 'rotations': [3.1396359755264536, 3.1415926535897944, 2.17278099477679], 'orientations': ['upright', 'upright', 'strange'], 'contact': [[0, 2], [1], [2, 0]], 'grounded': ['yes', 'yes', 'yes'], 'follow_rule': True}, {'ids': [0, 1, 2], 'colours': ['red', 'blue', 'green'], 'sizes': [3, 3, 2], 'xpos': [3.1669606429706842, 4.176152532758232, 1.8941486742132094], 'ypos': [4.117543768896514, 4.117181926188, 4.115768637610396], 'rotations': [3.1372403733993197, 3.1397951959857164, 3.1441315009009907], 'orientations': ['upright', 'upright', 'upright'], 'contact': [[0, 1], [1, 0], [2]], 'grounded': ['yes', 'yes', 'yes'], 'follow_rule': True}, {'ids': [0, 1, 2], 'colours': ['green', 'green', 'green'], 'sizes': [3, 2, 1], 'xpos': [5.842898478797153, 6.587770733998309, 1.4653067880350057], 'ypos': [3.6436340856404095, 4.11603386776123, 3.8400170429225273], 'rotations': [1.2434728024454604, 3.1445380575983455, 1.9701701739378599], 'orientations': ['lhs', 'upright', 'strange'], 'contact': [[0], [1], [2]], 'grounded': ['yes', 'yes', 'yes'], 'follow_rule': False}, {'ids': [0, 1, 2], 'colours': ['blue', 'red', 'green'], 'sizes': [3, 3, 2], 'xpos': [5.762558041670413, 1.914187506555105, 2.833950244558092], 'ypos': [3.6418951004683584, 3.641822762376001, 3.9501214905396114], 'rotations': [1.243766624901915, 1.2439010278656732, 3.5718334258203774], 'orientations': ['lhs', 'lhs', 'upright'], 'contact': [[0], [1], [2]], 'grounded': ['yes', 'yes', 'yes'], 'follow_rule': True}, {'ids': [0, 1], 'colours': ['green', 'red'], 'sizes': [1, 1], 'xpos': [3.6561911767480115, 6.1883887785675595], 'ypos': [4.115912983508857, 4.1069742666220925], 'rotations': [3.13968633919811, 3.171423432163398], 'orientations': ['upright', 'upright'], 'contact': [[0], [1]], 'grounded': ['yes', 'no'], 'follow_rule': False}, {'ids': [0, 1, 2], 'colours': ['blue', 'red', 'green'], 'sizes': [1, 1, 1], 'xpos': [1.8593072800655925, 6.661026745724065, 5.58669572954652], 'ypos': [4.115821888537551, 3.835009815428298, 4.116224412394147], 'rotations': [3.1389478420716497, 5.070360648681337, 3.138304527081916], 'orientations': ['upright', 'rhs', 'upright'], 'contact': [[0], [1], [2]], 'grounded': ['yes', 'yes', 'yes'], 'follow_rule': True}, {'ids': [0, 1], 'colours': ['blue', 'red'], 'sizes': [1, 1], 'xpos': [5.0644297165679735, 6.252414731803922], 'ypos': [4.11643775907308, 4.115288188117043], 'rotations': [3.1437113426585146, 3.141033063559229], 'orientations': ['upright', 'upright'], 'contact': [[0], [1]], 'grounded': ['yes', 'yes'], 'follow_rule': True}, {'ids': [0, 1, 2], 'colours': ['blue', 'red', 'blue'], 'sizes': [1, 1, 1], 'xpos': [0.6276054152064761, 5.596911728872133, 0.09939183863893164], 'ypos': [4.009392686596036, 4.11545669284873, 3.6059687864103354], 'rotations': [3.52044260502258, 3.1405294867092763, 4.399747268861382], 'orientations': ['upright', 'upright', 'strange'], 'contact': [[0, 2], [1], [2, 0]], 'grounded': ['yes', 'yes', 'no'], 'follow_rule': False}, {'ids': [0, 1, 2, 3, 4], 'colours': ['red', 'green', 'red', 'blue', 'green'], 'sizes': [3, 1, 1, 2, 3], 'xpos': [5.12691938557365, 5.11503131679493, 4.23727953775697, 6.19519140108846, 3.42148978150856], 'ypos': [4.16166666682932, 3.21450769513128, 4.15833270210236, 3.780270212316, 4.15777826181353], 'rotations': [3.14159265356107, 3.17396503839037, 3.13596899439433, 5.0484168782327, 3.14163950292034], 'contact': [[0, 1], [1, 0], 2, 3, 4], 'grounded': ['yes', 'no', 'yes', 'yes', 'yes']}, {'ids': [0, 1, 2, 3], 'colours': ['green', 'green', 'red', 'blue'], 'sizes': [1, 3, 1, 2], 'xpos': [1.95640316882102, 3.82119006463636, 5.49466900932729, 4.94512429018313], 'ypos': [4.1575463669092, 3.68793264237984, 3.88075060909874, 3.82370041726639], 'rotations': [3.14042586215534, 5.03796059957422, 5.07099533912214, 4.13396592888911], 'contact': [0, 1, [2, 3], [3, 2]], 'grounded': ['yes', 'yes', 'yes', 'yes']}, {'ids': [0, 1, 2, 3, 4], 'colours': ['red', 'blue', 'red', 'green', 'green'], 'sizes': [3, 1, 2, 2, 1], 'xpos': [6.01871423256697, 2.01992789098242, 4.13597794449854, 0.774406281828649, 4.80555851531279], 'ypos': [3.68393205570556, 4.15898574652681, 4.15794140291817, 3.77979942907755, 3.98725786368743], 'rotations': [1.24414891831718, 3.14156263599238, 3.14292046357041, 5.04964608195148, 2.53998237313469], 'contact': [[0, 4], 1, 2, 3, [4, 0]], 'grounded': ['yes', 'yes', 'yes', 'yes', 'yes']}, {'ids': [0, 1], 'colours': ['blue', 'green'], 'sizes': [1, 2], 'xpos': [1.67047327443096, 4.46813203908946], 'ypos': [4.15694705663294, 4.15819949787589], 'rotations': [3.14214596161258, 3.14225319301416], 'contact': [{'V1': 0, 'V2': 1}], 'grounded': ['yes', 'yes']}, {'ids': [0, 1, 2, 3, 4], 'colours': ['blue', 'blue', 'red', 'blue', 'red'], 'sizes': [1, 1, 3, 2, 3], 'xpos': [2.9749447690173, 1.59038636414738, 1.89943344290003, 0.742265142690783, 5.82945571924824], 'ypos': [4.14706432996679, 4.15682792868204, 3.68436535365509, 3.87793736870491, 4.15825788448378], 'rotations': [3.19018443917557, 3.14127258207092, 4.38185242264156, 2.36758036264438, 3.14223131257379], 'contact': [[0, 2], 1, [2, 0], 3, 4], 'grounded': ['yes', 'yes', 'yes', 'yes', 'yes']}, {'ids': [0, 1, 2, 3, 4], 'colours': ['blue', 'blue', 'red', 'red', 'blue'], 'sizes': [1, 1, 2, 3, 2], 'xpos': [3.86710801315826, 0.780465760873674, 4.72248955423569, 3.06295468416754, 7.04671297081929], 'ypos': [4.1448491118357, 4.15796013032216, 4.15793209798963, 3.75002575259372, 4.15761808534214], 'rotations': [3.19364501547634, 3.14186836777695, 3.13970081999877, 4.09252896570911, 3.14406240189392], 'contact': [[0, 3], 1, 2, [3, 0], 4], 'grounded': ['yes', 'yes', 'yes', 'yes', 'yes']}, {'ids': [0, 1, 2, 3], 'colours': ['blue', 'green', 'blue', 'red'], 'sizes': [1, 2, 1, 3], 'xpos': [0.414928997162714, 1.7723984589512, 5.75738502777065, 6.08770777718876], 'ypos': [4.15743978227501, 4.15711897749998, 3.88075060909862, 3.89628768750355], 'rotations': [3.14447951863788, 3.14010156096646, 5.07099533912207, 3.69409526653564], 'contact': [0, 1, [2, 3], [3, 2]], 'grounded': ['yes', 'yes', 'yes', 'yes']}, {'ids': [0, 1, 2, 3, 4], 'colours': ['green', 'red', 'green', 'green', 'red'], 'sizes': [2, 2, 3, 3, 2], 'xpos': [1.30426887924571, 1.8868098606311, 6.83333126813548, 2.79429839111229, 3.83407517131883], 'ypos': [3.78000391300947, 4.15881602818333, 3.73307814239637, 4.15736329550291, 4.15804254736289], 'rotations': [1.23253748876037, 3.14240000646429, 4.1567939442383, 3.14166932108615, 3.1439673324419], 'contact': [0, [1, 3], 2, [3, 1], 4], 'grounded': ['yes', 'yes', 'yes', 'yes', 'yes']}]","[True, True, True, True, True, True, True, False]","[False, False, False, True, False, False, False, True]","[False, False, False, False, False, False, False, False]","[True, True, True, False, True, True, True, False]","[True, True, True, True, True, True, True, False]","[True, True, True, True, False, False, False, True]","[False, False, False, False, False, False, False, False]","[False, False, False, False, True, True, True, False]",0.0,0.375,-0.375,0.0,0.25,0.625,0.25,0.625,0.375,0.375,0.0,0.375,0.75,0.375,467.13686825248953,-5.549463427530544,-5.545177444479562,13.178368396740924,11.090354888959125,656.2785432533499,-16.639714073107854,-16.635532333438686,36.457481976563656,33.27106466687737,1.0502311195665048,"[1.0, 1.0, 1.0, 1.0, 1.0, 0.0, 1.0, 0.0, 1.0, 1.0, 1.0, 1.0, 1.0, 1.0, 1.0, 0.0135, 0.9530000000000001, 0.092, 0.5895, 0.5895, 1.0, 0.0, 0.0, 0.861, 1.0, 1.0, 1.0, 0.2925, 0.999, 0.999, 1.0, 0.7155, 0.0, 0.0, 1.0, 0.0, 0.0, 0.0, 1.0, 0.0, 0.0, 0.0, 1.0, 0.0, 0.0, 0.0, 1.0, 0.0, 1.0, 1.0, 1.0, 1.0, 0.0, 0.0, 0.0, 0.0, 1.0, 1.0, 1.0, 1.0, 0.935, 0.935, 0.935, 0.935, 1.0, 1.0, 1.0, 1.0, 0.0, 1.0, 0.0, 0.0, 0.0, 1.0, 1.0, 1.0, 1.0, 1.0, 1.0, 1.0, 1.0, 1.0, 1.0, 1.0, 0.0935, 0.0935, 0.0935, 0.0935, 1.0, 1.0, 1.0, 1.0, 1.0, 1.0, 1.0, 1.0, 1.0, 1.0, 1.0, 1.0, 1.0, 1.0, 1.0, 0.013000000000000001, 1.0, 1.0, 0.998, 1.0, 1.0, 0.002, 0.998, 0.002, 1.0, 1.0, 1.0, 1.0, 1.0, 1.0, 1.0, 0.0, 0.973, 1.0, 0.9530000000000001, 1.0, 0.8925000000000001, 0.9195, 0.17400000000000002, 0.201, 1.0, 1.0, 1.0, 1.0, 0.0, 0.0, 0.0, 0.0, 1.0, 1.0, 1.0, 0.24, 1.0, 1.0, 0.968, 1.0, 0.653, 0.653, 0.653, 1.0, 0.2535, 0.2535, 0.7035, 0.10300000000000001, 1.0, 1.0, 1.0, 1.0, 0.0, 1.0, 0.0, 0.0, 1.0, 1.0, 1.0, 0.012, 0.988, 0.988, 1.0, 1.0, 1.0, 0.0, 1.0, 1.0, 1.0, 0.0, 0.0, 1.0, 0.0, 0.0, 0.0, 1.0, 1.0, 0.0, 0.0, 0.0, 1.0, 1.0, 1.0, 1.0, 0.0, 0.0, 0.0, 0.0, 1.0, 1.0, 1.0, 1.0, 0.0, 0.0, 0.0, 0.0, 1.0, 1.0, 1.0, 1.0, 1.0, 1.0, 0.841, 1.0, 1.0, 1.0, 1.0, 1.0, 0.0, 0.0, 0.0, 0.0, 1.0, 1.0, 1.0, 1.0, 1.0, 1.0, 1.0, 0.0, 0.197, 0.0, 0.85, 0.653, 0.803, 0.0, 0.0, 0.0, 0.8525, 0.847, 0.9935, 0.847, 0.28300000000000003, 0.4305, 0.426, 0.426, 1.0, 1.0, 1.0, 1.0, 1.0, 1.0, 1.0, 0.0, 0.798, 1.0, 0.7995, 0.7995, 0.0275, 0.029, 0.2265, 0.1975, 1.0, 1.0, 1.0, 1.0, 0.0, 0.0, 0.0, 0.0, 0.862, 0.854, 0.8595, 0.8955000000000001, 0.045, 0.0005, 0.8695, 0.8505, 1.0, 1.0, 1.0, 0.022, 1.0, 1.0, 1.0, 0.978, 0.28400000000000003, 0.0145, 0.1885, 0.0275, 0.2755, 0.0, 0.0015, 0.013000000000000001, 0.0, 0.0, 0.0, 1.0, 1.0, 0.0, 0.0, 0.0, 1.0, 1.0, 1.0, 1.0, 0.0, 0.0, 0.0, 0.0, 1.0, 1.0, 1.0, 1.0, 1.0, 0.0, 1.0, 0.0, 1.0, 1.0, 1.0, 1.0, 1.0, 1.0, 1.0, 0.0, 1.0, 1.0, 1.0, 0.728, 0.8265, 0.5545, 0.5545, 0.8265, 1.0, 1.0, 1.0, 1.0, 1.0, 1.0, 1.0, 1.0, 1.0, 1.0, 1.0, 0.8715, 0.9365, 0.8695, 0.8695, 0.9365, 0.229, 0.229, 0.229, 0.229, 0.801, 0.03, 0.03, 0.801, 0.0, 0.0, 0.0, 1.0, 1.0, 0.0, 0.0, 0.0, 0.108, 0.114, 0.2315, 0.108, 0.114, 0.07050000000000001, 0.0495, 0.006, 1.0, 1.0, 1.0, 1.0, 0.0, 0.0, 0.0, 0.0, 0.8955000000000001, 0.895, 0.0115, 0.0, 0.883, 0.0, 0.0, 0.0, 1.0, 1.0, 1.0, 1.0, 0.0, 0.0, 0.0, 0.0, 0.902, 0.902, 0.902, 0.678, 0.88, 0.88, 0.902, 0.807, 1.0, 1.0, 1.0, 1.0, 0.0, 0.0, 0.0, 0.0, 1.0, 1.0, 1.0, 1.0, 1.0, 1.0, 1.0, 0.0, 1.0, 1.0, 1.0, 1.0, 0.0, 0.0, 0.0, 0.0, 1.0, 1.0, 1.0, 1.0, 0.008, 0.008, 0.008, 0.008, 1.0, 1.0, 1.0, 1.0, 1.0, 1.0, 1.0, 0.0, 1.0, 1.0, 1.0, 1.0, 1.0, 1.0, 0.6980000000000001, 1.0, 1.0, 1.0, 1.0, 1.0, 0.0, 0.0, 0.0, 0.0, 1.0, 1.0, 1.0, 1.0, 1.0, 1.0, 1.0, 0.0, 0.9530000000000001, 0.9530000000000001, 0.9530000000000001, 1.0, 1.0, 1.0, 0.641, 0.9530000000000001, 1.0, 1.0, 1.0, 1.0, 0.0, 0.0, 0.0, 0.0, 1.0, 1.0, 1.0, 1.0, 1.0, 1.0, 1.0, 1.0, 1.0, 1.0, 1.0, 1.0, 0.0, 0.0, 0.0, 0.0, 1.0, 1.0, 1.0, 1.0, 1.0, 1.0, 1.0, 1.0, 1.0, 1.0, 1.0, 1.0, 0.021500000000000002, 0.021500000000000002, 0.021500000000000002, 0.021500000000000002, 0.021500000000000002, 0.003, 0.02, 0.0095, 0.0095, 0.964, 0.9555, 0.0095, 1.0, 1.0, 1.0, 1.0, 1.0, 1.0, 1.0, 1.0, 1.0, 1.0, 1.0, 1.0, 0.0, 0.0, 0.0, 0.0, 1.0, 1.0, 1.0, 1.0, 0.0, 0.0, 1.0, 1.0, 1.0, 0.873, 0.198, 0.198, 1.0, 1.0, 0.6905, 1.0, 1.0, 1.0, 1.0, 1.0, 1.0, 1.0, 1.0, 0.0, 1.0, 0.999, 0.999, 1.0, 0.0025, 0.0025, 0.0025, 0.0025, 1.0, 1.0, 1.0, 1.0, 1.0, 0.686, 0.314, 0.0, 1.0, 1.0, 1.0, 1.0, 0.524, 0.524, 1.0, 0.47600000000000003, 1.0, 1.0, 1.0, 1.0, 0.008, 0.008, 0.008, 0.008, 0.9935, 0.9935, 0.9775, 0.9935, 0.9935, 0.0225, 0.988, 0.017, 1.0, 1.0, 1.0, 1.0, 0.0725, 0.0725, 0.0725, 0.0725, 0.041, 1.0, 1.0, 0.9590000000000001, 0.041, 0.9590000000000001, 1.0, 0.0, 0.7435, 0.9835, 0.7425, 0.986, 0.7435, 0.7435, 0.256, 0.987, 1.0, 0.005, 1.0, 1.0, 1.0, 0.005, 0.005, 1.0, 1.0, 1.0, 1.0, 1.0, 1.0, 1.0, 1.0, 0.0, 1.0, 1.0, 1.0, 1.0, 0.0, 0.0, 0.0, 0.0, 1.0, 1.0, 1.0, 1.0, 0.0, 0.0, 0.0, 0.0, 0.9705, 0.9705, 0.9145, 1.0, 0.8015, 0.8015, 0.9705, 0.7865, 1.0, 1.0, 1.0, 1.0, 0.0, 0.0, 0.0, 0.0, 1.0, 1.0, 1.0, 1.0, 0.0, 0.0, 0.0, 0.0, 1.0, 1.0, 1.0, 1.0, 0.0, 0.0, 0.0, 0.0, 1.0, 1.0, 1.0, 1.0, 1.0, 1.0, 1.0, 1.0]",-418.5875071169283,843.720363894191,-482.430437669722,964.860875339444,0.01,0.0,2.0794415416798357,0.01,0.0,3.1780538303479458,0.6334250289943713,"[1.0, 1.0, 1.0, 1.0, 1.0, 0.0, 1.0, 0.0, 1.0, 1.0, 1.0, 1.0, 1.0, 1.0, 1.0, 0.0, 0.0, 0.0, 0.0, 0.0, 0.0, 0.0, 0.0, 0.0, 1.0, 1.0, 1.0, 0.0, 0.0, 0.0, 1.0, 0.0, 0.0, 0.0, 1.0, 1.0, 0.0, 1.0, 1.0, 1.0, 1.0, 1.0, 1.0, 1.0, 0.0, 0.0, 1.0, 1.0, 1.0, 1.0, 1.0, 1.0, 0.0, 0.0, 0.0, 0.0, 1.0, 1.0, 1.0, 1.0, 0.0, 0.0, 0.0, 0.0, 0.0, 0.0, 0.0, 0.0, 0.0, 1.0, 1.0, 0.0, 1.0, 1.0, 1.0, 1.0, 0.0, 0.0, 0.0, 0.0, 1.0, 1.0, 1.0, 1.0, 0.0, 0.0, 0.0, 0.0, 1.0, 1.0, 1.0, 1.0, 1.0, 1.0, 0.0, 1.0, 1.0, 1.0, 1.0, 1.0, 1.0, 1.0, 1.0, 0.0, 1.0, 1.0, 1.0, 1.0, 1.0, 0.0, 1.0, 0.0, 0.0, 1.0, 0.0, 0.0, 1.0, 1.0, 1.0, 0.0, 1.0, 1.0, 0.0, 1.0, 1.0, 0.0, 0.0, 0.0, 1.0, 1.0, 1.0, 0.0, 1.0, 1.0, 1.0, 1.0, 1.0, 1.0, 1.0, 1.0, 0.0, 0.0, 0.0, 0.0, 1.0, 1.0, 1.0, 0.0, 0.0, 0.0, 1.0, 0.0, 0.0, 0.0, 1.0, 0.0, 0.0, 0.0, 0.0, 0.0, 1.0, 1.0, 1.0, 0.0, 0.0, 0.0, 1.0, 0.0, 0.0, 0.0, 0.0, 1.0, 0.0, 0.0, 0.0, 0.0, 0.0, 0.0, 0.0, 1.0, 0.0, 0.0, 0.0, 0.0, 1.0, 1.0, 1.0, 1.0, 0.0, 0.0, 0.0, 0.0, 1.0, 1.0, 1.0, 0.0, 0.0, 0.0, 1.0, 0.0, 1.0, 1.0, 1.0, 1.0, 0.0, 0.0, 0.0, 0.0, 1.0, 1.0, 1.0, 1.0, 0.0, 0.0, 0.0, 0.0, 1.0, 1.0, 1.0, 1.0, 1.0, 1.0, 1.0, 0.0, 0.0, 0.0, 0.0, 0.0, 1.0, 0.0, 0.0, 0.0, 1.0, 1.0, 1.0, 1.0, 1.0, 1.0, 1.0, 1.0, 1.0, 1.0, 1.0, 1.0, 1.0, 1.0, 1.0, 0.0, 0.0, 0.0, 0.0, 0.0, 0.0, 0.0, 0.0, 0.0, 0.0, 1.0, 0.0, 1.0, 0.0, 1.0, 0.0, 1.0, 0.0, 0.0, 0.0, 1.0, 0.0, 0.0, 0.0, 0.0, 1.0, 1.0, 1.0, 0.0, 0.0, 0.0, 1.0, 0.0, 1.0, 1.0, 1.0, 1.0, 1.0, 0.0, 1.0, 0.0, 0.0, 1.0, 1.0, 1.0, 0.0, 0.0, 0.0, 0.0, 1.0, 1.0, 1.0, 0.0, 1.0, 1.0, 1.0, 1.0, 0.0, 1.0, 1.0, 1.0, 0.0, 0.0, 0.0, 0.0, 1.0, 1.0, 1.0, 1.0, 1.0, 1.0, 1.0, 0.0, 1.0, 1.0, 1.0, 1.0, 0.0, 0.0, 0.0, 0.0, 1.0, 1.0, 1.0, 1.0, 0.0, 0.0, 0.0, 0.0, 0.0, 1.0, 0.0, 0.0, 0.0, 0.0, 0.0, 0.0, 1.0, 1.0, 1.0, 1.0, 1.0, 0.0, 1.0, 1.0, 0.0, 0.0, 0.0, 0.0, 0.0, 1.0, 1.0, 0.0, 1.0, 1.0, 1.0, 1.0, 1.0, 0.0, 1.0, 0.0, 1.0, 1.0, 1.0, 1.0, 1.0, 0.0, 1.0, 1.0, 0.0, 0.0, 0.0, 0.0, 0.0, 1.0, 1.0, 0.0, 1.0, 0.0, 0.0, 1.0, 0.0, 0.0, 0.0, 0.0, 1.0, 1.0, 1.0, 0.0, 0.0, 0.0, 1.0, 0.0, 1.0, 1.0, 1.0, 0.0, 0.0, 0.0, 0.0, 0.0, 1.0, 1.0, 1.0, 1.0, 1.0, 1.0, 1.0, 0.0, 0.0, 0.0, 0.0, 0.0, 0.0, 0.0, 0.0, 0.0, 1.0, 0.0, 1.0, 0.0, 0.0, 0.0, 0.0, 0.0, 1.0, 1.0, 1.0, 1.0, 1.0, 1.0, 1.0, 0.0, 1.0, 1.0, 1.0, 1.0, 1.0, 1.0, 0.0, 1.0, 1.0, 1.0, 1.0, 1.0, 0.0, 0.0, 0.0, 0.0, 1.0, 1.0, 1.0, 1.0, 1.0, 1.0, 1.0, 0.0, 0.0, 1.0, 1.0, 1.0, 0.0, 0.0, 0.0, 0.0, 1.0, 1.0, 1.0, 1.0, 0.0, 0.0, 0.0, 0.0, 1.0, 0.0, 1.0, 0.0, 0.0, 0.0, 0.0, 0.0, 1.0, 1.0, 1.0, 1.0, 1.0, 0.0, 1.0, 0.0, 1.0, 1.0, 1.0, 0.0, 1.0, 1.0, 0.0, 1.0, 1.0, 1.0, 1.0, 1.0, 0.0, 0.0, 0.0, 0.0, 0.0, 0.0, 0.0, 0.0, 0.0, 1.0, 0.0, 0.0, 1.0, 1.0, 1.0, 1.0, 0.0, 0.0, 0.0, 0.0, 0.0, 0.0, 0.0, 0.0, 0.0, 0.0, 0.0, 0.0, 1.0, 0.0, 1.0, 0.0, 0.0, 0.0, 0.0, 0.0, 1.0, 1.0, 0.0, 0.0, 1.0, 1.0, 1.0, 1.0, 1.0, 1.0, 1.0, 1.0, 1.0, 1.0, 1.0, 1.0, 1.0, 1.0, 1.0, 1.0, 1.0, 0.0, 1.0, 1.0, 0.0, 1.0, 0.0, 1.0, 0.0, 1.0, 0.0, 0.0, 1.0, 1.0, 1.0, 1.0, 0.0, 0.0, 1.0, 0.0, 1.0, 1.0, 1.0, 1.0, 0.0, 0.0, 0.0, 0.0, 0.0, 0.0, 0.0, 1.0, 0.0, 0.0, 0.0, 0.0, 1.0, 1.0, 1.0, 1.0, 0.0, 0.0, 0.0, 0.0, 0.0, 1.0, 1.0, 1.0, 0.0, 1.0, 1.0, 0.0, 1.0, 1.0, 1.0, 1.0, 0.0, 0.0, 0.0, 0.0, 1.0, 0.0, 1.0, 1.0, 1.0, 0.0, 0.0, 1.0, 1.0, 1.0, 1.0, 1.0, 1.0, 1.0, 1.0, 0.0, 0.0, 1.0, 1.0, 1.0, 1.0, 1.0, 0.0, 0.0, 1.0, 1.0, 1.0, 1.0, 0.0, 0.0, 0.0, 0.0, 1.0, 1.0, 1.0, 0.0, 0.0, 0.0, 1.0, 0.0, 1.0, 1.0, 1.0, 1.0, 0.0, 0.0, 0.0, 0.0, 0.0, 0.0, 0.0, 0.0, 0.0, 0.0, 0.0, 0.0, 0.0, 1.0, 0.0, 1.0, 0.0, 1.0, 1.0, 0.0, 1.0, 1.0, 1.0, 1.0, 1.0, 0.0, 0.0, 1.0]",-318.3726801373107,643.2907099349558,1.9575782340752135,-5.292505905351038,-5.545177444479562,12.664453352381912,11.090354888959125,0.513898345456696,-9.042483870154484,-16.635532333438686,21.263021570656914,33.27106466687737,0.6173530694834558,"[1.0, 1.0, 1.0, 1.0, 1.0, 0.0, 1.0, 0.0, 1.0, 1.0, 1.0, 1.0, 1.0, 1.0, 1.0, 0.0, 0.0, 0.0, 0.0, 0.0, 0.0, 0.0, 0.0, 0.0, 1.0, 1.0, 1.0, 0.0, 0.0, 0.0, 1.0, 0.0, 0.0, 0.0, 1.0, 1.0, 0.0, 1.0, 1.0, 1.0, 0.0, 0.0, 0.0, 0.0, 0.0, 0.0, 0.0, 0.0, 1.0, 1.0, 1.0, 1.0, 0.0, 0.0, 0.0, 0.0, 1.0, 1.0, 1.0, 1.0, 0.0, 0.0, 0.0, 0.0, 0.0, 0.0, 0.0, 0.0, 0.0, 1.0, 1.0, 0.0, 0.0, 0.0, 0.0, 1.0, 0.0, 0.0, 0.0, 0.0, 1.0, 1.0, 1.0, 1.0, 0.0, 0.0, 0.0, 0.0, 0.0, 0.0, 0.0, 0.0, 1.0, 1.0, 0.0, 1.0, 1.0, 1.0, 1.0, 1.0, 1.0, 1.0, 1.0, 0.0, 1.0, 1.0, 1.0, 1.0, 1.0, 0.0, 1.0, 0.0, 0.0, 1.0, 0.0, 0.0, 1.0, 1.0, 1.0, 0.0, 1.0, 1.0, 0.0, 1.0, 1.0, 0.0, 0.0, 0.0, 1.0, 1.0, 1.0, 0.0, 1.0, 1.0, 1.0, 1.0, 1.0, 1.0, 1.0, 1.0, 0.0, 0.0, 0.0, 0.0, 1.0, 1.0, 1.0, 0.0, 0.0, 0.0, 1.0, 0.0, 0.0, 0.0, 1.0, 0.0, 0.0, 0.0, 0.0, 0.0, 1.0, 1.0, 1.0, 0.0, 0.0, 0.0, 1.0, 0.0, 0.0, 0.0, 0.0, 1.0, 0.0, 0.0, 0.0, 0.0, 0.0, 0.0, 0.0, 1.0, 0.0, 0.0, 0.0, 0.0, 1.0, 1.0, 1.0, 1.0, 0.0, 0.0, 0.0, 0.0, 1.0, 1.0, 1.0, 0.0, 0.0, 0.0, 1.0, 0.0, 1.0, 1.0, 1.0, 1.0, 0.0, 0.0, 0.0, 0.0, 1.0, 1.0, 1.0, 1.0, 0.0, 0.0, 0.0, 0.0, 1.0, 1.0, 1.0, 1.0, 1.0, 1.0, 1.0, 0.0, 0.0, 0.0, 0.0, 0.0, 1.0, 0.0, 0.0, 0.0, 1.0, 1.0, 1.0, 1.0, 1.0, 1.0, 1.0, 1.0, 1.0, 1.0, 1.0, 1.0, 1.0, 1.0, 1.0, 0.0, 0.0, 0.0, 0.0, 0.0, 0.0, 0.0, 0.0, 0.0, 0.0, 1.0, 0.0, 1.0, 0.0, 1.0, 0.0, 1.0, 0.0, 0.0, 0.0, 1.0, 0.0, 0.0, 0.0, 0.0, 1.0, 1.0, 1.0, 0.0, 0.0, 0.0, 1.0, 0.0, 1.0, 1.0, 1.0, 1.0, 1.0, 0.0, 1.0, 0.0, 0.0, 1.0, 1.0, 1.0, 0.0, 0.0, 0.0, 0.0, 1.0, 1.0, 1.0, 0.0, 1.0, 1.0, 1.0, 1.0, 0.0, 1.0, 1.0, 1.0, 0.0, 0.0, 0.0, 0.0, 1.0, 1.0, 1.0, 1.0, 1.0, 1.0, 1.0, 0.0, 1.0, 1.0, 1.0, 1.0, 0.0, 0.0, 0.0, 0.0, 1.0, 1.0, 1.0, 1.0, 0.0, 0.0, 0.0, 0.0, 0.0, 1.0, 0.0, 0.0, 0.0, 0.0, 0.0, 0.0, 0.0, 0.0, 0.0, 0.0, 0.0, 0.0, 0.0, 0.0, 1.0, 0.0, 1.0, 1.0, 1.0, 0.0, 0.0, 1.0, 1.0, 1.0, 1.0, 1.0, 1.0, 0.0, 1.0, 0.0, 1.0, 1.0, 1.0, 1.0, 1.0, 0.0, 1.0, 1.0, 0.0, 0.0, 0.0, 0.0, 0.0, 1.0, 1.0, 0.0, 1.0, 0.0, 0.0, 1.0, 0.0, 0.0, 0.0, 0.0, 1.0, 1.0, 1.0, 0.0, 0.0, 0.0, 1.0, 0.0, 1.0, 1.0, 1.0, 0.0, 0.0, 0.0, 0.0, 0.0, 1.0, 1.0, 1.0, 1.0, 1.0, 1.0, 1.0, 0.0, 0.0, 0.0, 0.0, 0.0, 0.0, 0.0, 0.0, 0.0, 1.0, 0.0, 1.0, 0.0, 0.0, 0.0, 0.0, 0.0, 1.0, 1.0, 1.0, 1.0, 1.0, 1.0, 1.0, 0.0, 1.0, 1.0, 1.0, 1.0, 1.0, 1.0, 0.0, 1.0, 1.0, 1.0, 1.0, 1.0, 0.0, 0.0, 0.0, 0.0, 1.0, 1.0, 1.0, 1.0, 1.0, 1.0, 1.0, 0.0, 0.0, 1.0, 1.0, 1.0, 0.0, 0.0, 0.0, 0.0, 1.0, 1.0, 1.0, 1.0, 0.0, 0.0, 0.0, 0.0, 1.0, 0.0, 1.0, 0.0, 0.0, 0.0, 0.0, 0.0, 1.0, 1.0, 1.0, 1.0, 1.0, 0.0, 1.0, 0.0, 1.0, 1.0, 1.0, 0.0, 1.0, 1.0, 0.0, 1.0, 1.0, 1.0, 1.0, 1.0, 0.0, 0.0, 0.0, 0.0, 0.0, 0.0, 0.0, 0.0, 0.0, 1.0, 0.0, 0.0, 1.0, 1.0, 1.0, 1.0, 0.0, 0.0, 0.0, 0.0, 0.0, 0.0, 0.0, 0.0, 0.0, 0.0, 0.0, 0.0, 1.0, 0.0, 1.0, 0.0, 0.0, 0.0, 0.0, 0.0, 1.0, 1.0, 0.0, 0.0, 1.0, 1.0, 1.0, 1.0, 1.0, 1.0, 1.0, 1.0, 1.0, 1.0, 1.0, 1.0, 1.0, 1.0, 1.0, 1.0, 1.0, 0.0, 1.0, 1.0, 0.0, 1.0, 0.0, 1.0, 0.0, 1.0, 0.0, 0.0, 1.0, 1.0, 1.0, 1.0, 0.0, 0.0, 1.0, 0.0, 1.0, 1.0, 1.0, 1.0, 0.0, 0.0, 0.0, 0.0, 0.0, 0.0, 0.0, 1.0, 0.0, 0.0, 0.0, 0.0, 1.0, 1.0, 1.0, 1.0, 0.0, 0.0, 0.0, 0.0, 0.0, 1.0, 1.0, 1.0, 0.0, 1.0, 1.0, 0.0, 1.0, 1.0, 1.0, 1.0, 0.0, 0.0, 0.0, 0.0, 1.0, 0.0, 1.0, 1.0, 1.0, 0.0, 0.0, 1.0, 1.0, 1.0, 1.0, 1.0, 1.0, 1.0, 1.0, 0.0, 0.0, 0.0, 1.0, 0.0, 0.0, 1.0, 0.0, 0.0, 1.0, 1.0, 1.0, 1.0, 0.0, 0.0, 0.0, 0.0, 1.0, 1.0, 1.0, 0.0, 0.0, 0.0, 1.0, 0.0, 1.0, 1.0, 1.0, 1.0, 0.0, 0.0, 0.0, 0.0, 0.0, 0.0, 0.0, 0.0, 0.0, 0.0, 0.0, 0.0, 0.0, 1.0, 0.0, 1.0, 0.0, 1.0, 1.0, 0.0, 1.0, 1.0, 1.0, 1.0, 1.0, 0.0, 0.0, 1.0]",-311.9759791000219,630.4973078603782,-482.430437669722,964.860875339444,1.9575785093610467,-5.292505905349744,-5.545177444479562,12.664453352379324,11.090354888959125,1.0,-12.51828050043735,-16.635532333438686,28.214614831222644,33.27106466687737,1.0908740239314543,"[0.0, 0.0, 1.0, 0.0, 0.0, 0.0, 0.0, 0.0, 1.0, 1.0, 1.0, 1.0, 0.877, 0.877, 0.877, 0.0, 1.0, 0.259, 1.0, 1.0, 0.8015, 0.0, 0.259, 1.0, 1.0, 1.0, 1.0, 1.0, 1.0, 1.0, 1.0, 0.0, 0.0, 0.0, 1.0, 0.0, 0.0, 0.0, 1.0, 0.0, 0.0, 0.0, 1.0, 0.0, 0.0, 0.0, 1.0, 0.0, 0.0, 0.0, 0.0, 0.0775, 0.0, 0.0, 0.1635, 0.47100000000000003, 1.0, 1.0, 1.0, 1.0, 0.0, 0.0, 0.0, 0.0, 0.0, 0.0, 0.0, 0.0, 0.0, 0.0, 0.0, 0.0, 1.0, 1.0, 1.0, 1.0, 1.0, 1.0, 1.0, 0.0, 1.0, 1.0, 1.0, 1.0, 0.0, 0.0, 0.0, 0.0, 0.0, 0.0, 0.0, 0.0, 0.0, 0.113, 0.113, 0.0, 0.0, 0.0, 0.0, 1.0, 0.0, 0.0, 0.0, 0.0, 1.0, 1.0, 1.0, 1.0, 0.0, 0.0, 0.0, 0.0, 0.9995, 1.0, 1.0, 0.663, 1.0, 1.0, 1.0, 0.353, 1.0, 1.0, 1.0, 1.0, 0.082, 0.082, 0.0, 0.0, 0.973, 1.0, 0.7655000000000001, 0.605, 0.973, 1.0, 1.0, 0.368, 0.0, 0.0, 1.0, 0.0, 1.0, 0.0, 1.0, 0.0, 1.0, 1.0, 1.0, 1.0, 0.0, 0.0, 1.0, 0.0, 1.0, 1.0, 1.0, 1.0, 0.0, 0.9465, 0.0, 0.0, 0.666, 1.0, 0.666, 0.666, 0.0, 0.0, 0.7975, 0.0, 0.0, 0.9430000000000001, 0.0, 1.0, 1.0, 0.0, 0.0, 0.0, 0.0, 1.0, 0.0, 0.0, 0.0, 0.0, 0.0, 0.0, 1.0, 1.0, 1.0, 1.0, 0.0, 0.0, 0.0, 0.0, 1.0, 1.0, 1.0, 1.0, 1.0, 1.0, 1.0, 0.0005, 1.0, 1.0, 1.0, 1.0, 1.0, 1.0, 0.0, 1.0, 1.0, 1.0, 1.0, 1.0, 0.0, 0.0, 0.0, 0.0, 1.0, 1.0, 1.0, 1.0, 1.0, 1.0, 1.0, 0.0, 1.0, 0.0, 1.0, 0.0, 0.0, 0.0, 0.0, 0.0, 0.0, 1.0, 0.0, 1.0, 0.0, 1.0, 0.0, 1.0, 1.0, 1.0, 1.0, 1.0, 1.0, 1.0, 1.0, 0.0, 1.0, 0.0, 1.0, 1.0, 1.0, 0.0, 0.0, 1.0, 1.0, 1.0, 1.0, 1.0, 1.0, 1.0, 1.0, 1.0, 0.0, 0.9580000000000001, 0.0, 0.0, 0.0, 0.0, 0.0045000000000000005, 0.0, 0.0, 0.0, 0.0, 0.0, 0.0, 0.0, 0.0, 1.0, 0.0, 0.0, 0.0005, 0.0, 0.0, 0.0, 0.0, 0.0, 0.0, 1.0, 0.0, 0.0, 0.0, 0.0, 0.0, 0.0, 1.0, 1.0, 1.0, 0.001, 0.001, 0.001, 1.0, 0.0, 0.0, 0.0, 0.6225, 0.0, 0.0, 0.0, 0.0, 0.0, 1.0, 1.0, 1.0, 1.0, 0.0, 0.0, 0.0, 0.0, 0.0, 0.0, 0.0, 0.0, 0.0, 0.0, 0.0, 0.0, 1.0, 1.0, 1.0, 1.0, 1.0, 1.0, 1.0, 0.0, 0.0, 0.0, 0.0, 1.0, 0.0, 0.0, 1.0, 0.0, 1.0, 1.0, 1.0, 1.0, 0.0, 0.0, 0.0, 0.0, 0.0, 1.0, 0.0, 0.0, 1.0, 0.0, 0.0, 1.0, 1.0, 1.0, 1.0, 1.0, 0.0, 0.0, 0.0, 0.0, 1.0, 1.0, 1.0, 1.0, 1.0, 0.0, 1.0, 1.0, 0.0, 0.0005, 0.0, 0.0, 0.0, 0.38, 0.0, 0.0, 1.0, 1.0, 1.0, 1.0, 0.0, 0.0, 0.0, 0.0, 1.0, 1.0, 1.0, 0.999, 1.0, 1.0, 1.0, 0.0195, 1.0, 1.0, 1.0, 1.0, 0.0, 0.0, 0.0, 0.0, 0.0, 0.6285000000000001, 0.0, 0.328, 0.0, 0.0, 0.6285000000000001, 0.0, 0.0, 0.0, 0.0, 0.0, 0.0, 0.0, 0.0, 1.0, 1.0, 1.0, 1.0, 1.0, 0.0, 0.0, 0.0, 0.0, 1.0, 1.0, 1.0, 1.0, 1.0, 1.0, 1.0, 0.0, 1.0, 1.0, 1.0, 1.0, 1.0, 1.0, 0.0375, 1.0, 1.0, 1.0, 1.0, 1.0, 0.0, 0.0, 0.0, 0.0, 1.0, 1.0, 1.0, 1.0, 1.0, 1.0, 1.0, 0.0, 1.0, 1.0, 1.0, 1.0, 1.0, 1.0, 0.0, 1.0, 1.0, 1.0, 1.0, 1.0, 0.0, 0.0, 0.0, 0.0, 1.0, 1.0, 1.0, 1.0, 1.0, 1.0, 1.0, 1.0, 0.0, 0.0, 0.4395, 0.0, 0.0, 0.0, 0.001, 1.0, 0.0, 0.0, 0.0, 0.0, 0.0, 0.0, 0.0, 0.0, 1.0, 1.0, 1.0, 0.0, 1.0, 0.0, 0.0, 1.0, 0.0, 0.0, 1.0, 1.0, 1.0, 0.0, 0.0, 0.0, 0.0, 0.0, 0.0, 0.0, 0.0, 0.0, 0.0, 0.0, 1.0, 1.0, 1.0, 1.0, 0.0, 0.0, 0.0, 0.0, 0.0, 0.0, 0.0, 0.0, 0.0, 1.0, 0.0, 0.0, 1.0, 1.0, 1.0, 1.0, 0.0, 0.4945, 0.0, 0.0, 1.0, 1.0, 1.0, 1.0, 0.0, 0.0, 1.0, 1.0, 1.0, 1.0, 1.0, 1.0, 0.0, 0.0, 0.0, 0.0, 1.0, 1.0, 1.0, 1.0, 1.0, 0.704, 0.296, 0.0, 1.0, 1.0, 1.0, 1.0, 0.0, 0.0, 1.0, 1.0, 1.0, 1.0, 1.0, 1.0, 0.0, 0.0, 0.0, 0.0, 0.006, 1.0, 0.006, 0.708, 0.298, 1.0, 0.298, 1.0, 1.0, 1.0, 1.0, 1.0, 0.0, 0.0, 0.0, 0.0, 1.0, 0.0, 1.0, 1.0, 1.0, 0.0, 0.0, 1.0, 0.0, 1.0, 1.0, 1.0, 0.0, 0.0, 0.0, 0.0, 1.0, 0.224, 1.0, 1.0, 0.776, 0.0, 0.224, 1.0, 1.0, 1.0, 1.0, 1.0, 0.0, 0.0, 0.0, 0.0, 1.0, 1.0, 0.0, 1.0, 1.0, 1.0, 0.0, 1.0, 1.0, 1.0, 1.0, 1.0, 0.0, 0.0, 0.0, 0.0, 1.0, 1.0, 1.0, 1.0, 1.0, 1.0, 1.0, 0.0, 1.0, 1.0, 1.0, 1.0, 0.0, 0.0, 0.0, 0.0, 0.0, 0.0, 0.0, 0.0, 0.0, 0.0, 0.0, 0.0, 1.0, 0.4865, 1.0, 1.0, 1.0, 0.0075, 0.4865, 1.0, 0.0225, 0.0, 0.0, 0.9775, 0.0, 0.0, 0.0, 0.0]",-419.18595103414617,844.9172517286268,-482.430437669722,964.860875339444,0.01,0.0,-5.545177444479562,2.0794415416798357,11.090354888959125,0.01,0.0,-16.635532333438686,3.1780538303479458,33.27106466687737,0.5787520451143159,"[1.0, 1.0, 1.0, 1.0, 1.0, 0.0, 1.0, 0.0, 1.0, 1.0, 1.0, 1.0, 1.0, 1.0, 1.0, 0.0, 0.0, 0.0, 0.0, 0.0, 0.0, 0.0, 0.0, 0.0, 1.0, 1.0, 1.0, 1.0, 0.0, 0.0, 1.0, 0.0, 0.0, 0.0, 0.0, 0.0, 0.0, 1.0, 0.0, 0.0, 0.0, 0.0, 0.0, 0.0, 0.0, 0.0, 0.0, 0.0, 1.0, 1.0, 1.0, 1.0, 0.0, 0.0, 0.0, 0.0, 1.0, 1.0, 1.0, 1.0, 0.0, 0.0, 0.0, 0.0, 0.0, 0.0, 0.0, 0.0, 0.0, 1.0, 1.0, 0.0, 1.0, 1.0, 1.0, 1.0, 0.0, 0.0, 0.0, 0.0, 1.0, 1.0, 1.0, 1.0, 0.0, 0.0, 0.0, 0.0, 0.0, 0.0, 0.0, 0.0, 0.0, 0.0, 0.0, 0.0, 1.0, 1.0, 1.0, 1.0, 1.0, 1.0, 1.0, 0.0, 1.0, 1.0, 1.0, 1.0, 1.0, 0.0, 1.0, 0.0, 0.0, 1.0, 0.0, 0.0, 1.0, 1.0, 1.0, 0.0, 1.0, 1.0, 0.0, 1.0, 1.0, 0.0, 0.0, 0.0, 1.0, 1.0, 1.0, 0.0, 1.0, 1.0, 1.0, 1.0, 1.0, 1.0, 1.0, 1.0, 0.0, 0.0, 0.0, 0.0, 1.0, 1.0, 1.0, 0.0, 0.0, 0.0, 1.0, 0.0, 0.0, 0.0, 1.0, 0.0, 0.0, 0.0, 0.0, 0.0, 1.0, 1.0, 1.0, 0.0, 0.0, 0.0, 1.0, 0.0, 0.0, 0.0, 0.0, 1.0, 0.0, 0.0, 0.0, 0.0, 0.0, 0.0, 0.0, 1.0, 0.0, 0.0, 0.0, 0.0, 1.0, 1.0, 1.0, 1.0, 0.0, 0.0, 0.0, 0.0, 1.0, 1.0, 1.0, 0.0, 0.0, 0.0, 1.0, 0.0, 1.0, 1.0, 1.0, 1.0, 0.0, 0.0, 0.0, 0.0, 1.0, 1.0, 1.0, 1.0, 0.0, 0.0, 0.0, 0.0, 1.0, 1.0, 1.0, 1.0, 1.0, 1.0, 1.0, 0.0, 0.0, 0.0, 0.0, 0.0, 1.0, 0.0, 0.0, 0.0, 1.0, 1.0, 1.0, 1.0, 1.0, 1.0, 1.0, 1.0, 1.0, 1.0, 1.0, 1.0, 1.0, 1.0, 1.0, 0.0, 0.0, 0.0, 0.0, 0.0, 0.0, 0.0, 0.0, 0.0, 0.0, 1.0, 0.0, 1.0, 0.0, 1.0, 0.0, 1.0, 0.0, 0.0, 0.0, 1.0, 0.0, 0.0, 0.0, 0.0, 1.0, 1.0, 1.0, 0.0, 0.0, 0.0, 1.0, 0.0, 0.0, 0.0, 1.0, 0.0, 0.0, 0.0, 0.0, 0.0, 0.0, 1.0, 1.0, 1.0, 0.0, 0.0, 0.0, 0.0, 1.0, 1.0, 1.0, 0.0, 1.0, 1.0, 1.0, 1.0, 0.0, 0.0, 1.0, 0.0, 0.0, 0.0, 0.0, 0.0, 1.0, 1.0, 1.0, 1.0, 1.0, 1.0, 1.0, 0.0, 1.0, 1.0, 1.0, 1.0, 0.0, 0.0, 0.0, 0.0, 1.0, 1.0, 1.0, 1.0, 0.0, 0.0, 0.0, 0.0, 0.0, 1.0, 0.0, 0.0, 0.0, 0.0, 0.0, 0.0, 0.0, 0.0, 0.0, 0.0, 0.0, 0.0, 0.0, 0.0, 0.0, 0.0, 0.0, 0.0, 0.0, 0.0, 0.0, 0.0, 1.0, 1.0, 0.0, 1.0, 1.0, 0.0, 1.0, 0.0, 1.0, 1.0, 1.0, 1.0, 1.0, 0.0, 1.0, 1.0, 0.0, 0.0, 0.0, 0.0, 0.0, 1.0, 1.0, 0.0, 1.0, 0.0, 0.0, 1.0, 0.0, 0.0, 0.0, 0.0, 1.0, 1.0, 1.0, 0.0, 0.0, 0.0, 1.0, 0.0, 1.0, 1.0, 1.0, 0.0, 0.0, 0.0, 0.0, 0.0, 1.0, 1.0, 1.0, 1.0, 1.0, 1.0, 1.0, 0.0, 0.0, 0.0, 0.0, 0.0, 0.0, 0.0, 0.0, 0.0, 1.0, 0.0, 1.0, 0.0, 0.0, 0.0, 0.0, 0.0, 1.0, 1.0, 1.0, 1.0, 1.0, 1.0, 1.0, 0.0, 1.0, 1.0, 1.0, 1.0, 1.0, 1.0, 0.0, 1.0, 1.0, 1.0, 1.0, 1.0, 0.0, 0.0, 0.0, 0.0, 1.0, 1.0, 1.0, 1.0, 1.0, 1.0, 1.0, 0.0, 0.0, 1.0, 1.0, 1.0, 0.0, 0.0, 0.0, 0.0, 1.0, 1.0, 1.0, 1.0, 0.0, 0.0, 0.0, 0.0, 1.0, 0.0, 1.0, 0.0, 0.0, 0.0, 0.0, 0.0, 1.0, 1.0, 1.0, 1.0, 1.0, 0.0, 1.0, 0.0, 1.0, 1.0, 1.0, 0.0, 1.0, 1.0, 0.0, 1.0, 1.0, 1.0, 1.0, 1.0, 0.0, 0.0, 0.0, 0.0, 0.0, 0.0, 0.0, 0.0, 0.0, 0.0, 0.0, 0.0, 1.0, 1.0, 1.0, 1.0, 0.0, 0.0, 0.0, 0.0, 0.0, 0.0, 0.0, 0.0, 0.0, 0.0, 0.0, 0.0, 0.0, 0.0, 0.0, 0.0, 0.0, 0.0, 0.0, 0.0, 1.0, 1.0, 0.0, 0.0, 1.0, 1.0, 1.0, 1.0, 1.0, 1.0, 1.0, 1.0, 1.0, 1.0, 1.0, 1.0, 1.0, 1.0, 1.0, 1.0, 1.0, 0.0, 1.0, 1.0, 0.0, 1.0, 0.0, 1.0, 0.0, 1.0, 0.0, 0.0, 1.0, 1.0, 1.0, 1.0, 0.0, 0.0, 1.0, 0.0, 1.0, 1.0, 1.0, 1.0, 0.0, 0.0, 0.0, 0.0, 0.0, 0.0, 0.0, 1.0, 0.0, 0.0, 0.0, 0.0, 1.0, 1.0, 1.0, 1.0, 0.0, 0.0, 0.0, 0.0, 0.0, 1.0, 1.0, 1.0, 0.0, 1.0, 1.0, 0.0, 1.0, 1.0, 1.0, 1.0, 0.0, 0.0, 0.0, 0.0, 1.0, 0.0, 1.0, 1.0, 1.0, 0.0, 0.0, 1.0, 1.0, 1.0, 1.0, 1.0, 1.0, 1.0, 1.0, 0.0, 0.0, 1.0, 1.0, 1.0, 1.0, 1.0, 0.0, 0.0, 1.0, 1.0, 1.0, 1.0, 0.0, 0.0, 0.0, 0.0, 1.0, 1.0, 1.0, 0.0, 0.0, 0.0, 1.0, 0.0, 1.0, 1.0, 1.0, 1.0, 0.0, 0.0, 0.0, 0.0, 0.0, 0.0, 0.0, 0.0, 0.0, 0.0, 0.0, 0.0, 0.0, 0.0, 1.0, 1.0, 0.0, 0.0, 0.0, 0.0, 1.0, 1.0, 1.0, 1.0, 1.0, 0.0, 0.0, 1.0]",-295.2442605392121,597.0338707387587,-482.430437669722,964.860875339444,1.0,-11.51828050043735,26.214614831222644,1.2846122460949685,-433.45128860920846,873.4479268787513,False,True,True,True,True,0.5833333333333334,0.375,0.75,1.0,0.625,0.625,0.7083333333333334,0.625,0.75,1.0,0.6666666666666666,0.625,"Z.forall(lambda x1: Z.equal(x1,'yes','grounded'),X)","Z.exactly(lambda x1: Z.lequal(x1,1,'size'),1,X)","Z.exists(lambda x1: Z.equal(x1,'blue','colour'),X)","Z.exactly(lambda x1: Z.equal(x1,'blue','colour'),1,X)",0.375,0.625,0.625,0.625,1.0,0.7083333333333334,0.6982758620689655,0.6867816091954023,0.6954022988505747,0.6925287356321839,5.241379310344827,0,0,0,0,0,1
10,17,25,OWxuM,QfKnfyfq6JquRFv-AAAn,Zeta,there is a red,"[True, True, True, True, False, False, False, False]","[True, True, True, True, False, False, False, False]",1.0,1.0,Zeta waves are created when there is any number of red cones.,[['x1']],"Z.exists(lambda x1: Z.equal(x1,'red','colour'),X)",There needs to be at least one red cone of any size.,"[{'ids': [0, 1, 2], 'colours': ['red', 'green', 'red'], 'sizes': [2, 2, 1], 'xpos': [1.208259672834607, 1.2082596728346053, 3.6555627088626457], 'ypos': [4.128333333333334, 3.82748360469021, 3.8474172757652845], 'rotations': [3.1415926535897922, 3.14159265358979, 1.2121899680575183], 'orientations': ['upright', 'upright', 'lhs'], 'contact': [[0, 1], [1, 0], [2]], 'grounded': ['yes', 'no', 'yes'], 'follow_rule': True}, {'ids': [0], 'colours': ['red'], 'sizes': [1], 'xpos': [3.9833653541333636], 'ypos': [3.84399224673641], 'rotations': [1.2108939860667842], 'orientations': ['lhs'], 'contact': [[0]], 'grounded': ['yes'], 'follow_rule': True}, {'ids': [0, 1], 'colours': ['red', 'green'], 'sizes': [3, 2], 'xpos': [4.424947174165314, 4.42433387213994], 'ypos': [4.126630492611541, 3.4928187768563137], 'rotations': [3.142627585734877, 3.1444958869266526], 'orientations': ['upright', 'upright'], 'contact': [[0, 1], [1, 0]], 'grounded': ['yes', 'no'], 'follow_rule': True}, {'ids': [0], 'colours': ['red'], 'sizes': [3], 'xpos': [1.7378775751010267], 'ypos': [4.124669429214911], 'rotations': [3.1430600933931596], 'orientations': ['upright'], 'contact': [[0]], 'grounded': ['yes'], 'follow_rule': True}, {'ids': [0], 'colours': ['green'], 'sizes': [2], 'xpos': [1.9657293198497134], 'ypos': [3.746319326395417], 'rotations': [5.050829301561003], 'orientations': ['rhs'], 'contact': [[0]], 'grounded': ['yes'], 'follow_rule': False}, {'ids': [0], 'colours': ['red'], 'sizes': [1], 'xpos': [0.9370350459845936], 'ypos': [4.125050858858743], 'rotations': [3.14393541829273], 'orientations': ['upright'], 'contact': [[0]], 'grounded': ['yes'], 'follow_rule': True}, {'ids': [0, 1, 2], 'colours': ['red', 'red', 'red'], 'sizes': [3, 2, 1], 'xpos': [1.2918994594548572, 5.874698994029875, 4.638757598177273], 'ypos': [4.125557970394289, 3.7475449144151742, 3.842854021930267], 'rotations': [3.140687030933733, 1.2306196686899586, 1.2096389684882671], 'orientations': ['upright', 'lhs', 'lhs'], 'contact': [[0], [1], [2]], 'grounded': ['yes', 'yes', 'yes'], 'follow_rule': True}, {'ids': [0], 'colours': ['red'], 'sizes': [2], 'xpos': [5.284930180319659], 'ypos': [4.112398735863896], 'rotations': [3.11050831071629], 'orientations': ['upright'], 'contact': [[0]], 'grounded': ['yes'], 'follow_rule': True}, {'ids': [0, 1, 2, 3], 'colours': ['red', 'green', 'green', 'red'], 'sizes': [1, 3, 1, 2], 'xpos': [4.99719497412721, 5.33966521510595, 6.7812617602386, 0.647214122653947], 'ypos': [3.87616110226316, 3.89757703212827, 4.15810225565523, 4.15717162300964], 'rotations': [1.21015432030723, 3.69203273094864, 3.14416974526282, 3.14125264303298], 'contact': [[0, 1], [1, 0], 2, 3], 'grounded': ['yes', 'yes', 'yes', 'yes']}, {'ids': [0, 1, 2, 3, 4], 'colours': ['red', 'red', 'blue', 'blue', 'green'], 'sizes': [2, 1, 2, 2, 1], 'xpos': [0.756045112876682, 5.7930538088619, 4.02912968049722, 0.607249611808554, 2.34445062198903], 'ypos': [3.78128677692435, 3.87663053995449, 3.77926220180112, 4.09987976609843, 4.15797989686201], 'rotations': [5.04734512360657, 1.21097145412816, 1.2338944765227, 2.99747085022243, 3.14330311350596], 'contact': [[0, 3], 1, 2, [3, 0], 4], 'grounded': ['yes', 'yes', 'yes', 'yes', 'yes']}, {'ids': [0, 1, 2, 3, 4, 5], 'colours': ['green', 'green', 'green', 'green', 'red', 'red'], 'sizes': [1, 1, 2, 2, 1, 1], 'xpos': [0.392205266119112, 6.46736091582645, 5.87132830651543, 2.56842478452184, 1.05497225772388, 3.35722507237469], 'ypos': [4.15754519774028, 3.87672651888649, 3.80774864689194, 4.15891117383473, 4.15835090526104, 4.15780493355124], 'rotations': [3.14560426344892, 5.07442800349693, 4.20513160762651, 3.14652142167178, 3.14300168792949, 3.1450254884391], 'contact': [0, [1, 2], [2, 1], 3, 4, 5], 'grounded': ['yes', 'yes', 'yes', 'yes', 'yes', 'yes']}, {'ids': [0, 1, 2], 'colours': ['blue', 'red', 'blue'], 'sizes': [1, 3, 1], 'xpos': [3.65329156447024, 3.06074315033349, 4.60711408951368], 'ypos': [3.87683998879975, 3.89790852126602, 4.15748043316142], 'rotations': [1.21104984409195, 2.59341814797494, 3.14017425270441], 'contact': [[0, 1], [1, 0], 2], 'grounded': ['yes', 'yes', 'yes']}, {'ids': [0, 1, 2, 3, 4, 5], 'colours': ['green', 'green', 'green', 'green', 'blue', 'blue'], 'sizes': [1, 3, 2, 1, 2, 1], 'xpos': [2.9046526114666, 3.68975290255409, 5.65833149766197, 2.8246611501998, 2.89449149866101, 1.87269773742003], 'ypos': [3.88094533031908, 3.68797064017839, 4.15757175612118, 3.68349548447456, 3.68583647526567, 3.8760767087662], 'rotations': [1.21243000430047, 5.03772434357929, 3.14324414103154, 5.06868148794976, 5.04716419664426, 1.2105262200236], 'contact': [[0, 4], [1, 4], 2, [3, 4], [4, 0, 1, 3], 5], 'grounded': ['yes', 'yes', 'yes', 'no', 'no', 'yes']}, {'ids': [0, 1], 'colours': ['green', 'green'], 'sizes': [1, 3], 'xpos': [0.670764619467334, 5.261348820008], 'ypos': [3.86447444538309, 4.15793495472947], 'rotations': [1.77488765373097, 3.13951555729719], 'contact': [{'V1': 0, 'V2': 1}], 'grounded': ['yes', 'yes']}, {'ids': [0, 1, 2], 'colours': ['blue', 'green', 'green'], 'sizes': [1, 1, 3], 'xpos': [4.69009713254434, 2.93439461350621, 4.78205690186546], 'ypos': [4.15772510399043, 4.15704164375121, 4.15823822985147], 'rotations': [3.14100478933091, 3.14035932239342, 3.14115234487408], 'contact': [[0, 2], 1, [2, 0]], 'grounded': ['yes', 'yes', 'yes']}, {'ids': [0, 1, 2, 3, 4, 5], 'colours': ['green', 'blue', 'blue', 'green', 'green', 'green'], 'sizes': [3, 2, 1, 1, 3, 2], 'xpos': [4.08915128061252, 2.29489936724743, 2.81704915678861, 6.85663898790724, 1.00051084466887, 4.09237106060331], 'ypos': [4.1616688599196, 4.16166316032898, 3.87799901532656, 4.1578940642729, 4.15850762807611, 3.52787490122945], 'rotations': [3.14159237119885, 3.14158410154621, 5.07138880585438, 3.13808482008692, 3.14212541938172, 3.13686252238553], 'contact': [[0, 5], 1, 2, 3, 4, [5, 0]], 'grounded': ['yes', 'yes', 'yes', 'yes', 'yes', 'no']}]","[True, True, True, True, False, False, False, False]","[True, True, True, True, True, True, True, True]","[False, False, False, False, False, False, False, False]","[False, False, False, False, False, False, False, False]","[True, True, True, True, False, False, False, False]","[True, True, True, True, True, True, True, True]","[False, False, False, False, False, False, False, False]","[False, False, False, False, False, False, False, False]",0.0,0.0,0.0,0.0,1.0,1.0,1.0,1.0,0.0,0.0,0.0,0.0,0.0,0.0,0.01,0.0,-5.545177444479562,2.0794415416798357,11.090354888959125,1.1562060956257383,-14.698101050100014,-16.635532333438686,32.57425593054798,33.27106466687737,1.0502311195665048,"[1.0, 1.0, 1.0, 1.0, 1.0, 0.0, 1.0, 0.0, 1.0, 1.0, 1.0, 1.0, 1.0, 1.0, 1.0, 0.0135, 0.9530000000000001, 0.092, 0.5895, 0.5895, 1.0, 0.0, 0.0, 0.861, 1.0, 1.0, 1.0, 0.2925, 0.999, 0.999, 1.0, 0.7155, 0.0, 0.0, 1.0, 0.0, 0.0, 0.0, 1.0, 0.0, 0.0, 0.0, 1.0, 0.0, 0.0, 0.0, 1.0, 0.0, 1.0, 1.0, 1.0, 1.0, 0.0, 0.0, 0.0, 0.0, 1.0, 1.0, 1.0, 1.0, 0.935, 0.935, 0.935, 0.935, 1.0, 1.0, 1.0, 1.0, 0.0, 1.0, 0.0, 0.0, 0.0, 1.0, 1.0, 1.0, 1.0, 1.0, 1.0, 1.0, 1.0, 1.0, 1.0, 1.0, 0.0935, 0.0935, 0.0935, 0.0935, 1.0, 1.0, 1.0, 1.0, 1.0, 1.0, 1.0, 1.0, 1.0, 1.0, 1.0, 1.0, 1.0, 1.0, 1.0, 0.013000000000000001, 1.0, 1.0, 0.998, 1.0, 1.0, 0.002, 0.998, 0.002, 1.0, 1.0, 1.0, 1.0, 1.0, 1.0, 1.0, 0.0, 0.973, 1.0, 0.9530000000000001, 1.0, 0.8925000000000001, 0.9195, 0.17400000000000002, 0.201, 1.0, 1.0, 1.0, 1.0, 0.0, 0.0, 0.0, 0.0, 1.0, 1.0, 1.0, 0.24, 1.0, 1.0, 0.968, 1.0, 0.653, 0.653, 0.653, 1.0, 0.2535, 0.2535, 0.7035, 0.10300000000000001, 1.0, 1.0, 1.0, 1.0, 0.0, 1.0, 0.0, 0.0, 1.0, 1.0, 1.0, 0.012, 0.988, 0.988, 1.0, 1.0, 1.0, 0.0, 1.0, 1.0, 1.0, 0.0, 0.0, 1.0, 0.0, 0.0, 0.0, 1.0, 1.0, 0.0, 0.0, 0.0, 1.0, 1.0, 1.0, 1.0, 0.0, 0.0, 0.0, 0.0, 1.0, 1.0, 1.0, 1.0, 0.0, 0.0, 0.0, 0.0, 1.0, 1.0, 1.0, 1.0, 1.0, 1.0, 0.841, 1.0, 1.0, 1.0, 1.0, 1.0, 0.0, 0.0, 0.0, 0.0, 1.0, 1.0, 1.0, 1.0, 1.0, 1.0, 1.0, 0.0, 0.197, 0.0, 0.85, 0.653, 0.803, 0.0, 0.0, 0.0, 0.8525, 0.847, 0.9935, 0.847, 0.28300000000000003, 0.4305, 0.426, 0.426, 1.0, 1.0, 1.0, 1.0, 1.0, 1.0, 1.0, 0.0, 0.798, 1.0, 0.7995, 0.7995, 0.0275, 0.029, 0.2265, 0.1975, 1.0, 1.0, 1.0, 1.0, 0.0, 0.0, 0.0, 0.0, 0.862, 0.854, 0.8595, 0.8955000000000001, 0.045, 0.0005, 0.8695, 0.8505, 1.0, 1.0, 1.0, 0.022, 1.0, 1.0, 1.0, 0.978, 0.28400000000000003, 0.0145, 0.1885, 0.0275, 0.2755, 0.0, 0.0015, 0.013000000000000001, 0.0, 0.0, 0.0, 1.0, 1.0, 0.0, 0.0, 0.0, 1.0, 1.0, 1.0, 1.0, 0.0, 0.0, 0.0, 0.0, 1.0, 1.0, 1.0, 1.0, 1.0, 0.0, 1.0, 0.0, 1.0, 1.0, 1.0, 1.0, 1.0, 1.0, 1.0, 0.0, 1.0, 1.0, 1.0, 0.728, 0.8265, 0.5545, 0.5545, 0.8265, 1.0, 1.0, 1.0, 1.0, 1.0, 1.0, 1.0, 1.0, 1.0, 1.0, 1.0, 0.8715, 0.9365, 0.8695, 0.8695, 0.9365, 0.229, 0.229, 0.229, 0.229, 0.801, 0.03, 0.03, 0.801, 0.0, 0.0, 0.0, 1.0, 1.0, 0.0, 0.0, 0.0, 0.108, 0.114, 0.2315, 0.108, 0.114, 0.07050000000000001, 0.0495, 0.006, 1.0, 1.0, 1.0, 1.0, 0.0, 0.0, 0.0, 0.0, 0.8955000000000001, 0.895, 0.0115, 0.0, 0.883, 0.0, 0.0, 0.0, 1.0, 1.0, 1.0, 1.0, 0.0, 0.0, 0.0, 0.0, 0.902, 0.902, 0.902, 0.678, 0.88, 0.88, 0.902, 0.807, 1.0, 1.0, 1.0, 1.0, 0.0, 0.0, 0.0, 0.0, 1.0, 1.0, 1.0, 1.0, 1.0, 1.0, 1.0, 0.0, 1.0, 1.0, 1.0, 1.0, 0.0, 0.0, 0.0, 0.0, 1.0, 1.0, 1.0, 1.0, 0.008, 0.008, 0.008, 0.008, 1.0, 1.0, 1.0, 1.0, 1.0, 1.0, 1.0, 0.0, 1.0, 1.0, 1.0, 1.0, 1.0, 1.0, 0.6980000000000001, 1.0, 1.0, 1.0, 1.0, 1.0, 0.0, 0.0, 0.0, 0.0, 1.0, 1.0, 1.0, 1.0, 1.0, 1.0, 1.0, 0.0, 0.9530000000000001, 0.9530000000000001, 0.9530000000000001, 1.0, 1.0, 1.0, 0.641, 0.9530000000000001, 1.0, 1.0, 1.0, 1.0, 0.0, 0.0, 0.0, 0.0, 1.0, 1.0, 1.0, 1.0, 1.0, 1.0, 1.0, 1.0, 1.0, 1.0, 1.0, 1.0, 0.0, 0.0, 0.0, 0.0, 1.0, 1.0, 1.0, 1.0, 1.0, 1.0, 1.0, 1.0, 1.0, 1.0, 1.0, 1.0, 0.021500000000000002, 0.021500000000000002, 0.021500000000000002, 0.021500000000000002, 0.021500000000000002, 0.003, 0.02, 0.0095, 0.0095, 0.964, 0.9555, 0.0095, 1.0, 1.0, 1.0, 1.0, 1.0, 1.0, 1.0, 1.0, 1.0, 1.0, 1.0, 1.0, 0.0, 0.0, 0.0, 0.0, 1.0, 1.0, 1.0, 1.0, 0.0, 0.0, 1.0, 1.0, 1.0, 0.873, 0.198, 0.198, 1.0, 1.0, 0.6905, 1.0, 1.0, 1.0, 1.0, 1.0, 1.0, 1.0, 1.0, 0.0, 1.0, 0.999, 0.999, 1.0, 0.0025, 0.0025, 0.0025, 0.0025, 1.0, 1.0, 1.0, 1.0, 1.0, 0.686, 0.314, 0.0, 1.0, 1.0, 1.0, 1.0, 0.524, 0.524, 1.0, 0.47600000000000003, 1.0, 1.0, 1.0, 1.0, 0.008, 0.008, 0.008, 0.008, 0.9935, 0.9935, 0.9775, 0.9935, 0.9935, 0.0225, 0.988, 0.017, 1.0, 1.0, 1.0, 1.0, 0.0725, 0.0725, 0.0725, 0.0725, 0.041, 1.0, 1.0, 0.9590000000000001, 0.041, 0.9590000000000001, 1.0, 0.0, 0.7435, 0.9835, 0.7425, 0.986, 0.7435, 0.7435, 0.256, 0.987, 1.0, 0.005, 1.0, 1.0, 1.0, 0.005, 0.005, 1.0, 1.0, 1.0, 1.0, 1.0, 1.0, 1.0, 1.0, 0.0, 1.0, 1.0, 1.0, 1.0, 0.0, 0.0, 0.0, 0.0, 1.0, 1.0, 1.0, 1.0, 0.0, 0.0, 0.0, 0.0, 0.9705, 0.9705, 0.9145, 1.0, 0.8015, 0.8015, 0.9705, 0.7865, 1.0, 1.0, 1.0, 1.0, 0.0, 0.0, 0.0, 0.0, 1.0, 1.0, 1.0, 1.0, 0.0, 0.0, 0.0, 0.0, 1.0, 1.0, 1.0, 1.0, 0.0, 0.0, 0.0, 0.0, 1.0, 1.0, 1.0, 1.0, 1.0, 1.0, 1.0, 1.0]",-418.5875071169283,843.720363894191,-482.430437669722,964.860875339444,0.01,0.0,2.0794415416798357,1.4426943157684868,-15.276340039075832,33.73073390849961,0.6334250289943713,"[1.0, 1.0, 1.0, 1.0, 1.0, 0.0, 1.0, 0.0, 1.0, 1.0, 1.0, 1.0, 1.0, 1.0, 1.0, 0.0, 0.0, 0.0, 0.0, 0.0, 0.0, 0.0, 0.0, 0.0, 1.0, 1.0, 1.0, 0.0, 0.0, 0.0, 1.0, 0.0, 0.0, 0.0, 1.0, 1.0, 0.0, 1.0, 1.0, 1.0, 1.0, 1.0, 1.0, 1.0, 0.0, 0.0, 1.0, 1.0, 1.0, 1.0, 1.0, 1.0, 0.0, 0.0, 0.0, 0.0, 1.0, 1.0, 1.0, 1.0, 0.0, 0.0, 0.0, 0.0, 0.0, 0.0, 0.0, 0.0, 0.0, 1.0, 1.0, 0.0, 1.0, 1.0, 1.0, 1.0, 0.0, 0.0, 0.0, 0.0, 1.0, 1.0, 1.0, 1.0, 0.0, 0.0, 0.0, 0.0, 1.0, 1.0, 1.0, 1.0, 1.0, 1.0, 0.0, 1.0, 1.0, 1.0, 1.0, 1.0, 1.0, 1.0, 1.0, 0.0, 1.0, 1.0, 1.0, 1.0, 1.0, 0.0, 1.0, 0.0, 0.0, 1.0, 0.0, 0.0, 1.0, 1.0, 1.0, 0.0, 1.0, 1.0, 0.0, 1.0, 1.0, 0.0, 0.0, 0.0, 1.0, 1.0, 1.0, 0.0, 1.0, 1.0, 1.0, 1.0, 1.0, 1.0, 1.0, 1.0, 0.0, 0.0, 0.0, 0.0, 1.0, 1.0, 1.0, 0.0, 0.0, 0.0, 1.0, 0.0, 0.0, 0.0, 1.0, 0.0, 0.0, 0.0, 0.0, 0.0, 1.0, 1.0, 1.0, 0.0, 0.0, 0.0, 1.0, 0.0, 0.0, 0.0, 0.0, 1.0, 0.0, 0.0, 0.0, 0.0, 0.0, 0.0, 0.0, 1.0, 0.0, 0.0, 0.0, 0.0, 1.0, 1.0, 1.0, 1.0, 0.0, 0.0, 0.0, 0.0, 1.0, 1.0, 1.0, 0.0, 0.0, 0.0, 1.0, 0.0, 1.0, 1.0, 1.0, 1.0, 0.0, 0.0, 0.0, 0.0, 1.0, 1.0, 1.0, 1.0, 0.0, 0.0, 0.0, 0.0, 1.0, 1.0, 1.0, 1.0, 1.0, 1.0, 1.0, 0.0, 0.0, 0.0, 0.0, 0.0, 1.0, 0.0, 0.0, 0.0, 1.0, 1.0, 1.0, 1.0, 1.0, 1.0, 1.0, 1.0, 1.0, 1.0, 1.0, 1.0, 1.0, 1.0, 1.0, 0.0, 0.0, 0.0, 0.0, 0.0, 0.0, 0.0, 0.0, 0.0, 0.0, 1.0, 0.0, 1.0, 0.0, 1.0, 0.0, 1.0, 0.0, 0.0, 0.0, 1.0, 0.0, 0.0, 0.0, 0.0, 1.0, 1.0, 1.0, 0.0, 0.0, 0.0, 1.0, 0.0, 1.0, 1.0, 1.0, 1.0, 1.0, 0.0, 1.0, 0.0, 0.0, 1.0, 1.0, 1.0, 0.0, 0.0, 0.0, 0.0, 1.0, 1.0, 1.0, 0.0, 1.0, 1.0, 1.0, 1.0, 0.0, 1.0, 1.0, 1.0, 0.0, 0.0, 0.0, 0.0, 1.0, 1.0, 1.0, 1.0, 1.0, 1.0, 1.0, 0.0, 1.0, 1.0, 1.0, 1.0, 0.0, 0.0, 0.0, 0.0, 1.0, 1.0, 1.0, 1.0, 0.0, 0.0, 0.0, 0.0, 0.0, 1.0, 0.0, 0.0, 0.0, 0.0, 0.0, 0.0, 1.0, 1.0, 1.0, 1.0, 1.0, 0.0, 1.0, 1.0, 0.0, 0.0, 0.0, 0.0, 0.0, 1.0, 1.0, 0.0, 1.0, 1.0, 1.0, 1.0, 1.0, 0.0, 1.0, 0.0, 1.0, 1.0, 1.0, 1.0, 1.0, 0.0, 1.0, 1.0, 0.0, 0.0, 0.0, 0.0, 0.0, 1.0, 1.0, 0.0, 1.0, 0.0, 0.0, 1.0, 0.0, 0.0, 0.0, 0.0, 1.0, 1.0, 1.0, 0.0, 0.0, 0.0, 1.0, 0.0, 1.0, 1.0, 1.0, 0.0, 0.0, 0.0, 0.0, 0.0, 1.0, 1.0, 1.0, 1.0, 1.0, 1.0, 1.0, 0.0, 0.0, 0.0, 0.0, 0.0, 0.0, 0.0, 0.0, 0.0, 1.0, 0.0, 1.0, 0.0, 0.0, 0.0, 0.0, 0.0, 1.0, 1.0, 1.0, 1.0, 1.0, 1.0, 1.0, 0.0, 1.0, 1.0, 1.0, 1.0, 1.0, 1.0, 0.0, 1.0, 1.0, 1.0, 1.0, 1.0, 0.0, 0.0, 0.0, 0.0, 1.0, 1.0, 1.0, 1.0, 1.0, 1.0, 1.0, 0.0, 0.0, 1.0, 1.0, 1.0, 0.0, 0.0, 0.0, 0.0, 1.0, 1.0, 1.0, 1.0, 0.0, 0.0, 0.0, 0.0, 1.0, 0.0, 1.0, 0.0, 0.0, 0.0, 0.0, 0.0, 1.0, 1.0, 1.0, 1.0, 1.0, 0.0, 1.0, 0.0, 1.0, 1.0, 1.0, 0.0, 1.0, 1.0, 0.0, 1.0, 1.0, 1.0, 1.0, 1.0, 0.0, 0.0, 0.0, 0.0, 0.0, 0.0, 0.0, 0.0, 0.0, 1.0, 0.0, 0.0, 1.0, 1.0, 1.0, 1.0, 0.0, 0.0, 0.0, 0.0, 0.0, 0.0, 0.0, 0.0, 0.0, 0.0, 0.0, 0.0, 1.0, 0.0, 1.0, 0.0, 0.0, 0.0, 0.0, 0.0, 1.0, 1.0, 0.0, 0.0, 1.0, 1.0, 1.0, 1.0, 1.0, 1.0, 1.0, 1.0, 1.0, 1.0, 1.0, 1.0, 1.0, 1.0, 1.0, 1.0, 1.0, 0.0, 1.0, 1.0, 0.0, 1.0, 0.0, 1.0, 0.0, 1.0, 0.0, 0.0, 1.0, 1.0, 1.0, 1.0, 0.0, 0.0, 1.0, 0.0, 1.0, 1.0, 1.0, 1.0, 0.0, 0.0, 0.0, 0.0, 0.0, 0.0, 0.0, 1.0, 0.0, 0.0, 0.0, 0.0, 1.0, 1.0, 1.0, 1.0, 0.0, 0.0, 0.0, 0.0, 0.0, 1.0, 1.0, 1.0, 0.0, 1.0, 1.0, 0.0, 1.0, 1.0, 1.0, 1.0, 0.0, 0.0, 0.0, 0.0, 1.0, 0.0, 1.0, 1.0, 1.0, 0.0, 0.0, 1.0, 1.0, 1.0, 1.0, 1.0, 1.0, 1.0, 1.0, 0.0, 0.0, 1.0, 1.0, 1.0, 1.0, 1.0, 0.0, 0.0, 1.0, 1.0, 1.0, 1.0, 0.0, 0.0, 0.0, 0.0, 1.0, 1.0, 1.0, 0.0, 0.0, 0.0, 1.0, 0.0, 1.0, 1.0, 1.0, 1.0, 0.0, 0.0, 0.0, 0.0, 0.0, 0.0, 0.0, 0.0, 0.0, 0.0, 0.0, 0.0, 0.0, 1.0, 0.0, 1.0, 0.0, 1.0, 1.0, 0.0, 1.0, 1.0, 1.0, 1.0, 1.0, 0.0, 0.0, 1.0]",-318.3726801373107,643.2907099349558,0.01,0.0,-5.545177444479562,2.0794415416798357,11.090354888959125,1.0,-11.518280500437347,-16.635532333438686,26.21461483122264,33.27106466687737,0.6173530694834558,"[1.0, 1.0, 1.0, 1.0, 1.0, 0.0, 1.0, 0.0, 1.0, 1.0, 1.0, 1.0, 1.0, 1.0, 1.0, 0.0, 0.0, 0.0, 0.0, 0.0, 0.0, 0.0, 0.0, 0.0, 1.0, 1.0, 1.0, 0.0, 0.0, 0.0, 1.0, 0.0, 0.0, 0.0, 1.0, 1.0, 0.0, 1.0, 1.0, 1.0, 0.0, 0.0, 0.0, 0.0, 0.0, 0.0, 0.0, 0.0, 1.0, 1.0, 1.0, 1.0, 0.0, 0.0, 0.0, 0.0, 1.0, 1.0, 1.0, 1.0, 0.0, 0.0, 0.0, 0.0, 0.0, 0.0, 0.0, 0.0, 0.0, 1.0, 1.0, 0.0, 0.0, 0.0, 0.0, 1.0, 0.0, 0.0, 0.0, 0.0, 1.0, 1.0, 1.0, 1.0, 0.0, 0.0, 0.0, 0.0, 0.0, 0.0, 0.0, 0.0, 1.0, 1.0, 0.0, 1.0, 1.0, 1.0, 1.0, 1.0, 1.0, 1.0, 1.0, 0.0, 1.0, 1.0, 1.0, 1.0, 1.0, 0.0, 1.0, 0.0, 0.0, 1.0, 0.0, 0.0, 1.0, 1.0, 1.0, 0.0, 1.0, 1.0, 0.0, 1.0, 1.0, 0.0, 0.0, 0.0, 1.0, 1.0, 1.0, 0.0, 1.0, 1.0, 1.0, 1.0, 1.0, 1.0, 1.0, 1.0, 0.0, 0.0, 0.0, 0.0, 1.0, 1.0, 1.0, 0.0, 0.0, 0.0, 1.0, 0.0, 0.0, 0.0, 1.0, 0.0, 0.0, 0.0, 0.0, 0.0, 1.0, 1.0, 1.0, 0.0, 0.0, 0.0, 1.0, 0.0, 0.0, 0.0, 0.0, 1.0, 0.0, 0.0, 0.0, 0.0, 0.0, 0.0, 0.0, 1.0, 0.0, 0.0, 0.0, 0.0, 1.0, 1.0, 1.0, 1.0, 0.0, 0.0, 0.0, 0.0, 1.0, 1.0, 1.0, 0.0, 0.0, 0.0, 1.0, 0.0, 1.0, 1.0, 1.0, 1.0, 0.0, 0.0, 0.0, 0.0, 1.0, 1.0, 1.0, 1.0, 0.0, 0.0, 0.0, 0.0, 1.0, 1.0, 1.0, 1.0, 1.0, 1.0, 1.0, 0.0, 0.0, 0.0, 0.0, 0.0, 1.0, 0.0, 0.0, 0.0, 1.0, 1.0, 1.0, 1.0, 1.0, 1.0, 1.0, 1.0, 1.0, 1.0, 1.0, 1.0, 1.0, 1.0, 1.0, 0.0, 0.0, 0.0, 0.0, 0.0, 0.0, 0.0, 0.0, 0.0, 0.0, 1.0, 0.0, 1.0, 0.0, 1.0, 0.0, 1.0, 0.0, 0.0, 0.0, 1.0, 0.0, 0.0, 0.0, 0.0, 1.0, 1.0, 1.0, 0.0, 0.0, 0.0, 1.0, 0.0, 1.0, 1.0, 1.0, 1.0, 1.0, 0.0, 1.0, 0.0, 0.0, 1.0, 1.0, 1.0, 0.0, 0.0, 0.0, 0.0, 1.0, 1.0, 1.0, 0.0, 1.0, 1.0, 1.0, 1.0, 0.0, 1.0, 1.0, 1.0, 0.0, 0.0, 0.0, 0.0, 1.0, 1.0, 1.0, 1.0, 1.0, 1.0, 1.0, 0.0, 1.0, 1.0, 1.0, 1.0, 0.0, 0.0, 0.0, 0.0, 1.0, 1.0, 1.0, 1.0, 0.0, 0.0, 0.0, 0.0, 0.0, 1.0, 0.0, 0.0, 0.0, 0.0, 0.0, 0.0, 0.0, 0.0, 0.0, 0.0, 0.0, 0.0, 0.0, 0.0, 1.0, 0.0, 1.0, 1.0, 1.0, 0.0, 0.0, 1.0, 1.0, 1.0, 1.0, 1.0, 1.0, 0.0, 1.0, 0.0, 1.0, 1.0, 1.0, 1.0, 1.0, 0.0, 1.0, 1.0, 0.0, 0.0, 0.0, 0.0, 0.0, 1.0, 1.0, 0.0, 1.0, 0.0, 0.0, 1.0, 0.0, 0.0, 0.0, 0.0, 1.0, 1.0, 1.0, 0.0, 0.0, 0.0, 1.0, 0.0, 1.0, 1.0, 1.0, 0.0, 0.0, 0.0, 0.0, 0.0, 1.0, 1.0, 1.0, 1.0, 1.0, 1.0, 1.0, 0.0, 0.0, 0.0, 0.0, 0.0, 0.0, 0.0, 0.0, 0.0, 1.0, 0.0, 1.0, 0.0, 0.0, 0.0, 0.0, 0.0, 1.0, 1.0, 1.0, 1.0, 1.0, 1.0, 1.0, 0.0, 1.0, 1.0, 1.0, 1.0, 1.0, 1.0, 0.0, 1.0, 1.0, 1.0, 1.0, 1.0, 0.0, 0.0, 0.0, 0.0, 1.0, 1.0, 1.0, 1.0, 1.0, 1.0, 1.0, 0.0, 0.0, 1.0, 1.0, 1.0, 0.0, 0.0, 0.0, 0.0, 1.0, 1.0, 1.0, 1.0, 0.0, 0.0, 0.0, 0.0, 1.0, 0.0, 1.0, 0.0, 0.0, 0.0, 0.0, 0.0, 1.0, 1.0, 1.0, 1.0, 1.0, 0.0, 1.0, 0.0, 1.0, 1.0, 1.0, 0.0, 1.0, 1.0, 0.0, 1.0, 1.0, 1.0, 1.0, 1.0, 0.0, 0.0, 0.0, 0.0, 0.0, 0.0, 0.0, 0.0, 0.0, 1.0, 0.0, 0.0, 1.0, 1.0, 1.0, 1.0, 0.0, 0.0, 0.0, 0.0, 0.0, 0.0, 0.0, 0.0, 0.0, 0.0, 0.0, 0.0, 1.0, 0.0, 1.0, 0.0, 0.0, 0.0, 0.0, 0.0, 1.0, 1.0, 0.0, 0.0, 1.0, 1.0, 1.0, 1.0, 1.0, 1.0, 1.0, 1.0, 1.0, 1.0, 1.0, 1.0, 1.0, 1.0, 1.0, 1.0, 1.0, 0.0, 1.0, 1.0, 0.0, 1.0, 0.0, 1.0, 0.0, 1.0, 0.0, 0.0, 1.0, 1.0, 1.0, 1.0, 0.0, 0.0, 1.0, 0.0, 1.0, 1.0, 1.0, 1.0, 0.0, 0.0, 0.0, 0.0, 0.0, 0.0, 0.0, 1.0, 0.0, 0.0, 0.0, 0.0, 1.0, 1.0, 1.0, 1.0, 0.0, 0.0, 0.0, 0.0, 0.0, 1.0, 1.0, 1.0, 0.0, 1.0, 1.0, 0.0, 1.0, 1.0, 1.0, 1.0, 0.0, 0.0, 0.0, 0.0, 1.0, 0.0, 1.0, 1.0, 1.0, 0.0, 0.0, 1.0, 1.0, 1.0, 1.0, 1.0, 1.0, 1.0, 1.0, 0.0, 0.0, 0.0, 1.0, 0.0, 0.0, 1.0, 0.0, 0.0, 1.0, 1.0, 1.0, 1.0, 0.0, 0.0, 0.0, 0.0, 1.0, 1.0, 1.0, 0.0, 0.0, 0.0, 1.0, 0.0, 1.0, 1.0, 1.0, 1.0, 0.0, 0.0, 0.0, 0.0, 0.0, 0.0, 0.0, 0.0, 0.0, 0.0, 0.0, 0.0, 0.0, 1.0, 0.0, 1.0, 0.0, 1.0, 1.0, 0.0, 1.0, 1.0, 1.0, 1.0, 1.0, 0.0, 0.0, 1.0]",-311.9759791000219,630.4973078603782,-482.430437669722,964.860875339444,0.01,0.0,-5.545177444479562,2.0794415416798357,11.090354888959125,1.0858173815327425,-14.409570289558612,-16.635532333438686,31.99719440946517,33.27106466687737,1.0908740239314543,"[0.0, 0.0, 1.0, 0.0, 0.0, 0.0, 0.0, 0.0, 1.0, 1.0, 1.0, 1.0, 0.877, 0.877, 0.877, 0.0, 1.0, 0.259, 1.0, 1.0, 0.8015, 0.0, 0.259, 1.0, 1.0, 1.0, 1.0, 1.0, 1.0, 1.0, 1.0, 0.0, 0.0, 0.0, 1.0, 0.0, 0.0, 0.0, 1.0, 0.0, 0.0, 0.0, 1.0, 0.0, 0.0, 0.0, 1.0, 0.0, 0.0, 0.0, 0.0, 0.0775, 0.0, 0.0, 0.1635, 0.47100000000000003, 1.0, 1.0, 1.0, 1.0, 0.0, 0.0, 0.0, 0.0, 0.0, 0.0, 0.0, 0.0, 0.0, 0.0, 0.0, 0.0, 1.0, 1.0, 1.0, 1.0, 1.0, 1.0, 1.0, 0.0, 1.0, 1.0, 1.0, 1.0, 0.0, 0.0, 0.0, 0.0, 0.0, 0.0, 0.0, 0.0, 0.0, 0.113, 0.113, 0.0, 0.0, 0.0, 0.0, 1.0, 0.0, 0.0, 0.0, 0.0, 1.0, 1.0, 1.0, 1.0, 0.0, 0.0, 0.0, 0.0, 0.9995, 1.0, 1.0, 0.663, 1.0, 1.0, 1.0, 0.353, 1.0, 1.0, 1.0, 1.0, 0.082, 0.082, 0.0, 0.0, 0.973, 1.0, 0.7655000000000001, 0.605, 0.973, 1.0, 1.0, 0.368, 0.0, 0.0, 1.0, 0.0, 1.0, 0.0, 1.0, 0.0, 1.0, 1.0, 1.0, 1.0, 0.0, 0.0, 1.0, 0.0, 1.0, 1.0, 1.0, 1.0, 0.0, 0.9465, 0.0, 0.0, 0.666, 1.0, 0.666, 0.666, 0.0, 0.0, 0.7975, 0.0, 0.0, 0.9430000000000001, 0.0, 1.0, 1.0, 0.0, 0.0, 0.0, 0.0, 1.0, 0.0, 0.0, 0.0, 0.0, 0.0, 0.0, 1.0, 1.0, 1.0, 1.0, 0.0, 0.0, 0.0, 0.0, 1.0, 1.0, 1.0, 1.0, 1.0, 1.0, 1.0, 0.0005, 1.0, 1.0, 1.0, 1.0, 1.0, 1.0, 0.0, 1.0, 1.0, 1.0, 1.0, 1.0, 0.0, 0.0, 0.0, 0.0, 1.0, 1.0, 1.0, 1.0, 1.0, 1.0, 1.0, 0.0, 1.0, 0.0, 1.0, 0.0, 0.0, 0.0, 0.0, 0.0, 0.0, 1.0, 0.0, 1.0, 0.0, 1.0, 0.0, 1.0, 1.0, 1.0, 1.0, 1.0, 1.0, 1.0, 1.0, 0.0, 1.0, 0.0, 1.0, 1.0, 1.0, 0.0, 0.0, 1.0, 1.0, 1.0, 1.0, 1.0, 1.0, 1.0, 1.0, 1.0, 0.0, 0.9580000000000001, 0.0, 0.0, 0.0, 0.0, 0.0045000000000000005, 0.0, 0.0, 0.0, 0.0, 0.0, 0.0, 0.0, 0.0, 1.0, 0.0, 0.0, 0.0005, 0.0, 0.0, 0.0, 0.0, 0.0, 0.0, 1.0, 0.0, 0.0, 0.0, 0.0, 0.0, 0.0, 1.0, 1.0, 1.0, 0.001, 0.001, 0.001, 1.0, 0.0, 0.0, 0.0, 0.6225, 0.0, 0.0, 0.0, 0.0, 0.0, 1.0, 1.0, 1.0, 1.0, 0.0, 0.0, 0.0, 0.0, 0.0, 0.0, 0.0, 0.0, 0.0, 0.0, 0.0, 0.0, 1.0, 1.0, 1.0, 1.0, 1.0, 1.0, 1.0, 0.0, 0.0, 0.0, 0.0, 1.0, 0.0, 0.0, 1.0, 0.0, 1.0, 1.0, 1.0, 1.0, 0.0, 0.0, 0.0, 0.0, 0.0, 1.0, 0.0, 0.0, 1.0, 0.0, 0.0, 1.0, 1.0, 1.0, 1.0, 1.0, 0.0, 0.0, 0.0, 0.0, 1.0, 1.0, 1.0, 1.0, 1.0, 0.0, 1.0, 1.0, 0.0, 0.0005, 0.0, 0.0, 0.0, 0.38, 0.0, 0.0, 1.0, 1.0, 1.0, 1.0, 0.0, 0.0, 0.0, 0.0, 1.0, 1.0, 1.0, 0.999, 1.0, 1.0, 1.0, 0.0195, 1.0, 1.0, 1.0, 1.0, 0.0, 0.0, 0.0, 0.0, 0.0, 0.6285000000000001, 0.0, 0.328, 0.0, 0.0, 0.6285000000000001, 0.0, 0.0, 0.0, 0.0, 0.0, 0.0, 0.0, 0.0, 1.0, 1.0, 1.0, 1.0, 1.0, 0.0, 0.0, 0.0, 0.0, 1.0, 1.0, 1.0, 1.0, 1.0, 1.0, 1.0, 0.0, 1.0, 1.0, 1.0, 1.0, 1.0, 1.0, 0.0375, 1.0, 1.0, 1.0, 1.0, 1.0, 0.0, 0.0, 0.0, 0.0, 1.0, 1.0, 1.0, 1.0, 1.0, 1.0, 1.0, 0.0, 1.0, 1.0, 1.0, 1.0, 1.0, 1.0, 0.0, 1.0, 1.0, 1.0, 1.0, 1.0, 0.0, 0.0, 0.0, 0.0, 1.0, 1.0, 1.0, 1.0, 1.0, 1.0, 1.0, 1.0, 0.0, 0.0, 0.4395, 0.0, 0.0, 0.0, 0.001, 1.0, 0.0, 0.0, 0.0, 0.0, 0.0, 0.0, 0.0, 0.0, 1.0, 1.0, 1.0, 0.0, 1.0, 0.0, 0.0, 1.0, 0.0, 0.0, 1.0, 1.0, 1.0, 0.0, 0.0, 0.0, 0.0, 0.0, 0.0, 0.0, 0.0, 0.0, 0.0, 0.0, 1.0, 1.0, 1.0, 1.0, 0.0, 0.0, 0.0, 0.0, 0.0, 0.0, 0.0, 0.0, 0.0, 1.0, 0.0, 0.0, 1.0, 1.0, 1.0, 1.0, 0.0, 0.4945, 0.0, 0.0, 1.0, 1.0, 1.0, 1.0, 0.0, 0.0, 1.0, 1.0, 1.0, 1.0, 1.0, 1.0, 0.0, 0.0, 0.0, 0.0, 1.0, 1.0, 1.0, 1.0, 1.0, 0.704, 0.296, 0.0, 1.0, 1.0, 1.0, 1.0, 0.0, 0.0, 1.0, 1.0, 1.0, 1.0, 1.0, 1.0, 0.0, 0.0, 0.0, 0.0, 0.006, 1.0, 0.006, 0.708, 0.298, 1.0, 0.298, 1.0, 1.0, 1.0, 1.0, 1.0, 0.0, 0.0, 0.0, 0.0, 1.0, 0.0, 1.0, 1.0, 1.0, 0.0, 0.0, 1.0, 0.0, 1.0, 1.0, 1.0, 0.0, 0.0, 0.0, 0.0, 1.0, 0.224, 1.0, 1.0, 0.776, 0.0, 0.224, 1.0, 1.0, 1.0, 1.0, 1.0, 0.0, 0.0, 0.0, 0.0, 1.0, 1.0, 0.0, 1.0, 1.0, 1.0, 0.0, 1.0, 1.0, 1.0, 1.0, 1.0, 0.0, 0.0, 0.0, 0.0, 1.0, 1.0, 1.0, 1.0, 1.0, 1.0, 1.0, 0.0, 1.0, 1.0, 1.0, 1.0, 0.0, 0.0, 0.0, 0.0, 0.0, 0.0, 0.0, 0.0, 0.0, 0.0, 0.0, 0.0, 1.0, 0.4865, 1.0, 1.0, 1.0, 0.0075, 0.4865, 1.0, 0.0225, 0.0, 0.0, 0.9775, 0.0, 0.0, 0.0, 0.0]",-419.18595103414617,844.9172517286268,-482.430437669722,964.860875339444,0.01,0.0,-5.545177444479562,2.0794415416798357,11.090354888959125,0.3189290193554026,-4.156924961980295,-16.635532333438686,11.491903754308535,33.27106466687737,0.5787520451143159,"[1.0, 1.0, 1.0, 1.0, 1.0, 0.0, 1.0, 0.0, 1.0, 1.0, 1.0, 1.0, 1.0, 1.0, 1.0, 0.0, 0.0, 0.0, 0.0, 0.0, 0.0, 0.0, 0.0, 0.0, 1.0, 1.0, 1.0, 1.0, 0.0, 0.0, 1.0, 0.0, 0.0, 0.0, 0.0, 0.0, 0.0, 1.0, 0.0, 0.0, 0.0, 0.0, 0.0, 0.0, 0.0, 0.0, 0.0, 0.0, 1.0, 1.0, 1.0, 1.0, 0.0, 0.0, 0.0, 0.0, 1.0, 1.0, 1.0, 1.0, 0.0, 0.0, 0.0, 0.0, 0.0, 0.0, 0.0, 0.0, 0.0, 1.0, 1.0, 0.0, 1.0, 1.0, 1.0, 1.0, 0.0, 0.0, 0.0, 0.0, 1.0, 1.0, 1.0, 1.0, 0.0, 0.0, 0.0, 0.0, 0.0, 0.0, 0.0, 0.0, 0.0, 0.0, 0.0, 0.0, 1.0, 1.0, 1.0, 1.0, 1.0, 1.0, 1.0, 0.0, 1.0, 1.0, 1.0, 1.0, 1.0, 0.0, 1.0, 0.0, 0.0, 1.0, 0.0, 0.0, 1.0, 1.0, 1.0, 0.0, 1.0, 1.0, 0.0, 1.0, 1.0, 0.0, 0.0, 0.0, 1.0, 1.0, 1.0, 0.0, 1.0, 1.0, 1.0, 1.0, 1.0, 1.0, 1.0, 1.0, 0.0, 0.0, 0.0, 0.0, 1.0, 1.0, 1.0, 0.0, 0.0, 0.0, 1.0, 0.0, 0.0, 0.0, 1.0, 0.0, 0.0, 0.0, 0.0, 0.0, 1.0, 1.0, 1.0, 0.0, 0.0, 0.0, 1.0, 0.0, 0.0, 0.0, 0.0, 1.0, 0.0, 0.0, 0.0, 0.0, 0.0, 0.0, 0.0, 1.0, 0.0, 0.0, 0.0, 0.0, 1.0, 1.0, 1.0, 1.0, 0.0, 0.0, 0.0, 0.0, 1.0, 1.0, 1.0, 0.0, 0.0, 0.0, 1.0, 0.0, 1.0, 1.0, 1.0, 1.0, 0.0, 0.0, 0.0, 0.0, 1.0, 1.0, 1.0, 1.0, 0.0, 0.0, 0.0, 0.0, 1.0, 1.0, 1.0, 1.0, 1.0, 1.0, 1.0, 0.0, 0.0, 0.0, 0.0, 0.0, 1.0, 0.0, 0.0, 0.0, 1.0, 1.0, 1.0, 1.0, 1.0, 1.0, 1.0, 1.0, 1.0, 1.0, 1.0, 1.0, 1.0, 1.0, 1.0, 0.0, 0.0, 0.0, 0.0, 0.0, 0.0, 0.0, 0.0, 0.0, 0.0, 1.0, 0.0, 1.0, 0.0, 1.0, 0.0, 1.0, 0.0, 0.0, 0.0, 1.0, 0.0, 0.0, 0.0, 0.0, 1.0, 1.0, 1.0, 0.0, 0.0, 0.0, 1.0, 0.0, 0.0, 0.0, 1.0, 0.0, 0.0, 0.0, 0.0, 0.0, 0.0, 1.0, 1.0, 1.0, 0.0, 0.0, 0.0, 0.0, 1.0, 1.0, 1.0, 0.0, 1.0, 1.0, 1.0, 1.0, 0.0, 0.0, 1.0, 0.0, 0.0, 0.0, 0.0, 0.0, 1.0, 1.0, 1.0, 1.0, 1.0, 1.0, 1.0, 0.0, 1.0, 1.0, 1.0, 1.0, 0.0, 0.0, 0.0, 0.0, 1.0, 1.0, 1.0, 1.0, 0.0, 0.0, 0.0, 0.0, 0.0, 1.0, 0.0, 0.0, 0.0, 0.0, 0.0, 0.0, 0.0, 0.0, 0.0, 0.0, 0.0, 0.0, 0.0, 0.0, 0.0, 0.0, 0.0, 0.0, 0.0, 0.0, 0.0, 0.0, 1.0, 1.0, 0.0, 1.0, 1.0, 0.0, 1.0, 0.0, 1.0, 1.0, 1.0, 1.0, 1.0, 0.0, 1.0, 1.0, 0.0, 0.0, 0.0, 0.0, 0.0, 1.0, 1.0, 0.0, 1.0, 0.0, 0.0, 1.0, 0.0, 0.0, 0.0, 0.0, 1.0, 1.0, 1.0, 0.0, 0.0, 0.0, 1.0, 0.0, 1.0, 1.0, 1.0, 0.0, 0.0, 0.0, 0.0, 0.0, 1.0, 1.0, 1.0, 1.0, 1.0, 1.0, 1.0, 0.0, 0.0, 0.0, 0.0, 0.0, 0.0, 0.0, 0.0, 0.0, 1.0, 0.0, 1.0, 0.0, 0.0, 0.0, 0.0, 0.0, 1.0, 1.0, 1.0, 1.0, 1.0, 1.0, 1.0, 0.0, 1.0, 1.0, 1.0, 1.0, 1.0, 1.0, 0.0, 1.0, 1.0, 1.0, 1.0, 1.0, 0.0, 0.0, 0.0, 0.0, 1.0, 1.0, 1.0, 1.0, 1.0, 1.0, 1.0, 0.0, 0.0, 1.0, 1.0, 1.0, 0.0, 0.0, 0.0, 0.0, 1.0, 1.0, 1.0, 1.0, 0.0, 0.0, 0.0, 0.0, 1.0, 0.0, 1.0, 0.0, 0.0, 0.0, 0.0, 0.0, 1.0, 1.0, 1.0, 1.0, 1.0, 0.0, 1.0, 0.0, 1.0, 1.0, 1.0, 0.0, 1.0, 1.0, 0.0, 1.0, 1.0, 1.0, 1.0, 1.0, 0.0, 0.0, 0.0, 0.0, 0.0, 0.0, 0.0, 0.0, 0.0, 0.0, 0.0, 0.0, 1.0, 1.0, 1.0, 1.0, 0.0, 0.0, 0.0, 0.0, 0.0, 0.0, 0.0, 0.0, 0.0, 0.0, 0.0, 0.0, 0.0, 0.0, 0.0, 0.0, 0.0, 0.0, 0.0, 0.0, 1.0, 1.0, 0.0, 0.0, 1.0, 1.0, 1.0, 1.0, 1.0, 1.0, 1.0, 1.0, 1.0, 1.0, 1.0, 1.0, 1.0, 1.0, 1.0, 1.0, 1.0, 0.0, 1.0, 1.0, 0.0, 1.0, 0.0, 1.0, 0.0, 1.0, 0.0, 0.0, 1.0, 1.0, 1.0, 1.0, 0.0, 0.0, 1.0, 0.0, 1.0, 1.0, 1.0, 1.0, 0.0, 0.0, 0.0, 0.0, 0.0, 0.0, 0.0, 1.0, 0.0, 0.0, 0.0, 0.0, 1.0, 1.0, 1.0, 1.0, 0.0, 0.0, 0.0, 0.0, 0.0, 1.0, 1.0, 1.0, 0.0, 1.0, 1.0, 0.0, 1.0, 1.0, 1.0, 1.0, 0.0, 0.0, 0.0, 0.0, 1.0, 0.0, 1.0, 1.0, 1.0, 0.0, 0.0, 1.0, 1.0, 1.0, 1.0, 1.0, 1.0, 1.0, 1.0, 0.0, 0.0, 1.0, 1.0, 1.0, 1.0, 1.0, 0.0, 0.0, 1.0, 1.0, 1.0, 1.0, 0.0, 0.0, 0.0, 0.0, 1.0, 1.0, 1.0, 0.0, 0.0, 0.0, 1.0, 0.0, 1.0, 1.0, 1.0, 1.0, 0.0, 0.0, 0.0, 0.0, 0.0, 0.0, 0.0, 0.0, 0.0, 0.0, 0.0, 0.0, 0.0, 0.0, 1.0, 1.0, 0.0, 0.0, 0.0, 0.0, 1.0, 1.0, 1.0, 1.0, 1.0, 0.0, 0.0, 1.0]",-295.2442605392121,597.0338707387587,-482.430437669722,964.860875339444,1.1270131020469911,-14.48729403601839,32.15264190238473,1.2846122460949685,-433.45128860920846,873.4479268787513,True,False,True,True,True,0.7083333333333334,1.0,0.75,1.0,0.5833333333333334,1.0,0.7083333333333334,1.0,0.7083333333333334,1.0,0.625,1.0,"Z.exists(lambda x1: Z.equal(x1,'red','colour'),X)","Z.exists(lambda x1: Z.equal(x1,'red','colour'),X)","Z.exists(lambda x1: Z.equal(x1,'red','colour'),X)","Z.exists(lambda x1: Z.equal(x1,'red','colour'),X)",1.0,1.0,1.0,1.0,1.0,0.7083333333333334,0.6982758620689655,0.6867816091954023,0.6954022988505747,0.6925287356321839,5.241379310344827,1813,1955,1955,1,1476,1
11,18,26,OWxuM,QfKnfyfq6JquRFv-AAAn,Kappa,at least one is blue AND small,"[False, False, False, False, False, False, True, False]","[False, False, False, False, False, False, True, False]",0.375,0.375,There must be more green cones than red cones to make this wave. There must be at least one blue cone.,[['x1']],"Z.atleast(lambda x1: Z.equal(x1,'blue','colour'),1,X)","There must be more green cones than red cones, and at least one green cone.","[{'ids': [0, 1, 2, 3, 4], 'colours': ['blue', 'blue', 'green', 'green', 'green'], 'sizes': [1, 2, 1, 2, 3], 'xpos': [0.3094433528812804, 3.922363302427679, 5.337497520816633, 3.1134078380413537, 5.411614333804961], 'ypos': [4.111666666666668, 4.111666666666668, 4.111666666666668, 4.111666666666668, 4.111666653102389], 'rotations': [3.141592653589794, 3.1415926535897927, 3.141592653589793, 3.1415926535897927, 3.141592680186421], 'orientations': ['upright', 'upright', 'upright', 'upright', 'upright'], 'contact': [[0], [1, 3], [2], [3, 1], [4]], 'grounded': ['yes', 'yes', 'yes', 'yes', 'yes'], 'follow_rule': True}, {'ids': [0, 1], 'colours': ['blue', 'blue'], 'sizes': [1, 2], 'xpos': [3.596666221127926, 2.814471542877315], 'ypos': [3.83067383813984, 3.9582778672115544], 'rotations': [1.212994843324385, 2.7601854285398555], 'orientations': ['lhs', 'upright'], 'contact': [[0, 1], [1, 0]], 'grounded': ['yes', 'yes'], 'follow_rule': True}, {'ids': [0], 'colours': ['blue'], 'sizes': [1], 'xpos': [0.7499584178051442], 'ypos': [4.1077573665870535], 'rotations': [3.1451181281374896], 'orientations': ['upright'], 'contact': [[0]], 'grounded': ['yes'], 'follow_rule': True}, {'ids': [0], 'colours': ['red'], 'sizes': [2], 'xpos': [0.522447230169005], 'ypos': [4.107201948924084], 'rotations': [3.143050227741812], 'orientations': ['upright'], 'contact': [[0]], 'grounded': ['yes'], 'follow_rule': False}, {'ids': [0], 'colours': ['green'], 'sizes': [3], 'xpos': [0.5090578622622353], 'ypos': [4.094485889028635], 'rotations': [3.112078603335256], 'orientations': ['upright'], 'contact': [[0]], 'grounded': ['yes'], 'follow_rule': False}, {'ids': [0, 1, 2, 3, 4, 5], 'colours': ['blue', 'blue', 'blue', 'blue', 'blue', 'blue'], 'sizes': [3, 2, 1, 3, 2, 1], 'xpos': [0.7366929821425091, 3.08483277518037, 2.1886977772179055, 2.1329969012829784, 6.548571598707956, 2.74575465209257], 'ypos': [4.1081119310175715, 3.7345029038568835, 3.8313215958768567, 3.6615573919311935, 3.7293719324593164, 3.5137439031612807], 'rotations': [3.142063627281013, 1.2349488760094545, 1.97282362030093, 2.0209069808041953, 5.05003093597427, 2.476806844086405], 'orientations': ['upright', 'lhs', 'strange', 'strange', 'rhs', 'strange'], 'contact': [[0, 3], [1, 5], [2, 3], [3, 0, 2, 5], [4], [5, 1, 3]], 'grounded': ['yes', 'yes', 'yes', 'yes', 'yes', 'no'], 'follow_rule': True}, {'ids': [0, 1], 'colours': ['blue', 'red'], 'sizes': [3, 3], 'xpos': [6.642922435445731, 4.242893017914094], 'ypos': [4.108105365160978, 4.108307941217149], 'rotations': [3.140013905891756, 3.1426096472146776], 'orientations': ['upright', 'upright'], 'contact': [[0], [1]], 'grounded': ['yes', 'yes'], 'follow_rule': False}, {'ids': [0, 1, 2, 3, 4, 5, 6], 'colours': ['green', 'blue', 'blue', 'blue', 'green', 'green', 'green'], 'sizes': [3, 3, 2, 1, 3, 2, 1], 'xpos': [5.740866202649173, 3.9156661551632554, 6.837321483870254, 1.772931431648359, 3.1621754477290662, 5.379107801394267, 5.733142801154721], 'ypos': [4.110062082757585, 3.637089145322287, 3.7734508858937414, 4.107954424091388, 4.108153660362373, 3.676107166802212, 2.964494629564291], 'rotations': [3.1377334567812207, 5.038225536391425, 2.1340173976309544, 3.1447386168197666, 3.143378123253249, 1.886960685299889, 3.7718556034271034], 'orientations': ['upright', 'rhs', 'strange', 'upright', 'upright', 'strange', 'strange'], 'contact': [[0, 5, 6, 2], [1, 5], [2, 0], [3], [4], [5, 0, 1], [6, 0]], 'grounded': ['yes', 'yes', 'yes', 'yes', 'yes', 'no', 'no'], 'follow_rule': True}, {'ids': [0, 1, 2, 3, 4, 5, 6, 7], 'colours': ['red', 'blue', 'blue', 'red', 'red', 'green', 'red', 'blue'], 'sizes': [3, 1, 2, 2, 3, 2, 1, 2], 'xpos': [3.73068127782473, 5.21143043275308, 0.628029634657912, 5.41985831114537, 3.73221495043733, 2.6881904061602, 2.69592462610732, 4.6441478837753], 'ypos': [4.15955293434237, 3.88040887163376, 3.77952636825576, 4.00866939013447, 3.84618730815599, 4.16046505787232, 3.36197381341272, 4.15735107629793], 'rotations': [3.14513282779734, 5.0677355060028, 5.0513292843393, 2.88192941289468, 3.14453575957132, 3.13858862708556, 2.60114260528712, 3.14253353812844], 'contact': [[0, 4], [1, 3], 2, [3, 1, 7], [4, 0], [5, 6], [6, 5], [7, 3]], 'grounded': ['yes', 'yes', 'yes', 'no', 'no', 'yes', 'no', 'yes']}, {'ids': [0, 1, 2, 3, 4], 'colours': ['green', 'red', 'red', 'blue', 'blue'], 'sizes': [3, 3, 3, 1, 1], 'xpos': [0.494087661193018, 3.9483348516538, 5.27168256714865, 5.34332261433319, 0.73624872055367], 'ypos': [4.03747541930378, 4.15789345817489, 3.68793264237984, 3.6957884966519, 3.12182877557111], 'rotations': [3.39186622255945, 3.13985318391394, 5.03796059957422, 0.88254982855712, 3.37051889969503], 'contact': [[0, 4], 1, [2, 3], [3, 2], [4, 0]], 'grounded': ['yes', 'yes', 'yes', 'yes', 'no']}, {'ids': [0, 1, 2, 3], 'colours': ['red', 'blue', 'blue', 'green'], 'sizes': [1, 1, 2, 2], 'xpos': [3.18059163568182, 0.310290458717288, 3.1806567054277, 2.31556998810598], 'ypos': [4.16168723431181, 4.15876638336768, 4.1487939044355, 4.15777861520172], 'rotations': [3.14159140357956, 3.14265904643877, 3.14147445775215, 3.14506697679819], 'contact': [[0, 2], 1, [2, 0], 3], 'grounded': ['yes', 'yes', 'no', 'yes']}, {'ids': [0, 1, 2], 'colours': ['red', 'blue', 'blue'], 'sizes': [2, 1, 1], 'xpos': [4.18368803941992, 0.414042657065262, 2.15035350734386], 'ypos': [3.77956682056473, 4.15748311487421, 3.8762597297667], 'rotations': [1.23393916549627, 3.14433838895914, 1.21175410086331], 'contact': [{'V1': 0, 'V2': 1, 'V3': 2}], 'grounded': ['yes', 'yes', 'yes']}, {'ids': [0, 1, 2, 3], 'colours': ['red', 'blue', 'green', 'green'], 'sizes': [1, 2, 3, 2], 'xpos': [3.51554594721066, 0.952630095552302, 1.15938786102465, 4.3365248890533], 'ypos': [4.15861023322789, 3.78844050360235, 3.68324865018165, 3.81210635173936], 'rotations': [3.13374769948046, 1.95279692618981, 5.03789515425762, 2.09958352806452], 'contact': [[0, 3], 1, 2, [3, 0]], 'grounded': ['yes', 'yes', 'yes', 'yes']}, {'ids': [0, 1, 2, 3, 4, 5, 6], 'colours': ['red', 'green', 'green', 'red', 'red', 'green', 'blue'], 'sizes': [2, 2, 1, 2, 3, 1, 2], 'xpos': [6.87642919084431, 0.500811040908878, 6.83118798955539, 0.500811040908877, 2.84733119936067, 4.8509860534385, 6.36697442237732], 'ypos': [4.16175085069598, 4.16166666666667, 3.43496091839389, 3.86081693802354, 3.68420776646255, 3.88048305615273, 3.30313545616522], 'rotations': [3.14149734712368, 3.14159265358979, 3.21473720201577, 3.1415926535898, 5.03748075887867, 5.06844557980735, 3.76206868572812], 'contact': [[0, 6, 2], [1, 3], [2, 0, 6], [3, 1], 4, 5, [6, 0, 2]], 'grounded': ['yes', 'yes', 'no', 'no', 'yes', 'yes', 'no']}, {'ids': [0, 1, 2, 3], 'colours': ['green', 'red', 'green', 'green'], 'sizes': [3, 2, 3, 1], 'xpos': [0.68898442305447, 3.35991414777035, 6.19696481477246, 0.285852488312505], 'ypos': [4.14082379374931, 3.77953993499473, 3.68347394204074, 3.22090721981064], 'rotations': [3.17946147794873, 5.05131141313782, 1.24390261182064, 2.78305328423849], 'contact': [[0, 3], 1, 2, [3, 0]], 'grounded': ['yes', 'yes', 'yes', 'no']}, {'ids': [0, 1, 2, 3, 4, 5], 'colours': ['blue', 'green', 'red', 'green', 'red', 'red'], 'sizes': [2, 1, 3, 3, 2, 2], 'xpos': [1.90901458039544, 3.20404317572615, 5.35557787085149, 2.21502873493383, 4.45133508655654, 0.411178438002497], 'ypos': [4.15997299836821, 3.9724254650111, 3.68341260130509, 3.66870790290145, 3.29547827552602, 4.15884184210246], 'rotations': [3.14582683698787, 3.82418159605204, 1.24456815445981, 4.50974799681394, 6.86637263771617, 3.14292060739547], 'contact': [[0, 3], [1, 3], [2, 4], [3, 0, 1], [4, 2], 5], 'grounded': ['yes', 'yes', 'yes', 'yes', 'yes', 'yes']}]","[False, False, False, False, False, True, True, False]","[True, True, True, True, True, False, True, True]","[False, False, False, False, False, False, False, False]","[False, False, False, False, False, True, False, False]","[False, False, False, False, False, True, True, False]","[True, True, True, True, True, False, True, True]","[False, False, False, False, False, False, False, False]","[False, False, False, False, False, True, False, False]",0.125,0.125,0.0,0.0,0.875,0.875,0.25,0.25,0.125,0.125,0.0,0.0,0.125,0.125,578.0274242817035,-5.550370502620767,-5.545177444479562,13.18018254692137,11.090354888959125,1.1562060956257383,-14.698101050100014,-16.635532333438686,32.57425593054798,33.27106466687737,1.0502311195665048,"[1.0, 1.0, 1.0, 1.0, 1.0, 0.0, 1.0, 0.0, 1.0, 1.0, 1.0, 1.0, 1.0, 1.0, 1.0, 0.0135, 0.9530000000000001, 0.092, 0.5895, 0.5895, 1.0, 0.0, 0.0, 0.861, 1.0, 1.0, 1.0, 0.2925, 0.999, 0.999, 1.0, 0.7155, 0.0, 0.0, 1.0, 0.0, 0.0, 0.0, 1.0, 0.0, 0.0, 0.0, 1.0, 0.0, 0.0, 0.0, 1.0, 0.0, 1.0, 1.0, 1.0, 1.0, 0.0, 0.0, 0.0, 0.0, 1.0, 1.0, 1.0, 1.0, 0.935, 0.935, 0.935, 0.935, 1.0, 1.0, 1.0, 1.0, 0.0, 1.0, 0.0, 0.0, 0.0, 1.0, 1.0, 1.0, 1.0, 1.0, 1.0, 1.0, 1.0, 1.0, 1.0, 1.0, 0.0935, 0.0935, 0.0935, 0.0935, 1.0, 1.0, 1.0, 1.0, 1.0, 1.0, 1.0, 1.0, 1.0, 1.0, 1.0, 1.0, 1.0, 1.0, 1.0, 0.013000000000000001, 1.0, 1.0, 0.998, 1.0, 1.0, 0.002, 0.998, 0.002, 1.0, 1.0, 1.0, 1.0, 1.0, 1.0, 1.0, 0.0, 0.973, 1.0, 0.9530000000000001, 1.0, 0.8925000000000001, 0.9195, 0.17400000000000002, 0.201, 1.0, 1.0, 1.0, 1.0, 0.0, 0.0, 0.0, 0.0, 1.0, 1.0, 1.0, 0.24, 1.0, 1.0, 0.968, 1.0, 0.653, 0.653, 0.653, 1.0, 0.2535, 0.2535, 0.7035, 0.10300000000000001, 1.0, 1.0, 1.0, 1.0, 0.0, 1.0, 0.0, 0.0, 1.0, 1.0, 1.0, 0.012, 0.988, 0.988, 1.0, 1.0, 1.0, 0.0, 1.0, 1.0, 1.0, 0.0, 0.0, 1.0, 0.0, 0.0, 0.0, 1.0, 1.0, 0.0, 0.0, 0.0, 1.0, 1.0, 1.0, 1.0, 0.0, 0.0, 0.0, 0.0, 1.0, 1.0, 1.0, 1.0, 0.0, 0.0, 0.0, 0.0, 1.0, 1.0, 1.0, 1.0, 1.0, 1.0, 0.841, 1.0, 1.0, 1.0, 1.0, 1.0, 0.0, 0.0, 0.0, 0.0, 1.0, 1.0, 1.0, 1.0, 1.0, 1.0, 1.0, 0.0, 0.197, 0.0, 0.85, 0.653, 0.803, 0.0, 0.0, 0.0, 0.8525, 0.847, 0.9935, 0.847, 0.28300000000000003, 0.4305, 0.426, 0.426, 1.0, 1.0, 1.0, 1.0, 1.0, 1.0, 1.0, 0.0, 0.798, 1.0, 0.7995, 0.7995, 0.0275, 0.029, 0.2265, 0.1975, 1.0, 1.0, 1.0, 1.0, 0.0, 0.0, 0.0, 0.0, 0.862, 0.854, 0.8595, 0.8955000000000001, 0.045, 0.0005, 0.8695, 0.8505, 1.0, 1.0, 1.0, 0.022, 1.0, 1.0, 1.0, 0.978, 0.28400000000000003, 0.0145, 0.1885, 0.0275, 0.2755, 0.0, 0.0015, 0.013000000000000001, 0.0, 0.0, 0.0, 1.0, 1.0, 0.0, 0.0, 0.0, 1.0, 1.0, 1.0, 1.0, 0.0, 0.0, 0.0, 0.0, 1.0, 1.0, 1.0, 1.0, 1.0, 0.0, 1.0, 0.0, 1.0, 1.0, 1.0, 1.0, 1.0, 1.0, 1.0, 0.0, 1.0, 1.0, 1.0, 0.728, 0.8265, 0.5545, 0.5545, 0.8265, 1.0, 1.0, 1.0, 1.0, 1.0, 1.0, 1.0, 1.0, 1.0, 1.0, 1.0, 0.8715, 0.9365, 0.8695, 0.8695, 0.9365, 0.229, 0.229, 0.229, 0.229, 0.801, 0.03, 0.03, 0.801, 0.0, 0.0, 0.0, 1.0, 1.0, 0.0, 0.0, 0.0, 0.108, 0.114, 0.2315, 0.108, 0.114, 0.07050000000000001, 0.0495, 0.006, 1.0, 1.0, 1.0, 1.0, 0.0, 0.0, 0.0, 0.0, 0.8955000000000001, 0.895, 0.0115, 0.0, 0.883, 0.0, 0.0, 0.0, 1.0, 1.0, 1.0, 1.0, 0.0, 0.0, 0.0, 0.0, 0.902, 0.902, 0.902, 0.678, 0.88, 0.88, 0.902, 0.807, 1.0, 1.0, 1.0, 1.0, 0.0, 0.0, 0.0, 0.0, 1.0, 1.0, 1.0, 1.0, 1.0, 1.0, 1.0, 0.0, 1.0, 1.0, 1.0, 1.0, 0.0, 0.0, 0.0, 0.0, 1.0, 1.0, 1.0, 1.0, 0.008, 0.008, 0.008, 0.008, 1.0, 1.0, 1.0, 1.0, 1.0, 1.0, 1.0, 0.0, 1.0, 1.0, 1.0, 1.0, 1.0, 1.0, 0.6980000000000001, 1.0, 1.0, 1.0, 1.0, 1.0, 0.0, 0.0, 0.0, 0.0, 1.0, 1.0, 1.0, 1.0, 1.0, 1.0, 1.0, 0.0, 0.9530000000000001, 0.9530000000000001, 0.9530000000000001, 1.0, 1.0, 1.0, 0.641, 0.9530000000000001, 1.0, 1.0, 1.0, 1.0, 0.0, 0.0, 0.0, 0.0, 1.0, 1.0, 1.0, 1.0, 1.0, 1.0, 1.0, 1.0, 1.0, 1.0, 1.0, 1.0, 0.0, 0.0, 0.0, 0.0, 1.0, 1.0, 1.0, 1.0, 1.0, 1.0, 1.0, 1.0, 1.0, 1.0, 1.0, 1.0, 0.021500000000000002, 0.021500000000000002, 0.021500000000000002, 0.021500000000000002, 0.021500000000000002, 0.003, 0.02, 0.0095, 0.0095, 0.964, 0.9555, 0.0095, 1.0, 1.0, 1.0, 1.0, 1.0, 1.0, 1.0, 1.0, 1.0, 1.0, 1.0, 1.0, 0.0, 0.0, 0.0, 0.0, 1.0, 1.0, 1.0, 1.0, 0.0, 0.0, 1.0, 1.0, 1.0, 0.873, 0.198, 0.198, 1.0, 1.0, 0.6905, 1.0, 1.0, 1.0, 1.0, 1.0, 1.0, 1.0, 1.0, 0.0, 1.0, 0.999, 0.999, 1.0, 0.0025, 0.0025, 0.0025, 0.0025, 1.0, 1.0, 1.0, 1.0, 1.0, 0.686, 0.314, 0.0, 1.0, 1.0, 1.0, 1.0, 0.524, 0.524, 1.0, 0.47600000000000003, 1.0, 1.0, 1.0, 1.0, 0.008, 0.008, 0.008, 0.008, 0.9935, 0.9935, 0.9775, 0.9935, 0.9935, 0.0225, 0.988, 0.017, 1.0, 1.0, 1.0, 1.0, 0.0725, 0.0725, 0.0725, 0.0725, 0.041, 1.0, 1.0, 0.9590000000000001, 0.041, 0.9590000000000001, 1.0, 0.0, 0.7435, 0.9835, 0.7425, 0.986, 0.7435, 0.7435, 0.256, 0.987, 1.0, 0.005, 1.0, 1.0, 1.0, 0.005, 0.005, 1.0, 1.0, 1.0, 1.0, 1.0, 1.0, 1.0, 1.0, 0.0, 1.0, 1.0, 1.0, 1.0, 0.0, 0.0, 0.0, 0.0, 1.0, 1.0, 1.0, 1.0, 0.0, 0.0, 0.0, 0.0, 0.9705, 0.9705, 0.9145, 1.0, 0.8015, 0.8015, 0.9705, 0.7865, 1.0, 1.0, 1.0, 1.0, 0.0, 0.0, 0.0, 0.0, 1.0, 1.0, 1.0, 1.0, 0.0, 0.0, 0.0, 0.0, 1.0, 1.0, 1.0, 1.0, 0.0, 0.0, 0.0, 0.0, 1.0, 1.0, 1.0, 1.0, 1.0, 1.0, 1.0, 1.0]",-418.5875071169283,843.720363894191,-482.430437669722,964.860875339444,677.1658776971127,-5.551086597428199,13.181614736536234,1.4426943157684868,-15.276340039075832,33.73073390849961,0.6334250289943713,"[1.0, 1.0, 1.0, 1.0, 1.0, 0.0, 1.0, 0.0, 1.0, 1.0, 1.0, 1.0, 1.0, 1.0, 1.0, 0.0, 0.0, 0.0, 0.0, 0.0, 0.0, 0.0, 0.0, 0.0, 1.0, 1.0, 1.0, 0.0, 0.0, 0.0, 1.0, 0.0, 0.0, 0.0, 1.0, 1.0, 0.0, 1.0, 1.0, 1.0, 1.0, 1.0, 1.0, 1.0, 0.0, 0.0, 1.0, 1.0, 1.0, 1.0, 1.0, 1.0, 0.0, 0.0, 0.0, 0.0, 1.0, 1.0, 1.0, 1.0, 0.0, 0.0, 0.0, 0.0, 0.0, 0.0, 0.0, 0.0, 0.0, 1.0, 1.0, 0.0, 1.0, 1.0, 1.0, 1.0, 0.0, 0.0, 0.0, 0.0, 1.0, 1.0, 1.0, 1.0, 0.0, 0.0, 0.0, 0.0, 1.0, 1.0, 1.0, 1.0, 1.0, 1.0, 0.0, 1.0, 1.0, 1.0, 1.0, 1.0, 1.0, 1.0, 1.0, 0.0, 1.0, 1.0, 1.0, 1.0, 1.0, 0.0, 1.0, 0.0, 0.0, 1.0, 0.0, 0.0, 1.0, 1.0, 1.0, 0.0, 1.0, 1.0, 0.0, 1.0, 1.0, 0.0, 0.0, 0.0, 1.0, 1.0, 1.0, 0.0, 1.0, 1.0, 1.0, 1.0, 1.0, 1.0, 1.0, 1.0, 0.0, 0.0, 0.0, 0.0, 1.0, 1.0, 1.0, 0.0, 0.0, 0.0, 1.0, 0.0, 0.0, 0.0, 1.0, 0.0, 0.0, 0.0, 0.0, 0.0, 1.0, 1.0, 1.0, 0.0, 0.0, 0.0, 1.0, 0.0, 0.0, 0.0, 0.0, 1.0, 0.0, 0.0, 0.0, 0.0, 0.0, 0.0, 0.0, 1.0, 0.0, 0.0, 0.0, 0.0, 1.0, 1.0, 1.0, 1.0, 0.0, 0.0, 0.0, 0.0, 1.0, 1.0, 1.0, 0.0, 0.0, 0.0, 1.0, 0.0, 1.0, 1.0, 1.0, 1.0, 0.0, 0.0, 0.0, 0.0, 1.0, 1.0, 1.0, 1.0, 0.0, 0.0, 0.0, 0.0, 1.0, 1.0, 1.0, 1.0, 1.0, 1.0, 1.0, 0.0, 0.0, 0.0, 0.0, 0.0, 1.0, 0.0, 0.0, 0.0, 1.0, 1.0, 1.0, 1.0, 1.0, 1.0, 1.0, 1.0, 1.0, 1.0, 1.0, 1.0, 1.0, 1.0, 1.0, 0.0, 0.0, 0.0, 0.0, 0.0, 0.0, 0.0, 0.0, 0.0, 0.0, 1.0, 0.0, 1.0, 0.0, 1.0, 0.0, 1.0, 0.0, 0.0, 0.0, 1.0, 0.0, 0.0, 0.0, 0.0, 1.0, 1.0, 1.0, 0.0, 0.0, 0.0, 1.0, 0.0, 1.0, 1.0, 1.0, 1.0, 1.0, 0.0, 1.0, 0.0, 0.0, 1.0, 1.0, 1.0, 0.0, 0.0, 0.0, 0.0, 1.0, 1.0, 1.0, 0.0, 1.0, 1.0, 1.0, 1.0, 0.0, 1.0, 1.0, 1.0, 0.0, 0.0, 0.0, 0.0, 1.0, 1.0, 1.0, 1.0, 1.0, 1.0, 1.0, 0.0, 1.0, 1.0, 1.0, 1.0, 0.0, 0.0, 0.0, 0.0, 1.0, 1.0, 1.0, 1.0, 0.0, 0.0, 0.0, 0.0, 0.0, 1.0, 0.0, 0.0, 0.0, 0.0, 0.0, 0.0, 1.0, 1.0, 1.0, 1.0, 1.0, 0.0, 1.0, 1.0, 0.0, 0.0, 0.0, 0.0, 0.0, 1.0, 1.0, 0.0, 1.0, 1.0, 1.0, 1.0, 1.0, 0.0, 1.0, 0.0, 1.0, 1.0, 1.0, 1.0, 1.0, 0.0, 1.0, 1.0, 0.0, 0.0, 0.0, 0.0, 0.0, 1.0, 1.0, 0.0, 1.0, 0.0, 0.0, 1.0, 0.0, 0.0, 0.0, 0.0, 1.0, 1.0, 1.0, 0.0, 0.0, 0.0, 1.0, 0.0, 1.0, 1.0, 1.0, 0.0, 0.0, 0.0, 0.0, 0.0, 1.0, 1.0, 1.0, 1.0, 1.0, 1.0, 1.0, 0.0, 0.0, 0.0, 0.0, 0.0, 0.0, 0.0, 0.0, 0.0, 1.0, 0.0, 1.0, 0.0, 0.0, 0.0, 0.0, 0.0, 1.0, 1.0, 1.0, 1.0, 1.0, 1.0, 1.0, 0.0, 1.0, 1.0, 1.0, 1.0, 1.0, 1.0, 0.0, 1.0, 1.0, 1.0, 1.0, 1.0, 0.0, 0.0, 0.0, 0.0, 1.0, 1.0, 1.0, 1.0, 1.0, 1.0, 1.0, 0.0, 0.0, 1.0, 1.0, 1.0, 0.0, 0.0, 0.0, 0.0, 1.0, 1.0, 1.0, 1.0, 0.0, 0.0, 0.0, 0.0, 1.0, 0.0, 1.0, 0.0, 0.0, 0.0, 0.0, 0.0, 1.0, 1.0, 1.0, 1.0, 1.0, 0.0, 1.0, 0.0, 1.0, 1.0, 1.0, 0.0, 1.0, 1.0, 0.0, 1.0, 1.0, 1.0, 1.0, 1.0, 0.0, 0.0, 0.0, 0.0, 0.0, 0.0, 0.0, 0.0, 0.0, 1.0, 0.0, 0.0, 1.0, 1.0, 1.0, 1.0, 0.0, 0.0, 0.0, 0.0, 0.0, 0.0, 0.0, 0.0, 0.0, 0.0, 0.0, 0.0, 1.0, 0.0, 1.0, 0.0, 0.0, 0.0, 0.0, 0.0, 1.0, 1.0, 0.0, 0.0, 1.0, 1.0, 1.0, 1.0, 1.0, 1.0, 1.0, 1.0, 1.0, 1.0, 1.0, 1.0, 1.0, 1.0, 1.0, 1.0, 1.0, 0.0, 1.0, 1.0, 0.0, 1.0, 0.0, 1.0, 0.0, 1.0, 0.0, 0.0, 1.0, 1.0, 1.0, 1.0, 0.0, 0.0, 1.0, 0.0, 1.0, 1.0, 1.0, 1.0, 0.0, 0.0, 0.0, 0.0, 0.0, 0.0, 0.0, 1.0, 0.0, 0.0, 0.0, 0.0, 1.0, 1.0, 1.0, 1.0, 0.0, 0.0, 0.0, 0.0, 0.0, 1.0, 1.0, 1.0, 0.0, 1.0, 1.0, 0.0, 1.0, 1.0, 1.0, 1.0, 0.0, 0.0, 0.0, 0.0, 1.0, 0.0, 1.0, 1.0, 1.0, 0.0, 0.0, 1.0, 1.0, 1.0, 1.0, 1.0, 1.0, 1.0, 1.0, 0.0, 0.0, 1.0, 1.0, 1.0, 1.0, 1.0, 0.0, 0.0, 1.0, 1.0, 1.0, 1.0, 0.0, 0.0, 0.0, 0.0, 1.0, 1.0, 1.0, 0.0, 0.0, 0.0, 1.0, 0.0, 1.0, 1.0, 1.0, 1.0, 0.0, 0.0, 0.0, 0.0, 0.0, 0.0, 0.0, 0.0, 0.0, 0.0, 0.0, 0.0, 0.0, 1.0, 0.0, 1.0, 0.0, 1.0, 1.0, 0.0, 1.0, 1.0, 1.0, 1.0, 1.0, 0.0, 0.0, 1.0]",-318.3726801373107,643.2907099349558,67.17379355636727,-5.54539905799313,-5.545177444479562,13.170239657666096,11.090354888959125,1.0,-11.518280500437347,-16.635532333438686,26.21461483122264,33.27106466687737,0.6173530694834558,"[1.0, 1.0, 1.0, 1.0, 1.0, 0.0, 1.0, 0.0, 1.0, 1.0, 1.0, 1.0, 1.0, 1.0, 1.0, 0.0, 0.0, 0.0, 0.0, 0.0, 0.0, 0.0, 0.0, 0.0, 1.0, 1.0, 1.0, 0.0, 0.0, 0.0, 1.0, 0.0, 0.0, 0.0, 1.0, 1.0, 0.0, 1.0, 1.0, 1.0, 0.0, 0.0, 0.0, 0.0, 0.0, 0.0, 0.0, 0.0, 1.0, 1.0, 1.0, 1.0, 0.0, 0.0, 0.0, 0.0, 1.0, 1.0, 1.0, 1.0, 0.0, 0.0, 0.0, 0.0, 0.0, 0.0, 0.0, 0.0, 0.0, 1.0, 1.0, 0.0, 0.0, 0.0, 0.0, 1.0, 0.0, 0.0, 0.0, 0.0, 1.0, 1.0, 1.0, 1.0, 0.0, 0.0, 0.0, 0.0, 0.0, 0.0, 0.0, 0.0, 1.0, 1.0, 0.0, 1.0, 1.0, 1.0, 1.0, 1.0, 1.0, 1.0, 1.0, 0.0, 1.0, 1.0, 1.0, 1.0, 1.0, 0.0, 1.0, 0.0, 0.0, 1.0, 0.0, 0.0, 1.0, 1.0, 1.0, 0.0, 1.0, 1.0, 0.0, 1.0, 1.0, 0.0, 0.0, 0.0, 1.0, 1.0, 1.0, 0.0, 1.0, 1.0, 1.0, 1.0, 1.0, 1.0, 1.0, 1.0, 0.0, 0.0, 0.0, 0.0, 1.0, 1.0, 1.0, 0.0, 0.0, 0.0, 1.0, 0.0, 0.0, 0.0, 1.0, 0.0, 0.0, 0.0, 0.0, 0.0, 1.0, 1.0, 1.0, 0.0, 0.0, 0.0, 1.0, 0.0, 0.0, 0.0, 0.0, 1.0, 0.0, 0.0, 0.0, 0.0, 0.0, 0.0, 0.0, 1.0, 0.0, 0.0, 0.0, 0.0, 1.0, 1.0, 1.0, 1.0, 0.0, 0.0, 0.0, 0.0, 1.0, 1.0, 1.0, 0.0, 0.0, 0.0, 1.0, 0.0, 1.0, 1.0, 1.0, 1.0, 0.0, 0.0, 0.0, 0.0, 1.0, 1.0, 1.0, 1.0, 0.0, 0.0, 0.0, 0.0, 1.0, 1.0, 1.0, 1.0, 1.0, 1.0, 1.0, 0.0, 0.0, 0.0, 0.0, 0.0, 1.0, 0.0, 0.0, 0.0, 1.0, 1.0, 1.0, 1.0, 1.0, 1.0, 1.0, 1.0, 1.0, 1.0, 1.0, 1.0, 1.0, 1.0, 1.0, 0.0, 0.0, 0.0, 0.0, 0.0, 0.0, 0.0, 0.0, 0.0, 0.0, 1.0, 0.0, 1.0, 0.0, 1.0, 0.0, 1.0, 0.0, 0.0, 0.0, 1.0, 0.0, 0.0, 0.0, 0.0, 1.0, 1.0, 1.0, 0.0, 0.0, 0.0, 1.0, 0.0, 1.0, 1.0, 1.0, 1.0, 1.0, 0.0, 1.0, 0.0, 0.0, 1.0, 1.0, 1.0, 0.0, 0.0, 0.0, 0.0, 1.0, 1.0, 1.0, 0.0, 1.0, 1.0, 1.0, 1.0, 0.0, 1.0, 1.0, 1.0, 0.0, 0.0, 0.0, 0.0, 1.0, 1.0, 1.0, 1.0, 1.0, 1.0, 1.0, 0.0, 1.0, 1.0, 1.0, 1.0, 0.0, 0.0, 0.0, 0.0, 1.0, 1.0, 1.0, 1.0, 0.0, 0.0, 0.0, 0.0, 0.0, 1.0, 0.0, 0.0, 0.0, 0.0, 0.0, 0.0, 0.0, 0.0, 0.0, 0.0, 0.0, 0.0, 0.0, 0.0, 1.0, 0.0, 1.0, 1.0, 1.0, 0.0, 0.0, 1.0, 1.0, 1.0, 1.0, 1.0, 1.0, 0.0, 1.0, 0.0, 1.0, 1.0, 1.0, 1.0, 1.0, 0.0, 1.0, 1.0, 0.0, 0.0, 0.0, 0.0, 0.0, 1.0, 1.0, 0.0, 1.0, 0.0, 0.0, 1.0, 0.0, 0.0, 0.0, 0.0, 1.0, 1.0, 1.0, 0.0, 0.0, 0.0, 1.0, 0.0, 1.0, 1.0, 1.0, 0.0, 0.0, 0.0, 0.0, 0.0, 1.0, 1.0, 1.0, 1.0, 1.0, 1.0, 1.0, 0.0, 0.0, 0.0, 0.0, 0.0, 0.0, 0.0, 0.0, 0.0, 1.0, 0.0, 1.0, 0.0, 0.0, 0.0, 0.0, 0.0, 1.0, 1.0, 1.0, 1.0, 1.0, 1.0, 1.0, 0.0, 1.0, 1.0, 1.0, 1.0, 1.0, 1.0, 0.0, 1.0, 1.0, 1.0, 1.0, 1.0, 0.0, 0.0, 0.0, 0.0, 1.0, 1.0, 1.0, 1.0, 1.0, 1.0, 1.0, 0.0, 0.0, 1.0, 1.0, 1.0, 0.0, 0.0, 0.0, 0.0, 1.0, 1.0, 1.0, 1.0, 0.0, 0.0, 0.0, 0.0, 1.0, 0.0, 1.0, 0.0, 0.0, 0.0, 0.0, 0.0, 1.0, 1.0, 1.0, 1.0, 1.0, 0.0, 1.0, 0.0, 1.0, 1.0, 1.0, 0.0, 1.0, 1.0, 0.0, 1.0, 1.0, 1.0, 1.0, 1.0, 0.0, 0.0, 0.0, 0.0, 0.0, 0.0, 0.0, 0.0, 0.0, 1.0, 0.0, 0.0, 1.0, 1.0, 1.0, 1.0, 0.0, 0.0, 0.0, 0.0, 0.0, 0.0, 0.0, 0.0, 0.0, 0.0, 0.0, 0.0, 1.0, 0.0, 1.0, 0.0, 0.0, 0.0, 0.0, 0.0, 1.0, 1.0, 0.0, 0.0, 1.0, 1.0, 1.0, 1.0, 1.0, 1.0, 1.0, 1.0, 1.0, 1.0, 1.0, 1.0, 1.0, 1.0, 1.0, 1.0, 1.0, 0.0, 1.0, 1.0, 0.0, 1.0, 0.0, 1.0, 0.0, 1.0, 0.0, 0.0, 1.0, 1.0, 1.0, 1.0, 0.0, 0.0, 1.0, 0.0, 1.0, 1.0, 1.0, 1.0, 0.0, 0.0, 0.0, 0.0, 0.0, 0.0, 0.0, 1.0, 0.0, 0.0, 0.0, 0.0, 1.0, 1.0, 1.0, 1.0, 0.0, 0.0, 0.0, 0.0, 0.0, 1.0, 1.0, 1.0, 0.0, 1.0, 1.0, 0.0, 1.0, 1.0, 1.0, 1.0, 0.0, 0.0, 0.0, 0.0, 1.0, 0.0, 1.0, 1.0, 1.0, 0.0, 0.0, 1.0, 1.0, 1.0, 1.0, 1.0, 1.0, 1.0, 1.0, 0.0, 0.0, 0.0, 1.0, 0.0, 0.0, 1.0, 0.0, 0.0, 1.0, 1.0, 1.0, 1.0, 0.0, 0.0, 0.0, 0.0, 1.0, 1.0, 1.0, 0.0, 0.0, 0.0, 1.0, 0.0, 1.0, 1.0, 1.0, 1.0, 0.0, 0.0, 0.0, 0.0, 0.0, 0.0, 0.0, 0.0, 0.0, 0.0, 0.0, 0.0, 0.0, 1.0, 0.0, 1.0, 0.0, 1.0, 1.0, 0.0, 1.0, 1.0, 1.0, 1.0, 1.0, 0.0, 0.0, 1.0]",-311.9759791000219,630.4973078603782,-482.430437669722,964.860875339444,0.4359319005411777,-2.6650813678029524,-5.545177444479562,7.409604277285741,11.090354888959125,1.0858173815327425,-14.409570289558612,-16.635532333438686,31.99719440946517,33.27106466687737,1.0908740239314543,"[0.0, 0.0, 1.0, 0.0, 0.0, 0.0, 0.0, 0.0, 1.0, 1.0, 1.0, 1.0, 0.877, 0.877, 0.877, 0.0, 1.0, 0.259, 1.0, 1.0, 0.8015, 0.0, 0.259, 1.0, 1.0, 1.0, 1.0, 1.0, 1.0, 1.0, 1.0, 0.0, 0.0, 0.0, 1.0, 0.0, 0.0, 0.0, 1.0, 0.0, 0.0, 0.0, 1.0, 0.0, 0.0, 0.0, 1.0, 0.0, 0.0, 0.0, 0.0, 0.0775, 0.0, 0.0, 0.1635, 0.47100000000000003, 1.0, 1.0, 1.0, 1.0, 0.0, 0.0, 0.0, 0.0, 0.0, 0.0, 0.0, 0.0, 0.0, 0.0, 0.0, 0.0, 1.0, 1.0, 1.0, 1.0, 1.0, 1.0, 1.0, 0.0, 1.0, 1.0, 1.0, 1.0, 0.0, 0.0, 0.0, 0.0, 0.0, 0.0, 0.0, 0.0, 0.0, 0.113, 0.113, 0.0, 0.0, 0.0, 0.0, 1.0, 0.0, 0.0, 0.0, 0.0, 1.0, 1.0, 1.0, 1.0, 0.0, 0.0, 0.0, 0.0, 0.9995, 1.0, 1.0, 0.663, 1.0, 1.0, 1.0, 0.353, 1.0, 1.0, 1.0, 1.0, 0.082, 0.082, 0.0, 0.0, 0.973, 1.0, 0.7655000000000001, 0.605, 0.973, 1.0, 1.0, 0.368, 0.0, 0.0, 1.0, 0.0, 1.0, 0.0, 1.0, 0.0, 1.0, 1.0, 1.0, 1.0, 0.0, 0.0, 1.0, 0.0, 1.0, 1.0, 1.0, 1.0, 0.0, 0.9465, 0.0, 0.0, 0.666, 1.0, 0.666, 0.666, 0.0, 0.0, 0.7975, 0.0, 0.0, 0.9430000000000001, 0.0, 1.0, 1.0, 0.0, 0.0, 0.0, 0.0, 1.0, 0.0, 0.0, 0.0, 0.0, 0.0, 0.0, 1.0, 1.0, 1.0, 1.0, 0.0, 0.0, 0.0, 0.0, 1.0, 1.0, 1.0, 1.0, 1.0, 1.0, 1.0, 0.0005, 1.0, 1.0, 1.0, 1.0, 1.0, 1.0, 0.0, 1.0, 1.0, 1.0, 1.0, 1.0, 0.0, 0.0, 0.0, 0.0, 1.0, 1.0, 1.0, 1.0, 1.0, 1.0, 1.0, 0.0, 1.0, 0.0, 1.0, 0.0, 0.0, 0.0, 0.0, 0.0, 0.0, 1.0, 0.0, 1.0, 0.0, 1.0, 0.0, 1.0, 1.0, 1.0, 1.0, 1.0, 1.0, 1.0, 1.0, 0.0, 1.0, 0.0, 1.0, 1.0, 1.0, 0.0, 0.0, 1.0, 1.0, 1.0, 1.0, 1.0, 1.0, 1.0, 1.0, 1.0, 0.0, 0.9580000000000001, 0.0, 0.0, 0.0, 0.0, 0.0045000000000000005, 0.0, 0.0, 0.0, 0.0, 0.0, 0.0, 0.0, 0.0, 1.0, 0.0, 0.0, 0.0005, 0.0, 0.0, 0.0, 0.0, 0.0, 0.0, 1.0, 0.0, 0.0, 0.0, 0.0, 0.0, 0.0, 1.0, 1.0, 1.0, 0.001, 0.001, 0.001, 1.0, 0.0, 0.0, 0.0, 0.6225, 0.0, 0.0, 0.0, 0.0, 0.0, 1.0, 1.0, 1.0, 1.0, 0.0, 0.0, 0.0, 0.0, 0.0, 0.0, 0.0, 0.0, 0.0, 0.0, 0.0, 0.0, 1.0, 1.0, 1.0, 1.0, 1.0, 1.0, 1.0, 0.0, 0.0, 0.0, 0.0, 1.0, 0.0, 0.0, 1.0, 0.0, 1.0, 1.0, 1.0, 1.0, 0.0, 0.0, 0.0, 0.0, 0.0, 1.0, 0.0, 0.0, 1.0, 0.0, 0.0, 1.0, 1.0, 1.0, 1.0, 1.0, 0.0, 0.0, 0.0, 0.0, 1.0, 1.0, 1.0, 1.0, 1.0, 0.0, 1.0, 1.0, 0.0, 0.0005, 0.0, 0.0, 0.0, 0.38, 0.0, 0.0, 1.0, 1.0, 1.0, 1.0, 0.0, 0.0, 0.0, 0.0, 1.0, 1.0, 1.0, 0.999, 1.0, 1.0, 1.0, 0.0195, 1.0, 1.0, 1.0, 1.0, 0.0, 0.0, 0.0, 0.0, 0.0, 0.6285000000000001, 0.0, 0.328, 0.0, 0.0, 0.6285000000000001, 0.0, 0.0, 0.0, 0.0, 0.0, 0.0, 0.0, 0.0, 1.0, 1.0, 1.0, 1.0, 1.0, 0.0, 0.0, 0.0, 0.0, 1.0, 1.0, 1.0, 1.0, 1.0, 1.0, 1.0, 0.0, 1.0, 1.0, 1.0, 1.0, 1.0, 1.0, 0.0375, 1.0, 1.0, 1.0, 1.0, 1.0, 0.0, 0.0, 0.0, 0.0, 1.0, 1.0, 1.0, 1.0, 1.0, 1.0, 1.0, 0.0, 1.0, 1.0, 1.0, 1.0, 1.0, 1.0, 0.0, 1.0, 1.0, 1.0, 1.0, 1.0, 0.0, 0.0, 0.0, 0.0, 1.0, 1.0, 1.0, 1.0, 1.0, 1.0, 1.0, 1.0, 0.0, 0.0, 0.4395, 0.0, 0.0, 0.0, 0.001, 1.0, 0.0, 0.0, 0.0, 0.0, 0.0, 0.0, 0.0, 0.0, 1.0, 1.0, 1.0, 0.0, 1.0, 0.0, 0.0, 1.0, 0.0, 0.0, 1.0, 1.0, 1.0, 0.0, 0.0, 0.0, 0.0, 0.0, 0.0, 0.0, 0.0, 0.0, 0.0, 0.0, 1.0, 1.0, 1.0, 1.0, 0.0, 0.0, 0.0, 0.0, 0.0, 0.0, 0.0, 0.0, 0.0, 1.0, 0.0, 0.0, 1.0, 1.0, 1.0, 1.0, 0.0, 0.4945, 0.0, 0.0, 1.0, 1.0, 1.0, 1.0, 0.0, 0.0, 1.0, 1.0, 1.0, 1.0, 1.0, 1.0, 0.0, 0.0, 0.0, 0.0, 1.0, 1.0, 1.0, 1.0, 1.0, 0.704, 0.296, 0.0, 1.0, 1.0, 1.0, 1.0, 0.0, 0.0, 1.0, 1.0, 1.0, 1.0, 1.0, 1.0, 0.0, 0.0, 0.0, 0.0, 0.006, 1.0, 0.006, 0.708, 0.298, 1.0, 0.298, 1.0, 1.0, 1.0, 1.0, 1.0, 0.0, 0.0, 0.0, 0.0, 1.0, 0.0, 1.0, 1.0, 1.0, 0.0, 0.0, 1.0, 0.0, 1.0, 1.0, 1.0, 0.0, 0.0, 0.0, 0.0, 1.0, 0.224, 1.0, 1.0, 0.776, 0.0, 0.224, 1.0, 1.0, 1.0, 1.0, 1.0, 0.0, 0.0, 0.0, 0.0, 1.0, 1.0, 0.0, 1.0, 1.0, 1.0, 0.0, 1.0, 1.0, 1.0, 1.0, 1.0, 0.0, 0.0, 0.0, 0.0, 1.0, 1.0, 1.0, 1.0, 1.0, 1.0, 1.0, 0.0, 1.0, 1.0, 1.0, 1.0, 0.0, 0.0, 0.0, 0.0, 0.0, 0.0, 0.0, 0.0, 0.0, 0.0, 0.0, 0.0, 1.0, 0.4865, 1.0, 1.0, 1.0, 0.0075, 0.4865, 1.0, 0.0225, 0.0, 0.0, 0.9775, 0.0, 0.0, 0.0, 0.0]",-419.18595103414617,844.9172517286268,-482.430437669722,964.860875339444,0.5138983422688457,-3.0141612900514945,-5.545177444479562,8.107764121782825,11.090354888959125,0.3189290193554026,-4.156924961980295,-16.635532333438686,11.491903754308535,33.27106466687737,0.5787520451143159,"[1.0, 1.0, 1.0, 1.0, 1.0, 0.0, 1.0, 0.0, 1.0, 1.0, 1.0, 1.0, 1.0, 1.0, 1.0, 0.0, 0.0, 0.0, 0.0, 0.0, 0.0, 0.0, 0.0, 0.0, 1.0, 1.0, 1.0, 1.0, 0.0, 0.0, 1.0, 0.0, 0.0, 0.0, 0.0, 0.0, 0.0, 1.0, 0.0, 0.0, 0.0, 0.0, 0.0, 0.0, 0.0, 0.0, 0.0, 0.0, 1.0, 1.0, 1.0, 1.0, 0.0, 0.0, 0.0, 0.0, 1.0, 1.0, 1.0, 1.0, 0.0, 0.0, 0.0, 0.0, 0.0, 0.0, 0.0, 0.0, 0.0, 1.0, 1.0, 0.0, 1.0, 1.0, 1.0, 1.0, 0.0, 0.0, 0.0, 0.0, 1.0, 1.0, 1.0, 1.0, 0.0, 0.0, 0.0, 0.0, 0.0, 0.0, 0.0, 0.0, 0.0, 0.0, 0.0, 0.0, 1.0, 1.0, 1.0, 1.0, 1.0, 1.0, 1.0, 0.0, 1.0, 1.0, 1.0, 1.0, 1.0, 0.0, 1.0, 0.0, 0.0, 1.0, 0.0, 0.0, 1.0, 1.0, 1.0, 0.0, 1.0, 1.0, 0.0, 1.0, 1.0, 0.0, 0.0, 0.0, 1.0, 1.0, 1.0, 0.0, 1.0, 1.0, 1.0, 1.0, 1.0, 1.0, 1.0, 1.0, 0.0, 0.0, 0.0, 0.0, 1.0, 1.0, 1.0, 0.0, 0.0, 0.0, 1.0, 0.0, 0.0, 0.0, 1.0, 0.0, 0.0, 0.0, 0.0, 0.0, 1.0, 1.0, 1.0, 0.0, 0.0, 0.0, 1.0, 0.0, 0.0, 0.0, 0.0, 1.0, 0.0, 0.0, 0.0, 0.0, 0.0, 0.0, 0.0, 1.0, 0.0, 0.0, 0.0, 0.0, 1.0, 1.0, 1.0, 1.0, 0.0, 0.0, 0.0, 0.0, 1.0, 1.0, 1.0, 0.0, 0.0, 0.0, 1.0, 0.0, 1.0, 1.0, 1.0, 1.0, 0.0, 0.0, 0.0, 0.0, 1.0, 1.0, 1.0, 1.0, 0.0, 0.0, 0.0, 0.0, 1.0, 1.0, 1.0, 1.0, 1.0, 1.0, 1.0, 0.0, 0.0, 0.0, 0.0, 0.0, 1.0, 0.0, 0.0, 0.0, 1.0, 1.0, 1.0, 1.0, 1.0, 1.0, 1.0, 1.0, 1.0, 1.0, 1.0, 1.0, 1.0, 1.0, 1.0, 0.0, 0.0, 0.0, 0.0, 0.0, 0.0, 0.0, 0.0, 0.0, 0.0, 1.0, 0.0, 1.0, 0.0, 1.0, 0.0, 1.0, 0.0, 0.0, 0.0, 1.0, 0.0, 0.0, 0.0, 0.0, 1.0, 1.0, 1.0, 0.0, 0.0, 0.0, 1.0, 0.0, 0.0, 0.0, 1.0, 0.0, 0.0, 0.0, 0.0, 0.0, 0.0, 1.0, 1.0, 1.0, 0.0, 0.0, 0.0, 0.0, 1.0, 1.0, 1.0, 0.0, 1.0, 1.0, 1.0, 1.0, 0.0, 0.0, 1.0, 0.0, 0.0, 0.0, 0.0, 0.0, 1.0, 1.0, 1.0, 1.0, 1.0, 1.0, 1.0, 0.0, 1.0, 1.0, 1.0, 1.0, 0.0, 0.0, 0.0, 0.0, 1.0, 1.0, 1.0, 1.0, 0.0, 0.0, 0.0, 0.0, 0.0, 1.0, 0.0, 0.0, 0.0, 0.0, 0.0, 0.0, 0.0, 0.0, 0.0, 0.0, 0.0, 0.0, 0.0, 0.0, 0.0, 0.0, 0.0, 0.0, 0.0, 0.0, 0.0, 0.0, 1.0, 1.0, 0.0, 1.0, 1.0, 0.0, 1.0, 0.0, 1.0, 1.0, 1.0, 1.0, 1.0, 0.0, 1.0, 1.0, 0.0, 0.0, 0.0, 0.0, 0.0, 1.0, 1.0, 0.0, 1.0, 0.0, 0.0, 1.0, 0.0, 0.0, 0.0, 0.0, 1.0, 1.0, 1.0, 0.0, 0.0, 0.0, 1.0, 0.0, 1.0, 1.0, 1.0, 0.0, 0.0, 0.0, 0.0, 0.0, 1.0, 1.0, 1.0, 1.0, 1.0, 1.0, 1.0, 0.0, 0.0, 0.0, 0.0, 0.0, 0.0, 0.0, 0.0, 0.0, 1.0, 0.0, 1.0, 0.0, 0.0, 0.0, 0.0, 0.0, 1.0, 1.0, 1.0, 1.0, 1.0, 1.0, 1.0, 0.0, 1.0, 1.0, 1.0, 1.0, 1.0, 1.0, 0.0, 1.0, 1.0, 1.0, 1.0, 1.0, 0.0, 0.0, 0.0, 0.0, 1.0, 1.0, 1.0, 1.0, 1.0, 1.0, 1.0, 0.0, 0.0, 1.0, 1.0, 1.0, 0.0, 0.0, 0.0, 0.0, 1.0, 1.0, 1.0, 1.0, 0.0, 0.0, 0.0, 0.0, 1.0, 0.0, 1.0, 0.0, 0.0, 0.0, 0.0, 0.0, 1.0, 1.0, 1.0, 1.0, 1.0, 0.0, 1.0, 0.0, 1.0, 1.0, 1.0, 0.0, 1.0, 1.0, 0.0, 1.0, 1.0, 1.0, 1.0, 1.0, 0.0, 0.0, 0.0, 0.0, 0.0, 0.0, 0.0, 0.0, 0.0, 0.0, 0.0, 0.0, 1.0, 1.0, 1.0, 1.0, 0.0, 0.0, 0.0, 0.0, 0.0, 0.0, 0.0, 0.0, 0.0, 0.0, 0.0, 0.0, 0.0, 0.0, 0.0, 0.0, 0.0, 0.0, 0.0, 0.0, 1.0, 1.0, 0.0, 0.0, 1.0, 1.0, 1.0, 1.0, 1.0, 1.0, 1.0, 1.0, 1.0, 1.0, 1.0, 1.0, 1.0, 1.0, 1.0, 1.0, 1.0, 0.0, 1.0, 1.0, 0.0, 1.0, 0.0, 1.0, 0.0, 1.0, 0.0, 0.0, 1.0, 1.0, 1.0, 1.0, 0.0, 0.0, 1.0, 0.0, 1.0, 1.0, 1.0, 1.0, 0.0, 0.0, 0.0, 0.0, 0.0, 0.0, 0.0, 1.0, 0.0, 0.0, 0.0, 0.0, 1.0, 1.0, 1.0, 1.0, 0.0, 0.0, 0.0, 0.0, 0.0, 1.0, 1.0, 1.0, 0.0, 1.0, 1.0, 0.0, 1.0, 1.0, 1.0, 1.0, 0.0, 0.0, 0.0, 0.0, 1.0, 0.0, 1.0, 1.0, 1.0, 0.0, 0.0, 1.0, 1.0, 1.0, 1.0, 1.0, 1.0, 1.0, 1.0, 0.0, 0.0, 1.0, 1.0, 1.0, 1.0, 1.0, 0.0, 0.0, 1.0, 1.0, 1.0, 1.0, 0.0, 0.0, 0.0, 0.0, 1.0, 1.0, 1.0, 0.0, 0.0, 0.0, 1.0, 0.0, 1.0, 1.0, 1.0, 1.0, 0.0, 0.0, 0.0, 0.0, 0.0, 0.0, 0.0, 0.0, 0.0, 0.0, 0.0, 0.0, 0.0, 0.0, 1.0, 1.0, 0.0, 0.0, 0.0, 0.0, 1.0, 1.0, 1.0, 1.0, 1.0, 0.0, 0.0, 1.0]",-295.2442605392121,597.0338707387587,-482.430437669722,964.860875339444,1.1270131020469911,-14.48729403601839,32.15264190238473,1.2846122460949685,-433.45128860920846,873.4479268787513,True,False,True,True,True,0.7083333333333334,0.5,0.75,0.625,0.5833333333333334,0.125,0.7083333333333334,0.5,0.7083333333333334,0.5,0.625,0.25,"Z.exists(lambda x1: Z.less(x1,2,'size'),X)","Z.atmost(lambda x1: Z.equal(x1,'blue','colour'),1,X)","Z.forall(lambda x1: Z.not_operator(Z.equal(x1,'red','colour')),X)","Z.atleast(lambda x1: Z.less(x1,1,'size'),1,X)",0.5,0.5,0.125,0.5,0.5,0.7083333333333334,0.6982758620689655,0.6867816091954023,0.6954022988505747,0.6925287356321839,5.241379310344827,0,0,0,0,0,0
12,19,29,OWxuM,QfKnfyfq6JquRFv-AAAn,Iota,one is blue,"[True, True, True, True, True, True, True, False]","[True, True, True, True, True, True, True, False]",0.625,0.625,There must be a blue cone.,[['x1']],"Z.exists(lambda x1: Z.equal(x1,'blue','colour'),X)",There must be at least one blue cone.,"[{'ids': [0, 1, 2], 'colours': ['blue', 'green', 'red'], 'sizes': [2, 1, 3], 'xpos': [2.280883502768257, 6.769544469766659, 3.372663475019068], 'ypos': [4.110743125355593, 4.111666666666668, 3.6985054728144413], 'rotations': [3.1392835971806687, 3.1415926535897927, 2.1690466054092683], 'orientations': ['upright', 'upright', 'strange'], 'contact': [[0, 2], [1], [2, 0]], 'grounded': ['yes', 'yes', 'yes'], 'follow_rule': True}, {'ids': [0], 'colours': ['green'], 'sizes': [1], 'xpos': [3.9193075509916326], 'ypos': [4.10788575598413], 'rotations': [3.1427422331598187], 'orientations': ['upright'], 'contact': [[0]], 'grounded': ['yes'], 'follow_rule': False}, {'ids': [0], 'colours': ['blue'], 'sizes': [2], 'xpos': [1.8304716029069321], 'ypos': [4.106920310457488], 'rotations': [3.1412157519421773], 'orientations': ['upright'], 'contact': [[0]], 'grounded': ['yes'], 'follow_rule': True}, {'ids': [0], 'colours': ['blue'], 'sizes': [2], 'xpos': [6.371710974105876], 'ypos': [3.731578327602271], 'rotations': [5.049241212595642], 'orientations': ['rhs'], 'contact': [[0]], 'grounded': ['yes'], 'follow_rule': True}, {'ids': [0], 'colours': ['blue'], 'sizes': [1], 'xpos': [4.643592701199374], 'ypos': [3.828656576173834], 'rotations': [1.2144667768376773], 'orientations': ['lhs'], 'contact': [[0]], 'grounded': ['yes'], 'follow_rule': True}, {'ids': [0, 1], 'colours': ['blue', 'green'], 'sizes': [1, 3], 'xpos': [0.3828861065697556, 6.425577354702465], 'ypos': [4.107121237411917, 3.6336300646005055], 'rotations': [3.1406710461614185, 1.2440106190822702], 'orientations': ['upright', 'lhs'], 'contact': [[0], [1]], 'grounded': ['yes', 'yes'], 'follow_rule': True}, {'ids': [0, 1], 'colours': ['red', 'blue'], 'sizes': [3, 1], 'xpos': [4.6798999544187465, 2.1787854867467615], 'ypos': [4.108092662484984, 4.107605390909333], 'rotations': [3.1430542743921164, 3.1387885873189907], 'orientations': ['upright', 'upright'], 'contact': [[0], [1]], 'grounded': ['yes', 'yes'], 'follow_rule': True}, {'ids': [0, 1], 'colours': ['blue', 'red'], 'sizes': [3, 1], 'xpos': [4.66311760573744, 2.4354422439685988], 'ypos': [3.6343901763421065, 4.107877548718223], 'rotations': [5.038305373301382, 3.145007973824753], 'orientations': ['rhs', 'upright'], 'contact': [[0], [1]], 'grounded': ['yes', 'yes'], 'follow_rule': True}, {'ids': [0, 1, 2, 3, 4], 'colours': ['red', 'green', 'red', 'blue', 'green'], 'sizes': [3, 1, 1, 2, 3], 'xpos': [5.12691938557365, 5.11503131679493, 4.23727953775697, 6.19519140108846, 3.42148978150856], 'ypos': [4.16166666682932, 3.21450769513128, 4.15833270210236, 3.780270212316, 4.15777826181353], 'rotations': [3.14159265356107, 3.17396503839037, 3.13596899439433, 5.0484168782327, 3.14163950292034], 'contact': [[0, 1], [1, 0], 2, 3, 4], 'grounded': ['yes', 'no', 'yes', 'yes', 'yes']}, {'ids': [0, 1, 2, 3], 'colours': ['green', 'green', 'red', 'blue'], 'sizes': [1, 3, 1, 2], 'xpos': [1.95640316882102, 3.82119006463636, 5.49466900932729, 4.94512429018313], 'ypos': [4.1575463669092, 3.68793264237984, 3.88075060909874, 3.82370041726639], 'rotations': [3.14042586215534, 5.03796059957422, 5.07099533912214, 4.13396592888911], 'contact': [0, 1, [2, 3], [3, 2]], 'grounded': ['yes', 'yes', 'yes', 'yes']}, {'ids': [0, 1, 2, 3, 4], 'colours': ['red', 'blue', 'red', 'green', 'green'], 'sizes': [3, 1, 2, 2, 1], 'xpos': [6.01871423256697, 2.01992789098242, 4.13597794449854, 0.774406281828649, 4.80555851531279], 'ypos': [3.68393205570556, 4.15898574652681, 4.15794140291817, 3.77979942907755, 3.98725786368743], 'rotations': [1.24414891831718, 3.14156263599238, 3.14292046357041, 5.04964608195148, 2.53998237313469], 'contact': [[0, 4], 1, 2, 3, [4, 0]], 'grounded': ['yes', 'yes', 'yes', 'yes', 'yes']}, {'ids': [0, 1], 'colours': ['blue', 'green'], 'sizes': [1, 2], 'xpos': [1.67047327443096, 4.46813203908946], 'ypos': [4.15694705663294, 4.15819949787589], 'rotations': [3.14214596161258, 3.14225319301416], 'contact': [{'V1': 0, 'V2': 1}], 'grounded': ['yes', 'yes']}, {'ids': [0, 1, 2, 3, 4], 'colours': ['blue', 'blue', 'red', 'blue', 'red'], 'sizes': [1, 1, 3, 2, 3], 'xpos': [2.9749447690173, 1.59038636414738, 1.89943344290003, 0.742265142690783, 5.82945571924824], 'ypos': [4.14706432996679, 4.15682792868204, 3.68436535365509, 3.87793736870491, 4.15825788448378], 'rotations': [3.19018443917557, 3.14127258207092, 4.38185242264156, 2.36758036264438, 3.14223131257379], 'contact': [[0, 2], 1, [2, 0], 3, 4], 'grounded': ['yes', 'yes', 'yes', 'yes', 'yes']}, {'ids': [0, 1, 2, 3, 4], 'colours': ['blue', 'blue', 'red', 'red', 'blue'], 'sizes': [1, 1, 2, 3, 2], 'xpos': [3.86710801315826, 0.780465760873674, 4.72248955423569, 3.06295468416754, 7.04671297081929], 'ypos': [4.1448491118357, 4.15796013032216, 4.15793209798963, 3.75002575259372, 4.15761808534214], 'rotations': [3.19364501547634, 3.14186836777695, 3.13970081999877, 4.09252896570911, 3.14406240189392], 'contact': [[0, 3], 1, 2, [3, 0], 4], 'grounded': ['yes', 'yes', 'yes', 'yes', 'yes']}, {'ids': [0, 1, 2, 3], 'colours': ['blue', 'green', 'blue', 'red'], 'sizes': [1, 2, 1, 3], 'xpos': [0.414928997162714, 1.7723984589512, 5.75738502777065, 6.08770777718876], 'ypos': [4.15743978227501, 4.15711897749998, 3.88075060909862, 3.89628768750355], 'rotations': [3.14447951863788, 3.14010156096646, 5.07099533912207, 3.69409526653564], 'contact': [0, 1, [2, 3], [3, 2]], 'grounded': ['yes', 'yes', 'yes', 'yes']}, {'ids': [0, 1, 2, 3, 4], 'colours': ['green', 'red', 'green', 'green', 'red'], 'sizes': [2, 2, 3, 3, 2], 'xpos': [1.30426887924571, 1.8868098606311, 6.83333126813548, 2.79429839111229, 3.83407517131883], 'ypos': [3.78000391300947, 4.15881602818333, 3.73307814239637, 4.15736329550291, 4.15804254736289], 'rotations': [1.23253748876037, 3.14240000646429, 4.1567939442383, 3.14166932108615, 3.1439673324419], 'contact': [0, [1, 3], 2, [3, 1], 4], 'grounded': ['yes', 'yes', 'yes', 'yes', 'yes']}]","[False, False, False, True, False, False, False, False]","[False, False, False, True, False, False, False, True]","[True, True, True, False, True, True, True, False]","[False, False, False, False, False, False, False, False]","[True, True, True, True, False, False, False, False]","[True, True, True, True, False, False, False, True]","[False, False, False, False, True, True, True, False]","[False, False, False, False, False, False, False, False]",0.0,-0.375,0.0,-0.375,0.25,0.625,0.25,0.625,0.375,0.0,0.375,0.0,0.75,0.375,0.01,0.0,-5.545177444479562,2.0794415416798357,11.090354888959125,1.1562060956257383,-14.698101050100014,-16.635532333438686,32.57425593054798,33.27106466687737,1.0502311195665048,"[1.0, 1.0, 1.0, 1.0, 1.0, 0.0, 1.0, 0.0, 1.0, 1.0, 1.0, 1.0, 1.0, 1.0, 1.0, 0.0135, 0.9530000000000001, 0.092, 0.5895, 0.5895, 1.0, 0.0, 0.0, 0.861, 1.0, 1.0, 1.0, 0.2925, 0.999, 0.999, 1.0, 0.7155, 0.0, 0.0, 1.0, 0.0, 0.0, 0.0, 1.0, 0.0, 0.0, 0.0, 1.0, 0.0, 0.0, 0.0, 1.0, 0.0, 1.0, 1.0, 1.0, 1.0, 0.0, 0.0, 0.0, 0.0, 1.0, 1.0, 1.0, 1.0, 0.935, 0.935, 0.935, 0.935, 1.0, 1.0, 1.0, 1.0, 0.0, 1.0, 0.0, 0.0, 0.0, 1.0, 1.0, 1.0, 1.0, 1.0, 1.0, 1.0, 1.0, 1.0, 1.0, 1.0, 0.0935, 0.0935, 0.0935, 0.0935, 1.0, 1.0, 1.0, 1.0, 1.0, 1.0, 1.0, 1.0, 1.0, 1.0, 1.0, 1.0, 1.0, 1.0, 1.0, 0.013000000000000001, 1.0, 1.0, 0.998, 1.0, 1.0, 0.002, 0.998, 0.002, 1.0, 1.0, 1.0, 1.0, 1.0, 1.0, 1.0, 0.0, 0.973, 1.0, 0.9530000000000001, 1.0, 0.8925000000000001, 0.9195, 0.17400000000000002, 0.201, 1.0, 1.0, 1.0, 1.0, 0.0, 0.0, 0.0, 0.0, 1.0, 1.0, 1.0, 0.24, 1.0, 1.0, 0.968, 1.0, 0.653, 0.653, 0.653, 1.0, 0.2535, 0.2535, 0.7035, 0.10300000000000001, 1.0, 1.0, 1.0, 1.0, 0.0, 1.0, 0.0, 0.0, 1.0, 1.0, 1.0, 0.012, 0.988, 0.988, 1.0, 1.0, 1.0, 0.0, 1.0, 1.0, 1.0, 0.0, 0.0, 1.0, 0.0, 0.0, 0.0, 1.0, 1.0, 0.0, 0.0, 0.0, 1.0, 1.0, 1.0, 1.0, 0.0, 0.0, 0.0, 0.0, 1.0, 1.0, 1.0, 1.0, 0.0, 0.0, 0.0, 0.0, 1.0, 1.0, 1.0, 1.0, 1.0, 1.0, 0.841, 1.0, 1.0, 1.0, 1.0, 1.0, 0.0, 0.0, 0.0, 0.0, 1.0, 1.0, 1.0, 1.0, 1.0, 1.0, 1.0, 0.0, 0.197, 0.0, 0.85, 0.653, 0.803, 0.0, 0.0, 0.0, 0.8525, 0.847, 0.9935, 0.847, 0.28300000000000003, 0.4305, 0.426, 0.426, 1.0, 1.0, 1.0, 1.0, 1.0, 1.0, 1.0, 0.0, 0.798, 1.0, 0.7995, 0.7995, 0.0275, 0.029, 0.2265, 0.1975, 1.0, 1.0, 1.0, 1.0, 0.0, 0.0, 0.0, 0.0, 0.862, 0.854, 0.8595, 0.8955000000000001, 0.045, 0.0005, 0.8695, 0.8505, 1.0, 1.0, 1.0, 0.022, 1.0, 1.0, 1.0, 0.978, 0.28400000000000003, 0.0145, 0.1885, 0.0275, 0.2755, 0.0, 0.0015, 0.013000000000000001, 0.0, 0.0, 0.0, 1.0, 1.0, 0.0, 0.0, 0.0, 1.0, 1.0, 1.0, 1.0, 0.0, 0.0, 0.0, 0.0, 1.0, 1.0, 1.0, 1.0, 1.0, 0.0, 1.0, 0.0, 1.0, 1.0, 1.0, 1.0, 1.0, 1.0, 1.0, 0.0, 1.0, 1.0, 1.0, 0.728, 0.8265, 0.5545, 0.5545, 0.8265, 1.0, 1.0, 1.0, 1.0, 1.0, 1.0, 1.0, 1.0, 1.0, 1.0, 1.0, 0.8715, 0.9365, 0.8695, 0.8695, 0.9365, 0.229, 0.229, 0.229, 0.229, 0.801, 0.03, 0.03, 0.801, 0.0, 0.0, 0.0, 1.0, 1.0, 0.0, 0.0, 0.0, 0.108, 0.114, 0.2315, 0.108, 0.114, 0.07050000000000001, 0.0495, 0.006, 1.0, 1.0, 1.0, 1.0, 0.0, 0.0, 0.0, 0.0, 0.8955000000000001, 0.895, 0.0115, 0.0, 0.883, 0.0, 0.0, 0.0, 1.0, 1.0, 1.0, 1.0, 0.0, 0.0, 0.0, 0.0, 0.902, 0.902, 0.902, 0.678, 0.88, 0.88, 0.902, 0.807, 1.0, 1.0, 1.0, 1.0, 0.0, 0.0, 0.0, 0.0, 1.0, 1.0, 1.0, 1.0, 1.0, 1.0, 1.0, 0.0, 1.0, 1.0, 1.0, 1.0, 0.0, 0.0, 0.0, 0.0, 1.0, 1.0, 1.0, 1.0, 0.008, 0.008, 0.008, 0.008, 1.0, 1.0, 1.0, 1.0, 1.0, 1.0, 1.0, 0.0, 1.0, 1.0, 1.0, 1.0, 1.0, 1.0, 0.6980000000000001, 1.0, 1.0, 1.0, 1.0, 1.0, 0.0, 0.0, 0.0, 0.0, 1.0, 1.0, 1.0, 1.0, 1.0, 1.0, 1.0, 0.0, 0.9530000000000001, 0.9530000000000001, 0.9530000000000001, 1.0, 1.0, 1.0, 0.641, 0.9530000000000001, 1.0, 1.0, 1.0, 1.0, 0.0, 0.0, 0.0, 0.0, 1.0, 1.0, 1.0, 1.0, 1.0, 1.0, 1.0, 1.0, 1.0, 1.0, 1.0, 1.0, 0.0, 0.0, 0.0, 0.0, 1.0, 1.0, 1.0, 1.0, 1.0, 1.0, 1.0, 1.0, 1.0, 1.0, 1.0, 1.0, 0.021500000000000002, 0.021500000000000002, 0.021500000000000002, 0.021500000000000002, 0.021500000000000002, 0.003, 0.02, 0.0095, 0.0095, 0.964, 0.9555, 0.0095, 1.0, 1.0, 1.0, 1.0, 1.0, 1.0, 1.0, 1.0, 1.0, 1.0, 1.0, 1.0, 0.0, 0.0, 0.0, 0.0, 1.0, 1.0, 1.0, 1.0, 0.0, 0.0, 1.0, 1.0, 1.0, 0.873, 0.198, 0.198, 1.0, 1.0, 0.6905, 1.0, 1.0, 1.0, 1.0, 1.0, 1.0, 1.0, 1.0, 0.0, 1.0, 0.999, 0.999, 1.0, 0.0025, 0.0025, 0.0025, 0.0025, 1.0, 1.0, 1.0, 1.0, 1.0, 0.686, 0.314, 0.0, 1.0, 1.0, 1.0, 1.0, 0.524, 0.524, 1.0, 0.47600000000000003, 1.0, 1.0, 1.0, 1.0, 0.008, 0.008, 0.008, 0.008, 0.9935, 0.9935, 0.9775, 0.9935, 0.9935, 0.0225, 0.988, 0.017, 1.0, 1.0, 1.0, 1.0, 0.0725, 0.0725, 0.0725, 0.0725, 0.041, 1.0, 1.0, 0.9590000000000001, 0.041, 0.9590000000000001, 1.0, 0.0, 0.7435, 0.9835, 0.7425, 0.986, 0.7435, 0.7435, 0.256, 0.987, 1.0, 0.005, 1.0, 1.0, 1.0, 0.005, 0.005, 1.0, 1.0, 1.0, 1.0, 1.0, 1.0, 1.0, 1.0, 0.0, 1.0, 1.0, 1.0, 1.0, 0.0, 0.0, 0.0, 0.0, 1.0, 1.0, 1.0, 1.0, 0.0, 0.0, 0.0, 0.0, 0.9705, 0.9705, 0.9145, 1.0, 0.8015, 0.8015, 0.9705, 0.7865, 1.0, 1.0, 1.0, 1.0, 0.0, 0.0, 0.0, 0.0, 1.0, 1.0, 1.0, 1.0, 0.0, 0.0, 0.0, 0.0, 1.0, 1.0, 1.0, 1.0, 0.0, 0.0, 0.0, 0.0, 1.0, 1.0, 1.0, 1.0, 1.0, 1.0, 1.0, 1.0]",-418.5875071169283,843.720363894191,-482.430437669722,964.860875339444,0.01,0.0,2.0794415416798357,1.4426943157684868,-15.276340039075832,33.73073390849961,0.6334250289943713,"[1.0, 1.0, 1.0, 1.0, 1.0, 0.0, 1.0, 0.0, 1.0, 1.0, 1.0, 1.0, 1.0, 1.0, 1.0, 0.0, 0.0, 0.0, 0.0, 0.0, 0.0, 0.0, 0.0, 0.0, 1.0, 1.0, 1.0, 0.0, 0.0, 0.0, 1.0, 0.0, 0.0, 0.0, 1.0, 1.0, 0.0, 1.0, 1.0, 1.0, 1.0, 1.0, 1.0, 1.0, 0.0, 0.0, 1.0, 1.0, 1.0, 1.0, 1.0, 1.0, 0.0, 0.0, 0.0, 0.0, 1.0, 1.0, 1.0, 1.0, 0.0, 0.0, 0.0, 0.0, 0.0, 0.0, 0.0, 0.0, 0.0, 1.0, 1.0, 0.0, 1.0, 1.0, 1.0, 1.0, 0.0, 0.0, 0.0, 0.0, 1.0, 1.0, 1.0, 1.0, 0.0, 0.0, 0.0, 0.0, 1.0, 1.0, 1.0, 1.0, 1.0, 1.0, 0.0, 1.0, 1.0, 1.0, 1.0, 1.0, 1.0, 1.0, 1.0, 0.0, 1.0, 1.0, 1.0, 1.0, 1.0, 0.0, 1.0, 0.0, 0.0, 1.0, 0.0, 0.0, 1.0, 1.0, 1.0, 0.0, 1.0, 1.0, 0.0, 1.0, 1.0, 0.0, 0.0, 0.0, 1.0, 1.0, 1.0, 0.0, 1.0, 1.0, 1.0, 1.0, 1.0, 1.0, 1.0, 1.0, 0.0, 0.0, 0.0, 0.0, 1.0, 1.0, 1.0, 0.0, 0.0, 0.0, 1.0, 0.0, 0.0, 0.0, 1.0, 0.0, 0.0, 0.0, 0.0, 0.0, 1.0, 1.0, 1.0, 0.0, 0.0, 0.0, 1.0, 0.0, 0.0, 0.0, 0.0, 1.0, 0.0, 0.0, 0.0, 0.0, 0.0, 0.0, 0.0, 1.0, 0.0, 0.0, 0.0, 0.0, 1.0, 1.0, 1.0, 1.0, 0.0, 0.0, 0.0, 0.0, 1.0, 1.0, 1.0, 0.0, 0.0, 0.0, 1.0, 0.0, 1.0, 1.0, 1.0, 1.0, 0.0, 0.0, 0.0, 0.0, 1.0, 1.0, 1.0, 1.0, 0.0, 0.0, 0.0, 0.0, 1.0, 1.0, 1.0, 1.0, 1.0, 1.0, 1.0, 0.0, 0.0, 0.0, 0.0, 0.0, 1.0, 0.0, 0.0, 0.0, 1.0, 1.0, 1.0, 1.0, 1.0, 1.0, 1.0, 1.0, 1.0, 1.0, 1.0, 1.0, 1.0, 1.0, 1.0, 0.0, 0.0, 0.0, 0.0, 0.0, 0.0, 0.0, 0.0, 0.0, 0.0, 1.0, 0.0, 1.0, 0.0, 1.0, 0.0, 1.0, 0.0, 0.0, 0.0, 1.0, 0.0, 0.0, 0.0, 0.0, 1.0, 1.0, 1.0, 0.0, 0.0, 0.0, 1.0, 0.0, 1.0, 1.0, 1.0, 1.0, 1.0, 0.0, 1.0, 0.0, 0.0, 1.0, 1.0, 1.0, 0.0, 0.0, 0.0, 0.0, 1.0, 1.0, 1.0, 0.0, 1.0, 1.0, 1.0, 1.0, 0.0, 1.0, 1.0, 1.0, 0.0, 0.0, 0.0, 0.0, 1.0, 1.0, 1.0, 1.0, 1.0, 1.0, 1.0, 0.0, 1.0, 1.0, 1.0, 1.0, 0.0, 0.0, 0.0, 0.0, 1.0, 1.0, 1.0, 1.0, 0.0, 0.0, 0.0, 0.0, 0.0, 1.0, 0.0, 0.0, 0.0, 0.0, 0.0, 0.0, 1.0, 1.0, 1.0, 1.0, 1.0, 0.0, 1.0, 1.0, 0.0, 0.0, 0.0, 0.0, 0.0, 1.0, 1.0, 0.0, 1.0, 1.0, 1.0, 1.0, 1.0, 0.0, 1.0, 0.0, 1.0, 1.0, 1.0, 1.0, 1.0, 0.0, 1.0, 1.0, 0.0, 0.0, 0.0, 0.0, 0.0, 1.0, 1.0, 0.0, 1.0, 0.0, 0.0, 1.0, 0.0, 0.0, 0.0, 0.0, 1.0, 1.0, 1.0, 0.0, 0.0, 0.0, 1.0, 0.0, 1.0, 1.0, 1.0, 0.0, 0.0, 0.0, 0.0, 0.0, 1.0, 1.0, 1.0, 1.0, 1.0, 1.0, 1.0, 0.0, 0.0, 0.0, 0.0, 0.0, 0.0, 0.0, 0.0, 0.0, 1.0, 0.0, 1.0, 0.0, 0.0, 0.0, 0.0, 0.0, 1.0, 1.0, 1.0, 1.0, 1.0, 1.0, 1.0, 0.0, 1.0, 1.0, 1.0, 1.0, 1.0, 1.0, 0.0, 1.0, 1.0, 1.0, 1.0, 1.0, 0.0, 0.0, 0.0, 0.0, 1.0, 1.0, 1.0, 1.0, 1.0, 1.0, 1.0, 0.0, 0.0, 1.0, 1.0, 1.0, 0.0, 0.0, 0.0, 0.0, 1.0, 1.0, 1.0, 1.0, 0.0, 0.0, 0.0, 0.0, 1.0, 0.0, 1.0, 0.0, 0.0, 0.0, 0.0, 0.0, 1.0, 1.0, 1.0, 1.0, 1.0, 0.0, 1.0, 0.0, 1.0, 1.0, 1.0, 0.0, 1.0, 1.0, 0.0, 1.0, 1.0, 1.0, 1.0, 1.0, 0.0, 0.0, 0.0, 0.0, 0.0, 0.0, 0.0, 0.0, 0.0, 1.0, 0.0, 0.0, 1.0, 1.0, 1.0, 1.0, 0.0, 0.0, 0.0, 0.0, 0.0, 0.0, 0.0, 0.0, 0.0, 0.0, 0.0, 0.0, 1.0, 0.0, 1.0, 0.0, 0.0, 0.0, 0.0, 0.0, 1.0, 1.0, 0.0, 0.0, 1.0, 1.0, 1.0, 1.0, 1.0, 1.0, 1.0, 1.0, 1.0, 1.0, 1.0, 1.0, 1.0, 1.0, 1.0, 1.0, 1.0, 0.0, 1.0, 1.0, 0.0, 1.0, 0.0, 1.0, 0.0, 1.0, 0.0, 0.0, 1.0, 1.0, 1.0, 1.0, 0.0, 0.0, 1.0, 0.0, 1.0, 1.0, 1.0, 1.0, 0.0, 0.0, 0.0, 0.0, 0.0, 0.0, 0.0, 1.0, 0.0, 0.0, 0.0, 0.0, 1.0, 1.0, 1.0, 1.0, 0.0, 0.0, 0.0, 0.0, 0.0, 1.0, 1.0, 1.0, 0.0, 1.0, 1.0, 0.0, 1.0, 1.0, 1.0, 1.0, 0.0, 0.0, 0.0, 0.0, 1.0, 0.0, 1.0, 1.0, 1.0, 0.0, 0.0, 1.0, 1.0, 1.0, 1.0, 1.0, 1.0, 1.0, 1.0, 0.0, 0.0, 1.0, 1.0, 1.0, 1.0, 1.0, 0.0, 0.0, 1.0, 1.0, 1.0, 1.0, 0.0, 0.0, 0.0, 0.0, 1.0, 1.0, 1.0, 0.0, 0.0, 0.0, 1.0, 0.0, 1.0, 1.0, 1.0, 1.0, 0.0, 0.0, 0.0, 0.0, 0.0, 0.0, 0.0, 0.0, 0.0, 0.0, 0.0, 0.0, 0.0, 1.0, 0.0, 1.0, 0.0, 1.0, 1.0, 0.0, 1.0, 1.0, 1.0, 1.0, 1.0, 0.0, 0.0, 1.0]",-318.3726801373107,643.2907099349558,0.01,0.0,-5.545177444479562,2.0794415416798357,11.090354888959125,1.0,-11.518280500437347,-16.635532333438686,26.21461483122264,33.27106466687737,0.6173530694834558,"[1.0, 1.0, 1.0, 1.0, 1.0, 0.0, 1.0, 0.0, 1.0, 1.0, 1.0, 1.0, 1.0, 1.0, 1.0, 0.0, 0.0, 0.0, 0.0, 0.0, 0.0, 0.0, 0.0, 0.0, 1.0, 1.0, 1.0, 0.0, 0.0, 0.0, 1.0, 0.0, 0.0, 0.0, 1.0, 1.0, 0.0, 1.0, 1.0, 1.0, 0.0, 0.0, 0.0, 0.0, 0.0, 0.0, 0.0, 0.0, 1.0, 1.0, 1.0, 1.0, 0.0, 0.0, 0.0, 0.0, 1.0, 1.0, 1.0, 1.0, 0.0, 0.0, 0.0, 0.0, 0.0, 0.0, 0.0, 0.0, 0.0, 1.0, 1.0, 0.0, 0.0, 0.0, 0.0, 1.0, 0.0, 0.0, 0.0, 0.0, 1.0, 1.0, 1.0, 1.0, 0.0, 0.0, 0.0, 0.0, 0.0, 0.0, 0.0, 0.0, 1.0, 1.0, 0.0, 1.0, 1.0, 1.0, 1.0, 1.0, 1.0, 1.0, 1.0, 0.0, 1.0, 1.0, 1.0, 1.0, 1.0, 0.0, 1.0, 0.0, 0.0, 1.0, 0.0, 0.0, 1.0, 1.0, 1.0, 0.0, 1.0, 1.0, 0.0, 1.0, 1.0, 0.0, 0.0, 0.0, 1.0, 1.0, 1.0, 0.0, 1.0, 1.0, 1.0, 1.0, 1.0, 1.0, 1.0, 1.0, 0.0, 0.0, 0.0, 0.0, 1.0, 1.0, 1.0, 0.0, 0.0, 0.0, 1.0, 0.0, 0.0, 0.0, 1.0, 0.0, 0.0, 0.0, 0.0, 0.0, 1.0, 1.0, 1.0, 0.0, 0.0, 0.0, 1.0, 0.0, 0.0, 0.0, 0.0, 1.0, 0.0, 0.0, 0.0, 0.0, 0.0, 0.0, 0.0, 1.0, 0.0, 0.0, 0.0, 0.0, 1.0, 1.0, 1.0, 1.0, 0.0, 0.0, 0.0, 0.0, 1.0, 1.0, 1.0, 0.0, 0.0, 0.0, 1.0, 0.0, 1.0, 1.0, 1.0, 1.0, 0.0, 0.0, 0.0, 0.0, 1.0, 1.0, 1.0, 1.0, 0.0, 0.0, 0.0, 0.0, 1.0, 1.0, 1.0, 1.0, 1.0, 1.0, 1.0, 0.0, 0.0, 0.0, 0.0, 0.0, 1.0, 0.0, 0.0, 0.0, 1.0, 1.0, 1.0, 1.0, 1.0, 1.0, 1.0, 1.0, 1.0, 1.0, 1.0, 1.0, 1.0, 1.0, 1.0, 0.0, 0.0, 0.0, 0.0, 0.0, 0.0, 0.0, 0.0, 0.0, 0.0, 1.0, 0.0, 1.0, 0.0, 1.0, 0.0, 1.0, 0.0, 0.0, 0.0, 1.0, 0.0, 0.0, 0.0, 0.0, 1.0, 1.0, 1.0, 0.0, 0.0, 0.0, 1.0, 0.0, 1.0, 1.0, 1.0, 1.0, 1.0, 0.0, 1.0, 0.0, 0.0, 1.0, 1.0, 1.0, 0.0, 0.0, 0.0, 0.0, 1.0, 1.0, 1.0, 0.0, 1.0, 1.0, 1.0, 1.0, 0.0, 1.0, 1.0, 1.0, 0.0, 0.0, 0.0, 0.0, 1.0, 1.0, 1.0, 1.0, 1.0, 1.0, 1.0, 0.0, 1.0, 1.0, 1.0, 1.0, 0.0, 0.0, 0.0, 0.0, 1.0, 1.0, 1.0, 1.0, 0.0, 0.0, 0.0, 0.0, 0.0, 1.0, 0.0, 0.0, 0.0, 0.0, 0.0, 0.0, 0.0, 0.0, 0.0, 0.0, 0.0, 0.0, 0.0, 0.0, 1.0, 0.0, 1.0, 1.0, 1.0, 0.0, 0.0, 1.0, 1.0, 1.0, 1.0, 1.0, 1.0, 0.0, 1.0, 0.0, 1.0, 1.0, 1.0, 1.0, 1.0, 0.0, 1.0, 1.0, 0.0, 0.0, 0.0, 0.0, 0.0, 1.0, 1.0, 0.0, 1.0, 0.0, 0.0, 1.0, 0.0, 0.0, 0.0, 0.0, 1.0, 1.0, 1.0, 0.0, 0.0, 0.0, 1.0, 0.0, 1.0, 1.0, 1.0, 0.0, 0.0, 0.0, 0.0, 0.0, 1.0, 1.0, 1.0, 1.0, 1.0, 1.0, 1.0, 0.0, 0.0, 0.0, 0.0, 0.0, 0.0, 0.0, 0.0, 0.0, 1.0, 0.0, 1.0, 0.0, 0.0, 0.0, 0.0, 0.0, 1.0, 1.0, 1.0, 1.0, 1.0, 1.0, 1.0, 0.0, 1.0, 1.0, 1.0, 1.0, 1.0, 1.0, 0.0, 1.0, 1.0, 1.0, 1.0, 1.0, 0.0, 0.0, 0.0, 0.0, 1.0, 1.0, 1.0, 1.0, 1.0, 1.0, 1.0, 0.0, 0.0, 1.0, 1.0, 1.0, 0.0, 0.0, 0.0, 0.0, 1.0, 1.0, 1.0, 1.0, 0.0, 0.0, 0.0, 0.0, 1.0, 0.0, 1.0, 0.0, 0.0, 0.0, 0.0, 0.0, 1.0, 1.0, 1.0, 1.0, 1.0, 0.0, 1.0, 0.0, 1.0, 1.0, 1.0, 0.0, 1.0, 1.0, 0.0, 1.0, 1.0, 1.0, 1.0, 1.0, 0.0, 0.0, 0.0, 0.0, 0.0, 0.0, 0.0, 0.0, 0.0, 1.0, 0.0, 0.0, 1.0, 1.0, 1.0, 1.0, 0.0, 0.0, 0.0, 0.0, 0.0, 0.0, 0.0, 0.0, 0.0, 0.0, 0.0, 0.0, 1.0, 0.0, 1.0, 0.0, 0.0, 0.0, 0.0, 0.0, 1.0, 1.0, 0.0, 0.0, 1.0, 1.0, 1.0, 1.0, 1.0, 1.0, 1.0, 1.0, 1.0, 1.0, 1.0, 1.0, 1.0, 1.0, 1.0, 1.0, 1.0, 0.0, 1.0, 1.0, 0.0, 1.0, 0.0, 1.0, 0.0, 1.0, 0.0, 0.0, 1.0, 1.0, 1.0, 1.0, 0.0, 0.0, 1.0, 0.0, 1.0, 1.0, 1.0, 1.0, 0.0, 0.0, 0.0, 0.0, 0.0, 0.0, 0.0, 1.0, 0.0, 0.0, 0.0, 0.0, 1.0, 1.0, 1.0, 1.0, 0.0, 0.0, 0.0, 0.0, 0.0, 1.0, 1.0, 1.0, 0.0, 1.0, 1.0, 0.0, 1.0, 1.0, 1.0, 1.0, 0.0, 0.0, 0.0, 0.0, 1.0, 0.0, 1.0, 1.0, 1.0, 0.0, 0.0, 1.0, 1.0, 1.0, 1.0, 1.0, 1.0, 1.0, 1.0, 0.0, 0.0, 0.0, 1.0, 0.0, 0.0, 1.0, 0.0, 0.0, 1.0, 1.0, 1.0, 1.0, 0.0, 0.0, 0.0, 0.0, 1.0, 1.0, 1.0, 0.0, 0.0, 0.0, 1.0, 0.0, 1.0, 1.0, 1.0, 1.0, 0.0, 0.0, 0.0, 0.0, 0.0, 0.0, 0.0, 0.0, 0.0, 0.0, 0.0, 0.0, 0.0, 1.0, 0.0, 1.0, 0.0, 1.0, 1.0, 0.0, 1.0, 1.0, 1.0, 1.0, 1.0, 0.0, 0.0, 1.0]",-311.9759791000219,630.4973078603782,-482.430437669722,964.860875339444,470.7219490280652,-5.549430750279526,-5.545177444479562,13.178303042238888,11.090354888959125,1.0858173815327425,-14.409570289558612,-16.635532333438686,31.99719440946517,33.27106466687737,1.0908740239314543,"[0.0, 0.0, 1.0, 0.0, 0.0, 0.0, 0.0, 0.0, 1.0, 1.0, 1.0, 1.0, 0.877, 0.877, 0.877, 0.0, 1.0, 0.259, 1.0, 1.0, 0.8015, 0.0, 0.259, 1.0, 1.0, 1.0, 1.0, 1.0, 1.0, 1.0, 1.0, 0.0, 0.0, 0.0, 1.0, 0.0, 0.0, 0.0, 1.0, 0.0, 0.0, 0.0, 1.0, 0.0, 0.0, 0.0, 1.0, 0.0, 0.0, 0.0, 0.0, 0.0775, 0.0, 0.0, 0.1635, 0.47100000000000003, 1.0, 1.0, 1.0, 1.0, 0.0, 0.0, 0.0, 0.0, 0.0, 0.0, 0.0, 0.0, 0.0, 0.0, 0.0, 0.0, 1.0, 1.0, 1.0, 1.0, 1.0, 1.0, 1.0, 0.0, 1.0, 1.0, 1.0, 1.0, 0.0, 0.0, 0.0, 0.0, 0.0, 0.0, 0.0, 0.0, 0.0, 0.113, 0.113, 0.0, 0.0, 0.0, 0.0, 1.0, 0.0, 0.0, 0.0, 0.0, 1.0, 1.0, 1.0, 1.0, 0.0, 0.0, 0.0, 0.0, 0.9995, 1.0, 1.0, 0.663, 1.0, 1.0, 1.0, 0.353, 1.0, 1.0, 1.0, 1.0, 0.082, 0.082, 0.0, 0.0, 0.973, 1.0, 0.7655000000000001, 0.605, 0.973, 1.0, 1.0, 0.368, 0.0, 0.0, 1.0, 0.0, 1.0, 0.0, 1.0, 0.0, 1.0, 1.0, 1.0, 1.0, 0.0, 0.0, 1.0, 0.0, 1.0, 1.0, 1.0, 1.0, 0.0, 0.9465, 0.0, 0.0, 0.666, 1.0, 0.666, 0.666, 0.0, 0.0, 0.7975, 0.0, 0.0, 0.9430000000000001, 0.0, 1.0, 1.0, 0.0, 0.0, 0.0, 0.0, 1.0, 0.0, 0.0, 0.0, 0.0, 0.0, 0.0, 1.0, 1.0, 1.0, 1.0, 0.0, 0.0, 0.0, 0.0, 1.0, 1.0, 1.0, 1.0, 1.0, 1.0, 1.0, 0.0005, 1.0, 1.0, 1.0, 1.0, 1.0, 1.0, 0.0, 1.0, 1.0, 1.0, 1.0, 1.0, 0.0, 0.0, 0.0, 0.0, 1.0, 1.0, 1.0, 1.0, 1.0, 1.0, 1.0, 0.0, 1.0, 0.0, 1.0, 0.0, 0.0, 0.0, 0.0, 0.0, 0.0, 1.0, 0.0, 1.0, 0.0, 1.0, 0.0, 1.0, 1.0, 1.0, 1.0, 1.0, 1.0, 1.0, 1.0, 0.0, 1.0, 0.0, 1.0, 1.0, 1.0, 0.0, 0.0, 1.0, 1.0, 1.0, 1.0, 1.0, 1.0, 1.0, 1.0, 1.0, 0.0, 0.9580000000000001, 0.0, 0.0, 0.0, 0.0, 0.0045000000000000005, 0.0, 0.0, 0.0, 0.0, 0.0, 0.0, 0.0, 0.0, 1.0, 0.0, 0.0, 0.0005, 0.0, 0.0, 0.0, 0.0, 0.0, 0.0, 1.0, 0.0, 0.0, 0.0, 0.0, 0.0, 0.0, 1.0, 1.0, 1.0, 0.001, 0.001, 0.001, 1.0, 0.0, 0.0, 0.0, 0.6225, 0.0, 0.0, 0.0, 0.0, 0.0, 1.0, 1.0, 1.0, 1.0, 0.0, 0.0, 0.0, 0.0, 0.0, 0.0, 0.0, 0.0, 0.0, 0.0, 0.0, 0.0, 1.0, 1.0, 1.0, 1.0, 1.0, 1.0, 1.0, 0.0, 0.0, 0.0, 0.0, 1.0, 0.0, 0.0, 1.0, 0.0, 1.0, 1.0, 1.0, 1.0, 0.0, 0.0, 0.0, 0.0, 0.0, 1.0, 0.0, 0.0, 1.0, 0.0, 0.0, 1.0, 1.0, 1.0, 1.0, 1.0, 0.0, 0.0, 0.0, 0.0, 1.0, 1.0, 1.0, 1.0, 1.0, 0.0, 1.0, 1.0, 0.0, 0.0005, 0.0, 0.0, 0.0, 0.38, 0.0, 0.0, 1.0, 1.0, 1.0, 1.0, 0.0, 0.0, 0.0, 0.0, 1.0, 1.0, 1.0, 0.999, 1.0, 1.0, 1.0, 0.0195, 1.0, 1.0, 1.0, 1.0, 0.0, 0.0, 0.0, 0.0, 0.0, 0.6285000000000001, 0.0, 0.328, 0.0, 0.0, 0.6285000000000001, 0.0, 0.0, 0.0, 0.0, 0.0, 0.0, 0.0, 0.0, 1.0, 1.0, 1.0, 1.0, 1.0, 0.0, 0.0, 0.0, 0.0, 1.0, 1.0, 1.0, 1.0, 1.0, 1.0, 1.0, 0.0, 1.0, 1.0, 1.0, 1.0, 1.0, 1.0, 0.0375, 1.0, 1.0, 1.0, 1.0, 1.0, 0.0, 0.0, 0.0, 0.0, 1.0, 1.0, 1.0, 1.0, 1.0, 1.0, 1.0, 0.0, 1.0, 1.0, 1.0, 1.0, 1.0, 1.0, 0.0, 1.0, 1.0, 1.0, 1.0, 1.0, 0.0, 0.0, 0.0, 0.0, 1.0, 1.0, 1.0, 1.0, 1.0, 1.0, 1.0, 1.0, 0.0, 0.0, 0.4395, 0.0, 0.0, 0.0, 0.001, 1.0, 0.0, 0.0, 0.0, 0.0, 0.0, 0.0, 0.0, 0.0, 1.0, 1.0, 1.0, 0.0, 1.0, 0.0, 0.0, 1.0, 0.0, 0.0, 1.0, 1.0, 1.0, 0.0, 0.0, 0.0, 0.0, 0.0, 0.0, 0.0, 0.0, 0.0, 0.0, 0.0, 1.0, 1.0, 1.0, 1.0, 0.0, 0.0, 0.0, 0.0, 0.0, 0.0, 0.0, 0.0, 0.0, 1.0, 0.0, 0.0, 1.0, 1.0, 1.0, 1.0, 0.0, 0.4945, 0.0, 0.0, 1.0, 1.0, 1.0, 1.0, 0.0, 0.0, 1.0, 1.0, 1.0, 1.0, 1.0, 1.0, 0.0, 0.0, 0.0, 0.0, 1.0, 1.0, 1.0, 1.0, 1.0, 0.704, 0.296, 0.0, 1.0, 1.0, 1.0, 1.0, 0.0, 0.0, 1.0, 1.0, 1.0, 1.0, 1.0, 1.0, 0.0, 0.0, 0.0, 0.0, 0.006, 1.0, 0.006, 0.708, 0.298, 1.0, 0.298, 1.0, 1.0, 1.0, 1.0, 1.0, 0.0, 0.0, 0.0, 0.0, 1.0, 0.0, 1.0, 1.0, 1.0, 0.0, 0.0, 1.0, 0.0, 1.0, 1.0, 1.0, 0.0, 0.0, 0.0, 0.0, 1.0, 0.224, 1.0, 1.0, 0.776, 0.0, 0.224, 1.0, 1.0, 1.0, 1.0, 1.0, 0.0, 0.0, 0.0, 0.0, 1.0, 1.0, 0.0, 1.0, 1.0, 1.0, 0.0, 1.0, 1.0, 1.0, 1.0, 1.0, 0.0, 0.0, 0.0, 0.0, 1.0, 1.0, 1.0, 1.0, 1.0, 1.0, 1.0, 0.0, 1.0, 1.0, 1.0, 1.0, 0.0, 0.0, 0.0, 0.0, 0.0, 0.0, 0.0, 0.0, 0.0, 0.0, 0.0, 0.0, 1.0, 0.4865, 1.0, 1.0, 1.0, 0.0075, 0.4865, 1.0, 0.0225, 0.0, 0.0, 0.9775, 0.0, 0.0, 0.0, 0.0]",-419.18595103414617,844.9172517286268,-482.430437669722,964.860875339444,0.01,0.0,-5.545177444479562,2.0794415416798357,11.090354888959125,0.3189290193554026,-4.156924961980295,-16.635532333438686,11.491903754308535,33.27106466687737,0.5787520451143159,"[1.0, 1.0, 1.0, 1.0, 1.0, 0.0, 1.0, 0.0, 1.0, 1.0, 1.0, 1.0, 1.0, 1.0, 1.0, 0.0, 0.0, 0.0, 0.0, 0.0, 0.0, 0.0, 0.0, 0.0, 1.0, 1.0, 1.0, 1.0, 0.0, 0.0, 1.0, 0.0, 0.0, 0.0, 0.0, 0.0, 0.0, 1.0, 0.0, 0.0, 0.0, 0.0, 0.0, 0.0, 0.0, 0.0, 0.0, 0.0, 1.0, 1.0, 1.0, 1.0, 0.0, 0.0, 0.0, 0.0, 1.0, 1.0, 1.0, 1.0, 0.0, 0.0, 0.0, 0.0, 0.0, 0.0, 0.0, 0.0, 0.0, 1.0, 1.0, 0.0, 1.0, 1.0, 1.0, 1.0, 0.0, 0.0, 0.0, 0.0, 1.0, 1.0, 1.0, 1.0, 0.0, 0.0, 0.0, 0.0, 0.0, 0.0, 0.0, 0.0, 0.0, 0.0, 0.0, 0.0, 1.0, 1.0, 1.0, 1.0, 1.0, 1.0, 1.0, 0.0, 1.0, 1.0, 1.0, 1.0, 1.0, 0.0, 1.0, 0.0, 0.0, 1.0, 0.0, 0.0, 1.0, 1.0, 1.0, 0.0, 1.0, 1.0, 0.0, 1.0, 1.0, 0.0, 0.0, 0.0, 1.0, 1.0, 1.0, 0.0, 1.0, 1.0, 1.0, 1.0, 1.0, 1.0, 1.0, 1.0, 0.0, 0.0, 0.0, 0.0, 1.0, 1.0, 1.0, 0.0, 0.0, 0.0, 1.0, 0.0, 0.0, 0.0, 1.0, 0.0, 0.0, 0.0, 0.0, 0.0, 1.0, 1.0, 1.0, 0.0, 0.0, 0.0, 1.0, 0.0, 0.0, 0.0, 0.0, 1.0, 0.0, 0.0, 0.0, 0.0, 0.0, 0.0, 0.0, 1.0, 0.0, 0.0, 0.0, 0.0, 1.0, 1.0, 1.0, 1.0, 0.0, 0.0, 0.0, 0.0, 1.0, 1.0, 1.0, 0.0, 0.0, 0.0, 1.0, 0.0, 1.0, 1.0, 1.0, 1.0, 0.0, 0.0, 0.0, 0.0, 1.0, 1.0, 1.0, 1.0, 0.0, 0.0, 0.0, 0.0, 1.0, 1.0, 1.0, 1.0, 1.0, 1.0, 1.0, 0.0, 0.0, 0.0, 0.0, 0.0, 1.0, 0.0, 0.0, 0.0, 1.0, 1.0, 1.0, 1.0, 1.0, 1.0, 1.0, 1.0, 1.0, 1.0, 1.0, 1.0, 1.0, 1.0, 1.0, 0.0, 0.0, 0.0, 0.0, 0.0, 0.0, 0.0, 0.0, 0.0, 0.0, 1.0, 0.0, 1.0, 0.0, 1.0, 0.0, 1.0, 0.0, 0.0, 0.0, 1.0, 0.0, 0.0, 0.0, 0.0, 1.0, 1.0, 1.0, 0.0, 0.0, 0.0, 1.0, 0.0, 0.0, 0.0, 1.0, 0.0, 0.0, 0.0, 0.0, 0.0, 0.0, 1.0, 1.0, 1.0, 0.0, 0.0, 0.0, 0.0, 1.0, 1.0, 1.0, 0.0, 1.0, 1.0, 1.0, 1.0, 0.0, 0.0, 1.0, 0.0, 0.0, 0.0, 0.0, 0.0, 1.0, 1.0, 1.0, 1.0, 1.0, 1.0, 1.0, 0.0, 1.0, 1.0, 1.0, 1.0, 0.0, 0.0, 0.0, 0.0, 1.0, 1.0, 1.0, 1.0, 0.0, 0.0, 0.0, 0.0, 0.0, 1.0, 0.0, 0.0, 0.0, 0.0, 0.0, 0.0, 0.0, 0.0, 0.0, 0.0, 0.0, 0.0, 0.0, 0.0, 0.0, 0.0, 0.0, 0.0, 0.0, 0.0, 0.0, 0.0, 1.0, 1.0, 0.0, 1.0, 1.0, 0.0, 1.0, 0.0, 1.0, 1.0, 1.0, 1.0, 1.0, 0.0, 1.0, 1.0, 0.0, 0.0, 0.0, 0.0, 0.0, 1.0, 1.0, 0.0, 1.0, 0.0, 0.0, 1.0, 0.0, 0.0, 0.0, 0.0, 1.0, 1.0, 1.0, 0.0, 0.0, 0.0, 1.0, 0.0, 1.0, 1.0, 1.0, 0.0, 0.0, 0.0, 0.0, 0.0, 1.0, 1.0, 1.0, 1.0, 1.0, 1.0, 1.0, 0.0, 0.0, 0.0, 0.0, 0.0, 0.0, 0.0, 0.0, 0.0, 1.0, 0.0, 1.0, 0.0, 0.0, 0.0, 0.0, 0.0, 1.0, 1.0, 1.0, 1.0, 1.0, 1.0, 1.0, 0.0, 1.0, 1.0, 1.0, 1.0, 1.0, 1.0, 0.0, 1.0, 1.0, 1.0, 1.0, 1.0, 0.0, 0.0, 0.0, 0.0, 1.0, 1.0, 1.0, 1.0, 1.0, 1.0, 1.0, 0.0, 0.0, 1.0, 1.0, 1.0, 0.0, 0.0, 0.0, 0.0, 1.0, 1.0, 1.0, 1.0, 0.0, 0.0, 0.0, 0.0, 1.0, 0.0, 1.0, 0.0, 0.0, 0.0, 0.0, 0.0, 1.0, 1.0, 1.0, 1.0, 1.0, 0.0, 1.0, 0.0, 1.0, 1.0, 1.0, 0.0, 1.0, 1.0, 0.0, 1.0, 1.0, 1.0, 1.0, 1.0, 0.0, 0.0, 0.0, 0.0, 0.0, 0.0, 0.0, 0.0, 0.0, 0.0, 0.0, 0.0, 1.0, 1.0, 1.0, 1.0, 0.0, 0.0, 0.0, 0.0, 0.0, 0.0, 0.0, 0.0, 0.0, 0.0, 0.0, 0.0, 0.0, 0.0, 0.0, 0.0, 0.0, 0.0, 0.0, 0.0, 1.0, 1.0, 0.0, 0.0, 1.0, 1.0, 1.0, 1.0, 1.0, 1.0, 1.0, 1.0, 1.0, 1.0, 1.0, 1.0, 1.0, 1.0, 1.0, 1.0, 1.0, 0.0, 1.0, 1.0, 0.0, 1.0, 0.0, 1.0, 0.0, 1.0, 0.0, 0.0, 1.0, 1.0, 1.0, 1.0, 0.0, 0.0, 1.0, 0.0, 1.0, 1.0, 1.0, 1.0, 0.0, 0.0, 0.0, 0.0, 0.0, 0.0, 0.0, 1.0, 0.0, 0.0, 0.0, 0.0, 1.0, 1.0, 1.0, 1.0, 0.0, 0.0, 0.0, 0.0, 0.0, 1.0, 1.0, 1.0, 0.0, 1.0, 1.0, 0.0, 1.0, 1.0, 1.0, 1.0, 0.0, 0.0, 0.0, 0.0, 1.0, 0.0, 1.0, 1.0, 1.0, 0.0, 0.0, 1.0, 1.0, 1.0, 1.0, 1.0, 1.0, 1.0, 1.0, 0.0, 0.0, 1.0, 1.0, 1.0, 1.0, 1.0, 0.0, 0.0, 1.0, 1.0, 1.0, 1.0, 0.0, 0.0, 0.0, 0.0, 1.0, 1.0, 1.0, 0.0, 0.0, 0.0, 1.0, 0.0, 1.0, 1.0, 1.0, 1.0, 0.0, 0.0, 0.0, 0.0, 0.0, 0.0, 0.0, 0.0, 0.0, 0.0, 0.0, 0.0, 0.0, 0.0, 1.0, 1.0, 0.0, 0.0, 0.0, 0.0, 1.0, 1.0, 1.0, 1.0, 1.0, 0.0, 0.0, 1.0]",-295.2442605392121,597.0338707387587,-482.430437669722,964.860875339444,1.1270131020469911,-14.48729403601839,32.15264190238473,1.2846122460949685,-433.45128860920846,873.4479268787513,True,False,True,True,True,0.7083333333333334,0.625,0.75,0.625,0.5833333333333334,0.625,0.7083333333333334,0.625,0.7083333333333334,0.625,0.625,0.625,"Z.exists(lambda x1: Z.equal(x1,'blue','colour'),X)","Z.exists(lambda x1: Z.equal(x1,'blue','colour'),X)","Z.atmost(lambda x1: Z.lequal(x1,2,'size'),2,X)","Z.exists(lambda x1: Z.equal(x1,'blue','colour'),X)",0.625,0.625,0.625,0.625,0.625,0.7083333333333334,0.6982758620689655,0.6867816091954023,0.6954022988505747,0.6925287356321839,5.241379310344827,0,0,0,0,0,0
13,20,30,nC7AS,frTISZa6hmSHzqZ5AAAR,Upsilon,none are upright,"[True, True, True, True, True, False, False, False]","[True, True, True, True, True, False, False, False]",0.875,0.875,Any sized cone resting its side on any other cone.,"[['x1'],['x1','x2']]","Z.exists(lambda x1: Z.exists(lambda x2: Z.hor_operator(x1,x2,'contact'),X),X)",Any code resting its side on any other cones side.,"[{'ids': [0, 1, 2], 'colours': ['red', 'red', 'blue'], 'sizes': [3, 3, 1], 'xpos': [1.1024586689016458, 0.13102648597492728, 4.250041242566628], 'ypos': [3.819862021604243, 3.3178674818839577, 3.8474172757652845], 'rotations': [3.8064446042534543, 4.4575878426325115, 1.2121899680575183], 'orientations': ['strange', 'strange', 'lhs'], 'contact': [[0, 1], [1, 0], [2]], 'grounded': ['yes', 'no', 'yes'], 'follow_rule': True}, {'ids': [0, 1, 2], 'colours': ['red', 'red', 'blue'], 'sizes': [3, 3, 1], 'xpos': [0.5258798148959669, 2.401632269567215, 5.903426439957105], 'ypos': [4.124747323317648, 4.127113895965301, 4.125312426519738], 'rotations': [3.139496706471678, 3.14389394216276, 3.1422250480790708], 'orientations': ['upright', 'upright', 'upright'], 'contact': [[0], [1], [2]], 'grounded': ['yes', 'yes', 'yes'], 'follow_rule': False}, {'ids': [0, 1], 'colours': ['red', 'red'], 'sizes': [3, 3], 'xpos': [4.709657852890391, 1.1237779659569302], 'ypos': [4.124940758171437, 4.125164247486033], 'rotations': [3.139461525163467, 3.1403618957880814], 'orientations': ['upright', 'upright'], 'contact': [[0], [1]], 'grounded': ['yes', 'yes'], 'follow_rule': False}, {'ids': [0, 1], 'colours': ['red', 'red'], 'sizes': [3, 3], 'xpos': [2.176990265482199, 2.890137253951612], 'ypos': [3.652364982872048, 2.996407477810078], 'rotations': [5.03975257137625, 5.6842967405684215], 'orientations': ['rhs', 'strange'], 'contact': [[0, 1], [1, 0]], 'grounded': ['yes', 'yes'], 'follow_rule': True}, {'ids': [0, 1], 'colours': ['red', 'red'], 'sizes': [3, 3], 'xpos': [2.5946475322860065, 2.593641067341758], 'ypos': [4.124664683443759, 3.809971140542988], 'rotations': [3.1411454319552594, 3.1425418524595794], 'orientations': ['upright', 'upright'], 'contact': [[0, 1], [1, 0]], 'grounded': ['yes', 'no'], 'follow_rule': False}, {'ids': [0, 1], 'colours': ['red', 'red'], 'sizes': [2, 2], 'xpos': [3.8200901582803777, 4.424671779443955], 'ypos': [3.750189854626226, 3.2574682740957193], 'rotations': [5.045658021153122, 5.712757994282273], 'orientations': ['rhs', 'strange'], 'contact': [[0, 1], [1, 0]], 'grounded': ['yes', 'yes'], 'follow_rule': True}, {'ids': [0, 1], 'colours': ['blue', 'blue'], 'sizes': [3, 3], 'xpos': [4.95216599706192, 5.661449890010349], 'ypos': [3.6543515805773117, 2.9926518592573763], 'rotations': [5.0364079162159525, 5.689963447395871], 'orientations': ['rhs', 'strange'], 'contact': [[0, 1], [1, 0]], 'grounded': ['yes', 'yes'], 'follow_rule': True}, {'ids': [0, 1], 'colours': ['green', 'green'], 'sizes': [2, 2], 'xpos': [5.026884002674559, 5.645756462064921], 'ypos': [3.750482083628102, 3.2669622868218515], 'rotations': [5.045994385317453, 5.69247685122762], 'orientations': ['rhs', 'strange'], 'contact': [[0, 1], [1, 0]], 'grounded': ['yes', 'yes'], 'follow_rule': True}, {'ids': [0, 1, 2, 3, 4, 5], 'colours': ['red', 'green', 'green', 'red', 'red', 'green'], 'sizes': [3, 3, 3, 1, 3, 1], 'xpos': [4.04539932046708, 6.25367104406576, 1.31220887489158, 2.54397206141056, 5.03680142626962, 2.83313903630872], 'ypos': [3.68714653723475, 3.68793264237984, 3.68536700039956, 3.87290072175348, 3.71647947714512, 3.32290442001056], 'rotations': [1.24459422608336, 1.24522470760537, 5.03721490711028, 4.41693289260746, 2.04844681297516, 1.27753534246253], 'contact': [[0, 4, 3], 1, 2, [3, 0, 5], [4, 0], [5, 3]], 'grounded': ['yes', 'yes', 'yes', 'yes', 'yes', 'no']}, {'ids': [0, 1, 2, 3], 'colours': ['green', 'red', 'blue', 'red'], 'sizes': [1, 3, 2, 2], 'xpos': [3.91130904169482, 5.46428515532996, 6.02804597253327, 2.75909465803677], 'ypos': [3.88039857557471, 3.68809661044642, 3.83039687351375, 3.76829024369344], 'rotations': [1.21554845923219, 5.037860999749, 2.523398913166, 4.53015371920961], 'contact': [{'V1': [0, 3], 'V2': [1, 2], 'V3': [2, 1], 'V4': [3, 0]}], 'grounded': ['yes', 'yes', 'no', 'yes']}, {'ids': [0, 1], 'colours': ['red', 'red'], 'sizes': [1, 1], 'xpos': [2.66334600794472, 1.80432622054734], 'ypos': [3.88090170709236, 3.87778384307705], 'rotations': [1.21239198245414, 4.35415315781273], 'contact': [{'V1': [0, 1], 'V2': [1, 0]}], 'grounded': ['yes', 'yes']}, {'ids': [0, 1, 2, 3, 4], 'colours': ['red', 'red', 'blue', 'blue', 'green'], 'sizes': [3, 3, 1, 1, 1], 'xpos': [1.85360354206331, 4.53707158711655, 2.22962536171588, 3.31491059447484, 3.75418292003644], 'ypos': [3.68810486672765, 3.68793278435064, 3.60822662705904, 3.84556069624473, 3.52884365217974], 'rotations': [5.03784882313905, 1.24522475821424, 2.57929284346434, 1.86403082200312, 2.07051561191284], 'contact': [[0, 3, 2], [1, 4, 3], [2, 0], [3, 0, 1, 4], [4, 1, 3]], 'grounded': ['yes', 'yes', 'no', 'no', 'no']}, {'ids': [0, 1, 2, 3, 4, 5, 6], 'colours': ['red', 'green', 'red', 'red', 'green', 'green', 'red'], 'sizes': [1, 3, 2, 3, 3, 2, 2], 'xpos': [3.25946614949676, 2.44588297516233, 5.88127197371132, 4.16563349275137, 0.72362012303879, 2.368329881437, 7.02789960687692], 'ypos': [3.95518911276486, 3.68824247585198, 4.15744335942523, 4.15757462621801, 3.67646349730594, 3.64875460383896, 3.78297829877943], 'rotations': [3.90055989251386, 1.24543827105161, 3.14018849938784, 3.14209271550925, 4.46919423935855, 4.5928664481854, 5.04768654725134], 'contact': [[0, 5], [1, 5, 4], 2, 3, [4, 1], [5, 0, 1], 6], 'grounded': ['yes', 'yes', 'yes', 'yes', 'yes', 'no', 'yes']}, {'ids': [0, 1, 2, 3, 4], 'colours': ['red', 'blue', 'green', 'green', 'red'], 'sizes': [2, 1, 3, 3, 3], 'xpos': [1.81709153920562, 5.97480057561886, 3.31338082383512, 4.38059628007586, 6.61025661823443], 'ypos': [3.77963548478066, 4.15709914239659, 4.15857486018002, 4.1579783197977, 3.68443952609824], 'rotations': [1.2339014812192, 3.13995537974587, 3.14125891347883, 3.1426763466907, 5.03874238310661], 'contact': [{'V1': 0, 'V2': 1, 'V3': 2, 'V4': 3, 'V5': 4}], 'grounded': ['yes', 'yes', 'yes', 'yes', 'yes']}, {'ids': [0, 1, 2, 3, 4], 'colours': ['red', 'red', 'red', 'green', 'red'], 'sizes': [2, 3, 1, 3, 3], 'xpos': [3.73841073372075, 3.73677173096754, 2.76148516662288, 4.77214062348621, 4.69143283396105], 'ypos': [4.16009367569396, 4.14643505860911, 4.15849207519273, 4.15973417931752, 3.17867488361144], 'rotations': [3.13742681162325, 3.12687131684704, 3.14631730814226, 3.13796262321945, 2.12453024265947], 'contact': [[0, 1], [1, 0, 4], 2, [3, 4], [4, 1, 3]], 'grounded': ['yes', 'no', 'yes', 'yes', 'no']}, {'ids': [0, 1], 'colours': ['blue', 'red'], 'sizes': [1, 3], 'xpos': [4.12725264721393, 2.49227679939128], 'ypos': [4.15816511179978, 3.68449947257032], 'rotations': [3.13776634013453, 5.03835652479557], 'contact': [{'V1': 0, 'V2': 1}], 'grounded': ['yes', 'yes']}]","[True, True, True, True, False, False, False, False]","[True, True, True, True, False, True, True, True]","[False, False, False, False, True, False, False, False]","[False, False, False, False, False, False, False, False]","[True, True, True, True, True, False, False, False]","[True, True, True, True, True, True, True, True]","[False, False, False, False, False, False, False, False]","[False, False, False, False, False, False, False, False]",-0.125,0.0,0.0,0.125,0.875,1.0,0.875,0.875,0.0,0.0,0.0,-0.125,0.125,0.0,1.0,-3.5064028583446527,-5.545177444479562,9.092247258369142,11.090354888959125,0.9093319475357761,-8.997367758038028,-11.090354888959125,20.767324238315837,22.18070977791825,1.0502311195665048,"[1.0, 1.0, 1.0, 1.0, 1.0, 0.0, 1.0, 0.0, 1.0, 1.0, 1.0, 1.0, 1.0, 1.0, 1.0, 0.0135, 0.9530000000000001, 0.092, 0.5895, 0.5895, 1.0, 0.0, 0.0, 0.861, 1.0, 1.0, 1.0, 0.2925, 0.999, 0.999, 1.0, 0.7155, 0.0, 0.0, 1.0, 0.0, 0.0, 0.0, 1.0, 0.0, 0.0, 0.0, 1.0, 0.0, 0.0, 0.0, 1.0, 0.0, 1.0, 1.0, 1.0, 1.0, 0.0, 0.0, 0.0, 0.0, 1.0, 1.0, 1.0, 1.0, 0.935, 0.935, 0.935, 0.935, 1.0, 1.0, 1.0, 1.0, 0.0, 1.0, 0.0, 0.0, 0.0, 1.0, 1.0, 1.0, 1.0, 1.0, 1.0, 1.0, 1.0, 1.0, 1.0, 1.0, 0.0935, 0.0935, 0.0935, 0.0935, 1.0, 1.0, 1.0, 1.0, 1.0, 1.0, 1.0, 1.0, 1.0, 1.0, 1.0, 1.0, 1.0, 1.0, 1.0, 0.013000000000000001, 1.0, 1.0, 0.998, 1.0, 1.0, 0.002, 0.998, 0.002, 1.0, 1.0, 1.0, 1.0, 1.0, 1.0, 1.0, 0.0, 0.973, 1.0, 0.9530000000000001, 1.0, 0.8925000000000001, 0.9195, 0.17400000000000002, 0.201, 1.0, 1.0, 1.0, 1.0, 0.0, 0.0, 0.0, 0.0, 1.0, 1.0, 1.0, 0.24, 1.0, 1.0, 0.968, 1.0, 0.653, 0.653, 0.653, 1.0, 0.2535, 0.2535, 0.7035, 0.10300000000000001, 1.0, 1.0, 1.0, 1.0, 0.0, 1.0, 0.0, 0.0, 1.0, 1.0, 1.0, 0.012, 0.988, 0.988, 1.0, 1.0, 1.0, 0.0, 1.0, 1.0, 1.0, 0.0, 0.0, 1.0, 0.0, 0.0, 0.0, 1.0, 1.0, 0.0, 0.0, 0.0, 1.0, 1.0, 1.0, 1.0, 0.0, 0.0, 0.0, 0.0, 1.0, 1.0, 1.0, 1.0, 0.0, 0.0, 0.0, 0.0, 1.0, 1.0, 1.0, 1.0, 1.0, 1.0, 0.841, 1.0, 1.0, 1.0, 1.0, 1.0, 0.0, 0.0, 0.0, 0.0, 1.0, 1.0, 1.0, 1.0, 1.0, 1.0, 1.0, 0.0, 0.197, 0.0, 0.85, 0.653, 0.803, 0.0, 0.0, 0.0, 0.8525, 0.847, 0.9935, 0.847, 0.28300000000000003, 0.4305, 0.426, 0.426, 1.0, 1.0, 1.0, 1.0, 1.0, 1.0, 1.0, 0.0, 0.798, 1.0, 0.7995, 0.7995, 0.0275, 0.029, 0.2265, 0.1975, 1.0, 1.0, 1.0, 1.0, 0.0, 0.0, 0.0, 0.0, 0.862, 0.854, 0.8595, 0.8955000000000001, 0.045, 0.0005, 0.8695, 0.8505, 1.0, 1.0, 1.0, 0.022, 1.0, 1.0, 1.0, 0.978, 0.28400000000000003, 0.0145, 0.1885, 0.0275, 0.2755, 0.0, 0.0015, 0.013000000000000001, 0.0, 0.0, 0.0, 1.0, 1.0, 0.0, 0.0, 0.0, 1.0, 1.0, 1.0, 1.0, 0.0, 0.0, 0.0, 0.0, 1.0, 1.0, 1.0, 1.0, 1.0, 0.0, 1.0, 0.0, 1.0, 1.0, 1.0, 1.0, 1.0, 1.0, 1.0, 0.0, 1.0, 1.0, 1.0, 0.728, 0.8265, 0.5545, 0.5545, 0.8265, 1.0, 1.0, 1.0, 1.0, 1.0, 1.0, 1.0, 1.0, 1.0, 1.0, 1.0, 0.8715, 0.9365, 0.8695, 0.8695, 0.9365, 0.229, 0.229, 0.229, 0.229, 0.801, 0.03, 0.03, 0.801, 0.0, 0.0, 0.0, 1.0, 1.0, 0.0, 0.0, 0.0, 0.108, 0.114, 0.2315, 0.108, 0.114, 0.07050000000000001, 0.0495, 0.006, 1.0, 1.0, 1.0, 1.0, 0.0, 0.0, 0.0, 0.0, 0.8955000000000001, 0.895, 0.0115, 0.0, 0.883, 0.0, 0.0, 0.0, 1.0, 1.0, 1.0, 1.0, 0.0, 0.0, 0.0, 0.0, 0.902, 0.902, 0.902, 0.678, 0.88, 0.88, 0.902, 0.807, 1.0, 1.0, 1.0, 1.0, 0.0, 0.0, 0.0, 0.0, 1.0, 1.0, 1.0, 1.0, 1.0, 1.0, 1.0, 0.0, 1.0, 1.0, 1.0, 1.0, 0.0, 0.0, 0.0, 0.0, 1.0, 1.0, 1.0, 1.0, 0.008, 0.008, 0.008, 0.008, 1.0, 1.0, 1.0, 1.0, 1.0, 1.0, 1.0, 0.0, 1.0, 1.0, 1.0, 1.0, 1.0, 1.0, 0.6980000000000001, 1.0, 1.0, 1.0, 1.0, 1.0, 0.0, 0.0, 0.0, 0.0, 1.0, 1.0, 1.0, 1.0, 1.0, 1.0, 1.0, 0.0, 0.9530000000000001, 0.9530000000000001, 0.9530000000000001, 1.0, 1.0, 1.0, 0.641, 0.9530000000000001, 1.0, 1.0, 1.0, 1.0, 0.0, 0.0, 0.0, 0.0, 1.0, 1.0, 1.0, 1.0, 1.0, 1.0, 1.0, 1.0, 1.0, 1.0, 1.0, 1.0, 0.0, 0.0, 0.0, 0.0, 1.0, 1.0, 1.0, 1.0, 1.0, 1.0, 1.0, 1.0, 1.0, 1.0, 1.0, 1.0, 0.021500000000000002, 0.021500000000000002, 0.021500000000000002, 0.021500000000000002, 0.021500000000000002, 0.003, 0.02, 0.0095, 0.0095, 0.964, 0.9555, 0.0095, 1.0, 1.0, 1.0, 1.0, 1.0, 1.0, 1.0, 1.0, 1.0, 1.0, 1.0, 1.0, 0.0, 0.0, 0.0, 0.0, 1.0, 1.0, 1.0, 1.0, 0.0, 0.0, 1.0, 1.0, 1.0, 0.873, 0.198, 0.198, 1.0, 1.0, 0.6905, 1.0, 1.0, 1.0, 1.0, 1.0, 1.0, 1.0, 1.0, 0.0, 1.0, 0.999, 0.999, 1.0, 0.0025, 0.0025, 0.0025, 0.0025, 1.0, 1.0, 1.0, 1.0, 1.0, 0.686, 0.314, 0.0, 1.0, 1.0, 1.0, 1.0, 0.524, 0.524, 1.0, 0.47600000000000003, 1.0, 1.0, 1.0, 1.0, 0.008, 0.008, 0.008, 0.008, 0.9935, 0.9935, 0.9775, 0.9935, 0.9935, 0.0225, 0.988, 0.017, 1.0, 1.0, 1.0, 1.0, 0.0725, 0.0725, 0.0725, 0.0725, 0.041, 1.0, 1.0, 0.9590000000000001, 0.041, 0.9590000000000001, 1.0, 0.0, 0.7435, 0.9835, 0.7425, 0.986, 0.7435, 0.7435, 0.256, 0.987, 1.0, 0.005, 1.0, 1.0, 1.0, 0.005, 0.005, 1.0, 1.0, 1.0, 1.0, 1.0, 1.0, 1.0, 1.0, 0.0, 1.0, 1.0, 1.0, 1.0, 0.0, 0.0, 0.0, 0.0, 1.0, 1.0, 1.0, 1.0, 0.0, 0.0, 0.0, 0.0, 0.9705, 0.9705, 0.9145, 1.0, 0.8015, 0.8015, 0.9705, 0.7865, 1.0, 1.0, 1.0, 1.0, 0.0, 0.0, 0.0, 0.0, 1.0, 1.0, 1.0, 1.0, 0.0, 0.0, 0.0, 0.0, 1.0, 1.0, 1.0, 1.0, 0.0, 0.0, 0.0, 0.0, 1.0, 1.0, 1.0, 1.0, 1.0, 1.0, 1.0, 1.0]",-418.5875071169283,843.720363894191,-482.430437669722,964.860875339444,1.0,-3.5060935001457825,9.091628541971401,1.0,-6.012187000291565,14.796962722822911,0.6334250289943713,"[1.0, 1.0, 1.0, 1.0, 1.0, 0.0, 1.0, 0.0, 1.0, 1.0, 1.0, 1.0, 1.0, 1.0, 1.0, 0.0, 0.0, 0.0, 0.0, 0.0, 0.0, 0.0, 0.0, 0.0, 1.0, 1.0, 1.0, 0.0, 0.0, 0.0, 1.0, 0.0, 0.0, 0.0, 1.0, 1.0, 0.0, 1.0, 1.0, 1.0, 1.0, 1.0, 1.0, 1.0, 0.0, 0.0, 1.0, 1.0, 1.0, 1.0, 1.0, 1.0, 0.0, 0.0, 0.0, 0.0, 1.0, 1.0, 1.0, 1.0, 0.0, 0.0, 0.0, 0.0, 0.0, 0.0, 0.0, 0.0, 0.0, 1.0, 1.0, 0.0, 1.0, 1.0, 1.0, 1.0, 0.0, 0.0, 0.0, 0.0, 1.0, 1.0, 1.0, 1.0, 0.0, 0.0, 0.0, 0.0, 1.0, 1.0, 1.0, 1.0, 1.0, 1.0, 0.0, 1.0, 1.0, 1.0, 1.0, 1.0, 1.0, 1.0, 1.0, 0.0, 1.0, 1.0, 1.0, 1.0, 1.0, 0.0, 1.0, 0.0, 0.0, 1.0, 0.0, 0.0, 1.0, 1.0, 1.0, 0.0, 1.0, 1.0, 0.0, 1.0, 1.0, 0.0, 0.0, 0.0, 1.0, 1.0, 1.0, 0.0, 1.0, 1.0, 1.0, 1.0, 1.0, 1.0, 1.0, 1.0, 0.0, 0.0, 0.0, 0.0, 1.0, 1.0, 1.0, 0.0, 0.0, 0.0, 1.0, 0.0, 0.0, 0.0, 1.0, 0.0, 0.0, 0.0, 0.0, 0.0, 1.0, 1.0, 1.0, 0.0, 0.0, 0.0, 1.0, 0.0, 0.0, 0.0, 0.0, 1.0, 0.0, 0.0, 0.0, 0.0, 0.0, 0.0, 0.0, 1.0, 0.0, 0.0, 0.0, 0.0, 1.0, 1.0, 1.0, 1.0, 0.0, 0.0, 0.0, 0.0, 1.0, 1.0, 1.0, 0.0, 0.0, 0.0, 1.0, 0.0, 1.0, 1.0, 1.0, 1.0, 0.0, 0.0, 0.0, 0.0, 1.0, 1.0, 1.0, 1.0, 0.0, 0.0, 0.0, 0.0, 1.0, 1.0, 1.0, 1.0, 1.0, 1.0, 1.0, 0.0, 0.0, 0.0, 0.0, 0.0, 1.0, 0.0, 0.0, 0.0, 1.0, 1.0, 1.0, 1.0, 1.0, 1.0, 1.0, 1.0, 1.0, 1.0, 1.0, 1.0, 1.0, 1.0, 1.0, 0.0, 0.0, 0.0, 0.0, 0.0, 0.0, 0.0, 0.0, 0.0, 0.0, 1.0, 0.0, 1.0, 0.0, 1.0, 0.0, 1.0, 0.0, 0.0, 0.0, 1.0, 0.0, 0.0, 0.0, 0.0, 1.0, 1.0, 1.0, 0.0, 0.0, 0.0, 1.0, 0.0, 1.0, 1.0, 1.0, 1.0, 1.0, 0.0, 1.0, 0.0, 0.0, 1.0, 1.0, 1.0, 0.0, 0.0, 0.0, 0.0, 1.0, 1.0, 1.0, 0.0, 1.0, 1.0, 1.0, 1.0, 0.0, 1.0, 1.0, 1.0, 0.0, 0.0, 0.0, 0.0, 1.0, 1.0, 1.0, 1.0, 1.0, 1.0, 1.0, 0.0, 1.0, 1.0, 1.0, 1.0, 0.0, 0.0, 0.0, 0.0, 1.0, 1.0, 1.0, 1.0, 0.0, 0.0, 0.0, 0.0, 0.0, 1.0, 0.0, 0.0, 0.0, 0.0, 0.0, 0.0, 1.0, 1.0, 1.0, 1.0, 1.0, 0.0, 1.0, 1.0, 0.0, 0.0, 0.0, 0.0, 0.0, 1.0, 1.0, 0.0, 1.0, 1.0, 1.0, 1.0, 1.0, 0.0, 1.0, 0.0, 1.0, 1.0, 1.0, 1.0, 1.0, 0.0, 1.0, 1.0, 0.0, 0.0, 0.0, 0.0, 0.0, 1.0, 1.0, 0.0, 1.0, 0.0, 0.0, 1.0, 0.0, 0.0, 0.0, 0.0, 1.0, 1.0, 1.0, 0.0, 0.0, 0.0, 1.0, 0.0, 1.0, 1.0, 1.0, 0.0, 0.0, 0.0, 0.0, 0.0, 1.0, 1.0, 1.0, 1.0, 1.0, 1.0, 1.0, 0.0, 0.0, 0.0, 0.0, 0.0, 0.0, 0.0, 0.0, 0.0, 1.0, 0.0, 1.0, 0.0, 0.0, 0.0, 0.0, 0.0, 1.0, 1.0, 1.0, 1.0, 1.0, 1.0, 1.0, 0.0, 1.0, 1.0, 1.0, 1.0, 1.0, 1.0, 0.0, 1.0, 1.0, 1.0, 1.0, 1.0, 0.0, 0.0, 0.0, 0.0, 1.0, 1.0, 1.0, 1.0, 1.0, 1.0, 1.0, 0.0, 0.0, 1.0, 1.0, 1.0, 0.0, 0.0, 0.0, 0.0, 1.0, 1.0, 1.0, 1.0, 0.0, 0.0, 0.0, 0.0, 1.0, 0.0, 1.0, 0.0, 0.0, 0.0, 0.0, 0.0, 1.0, 1.0, 1.0, 1.0, 1.0, 0.0, 1.0, 0.0, 1.0, 1.0, 1.0, 0.0, 1.0, 1.0, 0.0, 1.0, 1.0, 1.0, 1.0, 1.0, 0.0, 0.0, 0.0, 0.0, 0.0, 0.0, 0.0, 0.0, 0.0, 1.0, 0.0, 0.0, 1.0, 1.0, 1.0, 1.0, 0.0, 0.0, 0.0, 0.0, 0.0, 0.0, 0.0, 0.0, 0.0, 0.0, 0.0, 0.0, 1.0, 0.0, 1.0, 0.0, 0.0, 0.0, 0.0, 0.0, 1.0, 1.0, 0.0, 0.0, 1.0, 1.0, 1.0, 1.0, 1.0, 1.0, 1.0, 1.0, 1.0, 1.0, 1.0, 1.0, 1.0, 1.0, 1.0, 1.0, 1.0, 0.0, 1.0, 1.0, 0.0, 1.0, 0.0, 1.0, 0.0, 1.0, 0.0, 0.0, 1.0, 1.0, 1.0, 1.0, 0.0, 0.0, 1.0, 0.0, 1.0, 1.0, 1.0, 1.0, 0.0, 0.0, 0.0, 0.0, 0.0, 0.0, 0.0, 1.0, 0.0, 0.0, 0.0, 0.0, 1.0, 1.0, 1.0, 1.0, 0.0, 0.0, 0.0, 0.0, 0.0, 1.0, 1.0, 1.0, 0.0, 1.0, 1.0, 0.0, 1.0, 1.0, 1.0, 1.0, 0.0, 0.0, 0.0, 0.0, 1.0, 0.0, 1.0, 1.0, 1.0, 0.0, 0.0, 1.0, 1.0, 1.0, 1.0, 1.0, 1.0, 1.0, 1.0, 0.0, 0.0, 1.0, 1.0, 1.0, 1.0, 1.0, 0.0, 0.0, 1.0, 1.0, 1.0, 1.0, 0.0, 0.0, 0.0, 0.0, 1.0, 1.0, 1.0, 0.0, 0.0, 0.0, 1.0, 0.0, 1.0, 1.0, 1.0, 1.0, 0.0, 0.0, 0.0, 0.0, 0.0, 0.0, 0.0, 0.0, 0.0, 0.0, 0.0, 0.0, 0.0, 1.0, 0.0, 1.0, 0.0, 1.0, 1.0, 0.0, 1.0, 1.0, 1.0, 1.0, 1.0, 0.0, 0.0, 1.0]",-318.3726801373107,643.2907099349558,1.0,-3.5060935001457825,-5.545177444479562,9.091628541971401,11.090354888959125,1.0,-6.012187000291565,-11.090354888959125,14.796962722822911,22.18070977791825,0.6173530694834558,"[1.0, 1.0, 1.0, 1.0, 1.0, 0.0, 1.0, 0.0, 1.0, 1.0, 1.0, 1.0, 1.0, 1.0, 1.0, 0.0, 0.0, 0.0, 0.0, 0.0, 0.0, 0.0, 0.0, 0.0, 1.0, 1.0, 1.0, 0.0, 0.0, 0.0, 1.0, 0.0, 0.0, 0.0, 1.0, 1.0, 0.0, 1.0, 1.0, 1.0, 0.0, 0.0, 0.0, 0.0, 0.0, 0.0, 0.0, 0.0, 1.0, 1.0, 1.0, 1.0, 0.0, 0.0, 0.0, 0.0, 1.0, 1.0, 1.0, 1.0, 0.0, 0.0, 0.0, 0.0, 0.0, 0.0, 0.0, 0.0, 0.0, 1.0, 1.0, 0.0, 0.0, 0.0, 0.0, 1.0, 0.0, 0.0, 0.0, 0.0, 1.0, 1.0, 1.0, 1.0, 0.0, 0.0, 0.0, 0.0, 0.0, 0.0, 0.0, 0.0, 1.0, 1.0, 0.0, 1.0, 1.0, 1.0, 1.0, 1.0, 1.0, 1.0, 1.0, 0.0, 1.0, 1.0, 1.0, 1.0, 1.0, 0.0, 1.0, 0.0, 0.0, 1.0, 0.0, 0.0, 1.0, 1.0, 1.0, 0.0, 1.0, 1.0, 0.0, 1.0, 1.0, 0.0, 0.0, 0.0, 1.0, 1.0, 1.0, 0.0, 1.0, 1.0, 1.0, 1.0, 1.0, 1.0, 1.0, 1.0, 0.0, 0.0, 0.0, 0.0, 1.0, 1.0, 1.0, 0.0, 0.0, 0.0, 1.0, 0.0, 0.0, 0.0, 1.0, 0.0, 0.0, 0.0, 0.0, 0.0, 1.0, 1.0, 1.0, 0.0, 0.0, 0.0, 1.0, 0.0, 0.0, 0.0, 0.0, 1.0, 0.0, 0.0, 0.0, 0.0, 0.0, 0.0, 0.0, 1.0, 0.0, 0.0, 0.0, 0.0, 1.0, 1.0, 1.0, 1.0, 0.0, 0.0, 0.0, 0.0, 1.0, 1.0, 1.0, 0.0, 0.0, 0.0, 1.0, 0.0, 1.0, 1.0, 1.0, 1.0, 0.0, 0.0, 0.0, 0.0, 1.0, 1.0, 1.0, 1.0, 0.0, 0.0, 0.0, 0.0, 1.0, 1.0, 1.0, 1.0, 1.0, 1.0, 1.0, 0.0, 0.0, 0.0, 0.0, 0.0, 1.0, 0.0, 0.0, 0.0, 1.0, 1.0, 1.0, 1.0, 1.0, 1.0, 1.0, 1.0, 1.0, 1.0, 1.0, 1.0, 1.0, 1.0, 1.0, 0.0, 0.0, 0.0, 0.0, 0.0, 0.0, 0.0, 0.0, 0.0, 0.0, 1.0, 0.0, 1.0, 0.0, 1.0, 0.0, 1.0, 0.0, 0.0, 0.0, 1.0, 0.0, 0.0, 0.0, 0.0, 1.0, 1.0, 1.0, 0.0, 0.0, 0.0, 1.0, 0.0, 1.0, 1.0, 1.0, 1.0, 1.0, 0.0, 1.0, 0.0, 0.0, 1.0, 1.0, 1.0, 0.0, 0.0, 0.0, 0.0, 1.0, 1.0, 1.0, 0.0, 1.0, 1.0, 1.0, 1.0, 0.0, 1.0, 1.0, 1.0, 0.0, 0.0, 0.0, 0.0, 1.0, 1.0, 1.0, 1.0, 1.0, 1.0, 1.0, 0.0, 1.0, 1.0, 1.0, 1.0, 0.0, 0.0, 0.0, 0.0, 1.0, 1.0, 1.0, 1.0, 0.0, 0.0, 0.0, 0.0, 0.0, 1.0, 0.0, 0.0, 0.0, 0.0, 0.0, 0.0, 0.0, 0.0, 0.0, 0.0, 0.0, 0.0, 0.0, 0.0, 1.0, 0.0, 1.0, 1.0, 1.0, 0.0, 0.0, 1.0, 1.0, 1.0, 1.0, 1.0, 1.0, 0.0, 1.0, 0.0, 1.0, 1.0, 1.0, 1.0, 1.0, 0.0, 1.0, 1.0, 0.0, 0.0, 0.0, 0.0, 0.0, 1.0, 1.0, 0.0, 1.0, 0.0, 0.0, 1.0, 0.0, 0.0, 0.0, 0.0, 1.0, 1.0, 1.0, 0.0, 0.0, 0.0, 1.0, 0.0, 1.0, 1.0, 1.0, 0.0, 0.0, 0.0, 0.0, 0.0, 1.0, 1.0, 1.0, 1.0, 1.0, 1.0, 1.0, 0.0, 0.0, 0.0, 0.0, 0.0, 0.0, 0.0, 0.0, 0.0, 1.0, 0.0, 1.0, 0.0, 0.0, 0.0, 0.0, 0.0, 1.0, 1.0, 1.0, 1.0, 1.0, 1.0, 1.0, 0.0, 1.0, 1.0, 1.0, 1.0, 1.0, 1.0, 0.0, 1.0, 1.0, 1.0, 1.0, 1.0, 0.0, 0.0, 0.0, 0.0, 1.0, 1.0, 1.0, 1.0, 1.0, 1.0, 1.0, 0.0, 0.0, 1.0, 1.0, 1.0, 0.0, 0.0, 0.0, 0.0, 1.0, 1.0, 1.0, 1.0, 0.0, 0.0, 0.0, 0.0, 1.0, 0.0, 1.0, 0.0, 0.0, 0.0, 0.0, 0.0, 1.0, 1.0, 1.0, 1.0, 1.0, 0.0, 1.0, 0.0, 1.0, 1.0, 1.0, 0.0, 1.0, 1.0, 0.0, 1.0, 1.0, 1.0, 1.0, 1.0, 0.0, 0.0, 0.0, 0.0, 0.0, 0.0, 0.0, 0.0, 0.0, 1.0, 0.0, 0.0, 1.0, 1.0, 1.0, 1.0, 0.0, 0.0, 0.0, 0.0, 0.0, 0.0, 0.0, 0.0, 0.0, 0.0, 0.0, 0.0, 1.0, 0.0, 1.0, 0.0, 0.0, 0.0, 0.0, 0.0, 1.0, 1.0, 0.0, 0.0, 1.0, 1.0, 1.0, 1.0, 1.0, 1.0, 1.0, 1.0, 1.0, 1.0, 1.0, 1.0, 1.0, 1.0, 1.0, 1.0, 1.0, 0.0, 1.0, 1.0, 0.0, 1.0, 0.0, 1.0, 0.0, 1.0, 0.0, 0.0, 1.0, 1.0, 1.0, 1.0, 0.0, 0.0, 1.0, 0.0, 1.0, 1.0, 1.0, 1.0, 0.0, 0.0, 0.0, 0.0, 0.0, 0.0, 0.0, 1.0, 0.0, 0.0, 0.0, 0.0, 1.0, 1.0, 1.0, 1.0, 0.0, 0.0, 0.0, 0.0, 0.0, 1.0, 1.0, 1.0, 0.0, 1.0, 1.0, 0.0, 1.0, 1.0, 1.0, 1.0, 0.0, 0.0, 0.0, 0.0, 1.0, 0.0, 1.0, 1.0, 1.0, 0.0, 0.0, 1.0, 1.0, 1.0, 1.0, 1.0, 1.0, 1.0, 1.0, 0.0, 0.0, 0.0, 1.0, 0.0, 0.0, 1.0, 0.0, 0.0, 1.0, 1.0, 1.0, 1.0, 0.0, 0.0, 0.0, 0.0, 1.0, 1.0, 1.0, 0.0, 0.0, 0.0, 1.0, 0.0, 1.0, 1.0, 1.0, 1.0, 0.0, 0.0, 0.0, 0.0, 0.0, 0.0, 0.0, 0.0, 0.0, 0.0, 0.0, 0.0, 0.0, 1.0, 0.0, 1.0, 0.0, 1.0, 1.0, 0.0, 1.0, 1.0, 1.0, 1.0, 1.0, 0.0, 0.0, 1.0]",-311.9759791000219,630.4973078603782,-482.430437669722,964.860875339444,0.5138983445076495,-3.0141612900514945,-5.545177444479562,8.107764121782825,11.090354888959125,0.7888750804889367,-8.719351622275182,-11.090354888959125,20.211291966790146,22.18070977791825,1.0908740239314543,"[0.0, 0.0, 1.0, 0.0, 0.0, 0.0, 0.0, 0.0, 1.0, 1.0, 1.0, 1.0, 0.877, 0.877, 0.877, 0.0, 1.0, 0.259, 1.0, 1.0, 0.8015, 0.0, 0.259, 1.0, 1.0, 1.0, 1.0, 1.0, 1.0, 1.0, 1.0, 0.0, 0.0, 0.0, 1.0, 0.0, 0.0, 0.0, 1.0, 0.0, 0.0, 0.0, 1.0, 0.0, 0.0, 0.0, 1.0, 0.0, 0.0, 0.0, 0.0, 0.0775, 0.0, 0.0, 0.1635, 0.47100000000000003, 1.0, 1.0, 1.0, 1.0, 0.0, 0.0, 0.0, 0.0, 0.0, 0.0, 0.0, 0.0, 0.0, 0.0, 0.0, 0.0, 1.0, 1.0, 1.0, 1.0, 1.0, 1.0, 1.0, 0.0, 1.0, 1.0, 1.0, 1.0, 0.0, 0.0, 0.0, 0.0, 0.0, 0.0, 0.0, 0.0, 0.0, 0.113, 0.113, 0.0, 0.0, 0.0, 0.0, 1.0, 0.0, 0.0, 0.0, 0.0, 1.0, 1.0, 1.0, 1.0, 0.0, 0.0, 0.0, 0.0, 0.9995, 1.0, 1.0, 0.663, 1.0, 1.0, 1.0, 0.353, 1.0, 1.0, 1.0, 1.0, 0.082, 0.082, 0.0, 0.0, 0.973, 1.0, 0.7655000000000001, 0.605, 0.973, 1.0, 1.0, 0.368, 0.0, 0.0, 1.0, 0.0, 1.0, 0.0, 1.0, 0.0, 1.0, 1.0, 1.0, 1.0, 0.0, 0.0, 1.0, 0.0, 1.0, 1.0, 1.0, 1.0, 0.0, 0.9465, 0.0, 0.0, 0.666, 1.0, 0.666, 0.666, 0.0, 0.0, 0.7975, 0.0, 0.0, 0.9430000000000001, 0.0, 1.0, 1.0, 0.0, 0.0, 0.0, 0.0, 1.0, 0.0, 0.0, 0.0, 0.0, 0.0, 0.0, 1.0, 1.0, 1.0, 1.0, 0.0, 0.0, 0.0, 0.0, 1.0, 1.0, 1.0, 1.0, 1.0, 1.0, 1.0, 0.0005, 1.0, 1.0, 1.0, 1.0, 1.0, 1.0, 0.0, 1.0, 1.0, 1.0, 1.0, 1.0, 0.0, 0.0, 0.0, 0.0, 1.0, 1.0, 1.0, 1.0, 1.0, 1.0, 1.0, 0.0, 1.0, 0.0, 1.0, 0.0, 0.0, 0.0, 0.0, 0.0, 0.0, 1.0, 0.0, 1.0, 0.0, 1.0, 0.0, 1.0, 1.0, 1.0, 1.0, 1.0, 1.0, 1.0, 1.0, 0.0, 1.0, 0.0, 1.0, 1.0, 1.0, 0.0, 0.0, 1.0, 1.0, 1.0, 1.0, 1.0, 1.0, 1.0, 1.0, 1.0, 0.0, 0.9580000000000001, 0.0, 0.0, 0.0, 0.0, 0.0045000000000000005, 0.0, 0.0, 0.0, 0.0, 0.0, 0.0, 0.0, 0.0, 1.0, 0.0, 0.0, 0.0005, 0.0, 0.0, 0.0, 0.0, 0.0, 0.0, 1.0, 0.0, 0.0, 0.0, 0.0, 0.0, 0.0, 1.0, 1.0, 1.0, 0.001, 0.001, 0.001, 1.0, 0.0, 0.0, 0.0, 0.6225, 0.0, 0.0, 0.0, 0.0, 0.0, 1.0, 1.0, 1.0, 1.0, 0.0, 0.0, 0.0, 0.0, 0.0, 0.0, 0.0, 0.0, 0.0, 0.0, 0.0, 0.0, 1.0, 1.0, 1.0, 1.0, 1.0, 1.0, 1.0, 0.0, 0.0, 0.0, 0.0, 1.0, 0.0, 0.0, 1.0, 0.0, 1.0, 1.0, 1.0, 1.0, 0.0, 0.0, 0.0, 0.0, 0.0, 1.0, 0.0, 0.0, 1.0, 0.0, 0.0, 1.0, 1.0, 1.0, 1.0, 1.0, 0.0, 0.0, 0.0, 0.0, 1.0, 1.0, 1.0, 1.0, 1.0, 0.0, 1.0, 1.0, 0.0, 0.0005, 0.0, 0.0, 0.0, 0.38, 0.0, 0.0, 1.0, 1.0, 1.0, 1.0, 0.0, 0.0, 0.0, 0.0, 1.0, 1.0, 1.0, 0.999, 1.0, 1.0, 1.0, 0.0195, 1.0, 1.0, 1.0, 1.0, 0.0, 0.0, 0.0, 0.0, 0.0, 0.6285000000000001, 0.0, 0.328, 0.0, 0.0, 0.6285000000000001, 0.0, 0.0, 0.0, 0.0, 0.0, 0.0, 0.0, 0.0, 1.0, 1.0, 1.0, 1.0, 1.0, 0.0, 0.0, 0.0, 0.0, 1.0, 1.0, 1.0, 1.0, 1.0, 1.0, 1.0, 0.0, 1.0, 1.0, 1.0, 1.0, 1.0, 1.0, 0.0375, 1.0, 1.0, 1.0, 1.0, 1.0, 0.0, 0.0, 0.0, 0.0, 1.0, 1.0, 1.0, 1.0, 1.0, 1.0, 1.0, 0.0, 1.0, 1.0, 1.0, 1.0, 1.0, 1.0, 0.0, 1.0, 1.0, 1.0, 1.0, 1.0, 0.0, 0.0, 0.0, 0.0, 1.0, 1.0, 1.0, 1.0, 1.0, 1.0, 1.0, 1.0, 0.0, 0.0, 0.4395, 0.0, 0.0, 0.0, 0.001, 1.0, 0.0, 0.0, 0.0, 0.0, 0.0, 0.0, 0.0, 0.0, 1.0, 1.0, 1.0, 0.0, 1.0, 0.0, 0.0, 1.0, 0.0, 0.0, 1.0, 1.0, 1.0, 0.0, 0.0, 0.0, 0.0, 0.0, 0.0, 0.0, 0.0, 0.0, 0.0, 0.0, 1.0, 1.0, 1.0, 1.0, 0.0, 0.0, 0.0, 0.0, 0.0, 0.0, 0.0, 0.0, 0.0, 1.0, 0.0, 0.0, 1.0, 1.0, 1.0, 1.0, 0.0, 0.4945, 0.0, 0.0, 1.0, 1.0, 1.0, 1.0, 0.0, 0.0, 1.0, 1.0, 1.0, 1.0, 1.0, 1.0, 0.0, 0.0, 0.0, 0.0, 1.0, 1.0, 1.0, 1.0, 1.0, 0.704, 0.296, 0.0, 1.0, 1.0, 1.0, 1.0, 0.0, 0.0, 1.0, 1.0, 1.0, 1.0, 1.0, 1.0, 0.0, 0.0, 0.0, 0.0, 0.006, 1.0, 0.006, 0.708, 0.298, 1.0, 0.298, 1.0, 1.0, 1.0, 1.0, 1.0, 0.0, 0.0, 0.0, 0.0, 1.0, 0.0, 1.0, 1.0, 1.0, 0.0, 0.0, 1.0, 0.0, 1.0, 1.0, 1.0, 0.0, 0.0, 0.0, 0.0, 1.0, 0.224, 1.0, 1.0, 0.776, 0.0, 0.224, 1.0, 1.0, 1.0, 1.0, 1.0, 0.0, 0.0, 0.0, 0.0, 1.0, 1.0, 0.0, 1.0, 1.0, 1.0, 0.0, 1.0, 1.0, 1.0, 1.0, 1.0, 0.0, 0.0, 0.0, 0.0, 1.0, 1.0, 1.0, 1.0, 1.0, 1.0, 1.0, 0.0, 1.0, 1.0, 1.0, 1.0, 0.0, 0.0, 0.0, 0.0, 0.0, 0.0, 0.0, 0.0, 0.0, 0.0, 0.0, 0.0, 1.0, 0.4865, 1.0, 1.0, 1.0, 0.0075, 0.4865, 1.0, 0.0225, 0.0, 0.0, 0.9775, 0.0, 0.0, 0.0, 0.0]",-419.18595103414617,844.9172517286268,-482.430437669722,964.860875339444,1.0,-3.5060935001457825,-5.545177444479562,9.091628541971401,11.090354888959125,1.0,-6.012187000291565,-11.090354888959125,14.796962722822911,22.18070977791825,0.5787520451143159,"[1.0, 1.0, 1.0, 1.0, 1.0, 0.0, 1.0, 0.0, 1.0, 1.0, 1.0, 1.0, 1.0, 1.0, 1.0, 0.0, 0.0, 0.0, 0.0, 0.0, 0.0, 0.0, 0.0, 0.0, 1.0, 1.0, 1.0, 1.0, 0.0, 0.0, 1.0, 0.0, 0.0, 0.0, 0.0, 0.0, 0.0, 1.0, 0.0, 0.0, 0.0, 0.0, 0.0, 0.0, 0.0, 0.0, 0.0, 0.0, 1.0, 1.0, 1.0, 1.0, 0.0, 0.0, 0.0, 0.0, 1.0, 1.0, 1.0, 1.0, 0.0, 0.0, 0.0, 0.0, 0.0, 0.0, 0.0, 0.0, 0.0, 1.0, 1.0, 0.0, 1.0, 1.0, 1.0, 1.0, 0.0, 0.0, 0.0, 0.0, 1.0, 1.0, 1.0, 1.0, 0.0, 0.0, 0.0, 0.0, 0.0, 0.0, 0.0, 0.0, 0.0, 0.0, 0.0, 0.0, 1.0, 1.0, 1.0, 1.0, 1.0, 1.0, 1.0, 0.0, 1.0, 1.0, 1.0, 1.0, 1.0, 0.0, 1.0, 0.0, 0.0, 1.0, 0.0, 0.0, 1.0, 1.0, 1.0, 0.0, 1.0, 1.0, 0.0, 1.0, 1.0, 0.0, 0.0, 0.0, 1.0, 1.0, 1.0, 0.0, 1.0, 1.0, 1.0, 1.0, 1.0, 1.0, 1.0, 1.0, 0.0, 0.0, 0.0, 0.0, 1.0, 1.0, 1.0, 0.0, 0.0, 0.0, 1.0, 0.0, 0.0, 0.0, 1.0, 0.0, 0.0, 0.0, 0.0, 0.0, 1.0, 1.0, 1.0, 0.0, 0.0, 0.0, 1.0, 0.0, 0.0, 0.0, 0.0, 1.0, 0.0, 0.0, 0.0, 0.0, 0.0, 0.0, 0.0, 1.0, 0.0, 0.0, 0.0, 0.0, 1.0, 1.0, 1.0, 1.0, 0.0, 0.0, 0.0, 0.0, 1.0, 1.0, 1.0, 0.0, 0.0, 0.0, 1.0, 0.0, 1.0, 1.0, 1.0, 1.0, 0.0, 0.0, 0.0, 0.0, 1.0, 1.0, 1.0, 1.0, 0.0, 0.0, 0.0, 0.0, 1.0, 1.0, 1.0, 1.0, 1.0, 1.0, 1.0, 0.0, 0.0, 0.0, 0.0, 0.0, 1.0, 0.0, 0.0, 0.0, 1.0, 1.0, 1.0, 1.0, 1.0, 1.0, 1.0, 1.0, 1.0, 1.0, 1.0, 1.0, 1.0, 1.0, 1.0, 0.0, 0.0, 0.0, 0.0, 0.0, 0.0, 0.0, 0.0, 0.0, 0.0, 1.0, 0.0, 1.0, 0.0, 1.0, 0.0, 1.0, 0.0, 0.0, 0.0, 1.0, 0.0, 0.0, 0.0, 0.0, 1.0, 1.0, 1.0, 0.0, 0.0, 0.0, 1.0, 0.0, 0.0, 0.0, 1.0, 0.0, 0.0, 0.0, 0.0, 0.0, 0.0, 1.0, 1.0, 1.0, 0.0, 0.0, 0.0, 0.0, 1.0, 1.0, 1.0, 0.0, 1.0, 1.0, 1.0, 1.0, 0.0, 0.0, 1.0, 0.0, 0.0, 0.0, 0.0, 0.0, 1.0, 1.0, 1.0, 1.0, 1.0, 1.0, 1.0, 0.0, 1.0, 1.0, 1.0, 1.0, 0.0, 0.0, 0.0, 0.0, 1.0, 1.0, 1.0, 1.0, 0.0, 0.0, 0.0, 0.0, 0.0, 1.0, 0.0, 0.0, 0.0, 0.0, 0.0, 0.0, 0.0, 0.0, 0.0, 0.0, 0.0, 0.0, 0.0, 0.0, 0.0, 0.0, 0.0, 0.0, 0.0, 0.0, 0.0, 0.0, 1.0, 1.0, 0.0, 1.0, 1.0, 0.0, 1.0, 0.0, 1.0, 1.0, 1.0, 1.0, 1.0, 0.0, 1.0, 1.0, 0.0, 0.0, 0.0, 0.0, 0.0, 1.0, 1.0, 0.0, 1.0, 0.0, 0.0, 1.0, 0.0, 0.0, 0.0, 0.0, 1.0, 1.0, 1.0, 0.0, 0.0, 0.0, 1.0, 0.0, 1.0, 1.0, 1.0, 0.0, 0.0, 0.0, 0.0, 0.0, 1.0, 1.0, 1.0, 1.0, 1.0, 1.0, 1.0, 0.0, 0.0, 0.0, 0.0, 0.0, 0.0, 0.0, 0.0, 0.0, 1.0, 0.0, 1.0, 0.0, 0.0, 0.0, 0.0, 0.0, 1.0, 1.0, 1.0, 1.0, 1.0, 1.0, 1.0, 0.0, 1.0, 1.0, 1.0, 1.0, 1.0, 1.0, 0.0, 1.0, 1.0, 1.0, 1.0, 1.0, 0.0, 0.0, 0.0, 0.0, 1.0, 1.0, 1.0, 1.0, 1.0, 1.0, 1.0, 0.0, 0.0, 1.0, 1.0, 1.0, 0.0, 0.0, 0.0, 0.0, 1.0, 1.0, 1.0, 1.0, 0.0, 0.0, 0.0, 0.0, 1.0, 0.0, 1.0, 0.0, 0.0, 0.0, 0.0, 0.0, 1.0, 1.0, 1.0, 1.0, 1.0, 0.0, 1.0, 0.0, 1.0, 1.0, 1.0, 0.0, 1.0, 1.0, 0.0, 1.0, 1.0, 1.0, 1.0, 1.0, 0.0, 0.0, 0.0, 0.0, 0.0, 0.0, 0.0, 0.0, 0.0, 0.0, 0.0, 0.0, 1.0, 1.0, 1.0, 1.0, 0.0, 0.0, 0.0, 0.0, 0.0, 0.0, 0.0, 0.0, 0.0, 0.0, 0.0, 0.0, 0.0, 0.0, 0.0, 0.0, 0.0, 0.0, 0.0, 0.0, 1.0, 1.0, 0.0, 0.0, 1.0, 1.0, 1.0, 1.0, 1.0, 1.0, 1.0, 1.0, 1.0, 1.0, 1.0, 1.0, 1.0, 1.0, 1.0, 1.0, 1.0, 0.0, 1.0, 1.0, 0.0, 1.0, 0.0, 1.0, 0.0, 1.0, 0.0, 0.0, 1.0, 1.0, 1.0, 1.0, 0.0, 0.0, 1.0, 0.0, 1.0, 1.0, 1.0, 1.0, 0.0, 0.0, 0.0, 0.0, 0.0, 0.0, 0.0, 1.0, 0.0, 0.0, 0.0, 0.0, 1.0, 1.0, 1.0, 1.0, 0.0, 0.0, 0.0, 0.0, 0.0, 1.0, 1.0, 1.0, 0.0, 1.0, 1.0, 0.0, 1.0, 1.0, 1.0, 1.0, 0.0, 0.0, 0.0, 0.0, 1.0, 0.0, 1.0, 1.0, 1.0, 0.0, 0.0, 1.0, 1.0, 1.0, 1.0, 1.0, 1.0, 1.0, 1.0, 0.0, 0.0, 1.0, 1.0, 1.0, 1.0, 1.0, 0.0, 0.0, 1.0, 1.0, 1.0, 1.0, 0.0, 0.0, 0.0, 0.0, 1.0, 1.0, 1.0, 0.0, 0.0, 0.0, 1.0, 0.0, 1.0, 1.0, 1.0, 1.0, 0.0, 0.0, 0.0, 0.0, 0.0, 0.0, 0.0, 0.0, 0.0, 0.0, 0.0, 0.0, 0.0, 0.0, 1.0, 1.0, 0.0, 0.0, 0.0, 0.0, 1.0, 1.0, 1.0, 1.0, 1.0, 0.0, 0.0, 1.0]",-295.2442605392121,597.0338707387587,-482.430437669722,964.860875339444,0.9102400660316717,-8.997362313902473,20.767313350044727,1.2846122460949685,-433.45128860920846,873.4479268787513,True,True,True,True,True,0.6875,0.75,0.5,0.75,0.5,0.75,0.8125,1.0,0.5,0.75,0.6875,1.0,"Z.exists(lambda x1: Z.equal(x1,'strange','orientation'),X)","Z.exists(lambda x1: Z.exists(lambda x2: Z.hor_operator(x1,x2,'contact'),X),X)","Z.forall(lambda x1: Z.not_operator(Z.equal(x1,'upright','orientation')),X)","Z.exists(lambda x1: Z.exists(lambda x2: Z.hor_operator(x1,x2,'contact'),X),X)",0.75,0.75,0.75,1.0,0.75,0.7083333333333334,0.6982758620689655,0.6867816091954023,0.6954022988505747,0.6925287356321839,5.241379310344827,0,0,0,0,2000,0
14,21,32,nC7AS,frTISZa6hmSHzqZ5AAAR,Iota,one is blue,"[False, True, False, False, True, True, True, False]","[False, True, False, False, True, True, True, False]",0.25,0.25,"Any blue cone resting on any red cone, or any red cone resting on any blue cone.","[['x1'],['x1','x2']]","Z.exists(lambda x1: Z.exists(lambda x2: Z.and_operator(Z.and_operator(Z.equal(x1,'blue','colour'),Z.equal(x2,'red','colour')),Z.hor_operator(x1,x2,'contact')),X),X)","Any blue cone resting on any red cone, or any red cone resting on any blue cone.","[{'ids': [0, 1, 2], 'colours': ['blue', 'green', 'red'], 'sizes': [2, 1, 3], 'xpos': [2.2808834217201075, 6.769544469766659, 3.372663474675784], 'ypos': [4.110743082323116, 4.111666666666668, 3.698505498558812], 'rotations': [3.1392836894746208, 3.1415926535897927, 2.1690467002351137], 'orientations': ['upright', 'upright', 'strange'], 'contact': [[0, 2], [1], [2, 0]], 'grounded': ['yes', 'yes', 'yes'], 'follow_rule': True}, {'ids': [0, 1], 'colours': ['blue', 'red'], 'sizes': [1, 1], 'xpos': [4.784822281543617, 5.386135610516414], 'ypos': [4.108169493720425, 3.8843709941420976], 'rotations': [3.1415131415638675, 2.298281447404902], 'orientations': ['upright', 'strange'], 'contact': [[0, 1], [1, 0]], 'grounded': ['yes', 'yes'], 'follow_rule': True}, {'ids': [0, 1], 'colours': ['blue', 'red'], 'sizes': [3, 3], 'xpos': [3.7847656413713033, 4.933792306316003], 'ypos': [4.106820769074205, 3.7281636446844155], 'rotations': [3.1418307033486923, 2.277247154173501], 'orientations': ['upright', 'strange'], 'contact': [[0, 1], [1, 0]], 'grounded': ['yes', 'yes'], 'follow_rule': True}, {'ids': [0, 1], 'colours': ['green', 'red'], 'sizes': [1, 1], 'xpos': [2.842600125212047, 3.4958605064415633], 'ypos': [4.108777454129728, 3.866549429453825], 'rotations': [3.1418390085916186, 2.1998539382094386], 'orientations': ['upright', 'strange'], 'contact': [[0, 1], [1, 0]], 'grounded': ['yes', 'yes'], 'follow_rule': False}, {'ids': [0, 1], 'colours': ['blue', 'red'], 'sizes': [2, 2], 'xpos': [4.620921374997985, 5.49403925058858], 'ypos': [4.107824421827706, 3.80737851153316], 'rotations': [3.1432133910970297, 2.291350882287866], 'orientations': ['upright', 'strange'], 'contact': [[0, 1], [1, 0]], 'grounded': ['yes', 'yes'], 'follow_rule': True}, {'ids': [0, 1], 'colours': ['green', 'red'], 'sizes': [2, 2], 'xpos': [4.053002079038585, 3.0281056816719447], 'ypos': [3.75916314497987, 4.106762164464288], 'rotations': [2.0833128816924145, 3.1416455060066117], 'orientations': ['strange', 'upright'], 'contact': [[0, 1], [1, 0]], 'grounded': ['yes', 'yes'], 'follow_rule': False}, {'ids': [0, 1], 'colours': ['red', 'blue'], 'sizes': [2, 2], 'xpos': [2.492212153878059, 3.4345120099879116], 'ypos': [4.108120060557839, 3.784184862501804], 'rotations': [3.1425632346416768, 2.1973646063118855], 'orientations': ['upright', 'strange'], 'contact': [[0, 1], [1, 0]], 'grounded': ['yes', 'yes'], 'follow_rule': True}, {'ids': [0, 1], 'colours': ['red', 'blue'], 'sizes': [3, 1], 'xpos': [4.775720396269105, 5.746097710518821], 'ypos': [4.108978952645549, 3.8348641007162], 'rotations': [3.1465434601956823, 8.267782256620675], 'orientations': ['upright', 'strange'], 'contact': [[0, 1], [1, 0]], 'grounded': ['yes', 'yes'], 'follow_rule': True}, {'ids': [0, 1, 2, 3, 4], 'colours': ['red', 'green', 'red', 'blue', 'green'], 'sizes': [3, 1, 1, 2, 3], 'xpos': [5.12691938557365, 5.11503131679493, 4.23727953775697, 6.19519140108846, 3.42148978150856], 'ypos': [4.16166666682932, 3.21450769513128, 4.15833270210236, 3.780270212316, 4.15777826181353], 'rotations': [3.14159265356107, 3.17396503839037, 3.13596899439433, 5.0484168782327, 3.14163950292034], 'contact': [[0, 1], [1, 0], 2, 3, 4], 'grounded': ['yes', 'no', 'yes', 'yes', 'yes']}, {'ids': [0, 1, 2, 3], 'colours': ['green', 'green', 'red', 'blue'], 'sizes': [1, 3, 1, 2], 'xpos': [1.95640316882102, 3.82119006463636, 5.49466900932729, 4.94512429018313], 'ypos': [4.1575463669092, 3.68793264237984, 3.88075060909874, 3.82370041726639], 'rotations': [3.14042586215534, 5.03796059957422, 5.07099533912214, 4.13396592888911], 'contact': [0, 1, [2, 3], [3, 2]], 'grounded': ['yes', 'yes', 'yes', 'yes']}, {'ids': [0, 1, 2, 3, 4], 'colours': ['red', 'blue', 'red', 'green', 'green'], 'sizes': [3, 1, 2, 2, 1], 'xpos': [6.01871423256697, 2.01992789098242, 4.13597794449854, 0.774406281828649, 4.80555851531279], 'ypos': [3.68393205570556, 4.15898574652681, 4.15794140291817, 3.77979942907755, 3.98725786368743], 'rotations': [1.24414891831718, 3.14156263599238, 3.14292046357041, 5.04964608195148, 2.53998237313469], 'contact': [[0, 4], 1, 2, 3, [4, 0]], 'grounded': ['yes', 'yes', 'yes', 'yes', 'yes']}, {'ids': [0, 1], 'colours': ['blue', 'green'], 'sizes': [1, 2], 'xpos': [1.67047327443096, 4.46813203908946], 'ypos': [4.15694705663294, 4.15819949787589], 'rotations': [3.14214596161258, 3.14225319301416], 'contact': [{'V1': 0, 'V2': 1}], 'grounded': ['yes', 'yes']}, {'ids': [0, 1, 2, 3, 4], 'colours': ['blue', 'blue', 'red', 'blue', 'red'], 'sizes': [1, 1, 3, 2, 3], 'xpos': [2.9749447690173, 1.59038636414738, 1.89943344290003, 0.742265142690783, 5.82945571924824], 'ypos': [4.14706432996679, 4.15682792868204, 3.68436535365509, 3.87793736870491, 4.15825788448378], 'rotations': [3.19018443917557, 3.14127258207092, 4.38185242264156, 2.36758036264438, 3.14223131257379], 'contact': [[0, 2], 1, [2, 0], 3, 4], 'grounded': ['yes', 'yes', 'yes', 'yes', 'yes']}, {'ids': [0, 1, 2, 3, 4], 'colours': ['blue', 'blue', 'red', 'red', 'blue'], 'sizes': [1, 1, 2, 3, 2], 'xpos': [3.86710801315826, 0.780465760873674, 4.72248955423569, 3.06295468416754, 7.04671297081929], 'ypos': [4.1448491118357, 4.15796013032216, 4.15793209798963, 3.75002575259372, 4.15761808534214], 'rotations': [3.19364501547634, 3.14186836777695, 3.13970081999877, 4.09252896570911, 3.14406240189392], 'contact': [[0, 3], 1, 2, [3, 0], 4], 'grounded': ['yes', 'yes', 'yes', 'yes', 'yes']}, {'ids': [0, 1, 2, 3], 'colours': ['blue', 'green', 'blue', 'red'], 'sizes': [1, 2, 1, 3], 'xpos': [0.414928997162714, 1.7723984589512, 5.75738502777065, 6.08770777718876], 'ypos': [4.15743978227501, 4.15711897749998, 3.88075060909862, 3.89628768750355], 'rotations': [3.14447951863788, 3.14010156096646, 5.07099533912207, 3.69409526653564], 'contact': [0, 1, [2, 3], [3, 2]], 'grounded': ['yes', 'yes', 'yes', 'yes']}, {'ids': [0, 1, 2, 3, 4], 'colours': ['green', 'red', 'green', 'green', 'red'], 'sizes': [2, 2, 3, 3, 2], 'xpos': [1.30426887924571, 1.8868098606311, 6.83333126813548, 2.79429839111229, 3.83407517131883], 'ypos': [3.78000391300947, 4.15881602818333, 3.73307814239637, 4.15736329550291, 4.15804254736289], 'rotations': [1.23253748876037, 3.14240000646429, 4.1567939442383, 3.14166932108615, 3.1439673324419], 'contact': [0, [1, 3], 2, [3, 1], 4], 'grounded': ['yes', 'yes', 'yes', 'yes', 'yes']}]","[True, True, True, False, True, True, True, True]","[False, True, False, True, True, True, True, False]","[False, False, False, False, False, False, False, False]","[True, False, True, False, False, False, False, True]","[True, True, True, False, True, True, True, True]","[False, True, False, True, True, True, True, False]","[False, False, False, False, False, False, False, False]","[True, False, True, False, False, False, False, True]",-0.125,-0.125,0.0,0.0,0.625,0.625,0.125,0.125,0.125,0.125,0.0,0.0,0.375,0.375,1.9575785093610467,-5.292505905349744,-5.545177444479562,12.664453352379324,11.090354888959125,0.9093319475357761,-8.997367758038028,-11.090354888959125,20.767324238315837,22.18070977791825,1.0502311195665048,"[1.0, 1.0, 1.0, 1.0, 1.0, 0.0, 1.0, 0.0, 1.0, 1.0, 1.0, 1.0, 1.0, 1.0, 1.0, 0.0135, 0.9530000000000001, 0.092, 0.5895, 0.5895, 1.0, 0.0, 0.0, 0.861, 1.0, 1.0, 1.0, 0.2925, 0.999, 0.999, 1.0, 0.7155, 0.0, 0.0, 1.0, 0.0, 0.0, 0.0, 1.0, 0.0, 0.0, 0.0, 1.0, 0.0, 0.0, 0.0, 1.0, 0.0, 1.0, 1.0, 1.0, 1.0, 0.0, 0.0, 0.0, 0.0, 1.0, 1.0, 1.0, 1.0, 0.935, 0.935, 0.935, 0.935, 1.0, 1.0, 1.0, 1.0, 0.0, 1.0, 0.0, 0.0, 0.0, 1.0, 1.0, 1.0, 1.0, 1.0, 1.0, 1.0, 1.0, 1.0, 1.0, 1.0, 0.0935, 0.0935, 0.0935, 0.0935, 1.0, 1.0, 1.0, 1.0, 1.0, 1.0, 1.0, 1.0, 1.0, 1.0, 1.0, 1.0, 1.0, 1.0, 1.0, 0.013000000000000001, 1.0, 1.0, 0.998, 1.0, 1.0, 0.002, 0.998, 0.002, 1.0, 1.0, 1.0, 1.0, 1.0, 1.0, 1.0, 0.0, 0.973, 1.0, 0.9530000000000001, 1.0, 0.8925000000000001, 0.9195, 0.17400000000000002, 0.201, 1.0, 1.0, 1.0, 1.0, 0.0, 0.0, 0.0, 0.0, 1.0, 1.0, 1.0, 0.24, 1.0, 1.0, 0.968, 1.0, 0.653, 0.653, 0.653, 1.0, 0.2535, 0.2535, 0.7035, 0.10300000000000001, 1.0, 1.0, 1.0, 1.0, 0.0, 1.0, 0.0, 0.0, 1.0, 1.0, 1.0, 0.012, 0.988, 0.988, 1.0, 1.0, 1.0, 0.0, 1.0, 1.0, 1.0, 0.0, 0.0, 1.0, 0.0, 0.0, 0.0, 1.0, 1.0, 0.0, 0.0, 0.0, 1.0, 1.0, 1.0, 1.0, 0.0, 0.0, 0.0, 0.0, 1.0, 1.0, 1.0, 1.0, 0.0, 0.0, 0.0, 0.0, 1.0, 1.0, 1.0, 1.0, 1.0, 1.0, 0.841, 1.0, 1.0, 1.0, 1.0, 1.0, 0.0, 0.0, 0.0, 0.0, 1.0, 1.0, 1.0, 1.0, 1.0, 1.0, 1.0, 0.0, 0.197, 0.0, 0.85, 0.653, 0.803, 0.0, 0.0, 0.0, 0.8525, 0.847, 0.9935, 0.847, 0.28300000000000003, 0.4305, 0.426, 0.426, 1.0, 1.0, 1.0, 1.0, 1.0, 1.0, 1.0, 0.0, 0.798, 1.0, 0.7995, 0.7995, 0.0275, 0.029, 0.2265, 0.1975, 1.0, 1.0, 1.0, 1.0, 0.0, 0.0, 0.0, 0.0, 0.862, 0.854, 0.8595, 0.8955000000000001, 0.045, 0.0005, 0.8695, 0.8505, 1.0, 1.0, 1.0, 0.022, 1.0, 1.0, 1.0, 0.978, 0.28400000000000003, 0.0145, 0.1885, 0.0275, 0.2755, 0.0, 0.0015, 0.013000000000000001, 0.0, 0.0, 0.0, 1.0, 1.0, 0.0, 0.0, 0.0, 1.0, 1.0, 1.0, 1.0, 0.0, 0.0, 0.0, 0.0, 1.0, 1.0, 1.0, 1.0, 1.0, 0.0, 1.0, 0.0, 1.0, 1.0, 1.0, 1.0, 1.0, 1.0, 1.0, 0.0, 1.0, 1.0, 1.0, 0.728, 0.8265, 0.5545, 0.5545, 0.8265, 1.0, 1.0, 1.0, 1.0, 1.0, 1.0, 1.0, 1.0, 1.0, 1.0, 1.0, 0.8715, 0.9365, 0.8695, 0.8695, 0.9365, 0.229, 0.229, 0.229, 0.229, 0.801, 0.03, 0.03, 0.801, 0.0, 0.0, 0.0, 1.0, 1.0, 0.0, 0.0, 0.0, 0.108, 0.114, 0.2315, 0.108, 0.114, 0.07050000000000001, 0.0495, 0.006, 1.0, 1.0, 1.0, 1.0, 0.0, 0.0, 0.0, 0.0, 0.8955000000000001, 0.895, 0.0115, 0.0, 0.883, 0.0, 0.0, 0.0, 1.0, 1.0, 1.0, 1.0, 0.0, 0.0, 0.0, 0.0, 0.902, 0.902, 0.902, 0.678, 0.88, 0.88, 0.902, 0.807, 1.0, 1.0, 1.0, 1.0, 0.0, 0.0, 0.0, 0.0, 1.0, 1.0, 1.0, 1.0, 1.0, 1.0, 1.0, 0.0, 1.0, 1.0, 1.0, 1.0, 0.0, 0.0, 0.0, 0.0, 1.0, 1.0, 1.0, 1.0, 0.008, 0.008, 0.008, 0.008, 1.0, 1.0, 1.0, 1.0, 1.0, 1.0, 1.0, 0.0, 1.0, 1.0, 1.0, 1.0, 1.0, 1.0, 0.6980000000000001, 1.0, 1.0, 1.0, 1.0, 1.0, 0.0, 0.0, 0.0, 0.0, 1.0, 1.0, 1.0, 1.0, 1.0, 1.0, 1.0, 0.0, 0.9530000000000001, 0.9530000000000001, 0.9530000000000001, 1.0, 1.0, 1.0, 0.641, 0.9530000000000001, 1.0, 1.0, 1.0, 1.0, 0.0, 0.0, 0.0, 0.0, 1.0, 1.0, 1.0, 1.0, 1.0, 1.0, 1.0, 1.0, 1.0, 1.0, 1.0, 1.0, 0.0, 0.0, 0.0, 0.0, 1.0, 1.0, 1.0, 1.0, 1.0, 1.0, 1.0, 1.0, 1.0, 1.0, 1.0, 1.0, 0.021500000000000002, 0.021500000000000002, 0.021500000000000002, 0.021500000000000002, 0.021500000000000002, 0.003, 0.02, 0.0095, 0.0095, 0.964, 0.9555, 0.0095, 1.0, 1.0, 1.0, 1.0, 1.0, 1.0, 1.0, 1.0, 1.0, 1.0, 1.0, 1.0, 0.0, 0.0, 0.0, 0.0, 1.0, 1.0, 1.0, 1.0, 0.0, 0.0, 1.0, 1.0, 1.0, 0.873, 0.198, 0.198, 1.0, 1.0, 0.6905, 1.0, 1.0, 1.0, 1.0, 1.0, 1.0, 1.0, 1.0, 0.0, 1.0, 0.999, 0.999, 1.0, 0.0025, 0.0025, 0.0025, 0.0025, 1.0, 1.0, 1.0, 1.0, 1.0, 0.686, 0.314, 0.0, 1.0, 1.0, 1.0, 1.0, 0.524, 0.524, 1.0, 0.47600000000000003, 1.0, 1.0, 1.0, 1.0, 0.008, 0.008, 0.008, 0.008, 0.9935, 0.9935, 0.9775, 0.9935, 0.9935, 0.0225, 0.988, 0.017, 1.0, 1.0, 1.0, 1.0, 0.0725, 0.0725, 0.0725, 0.0725, 0.041, 1.0, 1.0, 0.9590000000000001, 0.041, 0.9590000000000001, 1.0, 0.0, 0.7435, 0.9835, 0.7425, 0.986, 0.7435, 0.7435, 0.256, 0.987, 1.0, 0.005, 1.0, 1.0, 1.0, 0.005, 0.005, 1.0, 1.0, 1.0, 1.0, 1.0, 1.0, 1.0, 1.0, 0.0, 1.0, 1.0, 1.0, 1.0, 0.0, 0.0, 0.0, 0.0, 1.0, 1.0, 1.0, 1.0, 0.0, 0.0, 0.0, 0.0, 0.9705, 0.9705, 0.9145, 1.0, 0.8015, 0.8015, 0.9705, 0.7865, 1.0, 1.0, 1.0, 1.0, 0.0, 0.0, 0.0, 0.0, 1.0, 1.0, 1.0, 1.0, 0.0, 0.0, 0.0, 0.0, 1.0, 1.0, 1.0, 1.0, 0.0, 0.0, 0.0, 0.0, 1.0, 1.0, 1.0, 1.0, 1.0, 1.0, 1.0, 1.0]",-418.5875071169283,843.720363894191,-482.430437669722,964.860875339444,0.01,0.0,2.0794415416798357,1.0,-6.012187000291565,14.796962722822911,0.6334250289943713,"[1.0, 1.0, 1.0, 1.0, 1.0, 0.0, 1.0, 0.0, 1.0, 1.0, 1.0, 1.0, 1.0, 1.0, 1.0, 0.0, 0.0, 0.0, 0.0, 0.0, 0.0, 0.0, 0.0, 0.0, 1.0, 1.0, 1.0, 0.0, 0.0, 0.0, 1.0, 0.0, 0.0, 0.0, 1.0, 1.0, 0.0, 1.0, 1.0, 1.0, 1.0, 1.0, 1.0, 1.0, 0.0, 0.0, 1.0, 1.0, 1.0, 1.0, 1.0, 1.0, 0.0, 0.0, 0.0, 0.0, 1.0, 1.0, 1.0, 1.0, 0.0, 0.0, 0.0, 0.0, 0.0, 0.0, 0.0, 0.0, 0.0, 1.0, 1.0, 0.0, 1.0, 1.0, 1.0, 1.0, 0.0, 0.0, 0.0, 0.0, 1.0, 1.0, 1.0, 1.0, 0.0, 0.0, 0.0, 0.0, 1.0, 1.0, 1.0, 1.0, 1.0, 1.0, 0.0, 1.0, 1.0, 1.0, 1.0, 1.0, 1.0, 1.0, 1.0, 0.0, 1.0, 1.0, 1.0, 1.0, 1.0, 0.0, 1.0, 0.0, 0.0, 1.0, 0.0, 0.0, 1.0, 1.0, 1.0, 0.0, 1.0, 1.0, 0.0, 1.0, 1.0, 0.0, 0.0, 0.0, 1.0, 1.0, 1.0, 0.0, 1.0, 1.0, 1.0, 1.0, 1.0, 1.0, 1.0, 1.0, 0.0, 0.0, 0.0, 0.0, 1.0, 1.0, 1.0, 0.0, 0.0, 0.0, 1.0, 0.0, 0.0, 0.0, 1.0, 0.0, 0.0, 0.0, 0.0, 0.0, 1.0, 1.0, 1.0, 0.0, 0.0, 0.0, 1.0, 0.0, 0.0, 0.0, 0.0, 1.0, 0.0, 0.0, 0.0, 0.0, 0.0, 0.0, 0.0, 1.0, 0.0, 0.0, 0.0, 0.0, 1.0, 1.0, 1.0, 1.0, 0.0, 0.0, 0.0, 0.0, 1.0, 1.0, 1.0, 0.0, 0.0, 0.0, 1.0, 0.0, 1.0, 1.0, 1.0, 1.0, 0.0, 0.0, 0.0, 0.0, 1.0, 1.0, 1.0, 1.0, 0.0, 0.0, 0.0, 0.0, 1.0, 1.0, 1.0, 1.0, 1.0, 1.0, 1.0, 0.0, 0.0, 0.0, 0.0, 0.0, 1.0, 0.0, 0.0, 0.0, 1.0, 1.0, 1.0, 1.0, 1.0, 1.0, 1.0, 1.0, 1.0, 1.0, 1.0, 1.0, 1.0, 1.0, 1.0, 0.0, 0.0, 0.0, 0.0, 0.0, 0.0, 0.0, 0.0, 0.0, 0.0, 1.0, 0.0, 1.0, 0.0, 1.0, 0.0, 1.0, 0.0, 0.0, 0.0, 1.0, 0.0, 0.0, 0.0, 0.0, 1.0, 1.0, 1.0, 0.0, 0.0, 0.0, 1.0, 0.0, 1.0, 1.0, 1.0, 1.0, 1.0, 0.0, 1.0, 0.0, 0.0, 1.0, 1.0, 1.0, 0.0, 0.0, 0.0, 0.0, 1.0, 1.0, 1.0, 0.0, 1.0, 1.0, 1.0, 1.0, 0.0, 1.0, 1.0, 1.0, 0.0, 0.0, 0.0, 0.0, 1.0, 1.0, 1.0, 1.0, 1.0, 1.0, 1.0, 0.0, 1.0, 1.0, 1.0, 1.0, 0.0, 0.0, 0.0, 0.0, 1.0, 1.0, 1.0, 1.0, 0.0, 0.0, 0.0, 0.0, 0.0, 1.0, 0.0, 0.0, 0.0, 0.0, 0.0, 0.0, 1.0, 1.0, 1.0, 1.0, 1.0, 0.0, 1.0, 1.0, 0.0, 0.0, 0.0, 0.0, 0.0, 1.0, 1.0, 0.0, 1.0, 1.0, 1.0, 1.0, 1.0, 0.0, 1.0, 0.0, 1.0, 1.0, 1.0, 1.0, 1.0, 0.0, 1.0, 1.0, 0.0, 0.0, 0.0, 0.0, 0.0, 1.0, 1.0, 0.0, 1.0, 0.0, 0.0, 1.0, 0.0, 0.0, 0.0, 0.0, 1.0, 1.0, 1.0, 0.0, 0.0, 0.0, 1.0, 0.0, 1.0, 1.0, 1.0, 0.0, 0.0, 0.0, 0.0, 0.0, 1.0, 1.0, 1.0, 1.0, 1.0, 1.0, 1.0, 0.0, 0.0, 0.0, 0.0, 0.0, 0.0, 0.0, 0.0, 0.0, 1.0, 0.0, 1.0, 0.0, 0.0, 0.0, 0.0, 0.0, 1.0, 1.0, 1.0, 1.0, 1.0, 1.0, 1.0, 0.0, 1.0, 1.0, 1.0, 1.0, 1.0, 1.0, 0.0, 1.0, 1.0, 1.0, 1.0, 1.0, 0.0, 0.0, 0.0, 0.0, 1.0, 1.0, 1.0, 1.0, 1.0, 1.0, 1.0, 0.0, 0.0, 1.0, 1.0, 1.0, 0.0, 0.0, 0.0, 0.0, 1.0, 1.0, 1.0, 1.0, 0.0, 0.0, 0.0, 0.0, 1.0, 0.0, 1.0, 0.0, 0.0, 0.0, 0.0, 0.0, 1.0, 1.0, 1.0, 1.0, 1.0, 0.0, 1.0, 0.0, 1.0, 1.0, 1.0, 0.0, 1.0, 1.0, 0.0, 1.0, 1.0, 1.0, 1.0, 1.0, 0.0, 0.0, 0.0, 0.0, 0.0, 0.0, 0.0, 0.0, 0.0, 1.0, 0.0, 0.0, 1.0, 1.0, 1.0, 1.0, 0.0, 0.0, 0.0, 0.0, 0.0, 0.0, 0.0, 0.0, 0.0, 0.0, 0.0, 0.0, 1.0, 0.0, 1.0, 0.0, 0.0, 0.0, 0.0, 0.0, 1.0, 1.0, 0.0, 0.0, 1.0, 1.0, 1.0, 1.0, 1.0, 1.0, 1.0, 1.0, 1.0, 1.0, 1.0, 1.0, 1.0, 1.0, 1.0, 1.0, 1.0, 0.0, 1.0, 1.0, 0.0, 1.0, 0.0, 1.0, 0.0, 1.0, 0.0, 0.0, 1.0, 1.0, 1.0, 1.0, 0.0, 0.0, 1.0, 0.0, 1.0, 1.0, 1.0, 1.0, 0.0, 0.0, 0.0, 0.0, 0.0, 0.0, 0.0, 1.0, 0.0, 0.0, 0.0, 0.0, 1.0, 1.0, 1.0, 1.0, 0.0, 0.0, 0.0, 0.0, 0.0, 1.0, 1.0, 1.0, 0.0, 1.0, 1.0, 0.0, 1.0, 1.0, 1.0, 1.0, 0.0, 0.0, 0.0, 0.0, 1.0, 0.0, 1.0, 1.0, 1.0, 0.0, 0.0, 1.0, 1.0, 1.0, 1.0, 1.0, 1.0, 1.0, 1.0, 0.0, 0.0, 1.0, 1.0, 1.0, 1.0, 1.0, 0.0, 0.0, 1.0, 1.0, 1.0, 1.0, 0.0, 0.0, 0.0, 0.0, 1.0, 1.0, 1.0, 0.0, 0.0, 0.0, 1.0, 0.0, 1.0, 1.0, 1.0, 1.0, 0.0, 0.0, 0.0, 0.0, 0.0, 0.0, 0.0, 0.0, 0.0, 0.0, 0.0, 0.0, 0.0, 1.0, 0.0, 1.0, 0.0, 1.0, 1.0, 0.0, 1.0, 1.0, 1.0, 1.0, 1.0, 0.0, 0.0, 1.0]",-318.3726801373107,643.2907099349558,0.01,0.0,-5.545177444479562,2.0794415416798357,11.090354888959125,1.0,-6.012187000291565,-11.090354888959125,14.796962722822911,22.18070977791825,0.6173530694834558,"[1.0, 1.0, 1.0, 1.0, 1.0, 0.0, 1.0, 0.0, 1.0, 1.0, 1.0, 1.0, 1.0, 1.0, 1.0, 0.0, 0.0, 0.0, 0.0, 0.0, 0.0, 0.0, 0.0, 0.0, 1.0, 1.0, 1.0, 0.0, 0.0, 0.0, 1.0, 0.0, 0.0, 0.0, 1.0, 1.0, 0.0, 1.0, 1.0, 1.0, 0.0, 0.0, 0.0, 0.0, 0.0, 0.0, 0.0, 0.0, 1.0, 1.0, 1.0, 1.0, 0.0, 0.0, 0.0, 0.0, 1.0, 1.0, 1.0, 1.0, 0.0, 0.0, 0.0, 0.0, 0.0, 0.0, 0.0, 0.0, 0.0, 1.0, 1.0, 0.0, 0.0, 0.0, 0.0, 1.0, 0.0, 0.0, 0.0, 0.0, 1.0, 1.0, 1.0, 1.0, 0.0, 0.0, 0.0, 0.0, 0.0, 0.0, 0.0, 0.0, 1.0, 1.0, 0.0, 1.0, 1.0, 1.0, 1.0, 1.0, 1.0, 1.0, 1.0, 0.0, 1.0, 1.0, 1.0, 1.0, 1.0, 0.0, 1.0, 0.0, 0.0, 1.0, 0.0, 0.0, 1.0, 1.0, 1.0, 0.0, 1.0, 1.0, 0.0, 1.0, 1.0, 0.0, 0.0, 0.0, 1.0, 1.0, 1.0, 0.0, 1.0, 1.0, 1.0, 1.0, 1.0, 1.0, 1.0, 1.0, 0.0, 0.0, 0.0, 0.0, 1.0, 1.0, 1.0, 0.0, 0.0, 0.0, 1.0, 0.0, 0.0, 0.0, 1.0, 0.0, 0.0, 0.0, 0.0, 0.0, 1.0, 1.0, 1.0, 0.0, 0.0, 0.0, 1.0, 0.0, 0.0, 0.0, 0.0, 1.0, 0.0, 0.0, 0.0, 0.0, 0.0, 0.0, 0.0, 1.0, 0.0, 0.0, 0.0, 0.0, 1.0, 1.0, 1.0, 1.0, 0.0, 0.0, 0.0, 0.0, 1.0, 1.0, 1.0, 0.0, 0.0, 0.0, 1.0, 0.0, 1.0, 1.0, 1.0, 1.0, 0.0, 0.0, 0.0, 0.0, 1.0, 1.0, 1.0, 1.0, 0.0, 0.0, 0.0, 0.0, 1.0, 1.0, 1.0, 1.0, 1.0, 1.0, 1.0, 0.0, 0.0, 0.0, 0.0, 0.0, 1.0, 0.0, 0.0, 0.0, 1.0, 1.0, 1.0, 1.0, 1.0, 1.0, 1.0, 1.0, 1.0, 1.0, 1.0, 1.0, 1.0, 1.0, 1.0, 0.0, 0.0, 0.0, 0.0, 0.0, 0.0, 0.0, 0.0, 0.0, 0.0, 1.0, 0.0, 1.0, 0.0, 1.0, 0.0, 1.0, 0.0, 0.0, 0.0, 1.0, 0.0, 0.0, 0.0, 0.0, 1.0, 1.0, 1.0, 0.0, 0.0, 0.0, 1.0, 0.0, 1.0, 1.0, 1.0, 1.0, 1.0, 0.0, 1.0, 0.0, 0.0, 1.0, 1.0, 1.0, 0.0, 0.0, 0.0, 0.0, 1.0, 1.0, 1.0, 0.0, 1.0, 1.0, 1.0, 1.0, 0.0, 1.0, 1.0, 1.0, 0.0, 0.0, 0.0, 0.0, 1.0, 1.0, 1.0, 1.0, 1.0, 1.0, 1.0, 0.0, 1.0, 1.0, 1.0, 1.0, 0.0, 0.0, 0.0, 0.0, 1.0, 1.0, 1.0, 1.0, 0.0, 0.0, 0.0, 0.0, 0.0, 1.0, 0.0, 0.0, 0.0, 0.0, 0.0, 0.0, 0.0, 0.0, 0.0, 0.0, 0.0, 0.0, 0.0, 0.0, 1.0, 0.0, 1.0, 1.0, 1.0, 0.0, 0.0, 1.0, 1.0, 1.0, 1.0, 1.0, 1.0, 0.0, 1.0, 0.0, 1.0, 1.0, 1.0, 1.0, 1.0, 0.0, 1.0, 1.0, 0.0, 0.0, 0.0, 0.0, 0.0, 1.0, 1.0, 0.0, 1.0, 0.0, 0.0, 1.0, 0.0, 0.0, 0.0, 0.0, 1.0, 1.0, 1.0, 0.0, 0.0, 0.0, 1.0, 0.0, 1.0, 1.0, 1.0, 0.0, 0.0, 0.0, 0.0, 0.0, 1.0, 1.0, 1.0, 1.0, 1.0, 1.0, 1.0, 0.0, 0.0, 0.0, 0.0, 0.0, 0.0, 0.0, 0.0, 0.0, 1.0, 0.0, 1.0, 0.0, 0.0, 0.0, 0.0, 0.0, 1.0, 1.0, 1.0, 1.0, 1.0, 1.0, 1.0, 0.0, 1.0, 1.0, 1.0, 1.0, 1.0, 1.0, 0.0, 1.0, 1.0, 1.0, 1.0, 1.0, 0.0, 0.0, 0.0, 0.0, 1.0, 1.0, 1.0, 1.0, 1.0, 1.0, 1.0, 0.0, 0.0, 1.0, 1.0, 1.0, 0.0, 0.0, 0.0, 0.0, 1.0, 1.0, 1.0, 1.0, 0.0, 0.0, 0.0, 0.0, 1.0, 0.0, 1.0, 0.0, 0.0, 0.0, 0.0, 0.0, 1.0, 1.0, 1.0, 1.0, 1.0, 0.0, 1.0, 0.0, 1.0, 1.0, 1.0, 0.0, 1.0, 1.0, 0.0, 1.0, 1.0, 1.0, 1.0, 1.0, 0.0, 0.0, 0.0, 0.0, 0.0, 0.0, 0.0, 0.0, 0.0, 1.0, 0.0, 0.0, 1.0, 1.0, 1.0, 1.0, 0.0, 0.0, 0.0, 0.0, 0.0, 0.0, 0.0, 0.0, 0.0, 0.0, 0.0, 0.0, 1.0, 0.0, 1.0, 0.0, 0.0, 0.0, 0.0, 0.0, 1.0, 1.0, 0.0, 0.0, 1.0, 1.0, 1.0, 1.0, 1.0, 1.0, 1.0, 1.0, 1.0, 1.0, 1.0, 1.0, 1.0, 1.0, 1.0, 1.0, 1.0, 0.0, 1.0, 1.0, 0.0, 1.0, 0.0, 1.0, 0.0, 1.0, 0.0, 0.0, 1.0, 1.0, 1.0, 1.0, 0.0, 0.0, 1.0, 0.0, 1.0, 1.0, 1.0, 1.0, 0.0, 0.0, 0.0, 0.0, 0.0, 0.0, 0.0, 1.0, 0.0, 0.0, 0.0, 0.0, 1.0, 1.0, 1.0, 1.0, 0.0, 0.0, 0.0, 0.0, 0.0, 1.0, 1.0, 1.0, 0.0, 1.0, 1.0, 0.0, 1.0, 1.0, 1.0, 1.0, 0.0, 0.0, 0.0, 0.0, 1.0, 0.0, 1.0, 1.0, 1.0, 0.0, 0.0, 1.0, 1.0, 1.0, 1.0, 1.0, 1.0, 1.0, 1.0, 0.0, 0.0, 0.0, 1.0, 0.0, 0.0, 1.0, 0.0, 0.0, 1.0, 1.0, 1.0, 1.0, 0.0, 0.0, 0.0, 0.0, 1.0, 1.0, 1.0, 0.0, 0.0, 0.0, 1.0, 0.0, 1.0, 1.0, 1.0, 1.0, 0.0, 0.0, 0.0, 0.0, 0.0, 0.0, 0.0, 0.0, 0.0, 0.0, 0.0, 0.0, 0.0, 1.0, 0.0, 1.0, 0.0, 1.0, 1.0, 0.0, 1.0, 1.0, 1.0, 1.0, 1.0, 0.0, 0.0, 1.0]",-311.9759791000219,630.4973078603782,-482.430437669722,964.860875339444,1.5191709984491026,-5.226712014859432,-5.545177444479562,12.5328655713987,11.090354888959125,0.7888750804889367,-8.719351622275182,-11.090354888959125,20.211291966790146,22.18070977791825,1.0908740239314543,"[0.0, 0.0, 1.0, 0.0, 0.0, 0.0, 0.0, 0.0, 1.0, 1.0, 1.0, 1.0, 0.877, 0.877, 0.877, 0.0, 1.0, 0.259, 1.0, 1.0, 0.8015, 0.0, 0.259, 1.0, 1.0, 1.0, 1.0, 1.0, 1.0, 1.0, 1.0, 0.0, 0.0, 0.0, 1.0, 0.0, 0.0, 0.0, 1.0, 0.0, 0.0, 0.0, 1.0, 0.0, 0.0, 0.0, 1.0, 0.0, 0.0, 0.0, 0.0, 0.0775, 0.0, 0.0, 0.1635, 0.47100000000000003, 1.0, 1.0, 1.0, 1.0, 0.0, 0.0, 0.0, 0.0, 0.0, 0.0, 0.0, 0.0, 0.0, 0.0, 0.0, 0.0, 1.0, 1.0, 1.0, 1.0, 1.0, 1.0, 1.0, 0.0, 1.0, 1.0, 1.0, 1.0, 0.0, 0.0, 0.0, 0.0, 0.0, 0.0, 0.0, 0.0, 0.0, 0.113, 0.113, 0.0, 0.0, 0.0, 0.0, 1.0, 0.0, 0.0, 0.0, 0.0, 1.0, 1.0, 1.0, 1.0, 0.0, 0.0, 0.0, 0.0, 0.9995, 1.0, 1.0, 0.663, 1.0, 1.0, 1.0, 0.353, 1.0, 1.0, 1.0, 1.0, 0.082, 0.082, 0.0, 0.0, 0.973, 1.0, 0.7655000000000001, 0.605, 0.973, 1.0, 1.0, 0.368, 0.0, 0.0, 1.0, 0.0, 1.0, 0.0, 1.0, 0.0, 1.0, 1.0, 1.0, 1.0, 0.0, 0.0, 1.0, 0.0, 1.0, 1.0, 1.0, 1.0, 0.0, 0.9465, 0.0, 0.0, 0.666, 1.0, 0.666, 0.666, 0.0, 0.0, 0.7975, 0.0, 0.0, 0.9430000000000001, 0.0, 1.0, 1.0, 0.0, 0.0, 0.0, 0.0, 1.0, 0.0, 0.0, 0.0, 0.0, 0.0, 0.0, 1.0, 1.0, 1.0, 1.0, 0.0, 0.0, 0.0, 0.0, 1.0, 1.0, 1.0, 1.0, 1.0, 1.0, 1.0, 0.0005, 1.0, 1.0, 1.0, 1.0, 1.0, 1.0, 0.0, 1.0, 1.0, 1.0, 1.0, 1.0, 0.0, 0.0, 0.0, 0.0, 1.0, 1.0, 1.0, 1.0, 1.0, 1.0, 1.0, 0.0, 1.0, 0.0, 1.0, 0.0, 0.0, 0.0, 0.0, 0.0, 0.0, 1.0, 0.0, 1.0, 0.0, 1.0, 0.0, 1.0, 1.0, 1.0, 1.0, 1.0, 1.0, 1.0, 1.0, 0.0, 1.0, 0.0, 1.0, 1.0, 1.0, 0.0, 0.0, 1.0, 1.0, 1.0, 1.0, 1.0, 1.0, 1.0, 1.0, 1.0, 0.0, 0.9580000000000001, 0.0, 0.0, 0.0, 0.0, 0.0045000000000000005, 0.0, 0.0, 0.0, 0.0, 0.0, 0.0, 0.0, 0.0, 1.0, 0.0, 0.0, 0.0005, 0.0, 0.0, 0.0, 0.0, 0.0, 0.0, 1.0, 0.0, 0.0, 0.0, 0.0, 0.0, 0.0, 1.0, 1.0, 1.0, 0.001, 0.001, 0.001, 1.0, 0.0, 0.0, 0.0, 0.6225, 0.0, 0.0, 0.0, 0.0, 0.0, 1.0, 1.0, 1.0, 1.0, 0.0, 0.0, 0.0, 0.0, 0.0, 0.0, 0.0, 0.0, 0.0, 0.0, 0.0, 0.0, 1.0, 1.0, 1.0, 1.0, 1.0, 1.0, 1.0, 0.0, 0.0, 0.0, 0.0, 1.0, 0.0, 0.0, 1.0, 0.0, 1.0, 1.0, 1.0, 1.0, 0.0, 0.0, 0.0, 0.0, 0.0, 1.0, 0.0, 0.0, 1.0, 0.0, 0.0, 1.0, 1.0, 1.0, 1.0, 1.0, 0.0, 0.0, 0.0, 0.0, 1.0, 1.0, 1.0, 1.0, 1.0, 0.0, 1.0, 1.0, 0.0, 0.0005, 0.0, 0.0, 0.0, 0.38, 0.0, 0.0, 1.0, 1.0, 1.0, 1.0, 0.0, 0.0, 0.0, 0.0, 1.0, 1.0, 1.0, 0.999, 1.0, 1.0, 1.0, 0.0195, 1.0, 1.0, 1.0, 1.0, 0.0, 0.0, 0.0, 0.0, 0.0, 0.6285000000000001, 0.0, 0.328, 0.0, 0.0, 0.6285000000000001, 0.0, 0.0, 0.0, 0.0, 0.0, 0.0, 0.0, 0.0, 1.0, 1.0, 1.0, 1.0, 1.0, 0.0, 0.0, 0.0, 0.0, 1.0, 1.0, 1.0, 1.0, 1.0, 1.0, 1.0, 0.0, 1.0, 1.0, 1.0, 1.0, 1.0, 1.0, 0.0375, 1.0, 1.0, 1.0, 1.0, 1.0, 0.0, 0.0, 0.0, 0.0, 1.0, 1.0, 1.0, 1.0, 1.0, 1.0, 1.0, 0.0, 1.0, 1.0, 1.0, 1.0, 1.0, 1.0, 0.0, 1.0, 1.0, 1.0, 1.0, 1.0, 0.0, 0.0, 0.0, 0.0, 1.0, 1.0, 1.0, 1.0, 1.0, 1.0, 1.0, 1.0, 0.0, 0.0, 0.4395, 0.0, 0.0, 0.0, 0.001, 1.0, 0.0, 0.0, 0.0, 0.0, 0.0, 0.0, 0.0, 0.0, 1.0, 1.0, 1.0, 0.0, 1.0, 0.0, 0.0, 1.0, 0.0, 0.0, 1.0, 1.0, 1.0, 0.0, 0.0, 0.0, 0.0, 0.0, 0.0, 0.0, 0.0, 0.0, 0.0, 0.0, 1.0, 1.0, 1.0, 1.0, 0.0, 0.0, 0.0, 0.0, 0.0, 0.0, 0.0, 0.0, 0.0, 1.0, 0.0, 0.0, 1.0, 1.0, 1.0, 1.0, 0.0, 0.4945, 0.0, 0.0, 1.0, 1.0, 1.0, 1.0, 0.0, 0.0, 1.0, 1.0, 1.0, 1.0, 1.0, 1.0, 0.0, 0.0, 0.0, 0.0, 1.0, 1.0, 1.0, 1.0, 1.0, 0.704, 0.296, 0.0, 1.0, 1.0, 1.0, 1.0, 0.0, 0.0, 1.0, 1.0, 1.0, 1.0, 1.0, 1.0, 0.0, 0.0, 0.0, 0.0, 0.006, 1.0, 0.006, 0.708, 0.298, 1.0, 0.298, 1.0, 1.0, 1.0, 1.0, 1.0, 0.0, 0.0, 0.0, 0.0, 1.0, 0.0, 1.0, 1.0, 1.0, 0.0, 0.0, 1.0, 0.0, 1.0, 1.0, 1.0, 0.0, 0.0, 0.0, 0.0, 1.0, 0.224, 1.0, 1.0, 0.776, 0.0, 0.224, 1.0, 1.0, 1.0, 1.0, 1.0, 0.0, 0.0, 0.0, 0.0, 1.0, 1.0, 0.0, 1.0, 1.0, 1.0, 0.0, 1.0, 1.0, 1.0, 1.0, 1.0, 0.0, 0.0, 0.0, 0.0, 1.0, 1.0, 1.0, 1.0, 1.0, 1.0, 1.0, 0.0, 1.0, 1.0, 1.0, 1.0, 0.0, 0.0, 0.0, 0.0, 0.0, 0.0, 0.0, 0.0, 0.0, 0.0, 0.0, 0.0, 1.0, 0.4865, 1.0, 1.0, 1.0, 0.0075, 0.4865, 1.0, 0.0225, 0.0, 0.0, 0.9775, 0.0, 0.0, 0.0, 0.0]",-419.18595103414617,844.9172517286268,-482.430437669722,964.860875339444,0.01,0.0,-5.545177444479562,2.0794415416798357,11.090354888959125,1.0,-6.012187000291565,-11.090354888959125,14.796962722822911,22.18070977791825,0.5787520451143159,"[1.0, 1.0, 1.0, 1.0, 1.0, 0.0, 1.0, 0.0, 1.0, 1.0, 1.0, 1.0, 1.0, 1.0, 1.0, 0.0, 0.0, 0.0, 0.0, 0.0, 0.0, 0.0, 0.0, 0.0, 1.0, 1.0, 1.0, 1.0, 0.0, 0.0, 1.0, 0.0, 0.0, 0.0, 0.0, 0.0, 0.0, 1.0, 0.0, 0.0, 0.0, 0.0, 0.0, 0.0, 0.0, 0.0, 0.0, 0.0, 1.0, 1.0, 1.0, 1.0, 0.0, 0.0, 0.0, 0.0, 1.0, 1.0, 1.0, 1.0, 0.0, 0.0, 0.0, 0.0, 0.0, 0.0, 0.0, 0.0, 0.0, 1.0, 1.0, 0.0, 1.0, 1.0, 1.0, 1.0, 0.0, 0.0, 0.0, 0.0, 1.0, 1.0, 1.0, 1.0, 0.0, 0.0, 0.0, 0.0, 0.0, 0.0, 0.0, 0.0, 0.0, 0.0, 0.0, 0.0, 1.0, 1.0, 1.0, 1.0, 1.0, 1.0, 1.0, 0.0, 1.0, 1.0, 1.0, 1.0, 1.0, 0.0, 1.0, 0.0, 0.0, 1.0, 0.0, 0.0, 1.0, 1.0, 1.0, 0.0, 1.0, 1.0, 0.0, 1.0, 1.0, 0.0, 0.0, 0.0, 1.0, 1.0, 1.0, 0.0, 1.0, 1.0, 1.0, 1.0, 1.0, 1.0, 1.0, 1.0, 0.0, 0.0, 0.0, 0.0, 1.0, 1.0, 1.0, 0.0, 0.0, 0.0, 1.0, 0.0, 0.0, 0.0, 1.0, 0.0, 0.0, 0.0, 0.0, 0.0, 1.0, 1.0, 1.0, 0.0, 0.0, 0.0, 1.0, 0.0, 0.0, 0.0, 0.0, 1.0, 0.0, 0.0, 0.0, 0.0, 0.0, 0.0, 0.0, 1.0, 0.0, 0.0, 0.0, 0.0, 1.0, 1.0, 1.0, 1.0, 0.0, 0.0, 0.0, 0.0, 1.0, 1.0, 1.0, 0.0, 0.0, 0.0, 1.0, 0.0, 1.0, 1.0, 1.0, 1.0, 0.0, 0.0, 0.0, 0.0, 1.0, 1.0, 1.0, 1.0, 0.0, 0.0, 0.0, 0.0, 1.0, 1.0, 1.0, 1.0, 1.0, 1.0, 1.0, 0.0, 0.0, 0.0, 0.0, 0.0, 1.0, 0.0, 0.0, 0.0, 1.0, 1.0, 1.0, 1.0, 1.0, 1.0, 1.0, 1.0, 1.0, 1.0, 1.0, 1.0, 1.0, 1.0, 1.0, 0.0, 0.0, 0.0, 0.0, 0.0, 0.0, 0.0, 0.0, 0.0, 0.0, 1.0, 0.0, 1.0, 0.0, 1.0, 0.0, 1.0, 0.0, 0.0, 0.0, 1.0, 0.0, 0.0, 0.0, 0.0, 1.0, 1.0, 1.0, 0.0, 0.0, 0.0, 1.0, 0.0, 0.0, 0.0, 1.0, 0.0, 0.0, 0.0, 0.0, 0.0, 0.0, 1.0, 1.0, 1.0, 0.0, 0.0, 0.0, 0.0, 1.0, 1.0, 1.0, 0.0, 1.0, 1.0, 1.0, 1.0, 0.0, 0.0, 1.0, 0.0, 0.0, 0.0, 0.0, 0.0, 1.0, 1.0, 1.0, 1.0, 1.0, 1.0, 1.0, 0.0, 1.0, 1.0, 1.0, 1.0, 0.0, 0.0, 0.0, 0.0, 1.0, 1.0, 1.0, 1.0, 0.0, 0.0, 0.0, 0.0, 0.0, 1.0, 0.0, 0.0, 0.0, 0.0, 0.0, 0.0, 0.0, 0.0, 0.0, 0.0, 0.0, 0.0, 0.0, 0.0, 0.0, 0.0, 0.0, 0.0, 0.0, 0.0, 0.0, 0.0, 1.0, 1.0, 0.0, 1.0, 1.0, 0.0, 1.0, 0.0, 1.0, 1.0, 1.0, 1.0, 1.0, 0.0, 1.0, 1.0, 0.0, 0.0, 0.0, 0.0, 0.0, 1.0, 1.0, 0.0, 1.0, 0.0, 0.0, 1.0, 0.0, 0.0, 0.0, 0.0, 1.0, 1.0, 1.0, 0.0, 0.0, 0.0, 1.0, 0.0, 1.0, 1.0, 1.0, 0.0, 0.0, 0.0, 0.0, 0.0, 1.0, 1.0, 1.0, 1.0, 1.0, 1.0, 1.0, 0.0, 0.0, 0.0, 0.0, 0.0, 0.0, 0.0, 0.0, 0.0, 1.0, 0.0, 1.0, 0.0, 0.0, 0.0, 0.0, 0.0, 1.0, 1.0, 1.0, 1.0, 1.0, 1.0, 1.0, 0.0, 1.0, 1.0, 1.0, 1.0, 1.0, 1.0, 0.0, 1.0, 1.0, 1.0, 1.0, 1.0, 0.0, 0.0, 0.0, 0.0, 1.0, 1.0, 1.0, 1.0, 1.0, 1.0, 1.0, 0.0, 0.0, 1.0, 1.0, 1.0, 0.0, 0.0, 0.0, 0.0, 1.0, 1.0, 1.0, 1.0, 0.0, 0.0, 0.0, 0.0, 1.0, 0.0, 1.0, 0.0, 0.0, 0.0, 0.0, 0.0, 1.0, 1.0, 1.0, 1.0, 1.0, 0.0, 1.0, 0.0, 1.0, 1.0, 1.0, 0.0, 1.0, 1.0, 0.0, 1.0, 1.0, 1.0, 1.0, 1.0, 0.0, 0.0, 0.0, 0.0, 0.0, 0.0, 0.0, 0.0, 0.0, 0.0, 0.0, 0.0, 1.0, 1.0, 1.0, 1.0, 0.0, 0.0, 0.0, 0.0, 0.0, 0.0, 0.0, 0.0, 0.0, 0.0, 0.0, 0.0, 0.0, 0.0, 0.0, 0.0, 0.0, 0.0, 0.0, 0.0, 1.0, 1.0, 0.0, 0.0, 1.0, 1.0, 1.0, 1.0, 1.0, 1.0, 1.0, 1.0, 1.0, 1.0, 1.0, 1.0, 1.0, 1.0, 1.0, 1.0, 1.0, 0.0, 1.0, 1.0, 0.0, 1.0, 0.0, 1.0, 0.0, 1.0, 0.0, 0.0, 1.0, 1.0, 1.0, 1.0, 0.0, 0.0, 1.0, 0.0, 1.0, 1.0, 1.0, 1.0, 0.0, 0.0, 0.0, 0.0, 0.0, 0.0, 0.0, 1.0, 0.0, 0.0, 0.0, 0.0, 1.0, 1.0, 1.0, 1.0, 0.0, 0.0, 0.0, 0.0, 0.0, 1.0, 1.0, 1.0, 0.0, 1.0, 1.0, 0.0, 1.0, 1.0, 1.0, 1.0, 0.0, 0.0, 0.0, 0.0, 1.0, 0.0, 1.0, 1.0, 1.0, 0.0, 0.0, 1.0, 1.0, 1.0, 1.0, 1.0, 1.0, 1.0, 1.0, 0.0, 0.0, 1.0, 1.0, 1.0, 1.0, 1.0, 0.0, 0.0, 1.0, 1.0, 1.0, 1.0, 0.0, 0.0, 0.0, 0.0, 1.0, 1.0, 1.0, 0.0, 0.0, 0.0, 1.0, 0.0, 1.0, 1.0, 1.0, 1.0, 0.0, 0.0, 0.0, 0.0, 0.0, 0.0, 0.0, 0.0, 0.0, 0.0, 0.0, 0.0, 0.0, 0.0, 1.0, 1.0, 0.0, 0.0, 0.0, 0.0, 1.0, 1.0, 1.0, 1.0, 1.0, 0.0, 0.0, 1.0]",-295.2442605392121,597.0338707387587,-482.430437669722,964.860875339444,0.9102400660316717,-8.997362313902473,20.767313350044727,1.2846122460949685,-433.45128860920846,873.4479268787513,True,True,True,True,True,0.6875,0.625,0.5,0.25,0.5,0.25,0.8125,0.625,0.5,0.25,0.6875,0.375,"Z.exists(lambda x1: Z.equal(x1,'blue','colour'),X)","Z.exists(lambda x1: Z.exists(lambda x2: Z.and_operator(Z.and_operator(Z.equal(x1,'blue','colour'),Z.equal(x2,'red','colour')),Z.hor_operator(x1,x2,'contact')),X),X)","Z.exists(lambda x1: Z.equal(x1,'blue','colour'),X)","Z.exists(lambda x1: Z.exists(lambda x2: Z.and_operator(Z.and_operator(Z.equal(x1,'blue','colour'),Z.equal(x2,'red','colour')),Z.hor_operator(x1,x2,'contact')),X),X)",0.625,0.25,0.25,0.625,0.25,0.7083333333333334,0.6982758620689655,0.6867816091954023,0.6954022988505747,0.6925287356321839,5.241379310344827,0,0,0,0,0,0
15,22,35,nC7AS,Bnn_5BwOU-b2u3nNAAAQ,Upsilon,none are upright,"[True, True, True, True, False, False, False, False]","[True, True, True, True, True, False, False, False]",1.0,0.875,There must be at least 3 cones turned on their sides.,[['x1']],"Z.atleast(lambda x1: Z.not_operator(Z.equal(x1,'upright','orientation')),3,X)",At least 3 cones need to be turned on their sides,"[{'ids': [0, 1, 2], 'colours': ['red', 'red', 'blue'], 'sizes': [3, 3, 1], 'xpos': [1.1024586689016458, 0.13102648597492728, 4.250041242566628], 'ypos': [3.819862021604243, 3.3178674818839577, 3.8474172757652845], 'rotations': [3.8064446042534543, 4.4575878426325115, 1.2121899680575183], 'orientations': ['strange', 'strange', 'lhs'], 'contact': [[0, 1], [1, 0], [2]], 'grounded': ['yes', 'no', 'yes'], 'follow_rule': True}, {'ids': [0, 1, 2], 'colours': ['green', 'green', 'red'], 'sizes': [2, 2, 1], 'xpos': [5.148764398054765, 6.0337265641400055, 3.4043167853757854], 'ypos': [3.7512237684212115, 3.738434575899479, 3.8466521215391274], 'rotations': [1.2345315911125805, 1.3459758439474407, 1.215794724510383], 'orientations': ['lhs', 'lhs', 'lhs'], 'contact': [[0, 1], [1, 0], [2]], 'grounded': ['yes', 'yes', 'yes'], 'follow_rule': True}, {'ids': [0, 1, 2], 'colours': ['blue', 'blue', 'red'], 'sizes': [3, 3, 2], 'xpos': [3.6479896996524777, 4.789638579834215, 6.938975782082595], 'ypos': [3.6540682999982064, 3.642369475919925, 3.750386612584391], 'rotations': [1.2485615638955025, 1.3332900340200164, 1.236575295691965], 'orientations': ['lhs', 'lhs', 'lhs'], 'contact': [[0, 1], [1, 0], [2]], 'grounded': ['yes', 'yes', 'yes'], 'follow_rule': True}, {'ids': [0, 1, 2], 'colours': ['blue', 'red', 'green'], 'sizes': [2, 2, 2], 'xpos': [5.082689209349598, 6.849898741813393, 3.670060930409538], 'ypos': [3.7505242832722354, 3.7497875909376197, 3.7501442716479554], 'rotations': [1.236138118837589, 1.2367341634617754, 1.23878543250905], 'orientations': ['lhs', 'lhs', 'lhs'], 'contact': [[0], [1], [2]], 'grounded': ['yes', 'yes', 'yes'], 'follow_rule': True}, {'ids': [0, 1, 2], 'colours': ['green', 'green', 'red'], 'sizes': [2, 2, 2], 'xpos': [3.1486624599388384, 1.9231593549511323, 4.526777345620979], 'ypos': [4.124185751372259, 4.124449191695008, 4.124737497330485], 'rotations': [3.143606846352335, -3.139655490793966, 3.144532872336919], 'orientations': ['upright', 'upright', 'upright'], 'contact': [[0], [1], [2]], 'grounded': ['yes', 'yes', 'yes'], 'follow_rule': False}, {'ids': [0, 1, 2], 'colours': ['red', 'red', 'green'], 'sizes': [2, 2, 2], 'xpos': [4.435938944092756, 1.0307551432939601, 3.2352299406942886], 'ypos': [4.124407238818856, 4.124849108793747, 3.7463997971478165], 'rotations': [3.139006452078938, 3.1375388227551584, 1.2323196525197768], 'orientations': ['upright', 'upright', 'lhs'], 'contact': [[0], [1], [2]], 'grounded': ['yes', 'yes', 'yes'], 'follow_rule': False}, {'ids': [0, 1, 2], 'colours': ['blue', 'red', 'green'], 'sizes': [1, 2, 2], 'xpos': [3.0932109723807226, 1.5916772287708951, 5.838313020835527], 'ypos': [3.8467269159804647, 3.7464748341054204, 3.749831911455641], 'rotations': [-1.2188050830168768, 1.233523720242682, 1.2375241745080596], 'orientations': ['rhs', 'lhs', 'lhs'], 'contact': [[0], [1], [2]], 'grounded': ['yes', 'yes', 'yes'], 'follow_rule': True}, {'ids': [0, 1, 2], 'colours': ['green', 'red', 'green'], 'sizes': [3, 1, 1], 'xpos': [6.677419118886269, 2.5802122539246564, 4.795637812470776], 'ypos': [3.6541972046557443, 3.8470304514613294, 3.847034461623417], 'rotations': [1.2477485912384607, 1.2158820240218366, 1.2158435603432538], 'orientations': ['lhs', 'lhs', 'lhs'], 'contact': [[0], [1], [2]], 'grounded': ['yes', 'yes', 'yes'], 'follow_rule': True}, {'ids': [0, 1, 2, 3, 4, 5], 'colours': ['red', 'green', 'green', 'red', 'red', 'green'], 'sizes': [3, 3, 3, 1, 3, 1], 'xpos': [4.04539932046708, 6.25367104406576, 1.31220887489158, 2.54397206141056, 5.03680142626962, 2.83313903630872], 'ypos': [3.68714653723475, 3.68793264237984, 3.68536700039956, 3.87290072175348, 3.71647947714512, 3.32290442001056], 'rotations': [1.24459422608336, 1.24522470760537, 5.03721490711028, 4.41693289260746, 2.04844681297516, 1.27753534246253], 'contact': [[0, 4, 3], 1, 2, [3, 0, 5], [4, 0], [5, 3]], 'grounded': ['yes', 'yes', 'yes', 'yes', 'yes', 'no']}, {'ids': [0, 1, 2, 3], 'colours': ['green', 'red', 'blue', 'red'], 'sizes': [1, 3, 2, 2], 'xpos': [3.91130904169482, 5.46428515532996, 6.02804597253327, 2.75909465803677], 'ypos': [3.88039857557471, 3.68809661044642, 3.83039687351375, 3.76829024369344], 'rotations': [1.21554845923219, 5.037860999749, 2.523398913166, 4.53015371920961], 'contact': [{'V1': [0, 3], 'V2': [1, 2], 'V3': [2, 1], 'V4': [3, 0]}], 'grounded': ['yes', 'yes', 'no', 'yes']}, {'ids': [0, 1], 'colours': ['red', 'red'], 'sizes': [1, 1], 'xpos': [2.66334600794472, 1.80432622054734], 'ypos': [3.88090170709236, 3.87778384307705], 'rotations': [1.21239198245414, 4.35415315781273], 'contact': [{'V1': [0, 1], 'V2': [1, 0]}], 'grounded': ['yes', 'yes']}, {'ids': [0, 1, 2, 3, 4], 'colours': ['red', 'red', 'blue', 'blue', 'green'], 'sizes': [3, 3, 1, 1, 1], 'xpos': [1.85360354206331, 4.53707158711655, 2.22962536171588, 3.31491059447484, 3.75418292003644], 'ypos': [3.68810486672765, 3.68793278435064, 3.60822662705904, 3.84556069624473, 3.52884365217974], 'rotations': [5.03784882313905, 1.24522475821424, 2.57929284346434, 1.86403082200312, 2.07051561191284], 'contact': [[0, 3, 2], [1, 4, 3], [2, 0], [3, 0, 1, 4], [4, 1, 3]], 'grounded': ['yes', 'yes', 'no', 'no', 'no']}, {'ids': [0, 1, 2, 3, 4, 5, 6], 'colours': ['red', 'green', 'red', 'red', 'green', 'green', 'red'], 'sizes': [1, 3, 2, 3, 3, 2, 2], 'xpos': [3.25946614949676, 2.44588297516233, 5.88127197371132, 4.16563349275137, 0.72362012303879, 2.368329881437, 7.02789960687692], 'ypos': [3.95518911276486, 3.68824247585198, 4.15744335942523, 4.15757462621801, 3.67646349730594, 3.64875460383896, 3.78297829877943], 'rotations': [3.90055989251386, 1.24543827105161, 3.14018849938784, 3.14209271550925, 4.46919423935855, 4.5928664481854, 5.04768654725134], 'contact': [[0, 5], [1, 5, 4], 2, 3, [4, 1], [5, 0, 1], 6], 'grounded': ['yes', 'yes', 'yes', 'yes', 'yes', 'no', 'yes']}, {'ids': [0, 1, 2, 3, 4], 'colours': ['red', 'blue', 'green', 'green', 'red'], 'sizes': [2, 1, 3, 3, 3], 'xpos': [1.81709153920562, 5.97480057561886, 3.31338082383512, 4.38059628007586, 6.61025661823443], 'ypos': [3.77963548478066, 4.15709914239659, 4.15857486018002, 4.1579783197977, 3.68443952609824], 'rotations': [1.2339014812192, 3.13995537974587, 3.14125891347883, 3.1426763466907, 5.03874238310661], 'contact': [{'V1': 0, 'V2': 1, 'V3': 2, 'V4': 3, 'V5': 4}], 'grounded': ['yes', 'yes', 'yes', 'yes', 'yes']}, {'ids': [0, 1, 2, 3, 4], 'colours': ['red', 'red', 'red', 'green', 'red'], 'sizes': [2, 3, 1, 3, 3], 'xpos': [3.73841073372075, 3.73677173096754, 2.76148516662288, 4.77214062348621, 4.69143283396105], 'ypos': [4.16009367569396, 4.14643505860911, 4.15849207519273, 4.15973417931752, 3.17867488361144], 'rotations': [3.13742681162325, 3.12687131684704, 3.14631730814226, 3.13796262321945, 2.12453024265947], 'contact': [[0, 1], [1, 0, 4], 2, [3, 4], [4, 1, 3]], 'grounded': ['yes', 'no', 'yes', 'yes', 'no']}, {'ids': [0, 1], 'colours': ['blue', 'red'], 'sizes': [1, 3], 'xpos': [4.12725264721393, 2.49227679939128], 'ypos': [4.15816511179978, 3.68449947257032], 'rotations': [3.13776634013453, 5.03835652479557], 'contact': [{'V1': 0, 'V2': 1}], 'grounded': ['yes', 'yes']}]","[True, True, True, True, True, False, False, False]","[True, True, True, True, False, True, True, True]","[False, False, False, False, False, False, False, False]","[False, False, False, False, True, False, False, False]","[True, True, True, True, True, False, False, False]","[True, True, True, True, True, True, True, True]","[False, False, False, False, False, False, False, False]","[False, False, False, False, False, False, False, False]",0.125,0.0,0.125,0.0,0.875,1.0,0.875,0.875,0.125,0.0,0.0,-0.125,0.125,0.0,0.750318187451469,-4.449783790835088,-5.545177444479562,10.979009123350012,11.090354888959125,4.6576576177310125,-11.011174867687282,-11.090354888959125,24.794938457614347,22.18070977791825,1.0502311195665048,"[1.0, 1.0, 1.0, 1.0, 1.0, 0.0, 1.0, 0.0, 1.0, 1.0, 1.0, 1.0, 1.0, 1.0, 1.0, 0.0135, 0.9530000000000001, 0.092, 0.5895, 0.5895, 1.0, 0.0, 0.0, 0.861, 1.0, 1.0, 1.0, 0.2925, 0.999, 0.999, 1.0, 0.7155, 0.0, 0.0, 1.0, 0.0, 0.0, 0.0, 1.0, 0.0, 0.0, 0.0, 1.0, 0.0, 0.0, 0.0, 1.0, 0.0, 1.0, 1.0, 1.0, 1.0, 0.0, 0.0, 0.0, 0.0, 1.0, 1.0, 1.0, 1.0, 0.935, 0.935, 0.935, 0.935, 1.0, 1.0, 1.0, 1.0, 0.0, 1.0, 0.0, 0.0, 0.0, 1.0, 1.0, 1.0, 1.0, 1.0, 1.0, 1.0, 1.0, 1.0, 1.0, 1.0, 0.0935, 0.0935, 0.0935, 0.0935, 1.0, 1.0, 1.0, 1.0, 1.0, 1.0, 1.0, 1.0, 1.0, 1.0, 1.0, 1.0, 1.0, 1.0, 1.0, 0.013000000000000001, 1.0, 1.0, 0.998, 1.0, 1.0, 0.002, 0.998, 0.002, 1.0, 1.0, 1.0, 1.0, 1.0, 1.0, 1.0, 0.0, 0.973, 1.0, 0.9530000000000001, 1.0, 0.8925000000000001, 0.9195, 0.17400000000000002, 0.201, 1.0, 1.0, 1.0, 1.0, 0.0, 0.0, 0.0, 0.0, 1.0, 1.0, 1.0, 0.24, 1.0, 1.0, 0.968, 1.0, 0.653, 0.653, 0.653, 1.0, 0.2535, 0.2535, 0.7035, 0.10300000000000001, 1.0, 1.0, 1.0, 1.0, 0.0, 1.0, 0.0, 0.0, 1.0, 1.0, 1.0, 0.012, 0.988, 0.988, 1.0, 1.0, 1.0, 0.0, 1.0, 1.0, 1.0, 0.0, 0.0, 1.0, 0.0, 0.0, 0.0, 1.0, 1.0, 0.0, 0.0, 0.0, 1.0, 1.0, 1.0, 1.0, 0.0, 0.0, 0.0, 0.0, 1.0, 1.0, 1.0, 1.0, 0.0, 0.0, 0.0, 0.0, 1.0, 1.0, 1.0, 1.0, 1.0, 1.0, 0.841, 1.0, 1.0, 1.0, 1.0, 1.0, 0.0, 0.0, 0.0, 0.0, 1.0, 1.0, 1.0, 1.0, 1.0, 1.0, 1.0, 0.0, 0.197, 0.0, 0.85, 0.653, 0.803, 0.0, 0.0, 0.0, 0.8525, 0.847, 0.9935, 0.847, 0.28300000000000003, 0.4305, 0.426, 0.426, 1.0, 1.0, 1.0, 1.0, 1.0, 1.0, 1.0, 0.0, 0.798, 1.0, 0.7995, 0.7995, 0.0275, 0.029, 0.2265, 0.1975, 1.0, 1.0, 1.0, 1.0, 0.0, 0.0, 0.0, 0.0, 0.862, 0.854, 0.8595, 0.8955000000000001, 0.045, 0.0005, 0.8695, 0.8505, 1.0, 1.0, 1.0, 0.022, 1.0, 1.0, 1.0, 0.978, 0.28400000000000003, 0.0145, 0.1885, 0.0275, 0.2755, 0.0, 0.0015, 0.013000000000000001, 0.0, 0.0, 0.0, 1.0, 1.0, 0.0, 0.0, 0.0, 1.0, 1.0, 1.0, 1.0, 0.0, 0.0, 0.0, 0.0, 1.0, 1.0, 1.0, 1.0, 1.0, 0.0, 1.0, 0.0, 1.0, 1.0, 1.0, 1.0, 1.0, 1.0, 1.0, 0.0, 1.0, 1.0, 1.0, 0.728, 0.8265, 0.5545, 0.5545, 0.8265, 1.0, 1.0, 1.0, 1.0, 1.0, 1.0, 1.0, 1.0, 1.0, 1.0, 1.0, 0.8715, 0.9365, 0.8695, 0.8695, 0.9365, 0.229, 0.229, 0.229, 0.229, 0.801, 0.03, 0.03, 0.801, 0.0, 0.0, 0.0, 1.0, 1.0, 0.0, 0.0, 0.0, 0.108, 0.114, 0.2315, 0.108, 0.114, 0.07050000000000001, 0.0495, 0.006, 1.0, 1.0, 1.0, 1.0, 0.0, 0.0, 0.0, 0.0, 0.8955000000000001, 0.895, 0.0115, 0.0, 0.883, 0.0, 0.0, 0.0, 1.0, 1.0, 1.0, 1.0, 0.0, 0.0, 0.0, 0.0, 0.902, 0.902, 0.902, 0.678, 0.88, 0.88, 0.902, 0.807, 1.0, 1.0, 1.0, 1.0, 0.0, 0.0, 0.0, 0.0, 1.0, 1.0, 1.0, 1.0, 1.0, 1.0, 1.0, 0.0, 1.0, 1.0, 1.0, 1.0, 0.0, 0.0, 0.0, 0.0, 1.0, 1.0, 1.0, 1.0, 0.008, 0.008, 0.008, 0.008, 1.0, 1.0, 1.0, 1.0, 1.0, 1.0, 1.0, 0.0, 1.0, 1.0, 1.0, 1.0, 1.0, 1.0, 0.6980000000000001, 1.0, 1.0, 1.0, 1.0, 1.0, 0.0, 0.0, 0.0, 0.0, 1.0, 1.0, 1.0, 1.0, 1.0, 1.0, 1.0, 0.0, 0.9530000000000001, 0.9530000000000001, 0.9530000000000001, 1.0, 1.0, 1.0, 0.641, 0.9530000000000001, 1.0, 1.0, 1.0, 1.0, 0.0, 0.0, 0.0, 0.0, 1.0, 1.0, 1.0, 1.0, 1.0, 1.0, 1.0, 1.0, 1.0, 1.0, 1.0, 1.0, 0.0, 0.0, 0.0, 0.0, 1.0, 1.0, 1.0, 1.0, 1.0, 1.0, 1.0, 1.0, 1.0, 1.0, 1.0, 1.0, 0.021500000000000002, 0.021500000000000002, 0.021500000000000002, 0.021500000000000002, 0.021500000000000002, 0.003, 0.02, 0.0095, 0.0095, 0.964, 0.9555, 0.0095, 1.0, 1.0, 1.0, 1.0, 1.0, 1.0, 1.0, 1.0, 1.0, 1.0, 1.0, 1.0, 0.0, 0.0, 0.0, 0.0, 1.0, 1.0, 1.0, 1.0, 0.0, 0.0, 1.0, 1.0, 1.0, 0.873, 0.198, 0.198, 1.0, 1.0, 0.6905, 1.0, 1.0, 1.0, 1.0, 1.0, 1.0, 1.0, 1.0, 0.0, 1.0, 0.999, 0.999, 1.0, 0.0025, 0.0025, 0.0025, 0.0025, 1.0, 1.0, 1.0, 1.0, 1.0, 0.686, 0.314, 0.0, 1.0, 1.0, 1.0, 1.0, 0.524, 0.524, 1.0, 0.47600000000000003, 1.0, 1.0, 1.0, 1.0, 0.008, 0.008, 0.008, 0.008, 0.9935, 0.9935, 0.9775, 0.9935, 0.9935, 0.0225, 0.988, 0.017, 1.0, 1.0, 1.0, 1.0, 0.0725, 0.0725, 0.0725, 0.0725, 0.041, 1.0, 1.0, 0.9590000000000001, 0.041, 0.9590000000000001, 1.0, 0.0, 0.7435, 0.9835, 0.7425, 0.986, 0.7435, 0.7435, 0.256, 0.987, 1.0, 0.005, 1.0, 1.0, 1.0, 0.005, 0.005, 1.0, 1.0, 1.0, 1.0, 1.0, 1.0, 1.0, 1.0, 0.0, 1.0, 1.0, 1.0, 1.0, 0.0, 0.0, 0.0, 0.0, 1.0, 1.0, 1.0, 1.0, 0.0, 0.0, 0.0, 0.0, 0.9705, 0.9705, 0.9145, 1.0, 0.8015, 0.8015, 0.9705, 0.7865, 1.0, 1.0, 1.0, 1.0, 0.0, 0.0, 0.0, 0.0, 1.0, 1.0, 1.0, 1.0, 0.0, 0.0, 0.0, 0.0, 1.0, 1.0, 1.0, 1.0, 0.0, 0.0, 0.0, 0.0, 1.0, 1.0, 1.0, 1.0, 1.0, 1.0, 1.0, 1.0]",-418.5875071169283,843.720363894191,-482.430437669722,964.860875339444,0.5138983421086265,-3.0141612900514936,8.107764121782823,0.3692694496589688,-3.740666539303497,10.253921800846776,0.6334250289943713,"[1.0, 1.0, 1.0, 1.0, 1.0, 0.0, 1.0, 0.0, 1.0, 1.0, 1.0, 1.0, 1.0, 1.0, 1.0, 0.0, 0.0, 0.0, 0.0, 0.0, 0.0, 0.0, 0.0, 0.0, 1.0, 1.0, 1.0, 0.0, 0.0, 0.0, 1.0, 0.0, 0.0, 0.0, 1.0, 1.0, 0.0, 1.0, 1.0, 1.0, 1.0, 1.0, 1.0, 1.0, 0.0, 0.0, 1.0, 1.0, 1.0, 1.0, 1.0, 1.0, 0.0, 0.0, 0.0, 0.0, 1.0, 1.0, 1.0, 1.0, 0.0, 0.0, 0.0, 0.0, 0.0, 0.0, 0.0, 0.0, 0.0, 1.0, 1.0, 0.0, 1.0, 1.0, 1.0, 1.0, 0.0, 0.0, 0.0, 0.0, 1.0, 1.0, 1.0, 1.0, 0.0, 0.0, 0.0, 0.0, 1.0, 1.0, 1.0, 1.0, 1.0, 1.0, 0.0, 1.0, 1.0, 1.0, 1.0, 1.0, 1.0, 1.0, 1.0, 0.0, 1.0, 1.0, 1.0, 1.0, 1.0, 0.0, 1.0, 0.0, 0.0, 1.0, 0.0, 0.0, 1.0, 1.0, 1.0, 0.0, 1.0, 1.0, 0.0, 1.0, 1.0, 0.0, 0.0, 0.0, 1.0, 1.0, 1.0, 0.0, 1.0, 1.0, 1.0, 1.0, 1.0, 1.0, 1.0, 1.0, 0.0, 0.0, 0.0, 0.0, 1.0, 1.0, 1.0, 0.0, 0.0, 0.0, 1.0, 0.0, 0.0, 0.0, 1.0, 0.0, 0.0, 0.0, 0.0, 0.0, 1.0, 1.0, 1.0, 0.0, 0.0, 0.0, 1.0, 0.0, 0.0, 0.0, 0.0, 1.0, 0.0, 0.0, 0.0, 0.0, 0.0, 0.0, 0.0, 1.0, 0.0, 0.0, 0.0, 0.0, 1.0, 1.0, 1.0, 1.0, 0.0, 0.0, 0.0, 0.0, 1.0, 1.0, 1.0, 0.0, 0.0, 0.0, 1.0, 0.0, 1.0, 1.0, 1.0, 1.0, 0.0, 0.0, 0.0, 0.0, 1.0, 1.0, 1.0, 1.0, 0.0, 0.0, 0.0, 0.0, 1.0, 1.0, 1.0, 1.0, 1.0, 1.0, 1.0, 0.0, 0.0, 0.0, 0.0, 0.0, 1.0, 0.0, 0.0, 0.0, 1.0, 1.0, 1.0, 1.0, 1.0, 1.0, 1.0, 1.0, 1.0, 1.0, 1.0, 1.0, 1.0, 1.0, 1.0, 0.0, 0.0, 0.0, 0.0, 0.0, 0.0, 0.0, 0.0, 0.0, 0.0, 1.0, 0.0, 1.0, 0.0, 1.0, 0.0, 1.0, 0.0, 0.0, 0.0, 1.0, 0.0, 0.0, 0.0, 0.0, 1.0, 1.0, 1.0, 0.0, 0.0, 0.0, 1.0, 0.0, 1.0, 1.0, 1.0, 1.0, 1.0, 0.0, 1.0, 0.0, 0.0, 1.0, 1.0, 1.0, 0.0, 0.0, 0.0, 0.0, 1.0, 1.0, 1.0, 0.0, 1.0, 1.0, 1.0, 1.0, 0.0, 1.0, 1.0, 1.0, 0.0, 0.0, 0.0, 0.0, 1.0, 1.0, 1.0, 1.0, 1.0, 1.0, 1.0, 0.0, 1.0, 1.0, 1.0, 1.0, 0.0, 0.0, 0.0, 0.0, 1.0, 1.0, 1.0, 1.0, 0.0, 0.0, 0.0, 0.0, 0.0, 1.0, 0.0, 0.0, 0.0, 0.0, 0.0, 0.0, 1.0, 1.0, 1.0, 1.0, 1.0, 0.0, 1.0, 1.0, 0.0, 0.0, 0.0, 0.0, 0.0, 1.0, 1.0, 0.0, 1.0, 1.0, 1.0, 1.0, 1.0, 0.0, 1.0, 0.0, 1.0, 1.0, 1.0, 1.0, 1.0, 0.0, 1.0, 1.0, 0.0, 0.0, 0.0, 0.0, 0.0, 1.0, 1.0, 0.0, 1.0, 0.0, 0.0, 1.0, 0.0, 0.0, 0.0, 0.0, 1.0, 1.0, 1.0, 0.0, 0.0, 0.0, 1.0, 0.0, 1.0, 1.0, 1.0, 0.0, 0.0, 0.0, 0.0, 0.0, 1.0, 1.0, 1.0, 1.0, 1.0, 1.0, 1.0, 0.0, 0.0, 0.0, 0.0, 0.0, 0.0, 0.0, 0.0, 0.0, 1.0, 0.0, 1.0, 0.0, 0.0, 0.0, 0.0, 0.0, 1.0, 1.0, 1.0, 1.0, 1.0, 1.0, 1.0, 0.0, 1.0, 1.0, 1.0, 1.0, 1.0, 1.0, 0.0, 1.0, 1.0, 1.0, 1.0, 1.0, 0.0, 0.0, 0.0, 0.0, 1.0, 1.0, 1.0, 1.0, 1.0, 1.0, 1.0, 0.0, 0.0, 1.0, 1.0, 1.0, 0.0, 0.0, 0.0, 0.0, 1.0, 1.0, 1.0, 1.0, 0.0, 0.0, 0.0, 0.0, 1.0, 0.0, 1.0, 0.0, 0.0, 0.0, 0.0, 0.0, 1.0, 1.0, 1.0, 1.0, 1.0, 0.0, 1.0, 0.0, 1.0, 1.0, 1.0, 0.0, 1.0, 1.0, 0.0, 1.0, 1.0, 1.0, 1.0, 1.0, 0.0, 0.0, 0.0, 0.0, 0.0, 0.0, 0.0, 0.0, 0.0, 1.0, 0.0, 0.0, 1.0, 1.0, 1.0, 1.0, 0.0, 0.0, 0.0, 0.0, 0.0, 0.0, 0.0, 0.0, 0.0, 0.0, 0.0, 0.0, 1.0, 0.0, 1.0, 0.0, 0.0, 0.0, 0.0, 0.0, 1.0, 1.0, 0.0, 0.0, 1.0, 1.0, 1.0, 1.0, 1.0, 1.0, 1.0, 1.0, 1.0, 1.0, 1.0, 1.0, 1.0, 1.0, 1.0, 1.0, 1.0, 0.0, 1.0, 1.0, 0.0, 1.0, 0.0, 1.0, 0.0, 1.0, 0.0, 0.0, 1.0, 1.0, 1.0, 1.0, 0.0, 0.0, 1.0, 0.0, 1.0, 1.0, 1.0, 1.0, 0.0, 0.0, 0.0, 0.0, 0.0, 0.0, 0.0, 1.0, 0.0, 0.0, 0.0, 0.0, 1.0, 1.0, 1.0, 1.0, 0.0, 0.0, 0.0, 0.0, 0.0, 1.0, 1.0, 1.0, 0.0, 1.0, 1.0, 0.0, 1.0, 1.0, 1.0, 1.0, 0.0, 0.0, 0.0, 0.0, 1.0, 0.0, 1.0, 1.0, 1.0, 0.0, 0.0, 1.0, 1.0, 1.0, 1.0, 1.0, 1.0, 1.0, 1.0, 0.0, 0.0, 1.0, 1.0, 1.0, 1.0, 1.0, 0.0, 0.0, 1.0, 1.0, 1.0, 1.0, 0.0, 0.0, 0.0, 0.0, 1.0, 1.0, 1.0, 0.0, 0.0, 0.0, 1.0, 0.0, 1.0, 1.0, 1.0, 1.0, 0.0, 0.0, 0.0, 0.0, 0.0, 0.0, 0.0, 0.0, 0.0, 0.0, 0.0, 0.0, 0.0, 1.0, 0.0, 1.0, 0.0, 1.0, 1.0, 0.0, 1.0, 1.0, 1.0, 1.0, 1.0, 0.0, 0.0, 1.0]",-318.3726801373107,643.2907099349558,0.5138983421086265,-3.0141612900514936,-5.545177444479562,8.107764121782823,11.090354888959125,0.3692694496589688,-3.740666539303497,-11.090354888959125,10.253921800846776,22.18070977791825,0.6173530694834558,"[1.0, 1.0, 1.0, 1.0, 1.0, 0.0, 1.0, 0.0, 1.0, 1.0, 1.0, 1.0, 1.0, 1.0, 1.0, 0.0, 0.0, 0.0, 0.0, 0.0, 0.0, 0.0, 0.0, 0.0, 1.0, 1.0, 1.0, 0.0, 0.0, 0.0, 1.0, 0.0, 0.0, 0.0, 1.0, 1.0, 0.0, 1.0, 1.0, 1.0, 0.0, 0.0, 0.0, 0.0, 0.0, 0.0, 0.0, 0.0, 1.0, 1.0, 1.0, 1.0, 0.0, 0.0, 0.0, 0.0, 1.0, 1.0, 1.0, 1.0, 0.0, 0.0, 0.0, 0.0, 0.0, 0.0, 0.0, 0.0, 0.0, 1.0, 1.0, 0.0, 0.0, 0.0, 0.0, 1.0, 0.0, 0.0, 0.0, 0.0, 1.0, 1.0, 1.0, 1.0, 0.0, 0.0, 0.0, 0.0, 0.0, 0.0, 0.0, 0.0, 1.0, 1.0, 0.0, 1.0, 1.0, 1.0, 1.0, 1.0, 1.0, 1.0, 1.0, 0.0, 1.0, 1.0, 1.0, 1.0, 1.0, 0.0, 1.0, 0.0, 0.0, 1.0, 0.0, 0.0, 1.0, 1.0, 1.0, 0.0, 1.0, 1.0, 0.0, 1.0, 1.0, 0.0, 0.0, 0.0, 1.0, 1.0, 1.0, 0.0, 1.0, 1.0, 1.0, 1.0, 1.0, 1.0, 1.0, 1.0, 0.0, 0.0, 0.0, 0.0, 1.0, 1.0, 1.0, 0.0, 0.0, 0.0, 1.0, 0.0, 0.0, 0.0, 1.0, 0.0, 0.0, 0.0, 0.0, 0.0, 1.0, 1.0, 1.0, 0.0, 0.0, 0.0, 1.0, 0.0, 0.0, 0.0, 0.0, 1.0, 0.0, 0.0, 0.0, 0.0, 0.0, 0.0, 0.0, 1.0, 0.0, 0.0, 0.0, 0.0, 1.0, 1.0, 1.0, 1.0, 0.0, 0.0, 0.0, 0.0, 1.0, 1.0, 1.0, 0.0, 0.0, 0.0, 1.0, 0.0, 1.0, 1.0, 1.0, 1.0, 0.0, 0.0, 0.0, 0.0, 1.0, 1.0, 1.0, 1.0, 0.0, 0.0, 0.0, 0.0, 1.0, 1.0, 1.0, 1.0, 1.0, 1.0, 1.0, 0.0, 0.0, 0.0, 0.0, 0.0, 1.0, 0.0, 0.0, 0.0, 1.0, 1.0, 1.0, 1.0, 1.0, 1.0, 1.0, 1.0, 1.0, 1.0, 1.0, 1.0, 1.0, 1.0, 1.0, 0.0, 0.0, 0.0, 0.0, 0.0, 0.0, 0.0, 0.0, 0.0, 0.0, 1.0, 0.0, 1.0, 0.0, 1.0, 0.0, 1.0, 0.0, 0.0, 0.0, 1.0, 0.0, 0.0, 0.0, 0.0, 1.0, 1.0, 1.0, 0.0, 0.0, 0.0, 1.0, 0.0, 1.0, 1.0, 1.0, 1.0, 1.0, 0.0, 1.0, 0.0, 0.0, 1.0, 1.0, 1.0, 0.0, 0.0, 0.0, 0.0, 1.0, 1.0, 1.0, 0.0, 1.0, 1.0, 1.0, 1.0, 0.0, 1.0, 1.0, 1.0, 0.0, 0.0, 0.0, 0.0, 1.0, 1.0, 1.0, 1.0, 1.0, 1.0, 1.0, 0.0, 1.0, 1.0, 1.0, 1.0, 0.0, 0.0, 0.0, 0.0, 1.0, 1.0, 1.0, 1.0, 0.0, 0.0, 0.0, 0.0, 0.0, 1.0, 0.0, 0.0, 0.0, 0.0, 0.0, 0.0, 0.0, 0.0, 0.0, 0.0, 0.0, 0.0, 0.0, 0.0, 1.0, 0.0, 1.0, 1.0, 1.0, 0.0, 0.0, 1.0, 1.0, 1.0, 1.0, 1.0, 1.0, 0.0, 1.0, 0.0, 1.0, 1.0, 1.0, 1.0, 1.0, 0.0, 1.0, 1.0, 0.0, 0.0, 0.0, 0.0, 0.0, 1.0, 1.0, 0.0, 1.0, 0.0, 0.0, 1.0, 0.0, 0.0, 0.0, 0.0, 1.0, 1.0, 1.0, 0.0, 0.0, 0.0, 1.0, 0.0, 1.0, 1.0, 1.0, 0.0, 0.0, 0.0, 0.0, 0.0, 1.0, 1.0, 1.0, 1.0, 1.0, 1.0, 1.0, 0.0, 0.0, 0.0, 0.0, 0.0, 0.0, 0.0, 0.0, 0.0, 1.0, 0.0, 1.0, 0.0, 0.0, 0.0, 0.0, 0.0, 1.0, 1.0, 1.0, 1.0, 1.0, 1.0, 1.0, 0.0, 1.0, 1.0, 1.0, 1.0, 1.0, 1.0, 0.0, 1.0, 1.0, 1.0, 1.0, 1.0, 0.0, 0.0, 0.0, 0.0, 1.0, 1.0, 1.0, 1.0, 1.0, 1.0, 1.0, 0.0, 0.0, 1.0, 1.0, 1.0, 0.0, 0.0, 0.0, 0.0, 1.0, 1.0, 1.0, 1.0, 0.0, 0.0, 0.0, 0.0, 1.0, 0.0, 1.0, 0.0, 0.0, 0.0, 0.0, 0.0, 1.0, 1.0, 1.0, 1.0, 1.0, 0.0, 1.0, 0.0, 1.0, 1.0, 1.0, 0.0, 1.0, 1.0, 0.0, 1.0, 1.0, 1.0, 1.0, 1.0, 0.0, 0.0, 0.0, 0.0, 0.0, 0.0, 0.0, 0.0, 0.0, 1.0, 0.0, 0.0, 1.0, 1.0, 1.0, 1.0, 0.0, 0.0, 0.0, 0.0, 0.0, 0.0, 0.0, 0.0, 0.0, 0.0, 0.0, 0.0, 1.0, 0.0, 1.0, 0.0, 0.0, 0.0, 0.0, 0.0, 1.0, 1.0, 0.0, 0.0, 1.0, 1.0, 1.0, 1.0, 1.0, 1.0, 1.0, 1.0, 1.0, 1.0, 1.0, 1.0, 1.0, 1.0, 1.0, 1.0, 1.0, 0.0, 1.0, 1.0, 0.0, 1.0, 0.0, 1.0, 0.0, 1.0, 0.0, 0.0, 1.0, 1.0, 1.0, 1.0, 0.0, 0.0, 1.0, 0.0, 1.0, 1.0, 1.0, 1.0, 0.0, 0.0, 0.0, 0.0, 0.0, 0.0, 0.0, 1.0, 0.0, 0.0, 0.0, 0.0, 1.0, 1.0, 1.0, 1.0, 0.0, 0.0, 0.0, 0.0, 0.0, 1.0, 1.0, 1.0, 0.0, 1.0, 1.0, 0.0, 1.0, 1.0, 1.0, 1.0, 0.0, 0.0, 0.0, 0.0, 1.0, 0.0, 1.0, 1.0, 1.0, 0.0, 0.0, 1.0, 1.0, 1.0, 1.0, 1.0, 1.0, 1.0, 1.0, 0.0, 0.0, 0.0, 1.0, 0.0, 0.0, 1.0, 0.0, 0.0, 1.0, 1.0, 1.0, 1.0, 0.0, 0.0, 0.0, 0.0, 1.0, 1.0, 1.0, 0.0, 0.0, 0.0, 1.0, 0.0, 1.0, 1.0, 1.0, 1.0, 0.0, 0.0, 0.0, 0.0, 0.0, 0.0, 0.0, 0.0, 0.0, 0.0, 0.0, 0.0, 0.0, 1.0, 0.0, 1.0, 0.0, 1.0, 1.0, 0.0, 1.0, 1.0, 1.0, 1.0, 1.0, 0.0, 0.0, 1.0]",-311.9759791000219,630.4973078603782,-482.430437669722,964.860875339444,0.45695032106539474,-2.7646718507475883,-5.545177444479562,7.608785243175012,11.090354888959125,0.40023725884270545,-5.514356645725195,-11.090354888959125,13.801302013690172,22.18070977791825,1.0908740239314543,"[0.0, 0.0, 1.0, 0.0, 0.0, 0.0, 0.0, 0.0, 1.0, 1.0, 1.0, 1.0, 0.877, 0.877, 0.877, 0.0, 1.0, 0.259, 1.0, 1.0, 0.8015, 0.0, 0.259, 1.0, 1.0, 1.0, 1.0, 1.0, 1.0, 1.0, 1.0, 0.0, 0.0, 0.0, 1.0, 0.0, 0.0, 0.0, 1.0, 0.0, 0.0, 0.0, 1.0, 0.0, 0.0, 0.0, 1.0, 0.0, 0.0, 0.0, 0.0, 0.0775, 0.0, 0.0, 0.1635, 0.47100000000000003, 1.0, 1.0, 1.0, 1.0, 0.0, 0.0, 0.0, 0.0, 0.0, 0.0, 0.0, 0.0, 0.0, 0.0, 0.0, 0.0, 1.0, 1.0, 1.0, 1.0, 1.0, 1.0, 1.0, 0.0, 1.0, 1.0, 1.0, 1.0, 0.0, 0.0, 0.0, 0.0, 0.0, 0.0, 0.0, 0.0, 0.0, 0.113, 0.113, 0.0, 0.0, 0.0, 0.0, 1.0, 0.0, 0.0, 0.0, 0.0, 1.0, 1.0, 1.0, 1.0, 0.0, 0.0, 0.0, 0.0, 0.9995, 1.0, 1.0, 0.663, 1.0, 1.0, 1.0, 0.353, 1.0, 1.0, 1.0, 1.0, 0.082, 0.082, 0.0, 0.0, 0.973, 1.0, 0.7655000000000001, 0.605, 0.973, 1.0, 1.0, 0.368, 0.0, 0.0, 1.0, 0.0, 1.0, 0.0, 1.0, 0.0, 1.0, 1.0, 1.0, 1.0, 0.0, 0.0, 1.0, 0.0, 1.0, 1.0, 1.0, 1.0, 0.0, 0.9465, 0.0, 0.0, 0.666, 1.0, 0.666, 0.666, 0.0, 0.0, 0.7975, 0.0, 0.0, 0.9430000000000001, 0.0, 1.0, 1.0, 0.0, 0.0, 0.0, 0.0, 1.0, 0.0, 0.0, 0.0, 0.0, 0.0, 0.0, 1.0, 1.0, 1.0, 1.0, 0.0, 0.0, 0.0, 0.0, 1.0, 1.0, 1.0, 1.0, 1.0, 1.0, 1.0, 0.0005, 1.0, 1.0, 1.0, 1.0, 1.0, 1.0, 0.0, 1.0, 1.0, 1.0, 1.0, 1.0, 0.0, 0.0, 0.0, 0.0, 1.0, 1.0, 1.0, 1.0, 1.0, 1.0, 1.0, 0.0, 1.0, 0.0, 1.0, 0.0, 0.0, 0.0, 0.0, 0.0, 0.0, 1.0, 0.0, 1.0, 0.0, 1.0, 0.0, 1.0, 1.0, 1.0, 1.0, 1.0, 1.0, 1.0, 1.0, 0.0, 1.0, 0.0, 1.0, 1.0, 1.0, 0.0, 0.0, 1.0, 1.0, 1.0, 1.0, 1.0, 1.0, 1.0, 1.0, 1.0, 0.0, 0.9580000000000001, 0.0, 0.0, 0.0, 0.0, 0.0045000000000000005, 0.0, 0.0, 0.0, 0.0, 0.0, 0.0, 0.0, 0.0, 1.0, 0.0, 0.0, 0.0005, 0.0, 0.0, 0.0, 0.0, 0.0, 0.0, 1.0, 0.0, 0.0, 0.0, 0.0, 0.0, 0.0, 1.0, 1.0, 1.0, 0.001, 0.001, 0.001, 1.0, 0.0, 0.0, 0.0, 0.6225, 0.0, 0.0, 0.0, 0.0, 0.0, 1.0, 1.0, 1.0, 1.0, 0.0, 0.0, 0.0, 0.0, 0.0, 0.0, 0.0, 0.0, 0.0, 0.0, 0.0, 0.0, 1.0, 1.0, 1.0, 1.0, 1.0, 1.0, 1.0, 0.0, 0.0, 0.0, 0.0, 1.0, 0.0, 0.0, 1.0, 0.0, 1.0, 1.0, 1.0, 1.0, 0.0, 0.0, 0.0, 0.0, 0.0, 1.0, 0.0, 0.0, 1.0, 0.0, 0.0, 1.0, 1.0, 1.0, 1.0, 1.0, 0.0, 0.0, 0.0, 0.0, 1.0, 1.0, 1.0, 1.0, 1.0, 0.0, 1.0, 1.0, 0.0, 0.0005, 0.0, 0.0, 0.0, 0.38, 0.0, 0.0, 1.0, 1.0, 1.0, 1.0, 0.0, 0.0, 0.0, 0.0, 1.0, 1.0, 1.0, 0.999, 1.0, 1.0, 1.0, 0.0195, 1.0, 1.0, 1.0, 1.0, 0.0, 0.0, 0.0, 0.0, 0.0, 0.6285000000000001, 0.0, 0.328, 0.0, 0.0, 0.6285000000000001, 0.0, 0.0, 0.0, 0.0, 0.0, 0.0, 0.0, 0.0, 1.0, 1.0, 1.0, 1.0, 1.0, 0.0, 0.0, 0.0, 0.0, 1.0, 1.0, 1.0, 1.0, 1.0, 1.0, 1.0, 0.0, 1.0, 1.0, 1.0, 1.0, 1.0, 1.0, 0.0375, 1.0, 1.0, 1.0, 1.0, 1.0, 0.0, 0.0, 0.0, 0.0, 1.0, 1.0, 1.0, 1.0, 1.0, 1.0, 1.0, 0.0, 1.0, 1.0, 1.0, 1.0, 1.0, 1.0, 0.0, 1.0, 1.0, 1.0, 1.0, 1.0, 0.0, 0.0, 0.0, 0.0, 1.0, 1.0, 1.0, 1.0, 1.0, 1.0, 1.0, 1.0, 0.0, 0.0, 0.4395, 0.0, 0.0, 0.0, 0.001, 1.0, 0.0, 0.0, 0.0, 0.0, 0.0, 0.0, 0.0, 0.0, 1.0, 1.0, 1.0, 0.0, 1.0, 0.0, 0.0, 1.0, 0.0, 0.0, 1.0, 1.0, 1.0, 0.0, 0.0, 0.0, 0.0, 0.0, 0.0, 0.0, 0.0, 0.0, 0.0, 0.0, 1.0, 1.0, 1.0, 1.0, 0.0, 0.0, 0.0, 0.0, 0.0, 0.0, 0.0, 0.0, 0.0, 1.0, 0.0, 0.0, 1.0, 1.0, 1.0, 1.0, 0.0, 0.4945, 0.0, 0.0, 1.0, 1.0, 1.0, 1.0, 0.0, 0.0, 1.0, 1.0, 1.0, 1.0, 1.0, 1.0, 0.0, 0.0, 0.0, 0.0, 1.0, 1.0, 1.0, 1.0, 1.0, 0.704, 0.296, 0.0, 1.0, 1.0, 1.0, 1.0, 0.0, 0.0, 1.0, 1.0, 1.0, 1.0, 1.0, 1.0, 0.0, 0.0, 0.0, 0.0, 0.006, 1.0, 0.006, 0.708, 0.298, 1.0, 0.298, 1.0, 1.0, 1.0, 1.0, 1.0, 0.0, 0.0, 0.0, 0.0, 1.0, 0.0, 1.0, 1.0, 1.0, 0.0, 0.0, 1.0, 0.0, 1.0, 1.0, 1.0, 0.0, 0.0, 0.0, 0.0, 1.0, 0.224, 1.0, 1.0, 0.776, 0.0, 0.224, 1.0, 1.0, 1.0, 1.0, 1.0, 0.0, 0.0, 0.0, 0.0, 1.0, 1.0, 0.0, 1.0, 1.0, 1.0, 0.0, 1.0, 1.0, 1.0, 1.0, 1.0, 0.0, 0.0, 0.0, 0.0, 1.0, 1.0, 1.0, 1.0, 1.0, 1.0, 1.0, 0.0, 1.0, 1.0, 1.0, 1.0, 0.0, 0.0, 0.0, 0.0, 0.0, 0.0, 0.0, 0.0, 0.0, 0.0, 0.0, 0.0, 1.0, 0.4865, 1.0, 1.0, 1.0, 0.0075, 0.4865, 1.0, 0.0225, 0.0, 0.0, 0.9775, 0.0, 0.0, 0.0, 0.0]",-419.18595103414617,844.9172517286268,-482.430437669722,964.860875339444,0.5138983421086265,-3.0141612900514936,-5.545177444479562,8.107764121782823,11.090354888959125,0.3692694496589688,-3.740666539303497,-11.090354888959125,10.253921800846776,22.18070977791825,0.5787520451143159,"[1.0, 1.0, 1.0, 1.0, 1.0, 0.0, 1.0, 0.0, 1.0, 1.0, 1.0, 1.0, 1.0, 1.0, 1.0, 0.0, 0.0, 0.0, 0.0, 0.0, 0.0, 0.0, 0.0, 0.0, 1.0, 1.0, 1.0, 1.0, 0.0, 0.0, 1.0, 0.0, 0.0, 0.0, 0.0, 0.0, 0.0, 1.0, 0.0, 0.0, 0.0, 0.0, 0.0, 0.0, 0.0, 0.0, 0.0, 0.0, 1.0, 1.0, 1.0, 1.0, 0.0, 0.0, 0.0, 0.0, 1.0, 1.0, 1.0, 1.0, 0.0, 0.0, 0.0, 0.0, 0.0, 0.0, 0.0, 0.0, 0.0, 1.0, 1.0, 0.0, 1.0, 1.0, 1.0, 1.0, 0.0, 0.0, 0.0, 0.0, 1.0, 1.0, 1.0, 1.0, 0.0, 0.0, 0.0, 0.0, 0.0, 0.0, 0.0, 0.0, 0.0, 0.0, 0.0, 0.0, 1.0, 1.0, 1.0, 1.0, 1.0, 1.0, 1.0, 0.0, 1.0, 1.0, 1.0, 1.0, 1.0, 0.0, 1.0, 0.0, 0.0, 1.0, 0.0, 0.0, 1.0, 1.0, 1.0, 0.0, 1.0, 1.0, 0.0, 1.0, 1.0, 0.0, 0.0, 0.0, 1.0, 1.0, 1.0, 0.0, 1.0, 1.0, 1.0, 1.0, 1.0, 1.0, 1.0, 1.0, 0.0, 0.0, 0.0, 0.0, 1.0, 1.0, 1.0, 0.0, 0.0, 0.0, 1.0, 0.0, 0.0, 0.0, 1.0, 0.0, 0.0, 0.0, 0.0, 0.0, 1.0, 1.0, 1.0, 0.0, 0.0, 0.0, 1.0, 0.0, 0.0, 0.0, 0.0, 1.0, 0.0, 0.0, 0.0, 0.0, 0.0, 0.0, 0.0, 1.0, 0.0, 0.0, 0.0, 0.0, 1.0, 1.0, 1.0, 1.0, 0.0, 0.0, 0.0, 0.0, 1.0, 1.0, 1.0, 0.0, 0.0, 0.0, 1.0, 0.0, 1.0, 1.0, 1.0, 1.0, 0.0, 0.0, 0.0, 0.0, 1.0, 1.0, 1.0, 1.0, 0.0, 0.0, 0.0, 0.0, 1.0, 1.0, 1.0, 1.0, 1.0, 1.0, 1.0, 0.0, 0.0, 0.0, 0.0, 0.0, 1.0, 0.0, 0.0, 0.0, 1.0, 1.0, 1.0, 1.0, 1.0, 1.0, 1.0, 1.0, 1.0, 1.0, 1.0, 1.0, 1.0, 1.0, 1.0, 0.0, 0.0, 0.0, 0.0, 0.0, 0.0, 0.0, 0.0, 0.0, 0.0, 1.0, 0.0, 1.0, 0.0, 1.0, 0.0, 1.0, 0.0, 0.0, 0.0, 1.0, 0.0, 0.0, 0.0, 0.0, 1.0, 1.0, 1.0, 0.0, 0.0, 0.0, 1.0, 0.0, 0.0, 0.0, 1.0, 0.0, 0.0, 0.0, 0.0, 0.0, 0.0, 1.0, 1.0, 1.0, 0.0, 0.0, 0.0, 0.0, 1.0, 1.0, 1.0, 0.0, 1.0, 1.0, 1.0, 1.0, 0.0, 0.0, 1.0, 0.0, 0.0, 0.0, 0.0, 0.0, 1.0, 1.0, 1.0, 1.0, 1.0, 1.0, 1.0, 0.0, 1.0, 1.0, 1.0, 1.0, 0.0, 0.0, 0.0, 0.0, 1.0, 1.0, 1.0, 1.0, 0.0, 0.0, 0.0, 0.0, 0.0, 1.0, 0.0, 0.0, 0.0, 0.0, 0.0, 0.0, 0.0, 0.0, 0.0, 0.0, 0.0, 0.0, 0.0, 0.0, 0.0, 0.0, 0.0, 0.0, 0.0, 0.0, 0.0, 0.0, 1.0, 1.0, 0.0, 1.0, 1.0, 0.0, 1.0, 0.0, 1.0, 1.0, 1.0, 1.0, 1.0, 0.0, 1.0, 1.0, 0.0, 0.0, 0.0, 0.0, 0.0, 1.0, 1.0, 0.0, 1.0, 0.0, 0.0, 1.0, 0.0, 0.0, 0.0, 0.0, 1.0, 1.0, 1.0, 0.0, 0.0, 0.0, 1.0, 0.0, 1.0, 1.0, 1.0, 0.0, 0.0, 0.0, 0.0, 0.0, 1.0, 1.0, 1.0, 1.0, 1.0, 1.0, 1.0, 0.0, 0.0, 0.0, 0.0, 0.0, 0.0, 0.0, 0.0, 0.0, 1.0, 0.0, 1.0, 0.0, 0.0, 0.0, 0.0, 0.0, 1.0, 1.0, 1.0, 1.0, 1.0, 1.0, 1.0, 0.0, 1.0, 1.0, 1.0, 1.0, 1.0, 1.0, 0.0, 1.0, 1.0, 1.0, 1.0, 1.0, 0.0, 0.0, 0.0, 0.0, 1.0, 1.0, 1.0, 1.0, 1.0, 1.0, 1.0, 0.0, 0.0, 1.0, 1.0, 1.0, 0.0, 0.0, 0.0, 0.0, 1.0, 1.0, 1.0, 1.0, 0.0, 0.0, 0.0, 0.0, 1.0, 0.0, 1.0, 0.0, 0.0, 0.0, 0.0, 0.0, 1.0, 1.0, 1.0, 1.0, 1.0, 0.0, 1.0, 0.0, 1.0, 1.0, 1.0, 0.0, 1.0, 1.0, 0.0, 1.0, 1.0, 1.0, 1.0, 1.0, 0.0, 0.0, 0.0, 0.0, 0.0, 0.0, 0.0, 0.0, 0.0, 0.0, 0.0, 0.0, 1.0, 1.0, 1.0, 1.0, 0.0, 0.0, 0.0, 0.0, 0.0, 0.0, 0.0, 0.0, 0.0, 0.0, 0.0, 0.0, 0.0, 0.0, 0.0, 0.0, 0.0, 0.0, 0.0, 0.0, 1.0, 1.0, 0.0, 0.0, 1.0, 1.0, 1.0, 1.0, 1.0, 1.0, 1.0, 1.0, 1.0, 1.0, 1.0, 1.0, 1.0, 1.0, 1.0, 1.0, 1.0, 0.0, 1.0, 1.0, 0.0, 1.0, 0.0, 1.0, 0.0, 1.0, 0.0, 0.0, 1.0, 1.0, 1.0, 1.0, 0.0, 0.0, 1.0, 0.0, 1.0, 1.0, 1.0, 1.0, 0.0, 0.0, 0.0, 0.0, 0.0, 0.0, 0.0, 1.0, 0.0, 0.0, 0.0, 0.0, 1.0, 1.0, 1.0, 1.0, 0.0, 0.0, 0.0, 0.0, 0.0, 1.0, 1.0, 1.0, 0.0, 1.0, 1.0, 0.0, 1.0, 1.0, 1.0, 1.0, 0.0, 0.0, 0.0, 0.0, 1.0, 0.0, 1.0, 1.0, 1.0, 0.0, 0.0, 1.0, 1.0, 1.0, 1.0, 1.0, 1.0, 1.0, 1.0, 0.0, 0.0, 1.0, 1.0, 1.0, 1.0, 1.0, 0.0, 0.0, 1.0, 1.0, 1.0, 1.0, 0.0, 0.0, 0.0, 0.0, 1.0, 1.0, 1.0, 0.0, 0.0, 0.0, 1.0, 0.0, 1.0, 1.0, 1.0, 1.0, 0.0, 0.0, 0.0, 0.0, 0.0, 0.0, 0.0, 0.0, 0.0, 0.0, 0.0, 0.0, 0.0, 0.0, 1.0, 1.0, 0.0, 0.0, 0.0, 0.0, 1.0, 1.0, 1.0, 1.0, 1.0, 0.0, 0.0, 1.0]",-295.2442605392121,597.0338707387587,-482.430437669722,964.860875339444,0.6819716124321688,-7.721241042832364,18.21507080790451,1.2846122460949685,-433.45128860920846,873.4479268787513,False,True,True,True,True,0.875,0.75,0.5625,0.75,0.5625,0.75,0.8125,1.0,0.5625,0.75,0.5625,0.875,"Z.exists(lambda x1: Z.equal(x1,'lhs','orientation'),X)","Z.atleast(lambda x1: Z.not_operator(Z.equal(x1,'upright','orientation')),3,X)","Z.forall(lambda x1: Z.not_operator(Z.equal(x1,'upright','orientation')),X)","Z.atleast(lambda x1: Z.not_operator(Z.equal(x1,'upright','orientation')),3,X)",0.75,0.875,0.75,1.0,0.75,0.7083333333333334,0.6982758620689655,0.6867816091954023,0.6954022988505747,0.6925287356321839,5.241379310344827,0,0,0,0,1159,0
16,23,37,nC7AS,Bnn_5BwOU-b2u3nNAAAQ,Iota,one is blue,"[True, True, True, False, True, True, True, True]","[True, True, True, False, True, True, True, True]",0.375,0.375,There must be at least one tall cone. There must be at least 2 different colors,"[['x1'],['x1','x2']]","Z.atleast(lambda x1: Z.exists(lambda x2: Z.and_operator(Z.equal(x1,3,'size'),Z.not_operator(Z.equal(x1,x2,'colour'))),X),1,X)","There must be at least 1 tall cone, there must be at least 2 different colors","[{'ids': [0, 1, 2], 'colours': ['blue', 'green', 'red'], 'sizes': [2, 1, 3], 'xpos': [2.2808834212363363, 6.769544469766659, 3.3726634746737347], 'ypos': [4.110743082066257, 4.111666666666668, 3.6985054987124766], 'rotations': [3.139283690025518, 3.1415926535897927, 2.169046700801123], 'orientations': ['upright', 'upright', 'strange'], 'contact': [[0, 2], [1], [2, 0]], 'grounded': ['yes', 'yes', 'yes'], 'follow_rule': True}, {'ids': [0, 1, 2], 'colours': ['blue', 'blue', 'blue'], 'sizes': [1, 2, 3], 'xpos': [6.213046273211706, 4.540995160088237, 2.9623862432026424], 'ypos': [4.1091606304913055, 4.107501949288993, 4.10992184786078], 'rotations': [3.147058082923444, 3.1436785056179857, 3.1441190190733086], 'orientations': ['upright', 'upright', 'upright'], 'contact': [[0], [1], [2]], 'grounded': ['yes', 'yes', 'yes'], 'follow_rule': False}, {'ids': [0, 1, 2], 'colours': ['blue', 'blue', 'blue'], 'sizes': [3, 2, 1], 'xpos': [1.2009072388089348, 2.2676423965065298, 3.4734605863564205], 'ypos': [3.701968498363151, 4.107761074947232, 4.108128683913369], 'rotations': [4.091716849607752, 3.1446643233190583, 3.1375599339670064], 'orientations': ['strange', 'upright', 'upright'], 'contact': [[0, 1], [1, 0], [2]], 'grounded': ['yes', 'yes', 'yes'], 'follow_rule': False}, {'ids': [0, 1, 2], 'colours': ['blue', 'red', 'green'], 'sizes': [2, 3, 1], 'xpos': [6.448464600212278, 2.108578403002165, 4.805372154099586], 'ypos': [4.109176201650774, 4.111581541472842, 4.1080121531155065], 'rotations': [3.139440556893601, 3.141443625967218, 3.144493260634439], 'orientations': ['upright', 'upright', 'upright'], 'contact': [[0], [1], [2]], 'grounded': ['yes', 'yes', 'yes'], 'follow_rule': True}, {'ids': [0, 1, 2], 'colours': ['blue', 'green', 'red'], 'sizes': [3, 2, 1], 'xpos': [0.5528824267942692, 2.656185612068984, 5.030596130164501], 'ypos': [4.108493975910767, 4.107773717962614, 4.107497937794435], 'rotations': [3.142331805313788, 3.1433176016201645, 3.1441526880336004], 'orientations': ['upright', 'upright', 'upright'], 'contact': [[0], [1], [2]], 'grounded': ['yes', 'yes', 'yes'], 'follow_rule': True}, {'ids': [0, 1, 2], 'colours': ['blue', 'red', 'red'], 'sizes': [2, 3, 2], 'xpos': [3.1883969154368033, 5.293787048157159, 4.388105756239056], 'ypos': [3.734123324120264, 4.108962401979881, 4.0013986952057525], 'rotations': [5.049063799771416, 3.1434340673986814, 3.414092002068844], 'orientations': ['rhs', 'upright', 'upright'], 'contact': [[0, 2], [1], [2, 0]], 'grounded': ['yes', 'yes', 'yes'], 'follow_rule': True}, {'ids': [0, 1, 2], 'colours': ['red', 'green', 'green'], 'sizes': [1, 1, 1], 'xpos': [4.8859416630246635, 1.5741693094675582, 3.6195388275145013], 'ypos': [4.108175894633623, 4.107168215629984, 4.10759111440866], 'rotations': [9.427263910943912, 3.1433636506233844, 3.1435889600221505], 'orientations': ['upright', 'upright', 'upright'], 'contact': [[0], [1], [2]], 'grounded': ['yes', 'yes', 'yes'], 'follow_rule': False}, {'ids': [0, 1, 2], 'colours': ['green', 'green', 'red'], 'sizes': [1, 1, 3], 'xpos': [2.655297358548421, 1.4232972463107354, 4.322287461350675], 'ypos': [4.108324035954869, 3.826388888954688, 3.6346887389747917], 'rotations': [3.141877727282402, 1.2105946535753946, 1.2447143878404106], 'orientations': ['upright', 'lhs', 'lhs'], 'contact': [[0], [1], [2]], 'grounded': ['yes', 'yes', 'yes'], 'follow_rule': False}, {'ids': [0, 1, 2, 3, 4], 'colours': ['red', 'green', 'red', 'blue', 'green'], 'sizes': [3, 1, 1, 2, 3], 'xpos': [5.12691938557365, 5.11503131679493, 4.23727953775697, 6.19519140108846, 3.42148978150856], 'ypos': [4.16166666682932, 3.21450769513128, 4.15833270210236, 3.780270212316, 4.15777826181353], 'rotations': [3.14159265356107, 3.17396503839037, 3.13596899439433, 5.0484168782327, 3.14163950292034], 'contact': [[0, 1], [1, 0], 2, 3, 4], 'grounded': ['yes', 'no', 'yes', 'yes', 'yes']}, {'ids': [0, 1, 2, 3], 'colours': ['green', 'green', 'red', 'blue'], 'sizes': [1, 3, 1, 2], 'xpos': [1.95640316882102, 3.82119006463636, 5.49466900932729, 4.94512429018313], 'ypos': [4.1575463669092, 3.68793264237984, 3.88075060909874, 3.82370041726639], 'rotations': [3.14042586215534, 5.03796059957422, 5.07099533912214, 4.13396592888911], 'contact': [0, 1, [2, 3], [3, 2]], 'grounded': ['yes', 'yes', 'yes', 'yes']}, {'ids': [0, 1, 2, 3, 4], 'colours': ['red', 'blue', 'red', 'green', 'green'], 'sizes': [3, 1, 2, 2, 1], 'xpos': [6.01871423256697, 2.01992789098242, 4.13597794449854, 0.774406281828649, 4.80555851531279], 'ypos': [3.68393205570556, 4.15898574652681, 4.15794140291817, 3.77979942907755, 3.98725786368743], 'rotations': [1.24414891831718, 3.14156263599238, 3.14292046357041, 5.04964608195148, 2.53998237313469], 'contact': [[0, 4], 1, 2, 3, [4, 0]], 'grounded': ['yes', 'yes', 'yes', 'yes', 'yes']}, {'ids': [0, 1], 'colours': ['blue', 'green'], 'sizes': [1, 2], 'xpos': [1.67047327443096, 4.46813203908946], 'ypos': [4.15694705663294, 4.15819949787589], 'rotations': [3.14214596161258, 3.14225319301416], 'contact': [{'V1': 0, 'V2': 1}], 'grounded': ['yes', 'yes']}, {'ids': [0, 1, 2, 3, 4], 'colours': ['blue', 'blue', 'red', 'blue', 'red'], 'sizes': [1, 1, 3, 2, 3], 'xpos': [2.9749447690173, 1.59038636414738, 1.89943344290003, 0.742265142690783, 5.82945571924824], 'ypos': [4.14706432996679, 4.15682792868204, 3.68436535365509, 3.87793736870491, 4.15825788448378], 'rotations': [3.19018443917557, 3.14127258207092, 4.38185242264156, 2.36758036264438, 3.14223131257379], 'contact': [[0, 2], 1, [2, 0], 3, 4], 'grounded': ['yes', 'yes', 'yes', 'yes', 'yes']}, {'ids': [0, 1, 2, 3, 4], 'colours': ['blue', 'blue', 'red', 'red', 'blue'], 'sizes': [1, 1, 2, 3, 2], 'xpos': [3.86710801315826, 0.780465760873674, 4.72248955423569, 3.06295468416754, 7.04671297081929], 'ypos': [4.1448491118357, 4.15796013032216, 4.15793209798963, 3.75002575259372, 4.15761808534214], 'rotations': [3.19364501547634, 3.14186836777695, 3.13970081999877, 4.09252896570911, 3.14406240189392], 'contact': [[0, 3], 1, 2, [3, 0], 4], 'grounded': ['yes', 'yes', 'yes', 'yes', 'yes']}, {'ids': [0, 1, 2, 3], 'colours': ['blue', 'green', 'blue', 'red'], 'sizes': [1, 2, 1, 3], 'xpos': [0.414928997162714, 1.7723984589512, 5.75738502777065, 6.08770777718876], 'ypos': [4.15743978227501, 4.15711897749998, 3.88075060909862, 3.89628768750355], 'rotations': [3.14447951863788, 3.14010156096646, 5.07099533912207, 3.69409526653564], 'contact': [0, 1, [2, 3], [3, 2]], 'grounded': ['yes', 'yes', 'yes', 'yes']}, {'ids': [0, 1, 2, 3, 4], 'colours': ['green', 'red', 'green', 'green', 'red'], 'sizes': [2, 2, 3, 3, 2], 'xpos': [1.30426887924571, 1.8868098606311, 6.83333126813548, 2.79429839111229, 3.83407517131883], 'ypos': [3.78000391300947, 4.15881602818333, 3.73307814239637, 4.15736329550291, 4.15804254736289], 'rotations': [1.23253748876037, 3.14240000646429, 4.1567939442383, 3.14166932108615, 3.1439673324419], 'contact': [0, [1, 3], 2, [3, 1], 4], 'grounded': ['yes', 'yes', 'yes', 'yes', 'yes']}]","[False, True, False, False, True, True, True, False]","[False, True, False, True, True, True, True, False]","[True, False, True, False, False, False, False, True]","[False, False, False, False, False, False, False, False]","[False, True, False, False, True, True, True, False]","[False, True, False, True, True, True, True, False]","[True, False, True, False, False, False, False, True]","[False, False, False, False, False, False, False, False]",0.125,0.125,0.0,0.0,0.625,0.625,0.125,0.125,0.25,0.25,0.0,0.0,0.375,0.375,344.25925797899475,-5.548090669798171,-5.545177444479562,13.175622881276178,11.090354888959125,4.6576576177310125,-11.011174867687282,-11.090354888959125,24.794938457614347,22.18070977791825,1.0502311195665048,"[1.0, 1.0, 1.0, 1.0, 1.0, 0.0, 1.0, 0.0, 1.0, 1.0, 1.0, 1.0, 1.0, 1.0, 1.0, 0.0135, 0.9530000000000001, 0.092, 0.5895, 0.5895, 1.0, 0.0, 0.0, 0.861, 1.0, 1.0, 1.0, 0.2925, 0.999, 0.999, 1.0, 0.7155, 0.0, 0.0, 1.0, 0.0, 0.0, 0.0, 1.0, 0.0, 0.0, 0.0, 1.0, 0.0, 0.0, 0.0, 1.0, 0.0, 1.0, 1.0, 1.0, 1.0, 0.0, 0.0, 0.0, 0.0, 1.0, 1.0, 1.0, 1.0, 0.935, 0.935, 0.935, 0.935, 1.0, 1.0, 1.0, 1.0, 0.0, 1.0, 0.0, 0.0, 0.0, 1.0, 1.0, 1.0, 1.0, 1.0, 1.0, 1.0, 1.0, 1.0, 1.0, 1.0, 0.0935, 0.0935, 0.0935, 0.0935, 1.0, 1.0, 1.0, 1.0, 1.0, 1.0, 1.0, 1.0, 1.0, 1.0, 1.0, 1.0, 1.0, 1.0, 1.0, 0.013000000000000001, 1.0, 1.0, 0.998, 1.0, 1.0, 0.002, 0.998, 0.002, 1.0, 1.0, 1.0, 1.0, 1.0, 1.0, 1.0, 0.0, 0.973, 1.0, 0.9530000000000001, 1.0, 0.8925000000000001, 0.9195, 0.17400000000000002, 0.201, 1.0, 1.0, 1.0, 1.0, 0.0, 0.0, 0.0, 0.0, 1.0, 1.0, 1.0, 0.24, 1.0, 1.0, 0.968, 1.0, 0.653, 0.653, 0.653, 1.0, 0.2535, 0.2535, 0.7035, 0.10300000000000001, 1.0, 1.0, 1.0, 1.0, 0.0, 1.0, 0.0, 0.0, 1.0, 1.0, 1.0, 0.012, 0.988, 0.988, 1.0, 1.0, 1.0, 0.0, 1.0, 1.0, 1.0, 0.0, 0.0, 1.0, 0.0, 0.0, 0.0, 1.0, 1.0, 0.0, 0.0, 0.0, 1.0, 1.0, 1.0, 1.0, 0.0, 0.0, 0.0, 0.0, 1.0, 1.0, 1.0, 1.0, 0.0, 0.0, 0.0, 0.0, 1.0, 1.0, 1.0, 1.0, 1.0, 1.0, 0.841, 1.0, 1.0, 1.0, 1.0, 1.0, 0.0, 0.0, 0.0, 0.0, 1.0, 1.0, 1.0, 1.0, 1.0, 1.0, 1.0, 0.0, 0.197, 0.0, 0.85, 0.653, 0.803, 0.0, 0.0, 0.0, 0.8525, 0.847, 0.9935, 0.847, 0.28300000000000003, 0.4305, 0.426, 0.426, 1.0, 1.0, 1.0, 1.0, 1.0, 1.0, 1.0, 0.0, 0.798, 1.0, 0.7995, 0.7995, 0.0275, 0.029, 0.2265, 0.1975, 1.0, 1.0, 1.0, 1.0, 0.0, 0.0, 0.0, 0.0, 0.862, 0.854, 0.8595, 0.8955000000000001, 0.045, 0.0005, 0.8695, 0.8505, 1.0, 1.0, 1.0, 0.022, 1.0, 1.0, 1.0, 0.978, 0.28400000000000003, 0.0145, 0.1885, 0.0275, 0.2755, 0.0, 0.0015, 0.013000000000000001, 0.0, 0.0, 0.0, 1.0, 1.0, 0.0, 0.0, 0.0, 1.0, 1.0, 1.0, 1.0, 0.0, 0.0, 0.0, 0.0, 1.0, 1.0, 1.0, 1.0, 1.0, 0.0, 1.0, 0.0, 1.0, 1.0, 1.0, 1.0, 1.0, 1.0, 1.0, 0.0, 1.0, 1.0, 1.0, 0.728, 0.8265, 0.5545, 0.5545, 0.8265, 1.0, 1.0, 1.0, 1.0, 1.0, 1.0, 1.0, 1.0, 1.0, 1.0, 1.0, 0.8715, 0.9365, 0.8695, 0.8695, 0.9365, 0.229, 0.229, 0.229, 0.229, 0.801, 0.03, 0.03, 0.801, 0.0, 0.0, 0.0, 1.0, 1.0, 0.0, 0.0, 0.0, 0.108, 0.114, 0.2315, 0.108, 0.114, 0.07050000000000001, 0.0495, 0.006, 1.0, 1.0, 1.0, 1.0, 0.0, 0.0, 0.0, 0.0, 0.8955000000000001, 0.895, 0.0115, 0.0, 0.883, 0.0, 0.0, 0.0, 1.0, 1.0, 1.0, 1.0, 0.0, 0.0, 0.0, 0.0, 0.902, 0.902, 0.902, 0.678, 0.88, 0.88, 0.902, 0.807, 1.0, 1.0, 1.0, 1.0, 0.0, 0.0, 0.0, 0.0, 1.0, 1.0, 1.0, 1.0, 1.0, 1.0, 1.0, 0.0, 1.0, 1.0, 1.0, 1.0, 0.0, 0.0, 0.0, 0.0, 1.0, 1.0, 1.0, 1.0, 0.008, 0.008, 0.008, 0.008, 1.0, 1.0, 1.0, 1.0, 1.0, 1.0, 1.0, 0.0, 1.0, 1.0, 1.0, 1.0, 1.0, 1.0, 0.6980000000000001, 1.0, 1.0, 1.0, 1.0, 1.0, 0.0, 0.0, 0.0, 0.0, 1.0, 1.0, 1.0, 1.0, 1.0, 1.0, 1.0, 0.0, 0.9530000000000001, 0.9530000000000001, 0.9530000000000001, 1.0, 1.0, 1.0, 0.641, 0.9530000000000001, 1.0, 1.0, 1.0, 1.0, 0.0, 0.0, 0.0, 0.0, 1.0, 1.0, 1.0, 1.0, 1.0, 1.0, 1.0, 1.0, 1.0, 1.0, 1.0, 1.0, 0.0, 0.0, 0.0, 0.0, 1.0, 1.0, 1.0, 1.0, 1.0, 1.0, 1.0, 1.0, 1.0, 1.0, 1.0, 1.0, 0.021500000000000002, 0.021500000000000002, 0.021500000000000002, 0.021500000000000002, 0.021500000000000002, 0.003, 0.02, 0.0095, 0.0095, 0.964, 0.9555, 0.0095, 1.0, 1.0, 1.0, 1.0, 1.0, 1.0, 1.0, 1.0, 1.0, 1.0, 1.0, 1.0, 0.0, 0.0, 0.0, 0.0, 1.0, 1.0, 1.0, 1.0, 0.0, 0.0, 1.0, 1.0, 1.0, 0.873, 0.198, 0.198, 1.0, 1.0, 0.6905, 1.0, 1.0, 1.0, 1.0, 1.0, 1.0, 1.0, 1.0, 0.0, 1.0, 0.999, 0.999, 1.0, 0.0025, 0.0025, 0.0025, 0.0025, 1.0, 1.0, 1.0, 1.0, 1.0, 0.686, 0.314, 0.0, 1.0, 1.0, 1.0, 1.0, 0.524, 0.524, 1.0, 0.47600000000000003, 1.0, 1.0, 1.0, 1.0, 0.008, 0.008, 0.008, 0.008, 0.9935, 0.9935, 0.9775, 0.9935, 0.9935, 0.0225, 0.988, 0.017, 1.0, 1.0, 1.0, 1.0, 0.0725, 0.0725, 0.0725, 0.0725, 0.041, 1.0, 1.0, 0.9590000000000001, 0.041, 0.9590000000000001, 1.0, 0.0, 0.7435, 0.9835, 0.7425, 0.986, 0.7435, 0.7435, 0.256, 0.987, 1.0, 0.005, 1.0, 1.0, 1.0, 0.005, 0.005, 1.0, 1.0, 1.0, 1.0, 1.0, 1.0, 1.0, 1.0, 0.0, 1.0, 1.0, 1.0, 1.0, 0.0, 0.0, 0.0, 0.0, 1.0, 1.0, 1.0, 1.0, 0.0, 0.0, 0.0, 0.0, 0.9705, 0.9705, 0.9145, 1.0, 0.8015, 0.8015, 0.9705, 0.7865, 1.0, 1.0, 1.0, 1.0, 0.0, 0.0, 0.0, 0.0, 1.0, 1.0, 1.0, 1.0, 0.0, 0.0, 0.0, 0.0, 1.0, 1.0, 1.0, 1.0, 0.0, 0.0, 0.0, 0.0, 1.0, 1.0, 1.0, 1.0, 1.0, 1.0, 1.0, 1.0]",-418.5875071169283,843.720363894191,-482.430437669722,964.860875339444,0.01,0.0,2.0794415416798357,0.3692694496589688,-3.740666539303497,10.253921800846776,0.6334250289943713,"[1.0, 1.0, 1.0, 1.0, 1.0, 0.0, 1.0, 0.0, 1.0, 1.0, 1.0, 1.0, 1.0, 1.0, 1.0, 0.0, 0.0, 0.0, 0.0, 0.0, 0.0, 0.0, 0.0, 0.0, 1.0, 1.0, 1.0, 0.0, 0.0, 0.0, 1.0, 0.0, 0.0, 0.0, 1.0, 1.0, 0.0, 1.0, 1.0, 1.0, 1.0, 1.0, 1.0, 1.0, 0.0, 0.0, 1.0, 1.0, 1.0, 1.0, 1.0, 1.0, 0.0, 0.0, 0.0, 0.0, 1.0, 1.0, 1.0, 1.0, 0.0, 0.0, 0.0, 0.0, 0.0, 0.0, 0.0, 0.0, 0.0, 1.0, 1.0, 0.0, 1.0, 1.0, 1.0, 1.0, 0.0, 0.0, 0.0, 0.0, 1.0, 1.0, 1.0, 1.0, 0.0, 0.0, 0.0, 0.0, 1.0, 1.0, 1.0, 1.0, 1.0, 1.0, 0.0, 1.0, 1.0, 1.0, 1.0, 1.0, 1.0, 1.0, 1.0, 0.0, 1.0, 1.0, 1.0, 1.0, 1.0, 0.0, 1.0, 0.0, 0.0, 1.0, 0.0, 0.0, 1.0, 1.0, 1.0, 0.0, 1.0, 1.0, 0.0, 1.0, 1.0, 0.0, 0.0, 0.0, 1.0, 1.0, 1.0, 0.0, 1.0, 1.0, 1.0, 1.0, 1.0, 1.0, 1.0, 1.0, 0.0, 0.0, 0.0, 0.0, 1.0, 1.0, 1.0, 0.0, 0.0, 0.0, 1.0, 0.0, 0.0, 0.0, 1.0, 0.0, 0.0, 0.0, 0.0, 0.0, 1.0, 1.0, 1.0, 0.0, 0.0, 0.0, 1.0, 0.0, 0.0, 0.0, 0.0, 1.0, 0.0, 0.0, 0.0, 0.0, 0.0, 0.0, 0.0, 1.0, 0.0, 0.0, 0.0, 0.0, 1.0, 1.0, 1.0, 1.0, 0.0, 0.0, 0.0, 0.0, 1.0, 1.0, 1.0, 0.0, 0.0, 0.0, 1.0, 0.0, 1.0, 1.0, 1.0, 1.0, 0.0, 0.0, 0.0, 0.0, 1.0, 1.0, 1.0, 1.0, 0.0, 0.0, 0.0, 0.0, 1.0, 1.0, 1.0, 1.0, 1.0, 1.0, 1.0, 0.0, 0.0, 0.0, 0.0, 0.0, 1.0, 0.0, 0.0, 0.0, 1.0, 1.0, 1.0, 1.0, 1.0, 1.0, 1.0, 1.0, 1.0, 1.0, 1.0, 1.0, 1.0, 1.0, 1.0, 0.0, 0.0, 0.0, 0.0, 0.0, 0.0, 0.0, 0.0, 0.0, 0.0, 1.0, 0.0, 1.0, 0.0, 1.0, 0.0, 1.0, 0.0, 0.0, 0.0, 1.0, 0.0, 0.0, 0.0, 0.0, 1.0, 1.0, 1.0, 0.0, 0.0, 0.0, 1.0, 0.0, 1.0, 1.0, 1.0, 1.0, 1.0, 0.0, 1.0, 0.0, 0.0, 1.0, 1.0, 1.0, 0.0, 0.0, 0.0, 0.0, 1.0, 1.0, 1.0, 0.0, 1.0, 1.0, 1.0, 1.0, 0.0, 1.0, 1.0, 1.0, 0.0, 0.0, 0.0, 0.0, 1.0, 1.0, 1.0, 1.0, 1.0, 1.0, 1.0, 0.0, 1.0, 1.0, 1.0, 1.0, 0.0, 0.0, 0.0, 0.0, 1.0, 1.0, 1.0, 1.0, 0.0, 0.0, 0.0, 0.0, 0.0, 1.0, 0.0, 0.0, 0.0, 0.0, 0.0, 0.0, 1.0, 1.0, 1.0, 1.0, 1.0, 0.0, 1.0, 1.0, 0.0, 0.0, 0.0, 0.0, 0.0, 1.0, 1.0, 0.0, 1.0, 1.0, 1.0, 1.0, 1.0, 0.0, 1.0, 0.0, 1.0, 1.0, 1.0, 1.0, 1.0, 0.0, 1.0, 1.0, 0.0, 0.0, 0.0, 0.0, 0.0, 1.0, 1.0, 0.0, 1.0, 0.0, 0.0, 1.0, 0.0, 0.0, 0.0, 0.0, 1.0, 1.0, 1.0, 0.0, 0.0, 0.0, 1.0, 0.0, 1.0, 1.0, 1.0, 0.0, 0.0, 0.0, 0.0, 0.0, 1.0, 1.0, 1.0, 1.0, 1.0, 1.0, 1.0, 0.0, 0.0, 0.0, 0.0, 0.0, 0.0, 0.0, 0.0, 0.0, 1.0, 0.0, 1.0, 0.0, 0.0, 0.0, 0.0, 0.0, 1.0, 1.0, 1.0, 1.0, 1.0, 1.0, 1.0, 0.0, 1.0, 1.0, 1.0, 1.0, 1.0, 1.0, 0.0, 1.0, 1.0, 1.0, 1.0, 1.0, 0.0, 0.0, 0.0, 0.0, 1.0, 1.0, 1.0, 1.0, 1.0, 1.0, 1.0, 0.0, 0.0, 1.0, 1.0, 1.0, 0.0, 0.0, 0.0, 0.0, 1.0, 1.0, 1.0, 1.0, 0.0, 0.0, 0.0, 0.0, 1.0, 0.0, 1.0, 0.0, 0.0, 0.0, 0.0, 0.0, 1.0, 1.0, 1.0, 1.0, 1.0, 0.0, 1.0, 0.0, 1.0, 1.0, 1.0, 0.0, 1.0, 1.0, 0.0, 1.0, 1.0, 1.0, 1.0, 1.0, 0.0, 0.0, 0.0, 0.0, 0.0, 0.0, 0.0, 0.0, 0.0, 1.0, 0.0, 0.0, 1.0, 1.0, 1.0, 1.0, 0.0, 0.0, 0.0, 0.0, 0.0, 0.0, 0.0, 0.0, 0.0, 0.0, 0.0, 0.0, 1.0, 0.0, 1.0, 0.0, 0.0, 0.0, 0.0, 0.0, 1.0, 1.0, 0.0, 0.0, 1.0, 1.0, 1.0, 1.0, 1.0, 1.0, 1.0, 1.0, 1.0, 1.0, 1.0, 1.0, 1.0, 1.0, 1.0, 1.0, 1.0, 0.0, 1.0, 1.0, 0.0, 1.0, 0.0, 1.0, 0.0, 1.0, 0.0, 0.0, 1.0, 1.0, 1.0, 1.0, 0.0, 0.0, 1.0, 0.0, 1.0, 1.0, 1.0, 1.0, 0.0, 0.0, 0.0, 0.0, 0.0, 0.0, 0.0, 1.0, 0.0, 0.0, 0.0, 0.0, 1.0, 1.0, 1.0, 1.0, 0.0, 0.0, 0.0, 0.0, 0.0, 1.0, 1.0, 1.0, 0.0, 1.0, 1.0, 0.0, 1.0, 1.0, 1.0, 1.0, 0.0, 0.0, 0.0, 0.0, 1.0, 0.0, 1.0, 1.0, 1.0, 0.0, 0.0, 1.0, 1.0, 1.0, 1.0, 1.0, 1.0, 1.0, 1.0, 0.0, 0.0, 1.0, 1.0, 1.0, 1.0, 1.0, 0.0, 0.0, 1.0, 1.0, 1.0, 1.0, 0.0, 0.0, 0.0, 0.0, 1.0, 1.0, 1.0, 0.0, 0.0, 0.0, 1.0, 0.0, 1.0, 1.0, 1.0, 1.0, 0.0, 0.0, 0.0, 0.0, 0.0, 0.0, 0.0, 0.0, 0.0, 0.0, 0.0, 0.0, 0.0, 1.0, 0.0, 1.0, 0.0, 1.0, 1.0, 0.0, 1.0, 1.0, 1.0, 1.0, 1.0, 0.0, 0.0, 1.0]",-318.3726801373107,643.2907099349558,0.01,0.0,-5.545177444479562,2.0794415416798357,11.090354888959125,0.3692694496589688,-3.740666539303497,-11.090354888959125,10.253921800846776,22.18070977791825,0.6173530694834558,"[1.0, 1.0, 1.0, 1.0, 1.0, 0.0, 1.0, 0.0, 1.0, 1.0, 1.0, 1.0, 1.0, 1.0, 1.0, 0.0, 0.0, 0.0, 0.0, 0.0, 0.0, 0.0, 0.0, 0.0, 1.0, 1.0, 1.0, 0.0, 0.0, 0.0, 1.0, 0.0, 0.0, 0.0, 1.0, 1.0, 0.0, 1.0, 1.0, 1.0, 0.0, 0.0, 0.0, 0.0, 0.0, 0.0, 0.0, 0.0, 1.0, 1.0, 1.0, 1.0, 0.0, 0.0, 0.0, 0.0, 1.0, 1.0, 1.0, 1.0, 0.0, 0.0, 0.0, 0.0, 0.0, 0.0, 0.0, 0.0, 0.0, 1.0, 1.0, 0.0, 0.0, 0.0, 0.0, 1.0, 0.0, 0.0, 0.0, 0.0, 1.0, 1.0, 1.0, 1.0, 0.0, 0.0, 0.0, 0.0, 0.0, 0.0, 0.0, 0.0, 1.0, 1.0, 0.0, 1.0, 1.0, 1.0, 1.0, 1.0, 1.0, 1.0, 1.0, 0.0, 1.0, 1.0, 1.0, 1.0, 1.0, 0.0, 1.0, 0.0, 0.0, 1.0, 0.0, 0.0, 1.0, 1.0, 1.0, 0.0, 1.0, 1.0, 0.0, 1.0, 1.0, 0.0, 0.0, 0.0, 1.0, 1.0, 1.0, 0.0, 1.0, 1.0, 1.0, 1.0, 1.0, 1.0, 1.0, 1.0, 0.0, 0.0, 0.0, 0.0, 1.0, 1.0, 1.0, 0.0, 0.0, 0.0, 1.0, 0.0, 0.0, 0.0, 1.0, 0.0, 0.0, 0.0, 0.0, 0.0, 1.0, 1.0, 1.0, 0.0, 0.0, 0.0, 1.0, 0.0, 0.0, 0.0, 0.0, 1.0, 0.0, 0.0, 0.0, 0.0, 0.0, 0.0, 0.0, 1.0, 0.0, 0.0, 0.0, 0.0, 1.0, 1.0, 1.0, 1.0, 0.0, 0.0, 0.0, 0.0, 1.0, 1.0, 1.0, 0.0, 0.0, 0.0, 1.0, 0.0, 1.0, 1.0, 1.0, 1.0, 0.0, 0.0, 0.0, 0.0, 1.0, 1.0, 1.0, 1.0, 0.0, 0.0, 0.0, 0.0, 1.0, 1.0, 1.0, 1.0, 1.0, 1.0, 1.0, 0.0, 0.0, 0.0, 0.0, 0.0, 1.0, 0.0, 0.0, 0.0, 1.0, 1.0, 1.0, 1.0, 1.0, 1.0, 1.0, 1.0, 1.0, 1.0, 1.0, 1.0, 1.0, 1.0, 1.0, 0.0, 0.0, 0.0, 0.0, 0.0, 0.0, 0.0, 0.0, 0.0, 0.0, 1.0, 0.0, 1.0, 0.0, 1.0, 0.0, 1.0, 0.0, 0.0, 0.0, 1.0, 0.0, 0.0, 0.0, 0.0, 1.0, 1.0, 1.0, 0.0, 0.0, 0.0, 1.0, 0.0, 1.0, 1.0, 1.0, 1.0, 1.0, 0.0, 1.0, 0.0, 0.0, 1.0, 1.0, 1.0, 0.0, 0.0, 0.0, 0.0, 1.0, 1.0, 1.0, 0.0, 1.0, 1.0, 1.0, 1.0, 0.0, 1.0, 1.0, 1.0, 0.0, 0.0, 0.0, 0.0, 1.0, 1.0, 1.0, 1.0, 1.0, 1.0, 1.0, 0.0, 1.0, 1.0, 1.0, 1.0, 0.0, 0.0, 0.0, 0.0, 1.0, 1.0, 1.0, 1.0, 0.0, 0.0, 0.0, 0.0, 0.0, 1.0, 0.0, 0.0, 0.0, 0.0, 0.0, 0.0, 0.0, 0.0, 0.0, 0.0, 0.0, 0.0, 0.0, 0.0, 1.0, 0.0, 1.0, 1.0, 1.0, 0.0, 0.0, 1.0, 1.0, 1.0, 1.0, 1.0, 1.0, 0.0, 1.0, 0.0, 1.0, 1.0, 1.0, 1.0, 1.0, 0.0, 1.0, 1.0, 0.0, 0.0, 0.0, 0.0, 0.0, 1.0, 1.0, 0.0, 1.0, 0.0, 0.0, 1.0, 0.0, 0.0, 0.0, 0.0, 1.0, 1.0, 1.0, 0.0, 0.0, 0.0, 1.0, 0.0, 1.0, 1.0, 1.0, 0.0, 0.0, 0.0, 0.0, 0.0, 1.0, 1.0, 1.0, 1.0, 1.0, 1.0, 1.0, 0.0, 0.0, 0.0, 0.0, 0.0, 0.0, 0.0, 0.0, 0.0, 1.0, 0.0, 1.0, 0.0, 0.0, 0.0, 0.0, 0.0, 1.0, 1.0, 1.0, 1.0, 1.0, 1.0, 1.0, 0.0, 1.0, 1.0, 1.0, 1.0, 1.0, 1.0, 0.0, 1.0, 1.0, 1.0, 1.0, 1.0, 0.0, 0.0, 0.0, 0.0, 1.0, 1.0, 1.0, 1.0, 1.0, 1.0, 1.0, 0.0, 0.0, 1.0, 1.0, 1.0, 0.0, 0.0, 0.0, 0.0, 1.0, 1.0, 1.0, 1.0, 0.0, 0.0, 0.0, 0.0, 1.0, 0.0, 1.0, 0.0, 0.0, 0.0, 0.0, 0.0, 1.0, 1.0, 1.0, 1.0, 1.0, 0.0, 1.0, 0.0, 1.0, 1.0, 1.0, 0.0, 1.0, 1.0, 0.0, 1.0, 1.0, 1.0, 1.0, 1.0, 0.0, 0.0, 0.0, 0.0, 0.0, 0.0, 0.0, 0.0, 0.0, 1.0, 0.0, 0.0, 1.0, 1.0, 1.0, 1.0, 0.0, 0.0, 0.0, 0.0, 0.0, 0.0, 0.0, 0.0, 0.0, 0.0, 0.0, 0.0, 1.0, 0.0, 1.0, 0.0, 0.0, 0.0, 0.0, 0.0, 1.0, 1.0, 0.0, 0.0, 1.0, 1.0, 1.0, 1.0, 1.0, 1.0, 1.0, 1.0, 1.0, 1.0, 1.0, 1.0, 1.0, 1.0, 1.0, 1.0, 1.0, 0.0, 1.0, 1.0, 0.0, 1.0, 0.0, 1.0, 0.0, 1.0, 0.0, 0.0, 1.0, 1.0, 1.0, 1.0, 0.0, 0.0, 1.0, 0.0, 1.0, 1.0, 1.0, 1.0, 0.0, 0.0, 0.0, 0.0, 0.0, 0.0, 0.0, 1.0, 0.0, 0.0, 0.0, 0.0, 1.0, 1.0, 1.0, 1.0, 0.0, 0.0, 0.0, 0.0, 0.0, 1.0, 1.0, 1.0, 0.0, 1.0, 1.0, 0.0, 1.0, 1.0, 1.0, 1.0, 0.0, 0.0, 0.0, 0.0, 1.0, 0.0, 1.0, 1.0, 1.0, 0.0, 0.0, 1.0, 1.0, 1.0, 1.0, 1.0, 1.0, 1.0, 1.0, 0.0, 0.0, 0.0, 1.0, 0.0, 0.0, 1.0, 0.0, 0.0, 1.0, 1.0, 1.0, 1.0, 0.0, 0.0, 0.0, 0.0, 1.0, 1.0, 1.0, 0.0, 0.0, 0.0, 1.0, 0.0, 1.0, 1.0, 1.0, 1.0, 0.0, 0.0, 0.0, 0.0, 0.0, 0.0, 0.0, 0.0, 0.0, 0.0, 0.0, 0.0, 0.0, 1.0, 0.0, 1.0, 0.0, 1.0, 1.0, 0.0, 1.0, 1.0, 1.0, 1.0, 1.0, 0.0, 0.0, 1.0]",-311.9759791000219,630.4973078603782,-482.430437669722,964.860875339444,0.3265385423064411,-2.6666215801584743,-5.545177444479562,7.412684701996785,11.090354888959125,0.40023725884270545,-5.514356645725195,-11.090354888959125,13.801302013690172,22.18070977791825,1.0908740239314543,"[0.0, 0.0, 1.0, 0.0, 0.0, 0.0, 0.0, 0.0, 1.0, 1.0, 1.0, 1.0, 0.877, 0.877, 0.877, 0.0, 1.0, 0.259, 1.0, 1.0, 0.8015, 0.0, 0.259, 1.0, 1.0, 1.0, 1.0, 1.0, 1.0, 1.0, 1.0, 0.0, 0.0, 0.0, 1.0, 0.0, 0.0, 0.0, 1.0, 0.0, 0.0, 0.0, 1.0, 0.0, 0.0, 0.0, 1.0, 0.0, 0.0, 0.0, 0.0, 0.0775, 0.0, 0.0, 0.1635, 0.47100000000000003, 1.0, 1.0, 1.0, 1.0, 0.0, 0.0, 0.0, 0.0, 0.0, 0.0, 0.0, 0.0, 0.0, 0.0, 0.0, 0.0, 1.0, 1.0, 1.0, 1.0, 1.0, 1.0, 1.0, 0.0, 1.0, 1.0, 1.0, 1.0, 0.0, 0.0, 0.0, 0.0, 0.0, 0.0, 0.0, 0.0, 0.0, 0.113, 0.113, 0.0, 0.0, 0.0, 0.0, 1.0, 0.0, 0.0, 0.0, 0.0, 1.0, 1.0, 1.0, 1.0, 0.0, 0.0, 0.0, 0.0, 0.9995, 1.0, 1.0, 0.663, 1.0, 1.0, 1.0, 0.353, 1.0, 1.0, 1.0, 1.0, 0.082, 0.082, 0.0, 0.0, 0.973, 1.0, 0.7655000000000001, 0.605, 0.973, 1.0, 1.0, 0.368, 0.0, 0.0, 1.0, 0.0, 1.0, 0.0, 1.0, 0.0, 1.0, 1.0, 1.0, 1.0, 0.0, 0.0, 1.0, 0.0, 1.0, 1.0, 1.0, 1.0, 0.0, 0.9465, 0.0, 0.0, 0.666, 1.0, 0.666, 0.666, 0.0, 0.0, 0.7975, 0.0, 0.0, 0.9430000000000001, 0.0, 1.0, 1.0, 0.0, 0.0, 0.0, 0.0, 1.0, 0.0, 0.0, 0.0, 0.0, 0.0, 0.0, 1.0, 1.0, 1.0, 1.0, 0.0, 0.0, 0.0, 0.0, 1.0, 1.0, 1.0, 1.0, 1.0, 1.0, 1.0, 0.0005, 1.0, 1.0, 1.0, 1.0, 1.0, 1.0, 0.0, 1.0, 1.0, 1.0, 1.0, 1.0, 0.0, 0.0, 0.0, 0.0, 1.0, 1.0, 1.0, 1.0, 1.0, 1.0, 1.0, 0.0, 1.0, 0.0, 1.0, 0.0, 0.0, 0.0, 0.0, 0.0, 0.0, 1.0, 0.0, 1.0, 0.0, 1.0, 0.0, 1.0, 1.0, 1.0, 1.0, 1.0, 1.0, 1.0, 1.0, 0.0, 1.0, 0.0, 1.0, 1.0, 1.0, 0.0, 0.0, 1.0, 1.0, 1.0, 1.0, 1.0, 1.0, 1.0, 1.0, 1.0, 0.0, 0.9580000000000001, 0.0, 0.0, 0.0, 0.0, 0.0045000000000000005, 0.0, 0.0, 0.0, 0.0, 0.0, 0.0, 0.0, 0.0, 1.0, 0.0, 0.0, 0.0005, 0.0, 0.0, 0.0, 0.0, 0.0, 0.0, 1.0, 0.0, 0.0, 0.0, 0.0, 0.0, 0.0, 1.0, 1.0, 1.0, 0.001, 0.001, 0.001, 1.0, 0.0, 0.0, 0.0, 0.6225, 0.0, 0.0, 0.0, 0.0, 0.0, 1.0, 1.0, 1.0, 1.0, 0.0, 0.0, 0.0, 0.0, 0.0, 0.0, 0.0, 0.0, 0.0, 0.0, 0.0, 0.0, 1.0, 1.0, 1.0, 1.0, 1.0, 1.0, 1.0, 0.0, 0.0, 0.0, 0.0, 1.0, 0.0, 0.0, 1.0, 0.0, 1.0, 1.0, 1.0, 1.0, 0.0, 0.0, 0.0, 0.0, 0.0, 1.0, 0.0, 0.0, 1.0, 0.0, 0.0, 1.0, 1.0, 1.0, 1.0, 1.0, 0.0, 0.0, 0.0, 0.0, 1.0, 1.0, 1.0, 1.0, 1.0, 0.0, 1.0, 1.0, 0.0, 0.0005, 0.0, 0.0, 0.0, 0.38, 0.0, 0.0, 1.0, 1.0, 1.0, 1.0, 0.0, 0.0, 0.0, 0.0, 1.0, 1.0, 1.0, 0.999, 1.0, 1.0, 1.0, 0.0195, 1.0, 1.0, 1.0, 1.0, 0.0, 0.0, 0.0, 0.0, 0.0, 0.6285000000000001, 0.0, 0.328, 0.0, 0.0, 0.6285000000000001, 0.0, 0.0, 0.0, 0.0, 0.0, 0.0, 0.0, 0.0, 1.0, 1.0, 1.0, 1.0, 1.0, 0.0, 0.0, 0.0, 0.0, 1.0, 1.0, 1.0, 1.0, 1.0, 1.0, 1.0, 0.0, 1.0, 1.0, 1.0, 1.0, 1.0, 1.0, 0.0375, 1.0, 1.0, 1.0, 1.0, 1.0, 0.0, 0.0, 0.0, 0.0, 1.0, 1.0, 1.0, 1.0, 1.0, 1.0, 1.0, 0.0, 1.0, 1.0, 1.0, 1.0, 1.0, 1.0, 0.0, 1.0, 1.0, 1.0, 1.0, 1.0, 0.0, 0.0, 0.0, 0.0, 1.0, 1.0, 1.0, 1.0, 1.0, 1.0, 1.0, 1.0, 0.0, 0.0, 0.4395, 0.0, 0.0, 0.0, 0.001, 1.0, 0.0, 0.0, 0.0, 0.0, 0.0, 0.0, 0.0, 0.0, 1.0, 1.0, 1.0, 0.0, 1.0, 0.0, 0.0, 1.0, 0.0, 0.0, 1.0, 1.0, 1.0, 0.0, 0.0, 0.0, 0.0, 0.0, 0.0, 0.0, 0.0, 0.0, 0.0, 0.0, 1.0, 1.0, 1.0, 1.0, 0.0, 0.0, 0.0, 0.0, 0.0, 0.0, 0.0, 0.0, 0.0, 1.0, 0.0, 0.0, 1.0, 1.0, 1.0, 1.0, 0.0, 0.4945, 0.0, 0.0, 1.0, 1.0, 1.0, 1.0, 0.0, 0.0, 1.0, 1.0, 1.0, 1.0, 1.0, 1.0, 0.0, 0.0, 0.0, 0.0, 1.0, 1.0, 1.0, 1.0, 1.0, 0.704, 0.296, 0.0, 1.0, 1.0, 1.0, 1.0, 0.0, 0.0, 1.0, 1.0, 1.0, 1.0, 1.0, 1.0, 0.0, 0.0, 0.0, 0.0, 0.006, 1.0, 0.006, 0.708, 0.298, 1.0, 0.298, 1.0, 1.0, 1.0, 1.0, 1.0, 0.0, 0.0, 0.0, 0.0, 1.0, 0.0, 1.0, 1.0, 1.0, 0.0, 0.0, 1.0, 0.0, 1.0, 1.0, 1.0, 0.0, 0.0, 0.0, 0.0, 1.0, 0.224, 1.0, 1.0, 0.776, 0.0, 0.224, 1.0, 1.0, 1.0, 1.0, 1.0, 0.0, 0.0, 0.0, 0.0, 1.0, 1.0, 0.0, 1.0, 1.0, 1.0, 0.0, 1.0, 1.0, 1.0, 1.0, 1.0, 0.0, 0.0, 0.0, 0.0, 1.0, 1.0, 1.0, 1.0, 1.0, 1.0, 1.0, 0.0, 1.0, 1.0, 1.0, 1.0, 0.0, 0.0, 0.0, 0.0, 0.0, 0.0, 0.0, 0.0, 0.0, 0.0, 0.0, 0.0, 1.0, 0.4865, 1.0, 1.0, 1.0, 0.0075, 0.4865, 1.0, 0.0225, 0.0, 0.0, 0.9775, 0.0, 0.0, 0.0, 0.0]",-419.18595103414617,844.9172517286268,-482.430437669722,964.860875339444,0.01,0.0,-5.545177444479562,2.0794415416798357,11.090354888959125,0.3692694496589688,-3.740666539303497,-11.090354888959125,10.253921800846776,22.18070977791825,0.5787520451143159,"[1.0, 1.0, 1.0, 1.0, 1.0, 0.0, 1.0, 0.0, 1.0, 1.0, 1.0, 1.0, 1.0, 1.0, 1.0, 0.0, 0.0, 0.0, 0.0, 0.0, 0.0, 0.0, 0.0, 0.0, 1.0, 1.0, 1.0, 1.0, 0.0, 0.0, 1.0, 0.0, 0.0, 0.0, 0.0, 0.0, 0.0, 1.0, 0.0, 0.0, 0.0, 0.0, 0.0, 0.0, 0.0, 0.0, 0.0, 0.0, 1.0, 1.0, 1.0, 1.0, 0.0, 0.0, 0.0, 0.0, 1.0, 1.0, 1.0, 1.0, 0.0, 0.0, 0.0, 0.0, 0.0, 0.0, 0.0, 0.0, 0.0, 1.0, 1.0, 0.0, 1.0, 1.0, 1.0, 1.0, 0.0, 0.0, 0.0, 0.0, 1.0, 1.0, 1.0, 1.0, 0.0, 0.0, 0.0, 0.0, 0.0, 0.0, 0.0, 0.0, 0.0, 0.0, 0.0, 0.0, 1.0, 1.0, 1.0, 1.0, 1.0, 1.0, 1.0, 0.0, 1.0, 1.0, 1.0, 1.0, 1.0, 0.0, 1.0, 0.0, 0.0, 1.0, 0.0, 0.0, 1.0, 1.0, 1.0, 0.0, 1.0, 1.0, 0.0, 1.0, 1.0, 0.0, 0.0, 0.0, 1.0, 1.0, 1.0, 0.0, 1.0, 1.0, 1.0, 1.0, 1.0, 1.0, 1.0, 1.0, 0.0, 0.0, 0.0, 0.0, 1.0, 1.0, 1.0, 0.0, 0.0, 0.0, 1.0, 0.0, 0.0, 0.0, 1.0, 0.0, 0.0, 0.0, 0.0, 0.0, 1.0, 1.0, 1.0, 0.0, 0.0, 0.0, 1.0, 0.0, 0.0, 0.0, 0.0, 1.0, 0.0, 0.0, 0.0, 0.0, 0.0, 0.0, 0.0, 1.0, 0.0, 0.0, 0.0, 0.0, 1.0, 1.0, 1.0, 1.0, 0.0, 0.0, 0.0, 0.0, 1.0, 1.0, 1.0, 0.0, 0.0, 0.0, 1.0, 0.0, 1.0, 1.0, 1.0, 1.0, 0.0, 0.0, 0.0, 0.0, 1.0, 1.0, 1.0, 1.0, 0.0, 0.0, 0.0, 0.0, 1.0, 1.0, 1.0, 1.0, 1.0, 1.0, 1.0, 0.0, 0.0, 0.0, 0.0, 0.0, 1.0, 0.0, 0.0, 0.0, 1.0, 1.0, 1.0, 1.0, 1.0, 1.0, 1.0, 1.0, 1.0, 1.0, 1.0, 1.0, 1.0, 1.0, 1.0, 0.0, 0.0, 0.0, 0.0, 0.0, 0.0, 0.0, 0.0, 0.0, 0.0, 1.0, 0.0, 1.0, 0.0, 1.0, 0.0, 1.0, 0.0, 0.0, 0.0, 1.0, 0.0, 0.0, 0.0, 0.0, 1.0, 1.0, 1.0, 0.0, 0.0, 0.0, 1.0, 0.0, 0.0, 0.0, 1.0, 0.0, 0.0, 0.0, 0.0, 0.0, 0.0, 1.0, 1.0, 1.0, 0.0, 0.0, 0.0, 0.0, 1.0, 1.0, 1.0, 0.0, 1.0, 1.0, 1.0, 1.0, 0.0, 0.0, 1.0, 0.0, 0.0, 0.0, 0.0, 0.0, 1.0, 1.0, 1.0, 1.0, 1.0, 1.0, 1.0, 0.0, 1.0, 1.0, 1.0, 1.0, 0.0, 0.0, 0.0, 0.0, 1.0, 1.0, 1.0, 1.0, 0.0, 0.0, 0.0, 0.0, 0.0, 1.0, 0.0, 0.0, 0.0, 0.0, 0.0, 0.0, 0.0, 0.0, 0.0, 0.0, 0.0, 0.0, 0.0, 0.0, 0.0, 0.0, 0.0, 0.0, 0.0, 0.0, 0.0, 0.0, 1.0, 1.0, 0.0, 1.0, 1.0, 0.0, 1.0, 0.0, 1.0, 1.0, 1.0, 1.0, 1.0, 0.0, 1.0, 1.0, 0.0, 0.0, 0.0, 0.0, 0.0, 1.0, 1.0, 0.0, 1.0, 0.0, 0.0, 1.0, 0.0, 0.0, 0.0, 0.0, 1.0, 1.0, 1.0, 0.0, 0.0, 0.0, 1.0, 0.0, 1.0, 1.0, 1.0, 0.0, 0.0, 0.0, 0.0, 0.0, 1.0, 1.0, 1.0, 1.0, 1.0, 1.0, 1.0, 0.0, 0.0, 0.0, 0.0, 0.0, 0.0, 0.0, 0.0, 0.0, 1.0, 0.0, 1.0, 0.0, 0.0, 0.0, 0.0, 0.0, 1.0, 1.0, 1.0, 1.0, 1.0, 1.0, 1.0, 0.0, 1.0, 1.0, 1.0, 1.0, 1.0, 1.0, 0.0, 1.0, 1.0, 1.0, 1.0, 1.0, 0.0, 0.0, 0.0, 0.0, 1.0, 1.0, 1.0, 1.0, 1.0, 1.0, 1.0, 0.0, 0.0, 1.0, 1.0, 1.0, 0.0, 0.0, 0.0, 0.0, 1.0, 1.0, 1.0, 1.0, 0.0, 0.0, 0.0, 0.0, 1.0, 0.0, 1.0, 0.0, 0.0, 0.0, 0.0, 0.0, 1.0, 1.0, 1.0, 1.0, 1.0, 0.0, 1.0, 0.0, 1.0, 1.0, 1.0, 0.0, 1.0, 1.0, 0.0, 1.0, 1.0, 1.0, 1.0, 1.0, 0.0, 0.0, 0.0, 0.0, 0.0, 0.0, 0.0, 0.0, 0.0, 0.0, 0.0, 0.0, 1.0, 1.0, 1.0, 1.0, 0.0, 0.0, 0.0, 0.0, 0.0, 0.0, 0.0, 0.0, 0.0, 0.0, 0.0, 0.0, 0.0, 0.0, 0.0, 0.0, 0.0, 0.0, 0.0, 0.0, 1.0, 1.0, 0.0, 0.0, 1.0, 1.0, 1.0, 1.0, 1.0, 1.0, 1.0, 1.0, 1.0, 1.0, 1.0, 1.0, 1.0, 1.0, 1.0, 1.0, 1.0, 0.0, 1.0, 1.0, 0.0, 1.0, 0.0, 1.0, 0.0, 1.0, 0.0, 0.0, 1.0, 1.0, 1.0, 1.0, 0.0, 0.0, 1.0, 0.0, 1.0, 1.0, 1.0, 1.0, 0.0, 0.0, 0.0, 0.0, 0.0, 0.0, 0.0, 1.0, 0.0, 0.0, 0.0, 0.0, 1.0, 1.0, 1.0, 1.0, 0.0, 0.0, 0.0, 0.0, 0.0, 1.0, 1.0, 1.0, 0.0, 1.0, 1.0, 0.0, 1.0, 1.0, 1.0, 1.0, 0.0, 0.0, 0.0, 0.0, 1.0, 0.0, 1.0, 1.0, 1.0, 0.0, 0.0, 1.0, 1.0, 1.0, 1.0, 1.0, 1.0, 1.0, 1.0, 0.0, 0.0, 1.0, 1.0, 1.0, 1.0, 1.0, 0.0, 0.0, 1.0, 1.0, 1.0, 1.0, 0.0, 0.0, 0.0, 0.0, 1.0, 1.0, 1.0, 0.0, 0.0, 0.0, 1.0, 0.0, 1.0, 1.0, 1.0, 1.0, 0.0, 0.0, 0.0, 0.0, 0.0, 0.0, 0.0, 0.0, 0.0, 0.0, 0.0, 0.0, 0.0, 0.0, 1.0, 1.0, 0.0, 0.0, 0.0, 0.0, 1.0, 1.0, 1.0, 1.0, 1.0, 0.0, 0.0, 1.0]",-295.2442605392121,597.0338707387587,-482.430437669722,964.860875339444,0.6819716124321688,-7.721241042832364,18.21507080790451,1.2846122460949685,-433.45128860920846,873.4479268787513,False,True,True,True,True,0.875,1.0,0.5625,0.375,0.5625,0.375,0.8125,0.625,0.5625,0.375,0.5625,0.25,"Z.exactly(lambda x1: Z.equal(x1,'blue','colour'),1,X)","Z.atleast(lambda x1: Z.exists(lambda x2: Z.and_operator(Z.hor_operator(x1,x2,'contact'),Z.not_operator(Z.equal(x1,x2,'colour'))),X),1,X)","Z.exists(lambda x1: Z.equal(x1,'red','colour'),X)","Z.atleast(lambda x1: Z.exists(lambda x2: Z.and_operator(Z.equal(x1,3,'size'),Z.not_operator(Z.equal(x1,x2,'colour'))),X),1,X)",1.0,0.375,0.375,0.375,0.375,0.7083333333333334,0.6982758620689655,0.6867816091954023,0.6954022988505747,0.6925287356321839,5.241379310344827,2000,0,0,0,0,0
17,24,40,ZdXQZ,tcpjkowfzbo-RzgvAAAp,Kappa,at least one is blue AND small,"[True, True, True, True, False, False, False, False]","[True, True, True, True, False, False, False, False]",1.0,1.0,There must be at least one small blue cone,[['x1']],"Z.atleast(lambda x1: Z.and_operator(Z.equal(x1,'blue','colour'),Z.equal(x1,1,'size')),1,X)",There must be at least one small blue cone,"[{'ids': [0, 1, 2, 3, 4], 'colours': ['blue', 'blue', 'green', 'green', 'green'], 'sizes': [1, 2, 1, 2, 3], 'xpos': [0.30944369669435245, 3.9222517188342847, 5.337497543375092, 3.1133034877344836, 5.411614347832926], 'ypos': [4.128333333333334, 4.128333333333334, 4.128333333333334, 4.128333333333334, 4.128333317262491], 'rotations': [3.1415926535897936, 3.1415926535897927, 3.141592653589793, 3.1415926535897927, 3.1415926851012492], 'orientations': ['upright', 'upright', 'upright', 'upright', 'upright'], 'contact': [[0], [1, 3], [2], [3, 1], [4]], 'grounded': ['yes', 'yes', 'yes', 'yes', 'yes'], 'follow_rule': True}, {'ids': [0, 1], 'colours': ['green', 'green'], 'sizes': [3, 1], 'xpos': [5.240832438384991, 5.254068002076785], 'ypos': [4.124687813335013, 4.125066588467416], 'rotations': [3.1411317904940406, 3.134048088855253], 'orientations': ['upright', 'upright'], 'contact': [[0], [1]], 'grounded': ['yes', 'yes'], 'follow_rule': False}, {'ids': [0, 1], 'colours': ['green', 'blue'], 'sizes': [3, 2], 'xpos': [4.6171291520304845, 1.5982729192084268], 'ypos': [4.126132998053933, 4.1244472461616235], 'rotations': [3.1375576220525043, 3.1409657434679206], 'orientations': ['upright', 'upright'], 'contact': [[0], [1]], 'grounded': ['yes', 'yes'], 'follow_rule': False}, {'ids': [0, 1], 'colours': ['blue', 'green'], 'sizes': [2, 2], 'xpos': [2.4706674746768047, 3.2864635768906885], 'ypos': [4.125032930532574, 4.124972270267645], 'rotations': [3.146185217775339, 3.1392778059098516], 'orientations': ['upright', 'upright'], 'contact': [[0], [1]], 'grounded': ['yes', 'yes'], 'follow_rule': False}, {'ids': [0], 'colours': ['blue'], 'sizes': [1], 'xpos': [0.4501653418257961], 'ypos': [4.123732350750429], 'rotations': [3.1435261676174515], 'orientations': ['upright'], 'contact': [[0]], 'grounded': ['yes'], 'follow_rule': True}, {'ids': [0], 'colours': ['green'], 'sizes': [1], 'xpos': [1.1048623007855607], 'ypos': [4.124373891926582], 'rotations': [3.13933468460308], 'orientations': ['upright'], 'contact': [[0]], 'grounded': ['yes'], 'follow_rule': False}, {'ids': [0, 1, 2], 'colours': ['blue', 'red', 'red'], 'sizes': [1, 2, 3], 'xpos': [7.663160463906805, 7.435354903880706, 0.4357608710024603], 'ypos': [4.043347239377424, 3.209228942088224, 3.8706687554993926], 'rotations': [3.4247572135681805, 6.749580585445588, 3.674129683386031], 'orientations': ['upright', 'strange', 'strange'], 'contact': [[0, 1], [1, 0], [2]], 'grounded': ['yes', 'yes', 'yes'], 'follow_rule': True}, {'ids': [0, 1, 2, 3], 'colours': ['red', 'blue', 'green', 'blue'], 'sizes': [2, 1, 1, 1], 'xpos': [5.8044744071750385, 5.7873454166812435, 4.285922725982719, 4.284453210967473], 'ypos': [3.7509704300348017, 3.748456750408965, 4.126162518173412, 3.8420374830559063], 'rotations': [5.048918670457136, 5.070548497547813, 3.1403647390032416, 3.1407625690910392], 'orientations': ['rhs', 'rhs', 'upright', 'upright'], 'contact': [[0, 1], [1, 0], [2, 3], [3, 2]], 'grounded': ['yes', 'no', 'yes', 'no'], 'follow_rule': True}, {'ids': [0, 1, 2, 3, 4, 5, 6, 7], 'colours': ['red', 'blue', 'blue', 'red', 'red', 'green', 'red', 'blue'], 'sizes': [3, 1, 2, 2, 3, 2, 1, 2], 'xpos': [3.73068127782473, 5.21143043275308, 0.628029634657912, 5.41985831114537, 3.73221495043733, 2.6881904061602, 2.69592462610732, 4.6441478837753], 'ypos': [4.15955293434237, 3.88040887163376, 3.77952636825576, 4.00866939013447, 3.84618730815599, 4.16046505787232, 3.36197381341272, 4.15735107629793], 'rotations': [3.14513282779734, 5.0677355060028, 5.0513292843393, 2.88192941289468, 3.14453575957132, 3.13858862708556, 2.60114260528712, 3.14253353812844], 'contact': [[0, 4], [1, 3], 2, [3, 1, 7], [4, 0], [5, 6], [6, 5], [7, 3]], 'grounded': ['yes', 'yes', 'yes', 'no', 'no', 'yes', 'no', 'yes']}, {'ids': [0, 1, 2, 3, 4], 'colours': ['green', 'red', 'red', 'blue', 'blue'], 'sizes': [3, 3, 3, 1, 1], 'xpos': [0.494087661193018, 3.9483348516538, 5.27168256714865, 5.34332261433319, 0.73624872055367], 'ypos': [4.03747541930378, 4.15789345817489, 3.68793264237984, 3.6957884966519, 3.12182877557111], 'rotations': [3.39186622255945, 3.13985318391394, 5.03796059957422, 0.88254982855712, 3.37051889969503], 'contact': [[0, 4], 1, [2, 3], [3, 2], [4, 0]], 'grounded': ['yes', 'yes', 'yes', 'yes', 'no']}, {'ids': [0, 1, 2, 3], 'colours': ['red', 'blue', 'blue', 'green'], 'sizes': [1, 1, 2, 2], 'xpos': [3.18059163568182, 0.310290458717288, 3.1806567054277, 2.31556998810598], 'ypos': [4.16168723431181, 4.15876638336768, 4.1487939044355, 4.15777861520172], 'rotations': [3.14159140357956, 3.14265904643877, 3.14147445775215, 3.14506697679819], 'contact': [[0, 2], 1, [2, 0], 3], 'grounded': ['yes', 'yes', 'no', 'yes']}, {'ids': [0, 1, 2], 'colours': ['red', 'blue', 'blue'], 'sizes': [2, 1, 1], 'xpos': [4.18368803941992, 0.414042657065262, 2.15035350734386], 'ypos': [3.77956682056473, 4.15748311487421, 3.8762597297667], 'rotations': [1.23393916549627, 3.14433838895914, 1.21175410086331], 'contact': [{'V1': 0, 'V2': 1, 'V3': 2}], 'grounded': ['yes', 'yes', 'yes']}, {'ids': [0, 1, 2, 3], 'colours': ['red', 'blue', 'green', 'green'], 'sizes': [1, 2, 3, 2], 'xpos': [3.51554594721066, 0.952630095552302, 1.15938786102465, 4.3365248890533], 'ypos': [4.15861023322789, 3.78844050360235, 3.68324865018165, 3.81210635173936], 'rotations': [3.13374769948046, 1.95279692618981, 5.03789515425762, 2.09958352806452], 'contact': [[0, 3], 1, 2, [3, 0]], 'grounded': ['yes', 'yes', 'yes', 'yes']}, {'ids': [0, 1, 2, 3, 4, 5, 6], 'colours': ['red', 'green', 'green', 'red', 'red', 'green', 'blue'], 'sizes': [2, 2, 1, 2, 3, 1, 2], 'xpos': [6.87642919084431, 0.500811040908878, 6.83118798955539, 0.500811040908877, 2.84733119936067, 4.8509860534385, 6.36697442237732], 'ypos': [4.16175085069598, 4.16166666666667, 3.43496091839389, 3.86081693802354, 3.68420776646255, 3.88048305615273, 3.30313545616522], 'rotations': [3.14149734712368, 3.14159265358979, 3.21473720201577, 3.1415926535898, 5.03748075887867, 5.06844557980735, 3.76206868572812], 'contact': [[0, 6, 2], [1, 3], [2, 0, 6], [3, 1], 4, 5, [6, 0, 2]], 'grounded': ['yes', 'yes', 'no', 'no', 'yes', 'yes', 'no']}, {'ids': [0, 1, 2, 3], 'colours': ['green', 'red', 'green', 'green'], 'sizes': [3, 2, 3, 1], 'xpos': [0.68898442305447, 3.35991414777035, 6.19696481477246, 0.285852488312505], 'ypos': [4.14082379374931, 3.77953993499473, 3.68347394204074, 3.22090721981064], 'rotations': [3.17946147794873, 5.05131141313782, 1.24390261182064, 2.78305328423849], 'contact': [[0, 3], 1, 2, [3, 0]], 'grounded': ['yes', 'yes', 'yes', 'no']}, {'ids': [0, 1, 2, 3, 4, 5], 'colours': ['blue', 'green', 'red', 'green', 'red', 'red'], 'sizes': [2, 1, 3, 3, 2, 2], 'xpos': [1.90901458039544, 3.20404317572615, 5.35557787085149, 2.21502873493383, 4.45133508655654, 0.411178438002497], 'ypos': [4.15997299836821, 3.9724254650111, 3.68341260130509, 3.66870790290145, 3.29547827552602, 4.15884184210246], 'rotations': [3.14582683698787, 3.82418159605204, 1.24456815445981, 4.50974799681394, 6.86637263771617, 3.14292060739547], 'contact': [[0, 3], [1, 3], [2, 4], [3, 0, 1], [4, 2], 5], 'grounded': ['yes', 'yes', 'yes', 'yes', 'yes', 'yes']}]","[False, False, True, False, True, False, True, False]","[False, False, True, False, False, True, False, True]","[True, True, False, True, False, False, False, False]","[False, False, False, False, True, False, True, False]","[False, True, True, False, True, False, True, False]","[False, True, True, False, False, True, False, True]","[True, False, False, True, False, False, False, False]","[False, False, False, False, True, False, True, False]",0.625,0.5,0.0,-0.125,0.375,0.5,0.375,0.5,0.625,0.5,0.125,0.0,0.625,0.5,294.2355149370746,-5.547661971348662,-5.545177444479562,13.17476548437716,11.090354888959125,7.4699462792953915,-11.068650925306638,-11.090354888959125,24.909890572853058,22.18070977791825,1.0502311195665048,"[1.0, 1.0, 1.0, 1.0, 1.0, 0.0, 1.0, 0.0, 1.0, 1.0, 1.0, 1.0, 1.0, 1.0, 1.0, 0.0135, 0.9530000000000001, 0.092, 0.5895, 0.5895, 1.0, 0.0, 0.0, 0.861, 1.0, 1.0, 1.0, 0.2925, 0.999, 0.999, 1.0, 0.7155, 0.0, 0.0, 1.0, 0.0, 0.0, 0.0, 1.0, 0.0, 0.0, 0.0, 1.0, 0.0, 0.0, 0.0, 1.0, 0.0, 1.0, 1.0, 1.0, 1.0, 0.0, 0.0, 0.0, 0.0, 1.0, 1.0, 1.0, 1.0, 0.935, 0.935, 0.935, 0.935, 1.0, 1.0, 1.0, 1.0, 0.0, 1.0, 0.0, 0.0, 0.0, 1.0, 1.0, 1.0, 1.0, 1.0, 1.0, 1.0, 1.0, 1.0, 1.0, 1.0, 0.0935, 0.0935, 0.0935, 0.0935, 1.0, 1.0, 1.0, 1.0, 1.0, 1.0, 1.0, 1.0, 1.0, 1.0, 1.0, 1.0, 1.0, 1.0, 1.0, 0.013000000000000001, 1.0, 1.0, 0.998, 1.0, 1.0, 0.002, 0.998, 0.002, 1.0, 1.0, 1.0, 1.0, 1.0, 1.0, 1.0, 0.0, 0.973, 1.0, 0.9530000000000001, 1.0, 0.8925000000000001, 0.9195, 0.17400000000000002, 0.201, 1.0, 1.0, 1.0, 1.0, 0.0, 0.0, 0.0, 0.0, 1.0, 1.0, 1.0, 0.24, 1.0, 1.0, 0.968, 1.0, 0.653, 0.653, 0.653, 1.0, 0.2535, 0.2535, 0.7035, 0.10300000000000001, 1.0, 1.0, 1.0, 1.0, 0.0, 1.0, 0.0, 0.0, 1.0, 1.0, 1.0, 0.012, 0.988, 0.988, 1.0, 1.0, 1.0, 0.0, 1.0, 1.0, 1.0, 0.0, 0.0, 1.0, 0.0, 0.0, 0.0, 1.0, 1.0, 0.0, 0.0, 0.0, 1.0, 1.0, 1.0, 1.0, 0.0, 0.0, 0.0, 0.0, 1.0, 1.0, 1.0, 1.0, 0.0, 0.0, 0.0, 0.0, 1.0, 1.0, 1.0, 1.0, 1.0, 1.0, 0.841, 1.0, 1.0, 1.0, 1.0, 1.0, 0.0, 0.0, 0.0, 0.0, 1.0, 1.0, 1.0, 1.0, 1.0, 1.0, 1.0, 0.0, 0.197, 0.0, 0.85, 0.653, 0.803, 0.0, 0.0, 0.0, 0.8525, 0.847, 0.9935, 0.847, 0.28300000000000003, 0.4305, 0.426, 0.426, 1.0, 1.0, 1.0, 1.0, 1.0, 1.0, 1.0, 0.0, 0.798, 1.0, 0.7995, 0.7995, 0.0275, 0.029, 0.2265, 0.1975, 1.0, 1.0, 1.0, 1.0, 0.0, 0.0, 0.0, 0.0, 0.862, 0.854, 0.8595, 0.8955000000000001, 0.045, 0.0005, 0.8695, 0.8505, 1.0, 1.0, 1.0, 0.022, 1.0, 1.0, 1.0, 0.978, 0.28400000000000003, 0.0145, 0.1885, 0.0275, 0.2755, 0.0, 0.0015, 0.013000000000000001, 0.0, 0.0, 0.0, 1.0, 1.0, 0.0, 0.0, 0.0, 1.0, 1.0, 1.0, 1.0, 0.0, 0.0, 0.0, 0.0, 1.0, 1.0, 1.0, 1.0, 1.0, 0.0, 1.0, 0.0, 1.0, 1.0, 1.0, 1.0, 1.0, 1.0, 1.0, 0.0, 1.0, 1.0, 1.0, 0.728, 0.8265, 0.5545, 0.5545, 0.8265, 1.0, 1.0, 1.0, 1.0, 1.0, 1.0, 1.0, 1.0, 1.0, 1.0, 1.0, 0.8715, 0.9365, 0.8695, 0.8695, 0.9365, 0.229, 0.229, 0.229, 0.229, 0.801, 0.03, 0.03, 0.801, 0.0, 0.0, 0.0, 1.0, 1.0, 0.0, 0.0, 0.0, 0.108, 0.114, 0.2315, 0.108, 0.114, 0.07050000000000001, 0.0495, 0.006, 1.0, 1.0, 1.0, 1.0, 0.0, 0.0, 0.0, 0.0, 0.8955000000000001, 0.895, 0.0115, 0.0, 0.883, 0.0, 0.0, 0.0, 1.0, 1.0, 1.0, 1.0, 0.0, 0.0, 0.0, 0.0, 0.902, 0.902, 0.902, 0.678, 0.88, 0.88, 0.902, 0.807, 1.0, 1.0, 1.0, 1.0, 0.0, 0.0, 0.0, 0.0, 1.0, 1.0, 1.0, 1.0, 1.0, 1.0, 1.0, 0.0, 1.0, 1.0, 1.0, 1.0, 0.0, 0.0, 0.0, 0.0, 1.0, 1.0, 1.0, 1.0, 0.008, 0.008, 0.008, 0.008, 1.0, 1.0, 1.0, 1.0, 1.0, 1.0, 1.0, 0.0, 1.0, 1.0, 1.0, 1.0, 1.0, 1.0, 0.6980000000000001, 1.0, 1.0, 1.0, 1.0, 1.0, 0.0, 0.0, 0.0, 0.0, 1.0, 1.0, 1.0, 1.0, 1.0, 1.0, 1.0, 0.0, 0.9530000000000001, 0.9530000000000001, 0.9530000000000001, 1.0, 1.0, 1.0, 0.641, 0.9530000000000001, 1.0, 1.0, 1.0, 1.0, 0.0, 0.0, 0.0, 0.0, 1.0, 1.0, 1.0, 1.0, 1.0, 1.0, 1.0, 1.0, 1.0, 1.0, 1.0, 1.0, 0.0, 0.0, 0.0, 0.0, 1.0, 1.0, 1.0, 1.0, 1.0, 1.0, 1.0, 1.0, 1.0, 1.0, 1.0, 1.0, 0.021500000000000002, 0.021500000000000002, 0.021500000000000002, 0.021500000000000002, 0.021500000000000002, 0.003, 0.02, 0.0095, 0.0095, 0.964, 0.9555, 0.0095, 1.0, 1.0, 1.0, 1.0, 1.0, 1.0, 1.0, 1.0, 1.0, 1.0, 1.0, 1.0, 0.0, 0.0, 0.0, 0.0, 1.0, 1.0, 1.0, 1.0, 0.0, 0.0, 1.0, 1.0, 1.0, 0.873, 0.198, 0.198, 1.0, 1.0, 0.6905, 1.0, 1.0, 1.0, 1.0, 1.0, 1.0, 1.0, 1.0, 0.0, 1.0, 0.999, 0.999, 1.0, 0.0025, 0.0025, 0.0025, 0.0025, 1.0, 1.0, 1.0, 1.0, 1.0, 0.686, 0.314, 0.0, 1.0, 1.0, 1.0, 1.0, 0.524, 0.524, 1.0, 0.47600000000000003, 1.0, 1.0, 1.0, 1.0, 0.008, 0.008, 0.008, 0.008, 0.9935, 0.9935, 0.9775, 0.9935, 0.9935, 0.0225, 0.988, 0.017, 1.0, 1.0, 1.0, 1.0, 0.0725, 0.0725, 0.0725, 0.0725, 0.041, 1.0, 1.0, 0.9590000000000001, 0.041, 0.9590000000000001, 1.0, 0.0, 0.7435, 0.9835, 0.7425, 0.986, 0.7435, 0.7435, 0.256, 0.987, 1.0, 0.005, 1.0, 1.0, 1.0, 0.005, 0.005, 1.0, 1.0, 1.0, 1.0, 1.0, 1.0, 1.0, 1.0, 0.0, 1.0, 1.0, 1.0, 1.0, 0.0, 0.0, 0.0, 0.0, 1.0, 1.0, 1.0, 1.0, 0.0, 0.0, 0.0, 0.0, 0.9705, 0.9705, 0.9145, 1.0, 0.8015, 0.8015, 0.9705, 0.7865, 1.0, 1.0, 1.0, 1.0, 0.0, 0.0, 0.0, 0.0, 1.0, 1.0, 1.0, 1.0, 0.0, 0.0, 0.0, 0.0, 1.0, 1.0, 1.0, 1.0, 0.0, 0.0, 0.0, 0.0, 1.0, 1.0, 1.0, 1.0, 1.0, 1.0, 1.0, 1.0]",-418.5875071169283,843.720363894191,-482.430437669722,964.860875339444,0.01,0.0,2.0794415416798357,0.01,0.0,2.772588722239781,0.6334250289943713,"[1.0, 1.0, 1.0, 1.0, 1.0, 0.0, 1.0, 0.0, 1.0, 1.0, 1.0, 1.0, 1.0, 1.0, 1.0, 0.0, 0.0, 0.0, 0.0, 0.0, 0.0, 0.0, 0.0, 0.0, 1.0, 1.0, 1.0, 0.0, 0.0, 0.0, 1.0, 0.0, 0.0, 0.0, 1.0, 1.0, 0.0, 1.0, 1.0, 1.0, 1.0, 1.0, 1.0, 1.0, 0.0, 0.0, 1.0, 1.0, 1.0, 1.0, 1.0, 1.0, 0.0, 0.0, 0.0, 0.0, 1.0, 1.0, 1.0, 1.0, 0.0, 0.0, 0.0, 0.0, 0.0, 0.0, 0.0, 0.0, 0.0, 1.0, 1.0, 0.0, 1.0, 1.0, 1.0, 1.0, 0.0, 0.0, 0.0, 0.0, 1.0, 1.0, 1.0, 1.0, 0.0, 0.0, 0.0, 0.0, 1.0, 1.0, 1.0, 1.0, 1.0, 1.0, 0.0, 1.0, 1.0, 1.0, 1.0, 1.0, 1.0, 1.0, 1.0, 0.0, 1.0, 1.0, 1.0, 1.0, 1.0, 0.0, 1.0, 0.0, 0.0, 1.0, 0.0, 0.0, 1.0, 1.0, 1.0, 0.0, 1.0, 1.0, 0.0, 1.0, 1.0, 0.0, 0.0, 0.0, 1.0, 1.0, 1.0, 0.0, 1.0, 1.0, 1.0, 1.0, 1.0, 1.0, 1.0, 1.0, 0.0, 0.0, 0.0, 0.0, 1.0, 1.0, 1.0, 0.0, 0.0, 0.0, 1.0, 0.0, 0.0, 0.0, 1.0, 0.0, 0.0, 0.0, 0.0, 0.0, 1.0, 1.0, 1.0, 0.0, 0.0, 0.0, 1.0, 0.0, 0.0, 0.0, 0.0, 1.0, 0.0, 0.0, 0.0, 0.0, 0.0, 0.0, 0.0, 1.0, 0.0, 0.0, 0.0, 0.0, 1.0, 1.0, 1.0, 1.0, 0.0, 0.0, 0.0, 0.0, 1.0, 1.0, 1.0, 0.0, 0.0, 0.0, 1.0, 0.0, 1.0, 1.0, 1.0, 1.0, 0.0, 0.0, 0.0, 0.0, 1.0, 1.0, 1.0, 1.0, 0.0, 0.0, 0.0, 0.0, 1.0, 1.0, 1.0, 1.0, 1.0, 1.0, 1.0, 0.0, 0.0, 0.0, 0.0, 0.0, 1.0, 0.0, 0.0, 0.0, 1.0, 1.0, 1.0, 1.0, 1.0, 1.0, 1.0, 1.0, 1.0, 1.0, 1.0, 1.0, 1.0, 1.0, 1.0, 0.0, 0.0, 0.0, 0.0, 0.0, 0.0, 0.0, 0.0, 0.0, 0.0, 1.0, 0.0, 1.0, 0.0, 1.0, 0.0, 1.0, 0.0, 0.0, 0.0, 1.0, 0.0, 0.0, 0.0, 0.0, 1.0, 1.0, 1.0, 0.0, 0.0, 0.0, 1.0, 0.0, 1.0, 1.0, 1.0, 1.0, 1.0, 0.0, 1.0, 0.0, 0.0, 1.0, 1.0, 1.0, 0.0, 0.0, 0.0, 0.0, 1.0, 1.0, 1.0, 0.0, 1.0, 1.0, 1.0, 1.0, 0.0, 1.0, 1.0, 1.0, 0.0, 0.0, 0.0, 0.0, 1.0, 1.0, 1.0, 1.0, 1.0, 1.0, 1.0, 0.0, 1.0, 1.0, 1.0, 1.0, 0.0, 0.0, 0.0, 0.0, 1.0, 1.0, 1.0, 1.0, 0.0, 0.0, 0.0, 0.0, 0.0, 1.0, 0.0, 0.0, 0.0, 0.0, 0.0, 0.0, 1.0, 1.0, 1.0, 1.0, 1.0, 0.0, 1.0, 1.0, 0.0, 0.0, 0.0, 0.0, 0.0, 1.0, 1.0, 0.0, 1.0, 1.0, 1.0, 1.0, 1.0, 0.0, 1.0, 0.0, 1.0, 1.0, 1.0, 1.0, 1.0, 0.0, 1.0, 1.0, 0.0, 0.0, 0.0, 0.0, 0.0, 1.0, 1.0, 0.0, 1.0, 0.0, 0.0, 1.0, 0.0, 0.0, 0.0, 0.0, 1.0, 1.0, 1.0, 0.0, 0.0, 0.0, 1.0, 0.0, 1.0, 1.0, 1.0, 0.0, 0.0, 0.0, 0.0, 0.0, 1.0, 1.0, 1.0, 1.0, 1.0, 1.0, 1.0, 0.0, 0.0, 0.0, 0.0, 0.0, 0.0, 0.0, 0.0, 0.0, 1.0, 0.0, 1.0, 0.0, 0.0, 0.0, 0.0, 0.0, 1.0, 1.0, 1.0, 1.0, 1.0, 1.0, 1.0, 0.0, 1.0, 1.0, 1.0, 1.0, 1.0, 1.0, 0.0, 1.0, 1.0, 1.0, 1.0, 1.0, 0.0, 0.0, 0.0, 0.0, 1.0, 1.0, 1.0, 1.0, 1.0, 1.0, 1.0, 0.0, 0.0, 1.0, 1.0, 1.0, 0.0, 0.0, 0.0, 0.0, 1.0, 1.0, 1.0, 1.0, 0.0, 0.0, 0.0, 0.0, 1.0, 0.0, 1.0, 0.0, 0.0, 0.0, 0.0, 0.0, 1.0, 1.0, 1.0, 1.0, 1.0, 0.0, 1.0, 0.0, 1.0, 1.0, 1.0, 0.0, 1.0, 1.0, 0.0, 1.0, 1.0, 1.0, 1.0, 1.0, 0.0, 0.0, 0.0, 0.0, 0.0, 0.0, 0.0, 0.0, 0.0, 1.0, 0.0, 0.0, 1.0, 1.0, 1.0, 1.0, 0.0, 0.0, 0.0, 0.0, 0.0, 0.0, 0.0, 0.0, 0.0, 0.0, 0.0, 0.0, 1.0, 0.0, 1.0, 0.0, 0.0, 0.0, 0.0, 0.0, 1.0, 1.0, 0.0, 0.0, 1.0, 1.0, 1.0, 1.0, 1.0, 1.0, 1.0, 1.0, 1.0, 1.0, 1.0, 1.0, 1.0, 1.0, 1.0, 1.0, 1.0, 0.0, 1.0, 1.0, 0.0, 1.0, 0.0, 1.0, 0.0, 1.0, 0.0, 0.0, 1.0, 1.0, 1.0, 1.0, 0.0, 0.0, 1.0, 0.0, 1.0, 1.0, 1.0, 1.0, 0.0, 0.0, 0.0, 0.0, 0.0, 0.0, 0.0, 1.0, 0.0, 0.0, 0.0, 0.0, 1.0, 1.0, 1.0, 1.0, 0.0, 0.0, 0.0, 0.0, 0.0, 1.0, 1.0, 1.0, 0.0, 1.0, 1.0, 0.0, 1.0, 1.0, 1.0, 1.0, 0.0, 0.0, 0.0, 0.0, 1.0, 0.0, 1.0, 1.0, 1.0, 0.0, 0.0, 1.0, 1.0, 1.0, 1.0, 1.0, 1.0, 1.0, 1.0, 0.0, 0.0, 1.0, 1.0, 1.0, 1.0, 1.0, 0.0, 0.0, 1.0, 1.0, 1.0, 1.0, 0.0, 0.0, 0.0, 0.0, 1.0, 1.0, 1.0, 0.0, 0.0, 0.0, 1.0, 0.0, 1.0, 1.0, 1.0, 1.0, 0.0, 0.0, 0.0, 0.0, 0.0, 0.0, 0.0, 0.0, 0.0, 0.0, 0.0, 0.0, 0.0, 1.0, 0.0, 1.0, 0.0, 1.0, 1.0, 0.0, 1.0, 1.0, 1.0, 1.0, 1.0, 0.0, 0.0, 1.0]",-318.3726801373107,643.2907099349558,0.01,0.0,-5.545177444479562,2.0794415416798357,11.090354888959125,0.01,0.0,-11.090354888959125,2.772588722239781,22.18070977791825,0.6173530694834558,"[1.0, 1.0, 1.0, 1.0, 1.0, 0.0, 1.0, 0.0, 1.0, 1.0, 1.0, 1.0, 1.0, 1.0, 1.0, 0.0, 0.0, 0.0, 0.0, 0.0, 0.0, 0.0, 0.0, 0.0, 1.0, 1.0, 1.0, 0.0, 0.0, 0.0, 1.0, 0.0, 0.0, 0.0, 1.0, 1.0, 0.0, 1.0, 1.0, 1.0, 0.0, 0.0, 0.0, 0.0, 0.0, 0.0, 0.0, 0.0, 1.0, 1.0, 1.0, 1.0, 0.0, 0.0, 0.0, 0.0, 1.0, 1.0, 1.0, 1.0, 0.0, 0.0, 0.0, 0.0, 0.0, 0.0, 0.0, 0.0, 0.0, 1.0, 1.0, 0.0, 0.0, 0.0, 0.0, 1.0, 0.0, 0.0, 0.0, 0.0, 1.0, 1.0, 1.0, 1.0, 0.0, 0.0, 0.0, 0.0, 0.0, 0.0, 0.0, 0.0, 1.0, 1.0, 0.0, 1.0, 1.0, 1.0, 1.0, 1.0, 1.0, 1.0, 1.0, 0.0, 1.0, 1.0, 1.0, 1.0, 1.0, 0.0, 1.0, 0.0, 0.0, 1.0, 0.0, 0.0, 1.0, 1.0, 1.0, 0.0, 1.0, 1.0, 0.0, 1.0, 1.0, 0.0, 0.0, 0.0, 1.0, 1.0, 1.0, 0.0, 1.0, 1.0, 1.0, 1.0, 1.0, 1.0, 1.0, 1.0, 0.0, 0.0, 0.0, 0.0, 1.0, 1.0, 1.0, 0.0, 0.0, 0.0, 1.0, 0.0, 0.0, 0.0, 1.0, 0.0, 0.0, 0.0, 0.0, 0.0, 1.0, 1.0, 1.0, 0.0, 0.0, 0.0, 1.0, 0.0, 0.0, 0.0, 0.0, 1.0, 0.0, 0.0, 0.0, 0.0, 0.0, 0.0, 0.0, 1.0, 0.0, 0.0, 0.0, 0.0, 1.0, 1.0, 1.0, 1.0, 0.0, 0.0, 0.0, 0.0, 1.0, 1.0, 1.0, 0.0, 0.0, 0.0, 1.0, 0.0, 1.0, 1.0, 1.0, 1.0, 0.0, 0.0, 0.0, 0.0, 1.0, 1.0, 1.0, 1.0, 0.0, 0.0, 0.0, 0.0, 1.0, 1.0, 1.0, 1.0, 1.0, 1.0, 1.0, 0.0, 0.0, 0.0, 0.0, 0.0, 1.0, 0.0, 0.0, 0.0, 1.0, 1.0, 1.0, 1.0, 1.0, 1.0, 1.0, 1.0, 1.0, 1.0, 1.0, 1.0, 1.0, 1.0, 1.0, 0.0, 0.0, 0.0, 0.0, 0.0, 0.0, 0.0, 0.0, 0.0, 0.0, 1.0, 0.0, 1.0, 0.0, 1.0, 0.0, 1.0, 0.0, 0.0, 0.0, 1.0, 0.0, 0.0, 0.0, 0.0, 1.0, 1.0, 1.0, 0.0, 0.0, 0.0, 1.0, 0.0, 1.0, 1.0, 1.0, 1.0, 1.0, 0.0, 1.0, 0.0, 0.0, 1.0, 1.0, 1.0, 0.0, 0.0, 0.0, 0.0, 1.0, 1.0, 1.0, 0.0, 1.0, 1.0, 1.0, 1.0, 0.0, 1.0, 1.0, 1.0, 0.0, 0.0, 0.0, 0.0, 1.0, 1.0, 1.0, 1.0, 1.0, 1.0, 1.0, 0.0, 1.0, 1.0, 1.0, 1.0, 0.0, 0.0, 0.0, 0.0, 1.0, 1.0, 1.0, 1.0, 0.0, 0.0, 0.0, 0.0, 0.0, 1.0, 0.0, 0.0, 0.0, 0.0, 0.0, 0.0, 0.0, 0.0, 0.0, 0.0, 0.0, 0.0, 0.0, 0.0, 1.0, 0.0, 1.0, 1.0, 1.0, 0.0, 0.0, 1.0, 1.0, 1.0, 1.0, 1.0, 1.0, 0.0, 1.0, 0.0, 1.0, 1.0, 1.0, 1.0, 1.0, 0.0, 1.0, 1.0, 0.0, 0.0, 0.0, 0.0, 0.0, 1.0, 1.0, 0.0, 1.0, 0.0, 0.0, 1.0, 0.0, 0.0, 0.0, 0.0, 1.0, 1.0, 1.0, 0.0, 0.0, 0.0, 1.0, 0.0, 1.0, 1.0, 1.0, 0.0, 0.0, 0.0, 0.0, 0.0, 1.0, 1.0, 1.0, 1.0, 1.0, 1.0, 1.0, 0.0, 0.0, 0.0, 0.0, 0.0, 0.0, 0.0, 0.0, 0.0, 1.0, 0.0, 1.0, 0.0, 0.0, 0.0, 0.0, 0.0, 1.0, 1.0, 1.0, 1.0, 1.0, 1.0, 1.0, 0.0, 1.0, 1.0, 1.0, 1.0, 1.0, 1.0, 0.0, 1.0, 1.0, 1.0, 1.0, 1.0, 0.0, 0.0, 0.0, 0.0, 1.0, 1.0, 1.0, 1.0, 1.0, 1.0, 1.0, 0.0, 0.0, 1.0, 1.0, 1.0, 0.0, 0.0, 0.0, 0.0, 1.0, 1.0, 1.0, 1.0, 0.0, 0.0, 0.0, 0.0, 1.0, 0.0, 1.0, 0.0, 0.0, 0.0, 0.0, 0.0, 1.0, 1.0, 1.0, 1.0, 1.0, 0.0, 1.0, 0.0, 1.0, 1.0, 1.0, 0.0, 1.0, 1.0, 0.0, 1.0, 1.0, 1.0, 1.0, 1.0, 0.0, 0.0, 0.0, 0.0, 0.0, 0.0, 0.0, 0.0, 0.0, 1.0, 0.0, 0.0, 1.0, 1.0, 1.0, 1.0, 0.0, 0.0, 0.0, 0.0, 0.0, 0.0, 0.0, 0.0, 0.0, 0.0, 0.0, 0.0, 1.0, 0.0, 1.0, 0.0, 0.0, 0.0, 0.0, 0.0, 1.0, 1.0, 0.0, 0.0, 1.0, 1.0, 1.0, 1.0, 1.0, 1.0, 1.0, 1.0, 1.0, 1.0, 1.0, 1.0, 1.0, 1.0, 1.0, 1.0, 1.0, 0.0, 1.0, 1.0, 0.0, 1.0, 0.0, 1.0, 0.0, 1.0, 0.0, 0.0, 1.0, 1.0, 1.0, 1.0, 0.0, 0.0, 1.0, 0.0, 1.0, 1.0, 1.0, 1.0, 0.0, 0.0, 0.0, 0.0, 0.0, 0.0, 0.0, 1.0, 0.0, 0.0, 0.0, 0.0, 1.0, 1.0, 1.0, 1.0, 0.0, 0.0, 0.0, 0.0, 0.0, 1.0, 1.0, 1.0, 0.0, 1.0, 1.0, 0.0, 1.0, 1.0, 1.0, 1.0, 0.0, 0.0, 0.0, 0.0, 1.0, 0.0, 1.0, 1.0, 1.0, 0.0, 0.0, 1.0, 1.0, 1.0, 1.0, 1.0, 1.0, 1.0, 1.0, 0.0, 0.0, 0.0, 1.0, 0.0, 0.0, 1.0, 0.0, 0.0, 1.0, 1.0, 1.0, 1.0, 0.0, 0.0, 0.0, 0.0, 1.0, 1.0, 1.0, 0.0, 0.0, 0.0, 1.0, 0.0, 1.0, 1.0, 1.0, 1.0, 0.0, 0.0, 0.0, 0.0, 0.0, 0.0, 0.0, 0.0, 0.0, 0.0, 0.0, 0.0, 0.0, 1.0, 0.0, 1.0, 0.0, 1.0, 1.0, 0.0, 1.0, 1.0, 1.0, 1.0, 1.0, 0.0, 0.0, 1.0]",-311.9759791000219,630.4973078603782,-482.430437669722,964.860875339444,344.05346371826835,-5.548092417382775,-5.545177444479562,13.175626376445386,11.090354888959125,1.9576230476428496,-10.585011810535597,-11.090354888959125,23.942612343310977,22.18070977791825,1.0908740239314543,"[0.0, 0.0, 1.0, 0.0, 0.0, 0.0, 0.0, 0.0, 1.0, 1.0, 1.0, 1.0, 0.877, 0.877, 0.877, 0.0, 1.0, 0.259, 1.0, 1.0, 0.8015, 0.0, 0.259, 1.0, 1.0, 1.0, 1.0, 1.0, 1.0, 1.0, 1.0, 0.0, 0.0, 0.0, 1.0, 0.0, 0.0, 0.0, 1.0, 0.0, 0.0, 0.0, 1.0, 0.0, 0.0, 0.0, 1.0, 0.0, 0.0, 0.0, 0.0, 0.0775, 0.0, 0.0, 0.1635, 0.47100000000000003, 1.0, 1.0, 1.0, 1.0, 0.0, 0.0, 0.0, 0.0, 0.0, 0.0, 0.0, 0.0, 0.0, 0.0, 0.0, 0.0, 1.0, 1.0, 1.0, 1.0, 1.0, 1.0, 1.0, 0.0, 1.0, 1.0, 1.0, 1.0, 0.0, 0.0, 0.0, 0.0, 0.0, 0.0, 0.0, 0.0, 0.0, 0.113, 0.113, 0.0, 0.0, 0.0, 0.0, 1.0, 0.0, 0.0, 0.0, 0.0, 1.0, 1.0, 1.0, 1.0, 0.0, 0.0, 0.0, 0.0, 0.9995, 1.0, 1.0, 0.663, 1.0, 1.0, 1.0, 0.353, 1.0, 1.0, 1.0, 1.0, 0.082, 0.082, 0.0, 0.0, 0.973, 1.0, 0.7655000000000001, 0.605, 0.973, 1.0, 1.0, 0.368, 0.0, 0.0, 1.0, 0.0, 1.0, 0.0, 1.0, 0.0, 1.0, 1.0, 1.0, 1.0, 0.0, 0.0, 1.0, 0.0, 1.0, 1.0, 1.0, 1.0, 0.0, 0.9465, 0.0, 0.0, 0.666, 1.0, 0.666, 0.666, 0.0, 0.0, 0.7975, 0.0, 0.0, 0.9430000000000001, 0.0, 1.0, 1.0, 0.0, 0.0, 0.0, 0.0, 1.0, 0.0, 0.0, 0.0, 0.0, 0.0, 0.0, 1.0, 1.0, 1.0, 1.0, 0.0, 0.0, 0.0, 0.0, 1.0, 1.0, 1.0, 1.0, 1.0, 1.0, 1.0, 0.0005, 1.0, 1.0, 1.0, 1.0, 1.0, 1.0, 0.0, 1.0, 1.0, 1.0, 1.0, 1.0, 0.0, 0.0, 0.0, 0.0, 1.0, 1.0, 1.0, 1.0, 1.0, 1.0, 1.0, 0.0, 1.0, 0.0, 1.0, 0.0, 0.0, 0.0, 0.0, 0.0, 0.0, 1.0, 0.0, 1.0, 0.0, 1.0, 0.0, 1.0, 1.0, 1.0, 1.0, 1.0, 1.0, 1.0, 1.0, 0.0, 1.0, 0.0, 1.0, 1.0, 1.0, 0.0, 0.0, 1.0, 1.0, 1.0, 1.0, 1.0, 1.0, 1.0, 1.0, 1.0, 0.0, 0.9580000000000001, 0.0, 0.0, 0.0, 0.0, 0.0045000000000000005, 0.0, 0.0, 0.0, 0.0, 0.0, 0.0, 0.0, 0.0, 1.0, 0.0, 0.0, 0.0005, 0.0, 0.0, 0.0, 0.0, 0.0, 0.0, 1.0, 0.0, 0.0, 0.0, 0.0, 0.0, 0.0, 1.0, 1.0, 1.0, 0.001, 0.001, 0.001, 1.0, 0.0, 0.0, 0.0, 0.6225, 0.0, 0.0, 0.0, 0.0, 0.0, 1.0, 1.0, 1.0, 1.0, 0.0, 0.0, 0.0, 0.0, 0.0, 0.0, 0.0, 0.0, 0.0, 0.0, 0.0, 0.0, 1.0, 1.0, 1.0, 1.0, 1.0, 1.0, 1.0, 0.0, 0.0, 0.0, 0.0, 1.0, 0.0, 0.0, 1.0, 0.0, 1.0, 1.0, 1.0, 1.0, 0.0, 0.0, 0.0, 0.0, 0.0, 1.0, 0.0, 0.0, 1.0, 0.0, 0.0, 1.0, 1.0, 1.0, 1.0, 1.0, 0.0, 0.0, 0.0, 0.0, 1.0, 1.0, 1.0, 1.0, 1.0, 0.0, 1.0, 1.0, 0.0, 0.0005, 0.0, 0.0, 0.0, 0.38, 0.0, 0.0, 1.0, 1.0, 1.0, 1.0, 0.0, 0.0, 0.0, 0.0, 1.0, 1.0, 1.0, 0.999, 1.0, 1.0, 1.0, 0.0195, 1.0, 1.0, 1.0, 1.0, 0.0, 0.0, 0.0, 0.0, 0.0, 0.6285000000000001, 0.0, 0.328, 0.0, 0.0, 0.6285000000000001, 0.0, 0.0, 0.0, 0.0, 0.0, 0.0, 0.0, 0.0, 1.0, 1.0, 1.0, 1.0, 1.0, 0.0, 0.0, 0.0, 0.0, 1.0, 1.0, 1.0, 1.0, 1.0, 1.0, 1.0, 0.0, 1.0, 1.0, 1.0, 1.0, 1.0, 1.0, 0.0375, 1.0, 1.0, 1.0, 1.0, 1.0, 0.0, 0.0, 0.0, 0.0, 1.0, 1.0, 1.0, 1.0, 1.0, 1.0, 1.0, 0.0, 1.0, 1.0, 1.0, 1.0, 1.0, 1.0, 0.0, 1.0, 1.0, 1.0, 1.0, 1.0, 0.0, 0.0, 0.0, 0.0, 1.0, 1.0, 1.0, 1.0, 1.0, 1.0, 1.0, 1.0, 0.0, 0.0, 0.4395, 0.0, 0.0, 0.0, 0.001, 1.0, 0.0, 0.0, 0.0, 0.0, 0.0, 0.0, 0.0, 0.0, 1.0, 1.0, 1.0, 0.0, 1.0, 0.0, 0.0, 1.0, 0.0, 0.0, 1.0, 1.0, 1.0, 0.0, 0.0, 0.0, 0.0, 0.0, 0.0, 0.0, 0.0, 0.0, 0.0, 0.0, 1.0, 1.0, 1.0, 1.0, 0.0, 0.0, 0.0, 0.0, 0.0, 0.0, 0.0, 0.0, 0.0, 1.0, 0.0, 0.0, 1.0, 1.0, 1.0, 1.0, 0.0, 0.4945, 0.0, 0.0, 1.0, 1.0, 1.0, 1.0, 0.0, 0.0, 1.0, 1.0, 1.0, 1.0, 1.0, 1.0, 0.0, 0.0, 0.0, 0.0, 1.0, 1.0, 1.0, 1.0, 1.0, 0.704, 0.296, 0.0, 1.0, 1.0, 1.0, 1.0, 0.0, 0.0, 1.0, 1.0, 1.0, 1.0, 1.0, 1.0, 0.0, 0.0, 0.0, 0.0, 0.006, 1.0, 0.006, 0.708, 0.298, 1.0, 0.298, 1.0, 1.0, 1.0, 1.0, 1.0, 0.0, 0.0, 0.0, 0.0, 1.0, 0.0, 1.0, 1.0, 1.0, 0.0, 0.0, 1.0, 0.0, 1.0, 1.0, 1.0, 0.0, 0.0, 0.0, 0.0, 1.0, 0.224, 1.0, 1.0, 0.776, 0.0, 0.224, 1.0, 1.0, 1.0, 1.0, 1.0, 0.0, 0.0, 0.0, 0.0, 1.0, 1.0, 0.0, 1.0, 1.0, 1.0, 0.0, 1.0, 1.0, 1.0, 1.0, 1.0, 0.0, 0.0, 0.0, 0.0, 1.0, 1.0, 1.0, 1.0, 1.0, 1.0, 1.0, 0.0, 1.0, 1.0, 1.0, 1.0, 0.0, 0.0, 0.0, 0.0, 0.0, 0.0, 0.0, 0.0, 0.0, 0.0, 0.0, 0.0, 1.0, 0.4865, 1.0, 1.0, 1.0, 0.0075, 0.4865, 1.0, 0.0225, 0.0, 0.0, 0.9775, 0.0, 0.0, 0.0, 0.0]",-419.18595103414617,844.9172517286268,-482.430437669722,964.860875339444,0.01,0.0,-5.545177444479562,2.0794415416798357,11.090354888959125,0.01,0.0,-11.090354888959125,2.772588722239781,22.18070977791825,0.5787520451143159,"[1.0, 1.0, 1.0, 1.0, 1.0, 0.0, 1.0, 0.0, 1.0, 1.0, 1.0, 1.0, 1.0, 1.0, 1.0, 0.0, 0.0, 0.0, 0.0, 0.0, 0.0, 0.0, 0.0, 0.0, 1.0, 1.0, 1.0, 1.0, 0.0, 0.0, 1.0, 0.0, 0.0, 0.0, 0.0, 0.0, 0.0, 1.0, 0.0, 0.0, 0.0, 0.0, 0.0, 0.0, 0.0, 0.0, 0.0, 0.0, 1.0, 1.0, 1.0, 1.0, 0.0, 0.0, 0.0, 0.0, 1.0, 1.0, 1.0, 1.0, 0.0, 0.0, 0.0, 0.0, 0.0, 0.0, 0.0, 0.0, 0.0, 1.0, 1.0, 0.0, 1.0, 1.0, 1.0, 1.0, 0.0, 0.0, 0.0, 0.0, 1.0, 1.0, 1.0, 1.0, 0.0, 0.0, 0.0, 0.0, 0.0, 0.0, 0.0, 0.0, 0.0, 0.0, 0.0, 0.0, 1.0, 1.0, 1.0, 1.0, 1.0, 1.0, 1.0, 0.0, 1.0, 1.0, 1.0, 1.0, 1.0, 0.0, 1.0, 0.0, 0.0, 1.0, 0.0, 0.0, 1.0, 1.0, 1.0, 0.0, 1.0, 1.0, 0.0, 1.0, 1.0, 0.0, 0.0, 0.0, 1.0, 1.0, 1.0, 0.0, 1.0, 1.0, 1.0, 1.0, 1.0, 1.0, 1.0, 1.0, 0.0, 0.0, 0.0, 0.0, 1.0, 1.0, 1.0, 0.0, 0.0, 0.0, 1.0, 0.0, 0.0, 0.0, 1.0, 0.0, 0.0, 0.0, 0.0, 0.0, 1.0, 1.0, 1.0, 0.0, 0.0, 0.0, 1.0, 0.0, 0.0, 0.0, 0.0, 1.0, 0.0, 0.0, 0.0, 0.0, 0.0, 0.0, 0.0, 1.0, 0.0, 0.0, 0.0, 0.0, 1.0, 1.0, 1.0, 1.0, 0.0, 0.0, 0.0, 0.0, 1.0, 1.0, 1.0, 0.0, 0.0, 0.0, 1.0, 0.0, 1.0, 1.0, 1.0, 1.0, 0.0, 0.0, 0.0, 0.0, 1.0, 1.0, 1.0, 1.0, 0.0, 0.0, 0.0, 0.0, 1.0, 1.0, 1.0, 1.0, 1.0, 1.0, 1.0, 0.0, 0.0, 0.0, 0.0, 0.0, 1.0, 0.0, 0.0, 0.0, 1.0, 1.0, 1.0, 1.0, 1.0, 1.0, 1.0, 1.0, 1.0, 1.0, 1.0, 1.0, 1.0, 1.0, 1.0, 0.0, 0.0, 0.0, 0.0, 0.0, 0.0, 0.0, 0.0, 0.0, 0.0, 1.0, 0.0, 1.0, 0.0, 1.0, 0.0, 1.0, 0.0, 0.0, 0.0, 1.0, 0.0, 0.0, 0.0, 0.0, 1.0, 1.0, 1.0, 0.0, 0.0, 0.0, 1.0, 0.0, 0.0, 0.0, 1.0, 0.0, 0.0, 0.0, 0.0, 0.0, 0.0, 1.0, 1.0, 1.0, 0.0, 0.0, 0.0, 0.0, 1.0, 1.0, 1.0, 0.0, 1.0, 1.0, 1.0, 1.0, 0.0, 0.0, 1.0, 0.0, 0.0, 0.0, 0.0, 0.0, 1.0, 1.0, 1.0, 1.0, 1.0, 1.0, 1.0, 0.0, 1.0, 1.0, 1.0, 1.0, 0.0, 0.0, 0.0, 0.0, 1.0, 1.0, 1.0, 1.0, 0.0, 0.0, 0.0, 0.0, 0.0, 1.0, 0.0, 0.0, 0.0, 0.0, 0.0, 0.0, 0.0, 0.0, 0.0, 0.0, 0.0, 0.0, 0.0, 0.0, 0.0, 0.0, 0.0, 0.0, 0.0, 0.0, 0.0, 0.0, 1.0, 1.0, 0.0, 1.0, 1.0, 0.0, 1.0, 0.0, 1.0, 1.0, 1.0, 1.0, 1.0, 0.0, 1.0, 1.0, 0.0, 0.0, 0.0, 0.0, 0.0, 1.0, 1.0, 0.0, 1.0, 0.0, 0.0, 1.0, 0.0, 0.0, 0.0, 0.0, 1.0, 1.0, 1.0, 0.0, 0.0, 0.0, 1.0, 0.0, 1.0, 1.0, 1.0, 0.0, 0.0, 0.0, 0.0, 0.0, 1.0, 1.0, 1.0, 1.0, 1.0, 1.0, 1.0, 0.0, 0.0, 0.0, 0.0, 0.0, 0.0, 0.0, 0.0, 0.0, 1.0, 0.0, 1.0, 0.0, 0.0, 0.0, 0.0, 0.0, 1.0, 1.0, 1.0, 1.0, 1.0, 1.0, 1.0, 0.0, 1.0, 1.0, 1.0, 1.0, 1.0, 1.0, 0.0, 1.0, 1.0, 1.0, 1.0, 1.0, 0.0, 0.0, 0.0, 0.0, 1.0, 1.0, 1.0, 1.0, 1.0, 1.0, 1.0, 0.0, 0.0, 1.0, 1.0, 1.0, 0.0, 0.0, 0.0, 0.0, 1.0, 1.0, 1.0, 1.0, 0.0, 0.0, 0.0, 0.0, 1.0, 0.0, 1.0, 0.0, 0.0, 0.0, 0.0, 0.0, 1.0, 1.0, 1.0, 1.0, 1.0, 0.0, 1.0, 0.0, 1.0, 1.0, 1.0, 0.0, 1.0, 1.0, 0.0, 1.0, 1.0, 1.0, 1.0, 1.0, 0.0, 0.0, 0.0, 0.0, 0.0, 0.0, 0.0, 0.0, 0.0, 0.0, 0.0, 0.0, 1.0, 1.0, 1.0, 1.0, 0.0, 0.0, 0.0, 0.0, 0.0, 0.0, 0.0, 0.0, 0.0, 0.0, 0.0, 0.0, 0.0, 0.0, 0.0, 0.0, 0.0, 0.0, 0.0, 0.0, 1.0, 1.0, 0.0, 0.0, 1.0, 1.0, 1.0, 1.0, 1.0, 1.0, 1.0, 1.0, 1.0, 1.0, 1.0, 1.0, 1.0, 1.0, 1.0, 1.0, 1.0, 0.0, 1.0, 1.0, 0.0, 1.0, 0.0, 1.0, 0.0, 1.0, 0.0, 0.0, 1.0, 1.0, 1.0, 1.0, 0.0, 0.0, 1.0, 0.0, 1.0, 1.0, 1.0, 1.0, 0.0, 0.0, 0.0, 0.0, 0.0, 0.0, 0.0, 1.0, 0.0, 0.0, 0.0, 0.0, 1.0, 1.0, 1.0, 1.0, 0.0, 0.0, 0.0, 0.0, 0.0, 1.0, 1.0, 1.0, 0.0, 1.0, 1.0, 0.0, 1.0, 1.0, 1.0, 1.0, 0.0, 0.0, 0.0, 0.0, 1.0, 0.0, 1.0, 1.0, 1.0, 0.0, 0.0, 1.0, 1.0, 1.0, 1.0, 1.0, 1.0, 1.0, 1.0, 0.0, 0.0, 1.0, 1.0, 1.0, 1.0, 1.0, 0.0, 0.0, 1.0, 1.0, 1.0, 1.0, 0.0, 0.0, 0.0, 0.0, 1.0, 1.0, 1.0, 0.0, 0.0, 0.0, 1.0, 0.0, 1.0, 1.0, 1.0, 1.0, 0.0, 0.0, 0.0, 0.0, 0.0, 0.0, 0.0, 0.0, 0.0, 0.0, 0.0, 0.0, 0.0, 0.0, 1.0, 1.0, 0.0, 0.0, 0.0, 0.0, 1.0, 1.0, 1.0, 1.0, 1.0, 0.0, 0.0, 1.0]",-295.2442605392121,597.0338707387587,-482.430437669722,964.860875339444,1.268298910043774,-9.937381992884083,22.647352708007947,1.2846122460949685,-433.45128860920846,873.4479268787513,False,True,True,False,True,0.625,0.375,0.875,1.0,0.875,1.0,0.625,0.375,0.875,1.0,0.5625,0.375,"Z.exists(lambda x1: Z.atmost(lambda x2: Z.hor_operator(x2,x1,'contact'),3,X),X)","Z.atleast(lambda x1: Z.and_operator(Z.equal(x1,'blue','colour'),Z.equal(x1,1,'size')),1,X)","Z.exactly(lambda x1: Z.exists(lambda x2: Z.hor_operator(x2,x1,'contact'),X),2,X)","Z.atleast(lambda x1: Z.and_operator(Z.equal(x1,'blue','colour'),Z.equal(x1,1,'size')),1,X)",0.375,1.0,1.0,0.375,1.0,0.7083333333333334,0.6982758620689655,0.6867816091954023,0.6954022988505747,0.6925287356321839,5.241379310344827,0,0,0,0,0,0
18,25,42,ZdXQZ,tcpjkowfzbo-RzgvAAAp,Iota,one is blue,"[True, True, True, False, False, False, True, False]","[True, True, True, False, False, False, True, False]",0.75,0.75,There must be one of each color cone,"[['x1'],['x1','x2'],['x1','x2','x3']]","Z.exists(lambda x1: Z.exists(lambda x2: Z.exists(lambda x3: Z.and_operator(Z.and_operator(Z.equal(x1,'red','colour'),Z.equal(x2,'blue','colour')),Z.equal(x3,'green','colour')),X),X),X)",There must be at least one of each color cone,"[{'ids': [0, 1, 2], 'colours': ['blue', 'green', 'red'], 'sizes': [2, 1, 3], 'xpos': [2.2808834212336726, 6.769544469766659, 3.3726634746737245], 'ypos': [4.110743082064844, 4.111666666666668, 3.698505498713322], 'rotations': [3.1392836900285506, 3.1415926535897927, 2.169046700804238], 'orientations': ['upright', 'upright', 'strange'], 'contact': [[0, 2], [1], [2, 0]], 'grounded': ['yes', 'yes', 'yes'], 'follow_rule': True}, {'ids': [0, 1, 2], 'colours': ['red', 'green', 'blue'], 'sizes': [1, 1, 1], 'xpos': [4.264464356510777, 5.852316626213105, 0.3001413897754028], 'ypos': [4.1091677364631245, 3.8304829928856696, 3.450567812749493], 'rotations': [3.149922517264796, 5.068444974810429, -0.2552559535956436], 'orientations': ['upright', 'rhs', 'strange'], 'contact': [[0], [1], [2]], 'grounded': ['yes', 'yes', 'yes'], 'follow_rule': True}, {'ids': [0, 1, 2], 'colours': ['red', 'green', 'green'], 'sizes': [2, 2, 2], 'xpos': [6.530766201551141, 3.494899641286188, 1.5099150098739036], 'ypos': [3.730158341325632, 3.7294555227097037, 3.7338207646117945], 'rotations': [1.2332409414578942, 1.2317788526305338, 1.2364187344433555], 'orientations': ['lhs', 'lhs', 'lhs'], 'contact': [[0], [1], [2]], 'grounded': ['yes', 'yes', 'yes'], 'follow_rule': False}, {'ids': [0, 1, 2], 'colours': ['blue', 'green', 'red'], 'sizes': [1, 1, 1], 'xpos': [2.6148819766375286, 3.2939611818699084, 4.059548486693661], 'ypos': [4.107975144134008, 4.107221593808076, 4.1078880669386955], 'rotations': [3.1451233251309016, 3.143372020383486, 3.1449265221994174], 'orientations': ['upright', 'upright', 'upright'], 'contact': [[0], [1], [2]], 'grounded': ['yes', 'yes', 'yes'], 'follow_rule': True}, {'ids': [0, 1, 2], 'colours': ['blue', 'green', 'red'], 'sizes': [3, 3, 3], 'xpos': [1.182487179231277, 3.1781176450040265, 3.177179609671417], 'ypos': [3.637932642379943, 3.792960771002738, 4.109728200072839], 'rotations': [5.0379605995741645, 3.1385900630968884, 3.1412826937204166], 'orientations': ['rhs', 'upright', 'upright'], 'contact': [[0], [1, 2], [2, 1]], 'grounded': ['yes', 'no', 'yes'], 'follow_rule': True}, {'ids': [0, 1, 2], 'colours': ['red', 'green', 'blue'], 'sizes': [2, 1, 3], 'xpos': [0.7206918919811492, 0.6478520971840918, 6.653030485507053], 'ypos': [3.175106026487381, 3.830469341215558, 3.6368931263536277], 'rotations': [5.862278453638285, 7.49491186820735, 5.036358872469449], 'orientations': ['strange', 'lhs', 'rhs'], 'contact': [[0, 1], [1, 0], [2]], 'grounded': ['yes', 'yes', 'yes'], 'follow_rule': True}, {'ids': [0, 1, 2], 'colours': ['red', 'green', 'blue'], 'sizes': [1, 2, 3], 'xpos': [3.79118647476798, 3.774345807919917, 3.537867667115484], 'ypos': [3.729094194145392, 3.733663638332135, 3.891721131326295], 'rotations': [1.2162426349921087, 1.235685699443914, 3.5870539316841175], 'orientations': ['lhs', 'lhs', 'upright'], 'contact': [[0, 2, 1], [1, 0, 2], [2, 0, 1]], 'grounded': ['no', 'yes', 'yes'], 'follow_rule': True}, {'ids': [0, 1, 2, 3], 'colours': ['blue', 'blue', 'blue', 'red'], 'sizes': [2, 1, 1, 3], 'xpos': [6.383712721575464, 1.9703329008632484, 4.136073108356373, 3.8553897445025833], 'ypos': [3.73394127812133, 3.8307506090986196, 3.8274641902409137, 4.1079512324964265], 'rotations': [1.2339251898638819, 1.2121899680575183, 1.2079026267958317, 3.142906421501694], 'orientations': ['lhs', 'lhs', 'lhs', 'upright'], 'contact': [[0], [1], [2, 3], [3, 2]], 'grounded': ['yes', 'yes', 'yes', 'yes'], 'follow_rule': False}, {'ids': [0, 1, 2, 3, 4], 'colours': ['red', 'green', 'red', 'blue', 'green'], 'sizes': [3, 1, 1, 2, 3], 'xpos': [5.12691938557365, 5.11503131679493, 4.23727953775697, 6.19519140108846, 3.42148978150856], 'ypos': [4.16166666682932, 3.21450769513128, 4.15833270210236, 3.780270212316, 4.15777826181353], 'rotations': [3.14159265356107, 3.17396503839037, 3.13596899439433, 5.0484168782327, 3.14163950292034], 'contact': [[0, 1], [1, 0], 2, 3, 4], 'grounded': ['yes', 'no', 'yes', 'yes', 'yes']}, {'ids': [0, 1, 2, 3], 'colours': ['green', 'green', 'red', 'blue'], 'sizes': [1, 3, 1, 2], 'xpos': [1.95640316882102, 3.82119006463636, 5.49466900932729, 4.94512429018313], 'ypos': [4.1575463669092, 3.68793264237984, 3.88075060909874, 3.82370041726639], 'rotations': [3.14042586215534, 5.03796059957422, 5.07099533912214, 4.13396592888911], 'contact': [0, 1, [2, 3], [3, 2]], 'grounded': ['yes', 'yes', 'yes', 'yes']}, {'ids': [0, 1, 2, 3, 4], 'colours': ['red', 'blue', 'red', 'green', 'green'], 'sizes': [3, 1, 2, 2, 1], 'xpos': [6.01871423256697, 2.01992789098242, 4.13597794449854, 0.774406281828649, 4.80555851531279], 'ypos': [3.68393205570556, 4.15898574652681, 4.15794140291817, 3.77979942907755, 3.98725786368743], 'rotations': [1.24414891831718, 3.14156263599238, 3.14292046357041, 5.04964608195148, 2.53998237313469], 'contact': [[0, 4], 1, 2, 3, [4, 0]], 'grounded': ['yes', 'yes', 'yes', 'yes', 'yes']}, {'ids': [0, 1], 'colours': ['blue', 'green'], 'sizes': [1, 2], 'xpos': [1.67047327443096, 4.46813203908946], 'ypos': [4.15694705663294, 4.15819949787589], 'rotations': [3.14214596161258, 3.14225319301416], 'contact': [{'V1': 0, 'V2': 1}], 'grounded': ['yes', 'yes']}, {'ids': [0, 1, 2, 3, 4], 'colours': ['blue', 'blue', 'red', 'blue', 'red'], 'sizes': [1, 1, 3, 2, 3], 'xpos': [2.9749447690173, 1.59038636414738, 1.89943344290003, 0.742265142690783, 5.82945571924824], 'ypos': [4.14706432996679, 4.15682792868204, 3.68436535365509, 3.87793736870491, 4.15825788448378], 'rotations': [3.19018443917557, 3.14127258207092, 4.38185242264156, 2.36758036264438, 3.14223131257379], 'contact': [[0, 2], 1, [2, 0], 3, 4], 'grounded': ['yes', 'yes', 'yes', 'yes', 'yes']}, {'ids': [0, 1, 2, 3, 4], 'colours': ['blue', 'blue', 'red', 'red', 'blue'], 'sizes': [1, 1, 2, 3, 2], 'xpos': [3.86710801315826, 0.780465760873674, 4.72248955423569, 3.06295468416754, 7.04671297081929], 'ypos': [4.1448491118357, 4.15796013032216, 4.15793209798963, 3.75002575259372, 4.15761808534214], 'rotations': [3.19364501547634, 3.14186836777695, 3.13970081999877, 4.09252896570911, 3.14406240189392], 'contact': [[0, 3], 1, 2, [3, 0], 4], 'grounded': ['yes', 'yes', 'yes', 'yes', 'yes']}, {'ids': [0, 1, 2, 3], 'colours': ['blue', 'green', 'blue', 'red'], 'sizes': [1, 2, 1, 3], 'xpos': [0.414928997162714, 1.7723984589512, 5.75738502777065, 6.08770777718876], 'ypos': [4.15743978227501, 4.15711897749998, 3.88075060909862, 3.89628768750355], 'rotations': [3.14447951863788, 3.14010156096646, 5.07099533912207, 3.69409526653564], 'contact': [0, 1, [2, 3], [3, 2]], 'grounded': ['yes', 'yes', 'yes', 'yes']}, {'ids': [0, 1, 2, 3, 4], 'colours': ['green', 'red', 'green', 'green', 'red'], 'sizes': [2, 2, 3, 3, 2], 'xpos': [1.30426887924571, 1.8868098606311, 6.83333126813548, 2.79429839111229, 3.83407517131883], 'ypos': [3.78000391300947, 4.15881602818333, 3.73307814239637, 4.15736329550291, 4.15804254736289], 'rotations': [1.23253748876037, 3.14240000646429, 4.1567939442383, 3.14166932108615, 3.1439673324419], 'contact': [0, [1, 3], 2, [3, 1], 4], 'grounded': ['yes', 'yes', 'yes', 'yes', 'yes']}]","[True, True, True, False, False, False, True, False]","[True, True, True, True, True, True, True, True]","[False, False, False, False, False, False, False, False]","[False, False, False, False, False, False, False, False]","[True, True, True, False, False, False, True, False]","[True, True, True, True, True, True, True, True]","[False, False, False, False, False, False, False, False]","[False, False, False, False, False, False, False, False]",0.0,0.0,0.0,0.0,1.0,1.0,0.75,0.75,0.0,0.0,0.0,0.0,0.0,0.0,0.5200184314808894,-4.612306838908849,-5.545177444479562,11.304055219497535,11.090354888959125,7.4699462792953915,-11.068650925306638,-11.090354888959125,24.909890572853058,22.18070977791825,1.0502311195665048,"[1.0, 1.0, 1.0, 1.0, 1.0, 0.0, 1.0, 0.0, 1.0, 1.0, 1.0, 1.0, 1.0, 1.0, 1.0, 0.0135, 0.9530000000000001, 0.092, 0.5895, 0.5895, 1.0, 0.0, 0.0, 0.861, 1.0, 1.0, 1.0, 0.2925, 0.999, 0.999, 1.0, 0.7155, 0.0, 0.0, 1.0, 0.0, 0.0, 0.0, 1.0, 0.0, 0.0, 0.0, 1.0, 0.0, 0.0, 0.0, 1.0, 0.0, 1.0, 1.0, 1.0, 1.0, 0.0, 0.0, 0.0, 0.0, 1.0, 1.0, 1.0, 1.0, 0.935, 0.935, 0.935, 0.935, 1.0, 1.0, 1.0, 1.0, 0.0, 1.0, 0.0, 0.0, 0.0, 1.0, 1.0, 1.0, 1.0, 1.0, 1.0, 1.0, 1.0, 1.0, 1.0, 1.0, 0.0935, 0.0935, 0.0935, 0.0935, 1.0, 1.0, 1.0, 1.0, 1.0, 1.0, 1.0, 1.0, 1.0, 1.0, 1.0, 1.0, 1.0, 1.0, 1.0, 0.013000000000000001, 1.0, 1.0, 0.998, 1.0, 1.0, 0.002, 0.998, 0.002, 1.0, 1.0, 1.0, 1.0, 1.0, 1.0, 1.0, 0.0, 0.973, 1.0, 0.9530000000000001, 1.0, 0.8925000000000001, 0.9195, 0.17400000000000002, 0.201, 1.0, 1.0, 1.0, 1.0, 0.0, 0.0, 0.0, 0.0, 1.0, 1.0, 1.0, 0.24, 1.0, 1.0, 0.968, 1.0, 0.653, 0.653, 0.653, 1.0, 0.2535, 0.2535, 0.7035, 0.10300000000000001, 1.0, 1.0, 1.0, 1.0, 0.0, 1.0, 0.0, 0.0, 1.0, 1.0, 1.0, 0.012, 0.988, 0.988, 1.0, 1.0, 1.0, 0.0, 1.0, 1.0, 1.0, 0.0, 0.0, 1.0, 0.0, 0.0, 0.0, 1.0, 1.0, 0.0, 0.0, 0.0, 1.0, 1.0, 1.0, 1.0, 0.0, 0.0, 0.0, 0.0, 1.0, 1.0, 1.0, 1.0, 0.0, 0.0, 0.0, 0.0, 1.0, 1.0, 1.0, 1.0, 1.0, 1.0, 0.841, 1.0, 1.0, 1.0, 1.0, 1.0, 0.0, 0.0, 0.0, 0.0, 1.0, 1.0, 1.0, 1.0, 1.0, 1.0, 1.0, 0.0, 0.197, 0.0, 0.85, 0.653, 0.803, 0.0, 0.0, 0.0, 0.8525, 0.847, 0.9935, 0.847, 0.28300000000000003, 0.4305, 0.426, 0.426, 1.0, 1.0, 1.0, 1.0, 1.0, 1.0, 1.0, 0.0, 0.798, 1.0, 0.7995, 0.7995, 0.0275, 0.029, 0.2265, 0.1975, 1.0, 1.0, 1.0, 1.0, 0.0, 0.0, 0.0, 0.0, 0.862, 0.854, 0.8595, 0.8955000000000001, 0.045, 0.0005, 0.8695, 0.8505, 1.0, 1.0, 1.0, 0.022, 1.0, 1.0, 1.0, 0.978, 0.28400000000000003, 0.0145, 0.1885, 0.0275, 0.2755, 0.0, 0.0015, 0.013000000000000001, 0.0, 0.0, 0.0, 1.0, 1.0, 0.0, 0.0, 0.0, 1.0, 1.0, 1.0, 1.0, 0.0, 0.0, 0.0, 0.0, 1.0, 1.0, 1.0, 1.0, 1.0, 0.0, 1.0, 0.0, 1.0, 1.0, 1.0, 1.0, 1.0, 1.0, 1.0, 0.0, 1.0, 1.0, 1.0, 0.728, 0.8265, 0.5545, 0.5545, 0.8265, 1.0, 1.0, 1.0, 1.0, 1.0, 1.0, 1.0, 1.0, 1.0, 1.0, 1.0, 0.8715, 0.9365, 0.8695, 0.8695, 0.9365, 0.229, 0.229, 0.229, 0.229, 0.801, 0.03, 0.03, 0.801, 0.0, 0.0, 0.0, 1.0, 1.0, 0.0, 0.0, 0.0, 0.108, 0.114, 0.2315, 0.108, 0.114, 0.07050000000000001, 0.0495, 0.006, 1.0, 1.0, 1.0, 1.0, 0.0, 0.0, 0.0, 0.0, 0.8955000000000001, 0.895, 0.0115, 0.0, 0.883, 0.0, 0.0, 0.0, 1.0, 1.0, 1.0, 1.0, 0.0, 0.0, 0.0, 0.0, 0.902, 0.902, 0.902, 0.678, 0.88, 0.88, 0.902, 0.807, 1.0, 1.0, 1.0, 1.0, 0.0, 0.0, 0.0, 0.0, 1.0, 1.0, 1.0, 1.0, 1.0, 1.0, 1.0, 0.0, 1.0, 1.0, 1.0, 1.0, 0.0, 0.0, 0.0, 0.0, 1.0, 1.0, 1.0, 1.0, 0.008, 0.008, 0.008, 0.008, 1.0, 1.0, 1.0, 1.0, 1.0, 1.0, 1.0, 0.0, 1.0, 1.0, 1.0, 1.0, 1.0, 1.0, 0.6980000000000001, 1.0, 1.0, 1.0, 1.0, 1.0, 0.0, 0.0, 0.0, 0.0, 1.0, 1.0, 1.0, 1.0, 1.0, 1.0, 1.0, 0.0, 0.9530000000000001, 0.9530000000000001, 0.9530000000000001, 1.0, 1.0, 1.0, 0.641, 0.9530000000000001, 1.0, 1.0, 1.0, 1.0, 0.0, 0.0, 0.0, 0.0, 1.0, 1.0, 1.0, 1.0, 1.0, 1.0, 1.0, 1.0, 1.0, 1.0, 1.0, 1.0, 0.0, 0.0, 0.0, 0.0, 1.0, 1.0, 1.0, 1.0, 1.0, 1.0, 1.0, 1.0, 1.0, 1.0, 1.0, 1.0, 0.021500000000000002, 0.021500000000000002, 0.021500000000000002, 0.021500000000000002, 0.021500000000000002, 0.003, 0.02, 0.0095, 0.0095, 0.964, 0.9555, 0.0095, 1.0, 1.0, 1.0, 1.0, 1.0, 1.0, 1.0, 1.0, 1.0, 1.0, 1.0, 1.0, 0.0, 0.0, 0.0, 0.0, 1.0, 1.0, 1.0, 1.0, 0.0, 0.0, 1.0, 1.0, 1.0, 0.873, 0.198, 0.198, 1.0, 1.0, 0.6905, 1.0, 1.0, 1.0, 1.0, 1.0, 1.0, 1.0, 1.0, 0.0, 1.0, 0.999, 0.999, 1.0, 0.0025, 0.0025, 0.0025, 0.0025, 1.0, 1.0, 1.0, 1.0, 1.0, 0.686, 0.314, 0.0, 1.0, 1.0, 1.0, 1.0, 0.524, 0.524, 1.0, 0.47600000000000003, 1.0, 1.0, 1.0, 1.0, 0.008, 0.008, 0.008, 0.008, 0.9935, 0.9935, 0.9775, 0.9935, 0.9935, 0.0225, 0.988, 0.017, 1.0, 1.0, 1.0, 1.0, 0.0725, 0.0725, 0.0725, 0.0725, 0.041, 1.0, 1.0, 0.9590000000000001, 0.041, 0.9590000000000001, 1.0, 0.0, 0.7435, 0.9835, 0.7425, 0.986, 0.7435, 0.7435, 0.256, 0.987, 1.0, 0.005, 1.0, 1.0, 1.0, 0.005, 0.005, 1.0, 1.0, 1.0, 1.0, 1.0, 1.0, 1.0, 1.0, 0.0, 1.0, 1.0, 1.0, 1.0, 0.0, 0.0, 0.0, 0.0, 1.0, 1.0, 1.0, 1.0, 0.0, 0.0, 0.0, 0.0, 0.9705, 0.9705, 0.9145, 1.0, 0.8015, 0.8015, 0.9705, 0.7865, 1.0, 1.0, 1.0, 1.0, 0.0, 0.0, 0.0, 0.0, 1.0, 1.0, 1.0, 1.0, 0.0, 0.0, 0.0, 0.0, 1.0, 1.0, 1.0, 1.0, 0.0, 0.0, 0.0, 0.0, 1.0, 1.0, 1.0, 1.0, 1.0, 1.0, 1.0, 1.0]",-418.5875071169283,843.720363894191,-482.430437669722,964.860875339444,0.01,0.0,2.0794415416798357,0.01,0.0,2.772588722239781,0.6334250289943713,"[1.0, 1.0, 1.0, 1.0, 1.0, 0.0, 1.0, 0.0, 1.0, 1.0, 1.0, 1.0, 1.0, 1.0, 1.0, 0.0, 0.0, 0.0, 0.0, 0.0, 0.0, 0.0, 0.0, 0.0, 1.0, 1.0, 1.0, 0.0, 0.0, 0.0, 1.0, 0.0, 0.0, 0.0, 1.0, 1.0, 0.0, 1.0, 1.0, 1.0, 1.0, 1.0, 1.0, 1.0, 0.0, 0.0, 1.0, 1.0, 1.0, 1.0, 1.0, 1.0, 0.0, 0.0, 0.0, 0.0, 1.0, 1.0, 1.0, 1.0, 0.0, 0.0, 0.0, 0.0, 0.0, 0.0, 0.0, 0.0, 0.0, 1.0, 1.0, 0.0, 1.0, 1.0, 1.0, 1.0, 0.0, 0.0, 0.0, 0.0, 1.0, 1.0, 1.0, 1.0, 0.0, 0.0, 0.0, 0.0, 1.0, 1.0, 1.0, 1.0, 1.0, 1.0, 0.0, 1.0, 1.0, 1.0, 1.0, 1.0, 1.0, 1.0, 1.0, 0.0, 1.0, 1.0, 1.0, 1.0, 1.0, 0.0, 1.0, 0.0, 0.0, 1.0, 0.0, 0.0, 1.0, 1.0, 1.0, 0.0, 1.0, 1.0, 0.0, 1.0, 1.0, 0.0, 0.0, 0.0, 1.0, 1.0, 1.0, 0.0, 1.0, 1.0, 1.0, 1.0, 1.0, 1.0, 1.0, 1.0, 0.0, 0.0, 0.0, 0.0, 1.0, 1.0, 1.0, 0.0, 0.0, 0.0, 1.0, 0.0, 0.0, 0.0, 1.0, 0.0, 0.0, 0.0, 0.0, 0.0, 1.0, 1.0, 1.0, 0.0, 0.0, 0.0, 1.0, 0.0, 0.0, 0.0, 0.0, 1.0, 0.0, 0.0, 0.0, 0.0, 0.0, 0.0, 0.0, 1.0, 0.0, 0.0, 0.0, 0.0, 1.0, 1.0, 1.0, 1.0, 0.0, 0.0, 0.0, 0.0, 1.0, 1.0, 1.0, 0.0, 0.0, 0.0, 1.0, 0.0, 1.0, 1.0, 1.0, 1.0, 0.0, 0.0, 0.0, 0.0, 1.0, 1.0, 1.0, 1.0, 0.0, 0.0, 0.0, 0.0, 1.0, 1.0, 1.0, 1.0, 1.0, 1.0, 1.0, 0.0, 0.0, 0.0, 0.0, 0.0, 1.0, 0.0, 0.0, 0.0, 1.0, 1.0, 1.0, 1.0, 1.0, 1.0, 1.0, 1.0, 1.0, 1.0, 1.0, 1.0, 1.0, 1.0, 1.0, 0.0, 0.0, 0.0, 0.0, 0.0, 0.0, 0.0, 0.0, 0.0, 0.0, 1.0, 0.0, 1.0, 0.0, 1.0, 0.0, 1.0, 0.0, 0.0, 0.0, 1.0, 0.0, 0.0, 0.0, 0.0, 1.0, 1.0, 1.0, 0.0, 0.0, 0.0, 1.0, 0.0, 1.0, 1.0, 1.0, 1.0, 1.0, 0.0, 1.0, 0.0, 0.0, 1.0, 1.0, 1.0, 0.0, 0.0, 0.0, 0.0, 1.0, 1.0, 1.0, 0.0, 1.0, 1.0, 1.0, 1.0, 0.0, 1.0, 1.0, 1.0, 0.0, 0.0, 0.0, 0.0, 1.0, 1.0, 1.0, 1.0, 1.0, 1.0, 1.0, 0.0, 1.0, 1.0, 1.0, 1.0, 0.0, 0.0, 0.0, 0.0, 1.0, 1.0, 1.0, 1.0, 0.0, 0.0, 0.0, 0.0, 0.0, 1.0, 0.0, 0.0, 0.0, 0.0, 0.0, 0.0, 1.0, 1.0, 1.0, 1.0, 1.0, 0.0, 1.0, 1.0, 0.0, 0.0, 0.0, 0.0, 0.0, 1.0, 1.0, 0.0, 1.0, 1.0, 1.0, 1.0, 1.0, 0.0, 1.0, 0.0, 1.0, 1.0, 1.0, 1.0, 1.0, 0.0, 1.0, 1.0, 0.0, 0.0, 0.0, 0.0, 0.0, 1.0, 1.0, 0.0, 1.0, 0.0, 0.0, 1.0, 0.0, 0.0, 0.0, 0.0, 1.0, 1.0, 1.0, 0.0, 0.0, 0.0, 1.0, 0.0, 1.0, 1.0, 1.0, 0.0, 0.0, 0.0, 0.0, 0.0, 1.0, 1.0, 1.0, 1.0, 1.0, 1.0, 1.0, 0.0, 0.0, 0.0, 0.0, 0.0, 0.0, 0.0, 0.0, 0.0, 1.0, 0.0, 1.0, 0.0, 0.0, 0.0, 0.0, 0.0, 1.0, 1.0, 1.0, 1.0, 1.0, 1.0, 1.0, 0.0, 1.0, 1.0, 1.0, 1.0, 1.0, 1.0, 0.0, 1.0, 1.0, 1.0, 1.0, 1.0, 0.0, 0.0, 0.0, 0.0, 1.0, 1.0, 1.0, 1.0, 1.0, 1.0, 1.0, 0.0, 0.0, 1.0, 1.0, 1.0, 0.0, 0.0, 0.0, 0.0, 1.0, 1.0, 1.0, 1.0, 0.0, 0.0, 0.0, 0.0, 1.0, 0.0, 1.0, 0.0, 0.0, 0.0, 0.0, 0.0, 1.0, 1.0, 1.0, 1.0, 1.0, 0.0, 1.0, 0.0, 1.0, 1.0, 1.0, 0.0, 1.0, 1.0, 0.0, 1.0, 1.0, 1.0, 1.0, 1.0, 0.0, 0.0, 0.0, 0.0, 0.0, 0.0, 0.0, 0.0, 0.0, 1.0, 0.0, 0.0, 1.0, 1.0, 1.0, 1.0, 0.0, 0.0, 0.0, 0.0, 0.0, 0.0, 0.0, 0.0, 0.0, 0.0, 0.0, 0.0, 1.0, 0.0, 1.0, 0.0, 0.0, 0.0, 0.0, 0.0, 1.0, 1.0, 0.0, 0.0, 1.0, 1.0, 1.0, 1.0, 1.0, 1.0, 1.0, 1.0, 1.0, 1.0, 1.0, 1.0, 1.0, 1.0, 1.0, 1.0, 1.0, 0.0, 1.0, 1.0, 0.0, 1.0, 0.0, 1.0, 0.0, 1.0, 0.0, 0.0, 1.0, 1.0, 1.0, 1.0, 0.0, 0.0, 1.0, 0.0, 1.0, 1.0, 1.0, 1.0, 0.0, 0.0, 0.0, 0.0, 0.0, 0.0, 0.0, 1.0, 0.0, 0.0, 0.0, 0.0, 1.0, 1.0, 1.0, 1.0, 0.0, 0.0, 0.0, 0.0, 0.0, 1.0, 1.0, 1.0, 0.0, 1.0, 1.0, 0.0, 1.0, 1.0, 1.0, 1.0, 0.0, 0.0, 0.0, 0.0, 1.0, 0.0, 1.0, 1.0, 1.0, 0.0, 0.0, 1.0, 1.0, 1.0, 1.0, 1.0, 1.0, 1.0, 1.0, 0.0, 0.0, 1.0, 1.0, 1.0, 1.0, 1.0, 0.0, 0.0, 1.0, 1.0, 1.0, 1.0, 0.0, 0.0, 0.0, 0.0, 1.0, 1.0, 1.0, 0.0, 0.0, 0.0, 1.0, 0.0, 1.0, 1.0, 1.0, 1.0, 0.0, 0.0, 0.0, 0.0, 0.0, 0.0, 0.0, 0.0, 0.0, 0.0, 0.0, 0.0, 0.0, 1.0, 0.0, 1.0, 0.0, 1.0, 1.0, 0.0, 1.0, 1.0, 1.0, 1.0, 1.0, 0.0, 0.0, 1.0]",-318.3726801373107,643.2907099349558,0.01,0.0,-5.545177444479562,2.0794415416798357,11.090354888959125,0.01,0.0,-11.090354888959125,2.772588722239781,22.18070977791825,0.6173530694834558,"[1.0, 1.0, 1.0, 1.0, 1.0, 0.0, 1.0, 0.0, 1.0, 1.0, 1.0, 1.0, 1.0, 1.0, 1.0, 0.0, 0.0, 0.0, 0.0, 0.0, 0.0, 0.0, 0.0, 0.0, 1.0, 1.0, 1.0, 0.0, 0.0, 0.0, 1.0, 0.0, 0.0, 0.0, 1.0, 1.0, 0.0, 1.0, 1.0, 1.0, 0.0, 0.0, 0.0, 0.0, 0.0, 0.0, 0.0, 0.0, 1.0, 1.0, 1.0, 1.0, 0.0, 0.0, 0.0, 0.0, 1.0, 1.0, 1.0, 1.0, 0.0, 0.0, 0.0, 0.0, 0.0, 0.0, 0.0, 0.0, 0.0, 1.0, 1.0, 0.0, 0.0, 0.0, 0.0, 1.0, 0.0, 0.0, 0.0, 0.0, 1.0, 1.0, 1.0, 1.0, 0.0, 0.0, 0.0, 0.0, 0.0, 0.0, 0.0, 0.0, 1.0, 1.0, 0.0, 1.0, 1.0, 1.0, 1.0, 1.0, 1.0, 1.0, 1.0, 0.0, 1.0, 1.0, 1.0, 1.0, 1.0, 0.0, 1.0, 0.0, 0.0, 1.0, 0.0, 0.0, 1.0, 1.0, 1.0, 0.0, 1.0, 1.0, 0.0, 1.0, 1.0, 0.0, 0.0, 0.0, 1.0, 1.0, 1.0, 0.0, 1.0, 1.0, 1.0, 1.0, 1.0, 1.0, 1.0, 1.0, 0.0, 0.0, 0.0, 0.0, 1.0, 1.0, 1.0, 0.0, 0.0, 0.0, 1.0, 0.0, 0.0, 0.0, 1.0, 0.0, 0.0, 0.0, 0.0, 0.0, 1.0, 1.0, 1.0, 0.0, 0.0, 0.0, 1.0, 0.0, 0.0, 0.0, 0.0, 1.0, 0.0, 0.0, 0.0, 0.0, 0.0, 0.0, 0.0, 1.0, 0.0, 0.0, 0.0, 0.0, 1.0, 1.0, 1.0, 1.0, 0.0, 0.0, 0.0, 0.0, 1.0, 1.0, 1.0, 0.0, 0.0, 0.0, 1.0, 0.0, 1.0, 1.0, 1.0, 1.0, 0.0, 0.0, 0.0, 0.0, 1.0, 1.0, 1.0, 1.0, 0.0, 0.0, 0.0, 0.0, 1.0, 1.0, 1.0, 1.0, 1.0, 1.0, 1.0, 0.0, 0.0, 0.0, 0.0, 0.0, 1.0, 0.0, 0.0, 0.0, 1.0, 1.0, 1.0, 1.0, 1.0, 1.0, 1.0, 1.0, 1.0, 1.0, 1.0, 1.0, 1.0, 1.0, 1.0, 0.0, 0.0, 0.0, 0.0, 0.0, 0.0, 0.0, 0.0, 0.0, 0.0, 1.0, 0.0, 1.0, 0.0, 1.0, 0.0, 1.0, 0.0, 0.0, 0.0, 1.0, 0.0, 0.0, 0.0, 0.0, 1.0, 1.0, 1.0, 0.0, 0.0, 0.0, 1.0, 0.0, 1.0, 1.0, 1.0, 1.0, 1.0, 0.0, 1.0, 0.0, 0.0, 1.0, 1.0, 1.0, 0.0, 0.0, 0.0, 0.0, 1.0, 1.0, 1.0, 0.0, 1.0, 1.0, 1.0, 1.0, 0.0, 1.0, 1.0, 1.0, 0.0, 0.0, 0.0, 0.0, 1.0, 1.0, 1.0, 1.0, 1.0, 1.0, 1.0, 0.0, 1.0, 1.0, 1.0, 1.0, 0.0, 0.0, 0.0, 0.0, 1.0, 1.0, 1.0, 1.0, 0.0, 0.0, 0.0, 0.0, 0.0, 1.0, 0.0, 0.0, 0.0, 0.0, 0.0, 0.0, 0.0, 0.0, 0.0, 0.0, 0.0, 0.0, 0.0, 0.0, 1.0, 0.0, 1.0, 1.0, 1.0, 0.0, 0.0, 1.0, 1.0, 1.0, 1.0, 1.0, 1.0, 0.0, 1.0, 0.0, 1.0, 1.0, 1.0, 1.0, 1.0, 0.0, 1.0, 1.0, 0.0, 0.0, 0.0, 0.0, 0.0, 1.0, 1.0, 0.0, 1.0, 0.0, 0.0, 1.0, 0.0, 0.0, 0.0, 0.0, 1.0, 1.0, 1.0, 0.0, 0.0, 0.0, 1.0, 0.0, 1.0, 1.0, 1.0, 0.0, 0.0, 0.0, 0.0, 0.0, 1.0, 1.0, 1.0, 1.0, 1.0, 1.0, 1.0, 0.0, 0.0, 0.0, 0.0, 0.0, 0.0, 0.0, 0.0, 0.0, 1.0, 0.0, 1.0, 0.0, 0.0, 0.0, 0.0, 0.0, 1.0, 1.0, 1.0, 1.0, 1.0, 1.0, 1.0, 0.0, 1.0, 1.0, 1.0, 1.0, 1.0, 1.0, 0.0, 1.0, 1.0, 1.0, 1.0, 1.0, 0.0, 0.0, 0.0, 0.0, 1.0, 1.0, 1.0, 1.0, 1.0, 1.0, 1.0, 0.0, 0.0, 1.0, 1.0, 1.0, 0.0, 0.0, 0.0, 0.0, 1.0, 1.0, 1.0, 1.0, 0.0, 0.0, 0.0, 0.0, 1.0, 0.0, 1.0, 0.0, 0.0, 0.0, 0.0, 0.0, 1.0, 1.0, 1.0, 1.0, 1.0, 0.0, 1.0, 0.0, 1.0, 1.0, 1.0, 0.0, 1.0, 1.0, 0.0, 1.0, 1.0, 1.0, 1.0, 1.0, 0.0, 0.0, 0.0, 0.0, 0.0, 0.0, 0.0, 0.0, 0.0, 1.0, 0.0, 0.0, 1.0, 1.0, 1.0, 1.0, 0.0, 0.0, 0.0, 0.0, 0.0, 0.0, 0.0, 0.0, 0.0, 0.0, 0.0, 0.0, 1.0, 0.0, 1.0, 0.0, 0.0, 0.0, 0.0, 0.0, 1.0, 1.0, 0.0, 0.0, 1.0, 1.0, 1.0, 1.0, 1.0, 1.0, 1.0, 1.0, 1.0, 1.0, 1.0, 1.0, 1.0, 1.0, 1.0, 1.0, 1.0, 0.0, 1.0, 1.0, 0.0, 1.0, 0.0, 1.0, 0.0, 1.0, 0.0, 0.0, 1.0, 1.0, 1.0, 1.0, 0.0, 0.0, 1.0, 0.0, 1.0, 1.0, 1.0, 1.0, 0.0, 0.0, 0.0, 0.0, 0.0, 0.0, 0.0, 1.0, 0.0, 0.0, 0.0, 0.0, 1.0, 1.0, 1.0, 1.0, 0.0, 0.0, 0.0, 0.0, 0.0, 1.0, 1.0, 1.0, 0.0, 1.0, 1.0, 0.0, 1.0, 1.0, 1.0, 1.0, 0.0, 0.0, 0.0, 0.0, 1.0, 0.0, 1.0, 1.0, 1.0, 0.0, 0.0, 1.0, 1.0, 1.0, 1.0, 1.0, 1.0, 1.0, 1.0, 0.0, 0.0, 0.0, 1.0, 0.0, 0.0, 1.0, 0.0, 0.0, 1.0, 1.0, 1.0, 1.0, 0.0, 0.0, 0.0, 0.0, 1.0, 1.0, 1.0, 0.0, 0.0, 0.0, 1.0, 0.0, 1.0, 1.0, 1.0, 1.0, 0.0, 0.0, 0.0, 0.0, 0.0, 0.0, 0.0, 0.0, 0.0, 0.0, 0.0, 0.0, 0.0, 1.0, 0.0, 1.0, 0.0, 1.0, 1.0, 0.0, 1.0, 1.0, 1.0, 1.0, 1.0, 0.0, 0.0, 1.0]",-311.9759791000219,630.4973078603782,-482.430437669722,964.860875339444,1.0,-3.5060935001457825,-5.545177444479562,9.091628541971401,11.090354888959125,1.9576230476428496,-10.585011810535597,-11.090354888959125,23.942612343310977,22.18070977791825,1.0908740239314543,"[0.0, 0.0, 1.0, 0.0, 0.0, 0.0, 0.0, 0.0, 1.0, 1.0, 1.0, 1.0, 0.877, 0.877, 0.877, 0.0, 1.0, 0.259, 1.0, 1.0, 0.8015, 0.0, 0.259, 1.0, 1.0, 1.0, 1.0, 1.0, 1.0, 1.0, 1.0, 0.0, 0.0, 0.0, 1.0, 0.0, 0.0, 0.0, 1.0, 0.0, 0.0, 0.0, 1.0, 0.0, 0.0, 0.0, 1.0, 0.0, 0.0, 0.0, 0.0, 0.0775, 0.0, 0.0, 0.1635, 0.47100000000000003, 1.0, 1.0, 1.0, 1.0, 0.0, 0.0, 0.0, 0.0, 0.0, 0.0, 0.0, 0.0, 0.0, 0.0, 0.0, 0.0, 1.0, 1.0, 1.0, 1.0, 1.0, 1.0, 1.0, 0.0, 1.0, 1.0, 1.0, 1.0, 0.0, 0.0, 0.0, 0.0, 0.0, 0.0, 0.0, 0.0, 0.0, 0.113, 0.113, 0.0, 0.0, 0.0, 0.0, 1.0, 0.0, 0.0, 0.0, 0.0, 1.0, 1.0, 1.0, 1.0, 0.0, 0.0, 0.0, 0.0, 0.9995, 1.0, 1.0, 0.663, 1.0, 1.0, 1.0, 0.353, 1.0, 1.0, 1.0, 1.0, 0.082, 0.082, 0.0, 0.0, 0.973, 1.0, 0.7655000000000001, 0.605, 0.973, 1.0, 1.0, 0.368, 0.0, 0.0, 1.0, 0.0, 1.0, 0.0, 1.0, 0.0, 1.0, 1.0, 1.0, 1.0, 0.0, 0.0, 1.0, 0.0, 1.0, 1.0, 1.0, 1.0, 0.0, 0.9465, 0.0, 0.0, 0.666, 1.0, 0.666, 0.666, 0.0, 0.0, 0.7975, 0.0, 0.0, 0.9430000000000001, 0.0, 1.0, 1.0, 0.0, 0.0, 0.0, 0.0, 1.0, 0.0, 0.0, 0.0, 0.0, 0.0, 0.0, 1.0, 1.0, 1.0, 1.0, 0.0, 0.0, 0.0, 0.0, 1.0, 1.0, 1.0, 1.0, 1.0, 1.0, 1.0, 0.0005, 1.0, 1.0, 1.0, 1.0, 1.0, 1.0, 0.0, 1.0, 1.0, 1.0, 1.0, 1.0, 0.0, 0.0, 0.0, 0.0, 1.0, 1.0, 1.0, 1.0, 1.0, 1.0, 1.0, 0.0, 1.0, 0.0, 1.0, 0.0, 0.0, 0.0, 0.0, 0.0, 0.0, 1.0, 0.0, 1.0, 0.0, 1.0, 0.0, 1.0, 1.0, 1.0, 1.0, 1.0, 1.0, 1.0, 1.0, 0.0, 1.0, 0.0, 1.0, 1.0, 1.0, 0.0, 0.0, 1.0, 1.0, 1.0, 1.0, 1.0, 1.0, 1.0, 1.0, 1.0, 0.0, 0.9580000000000001, 0.0, 0.0, 0.0, 0.0, 0.0045000000000000005, 0.0, 0.0, 0.0, 0.0, 0.0, 0.0, 0.0, 0.0, 1.0, 0.0, 0.0, 0.0005, 0.0, 0.0, 0.0, 0.0, 0.0, 0.0, 1.0, 0.0, 0.0, 0.0, 0.0, 0.0, 0.0, 1.0, 1.0, 1.0, 0.001, 0.001, 0.001, 1.0, 0.0, 0.0, 0.0, 0.6225, 0.0, 0.0, 0.0, 0.0, 0.0, 1.0, 1.0, 1.0, 1.0, 0.0, 0.0, 0.0, 0.0, 0.0, 0.0, 0.0, 0.0, 0.0, 0.0, 0.0, 0.0, 1.0, 1.0, 1.0, 1.0, 1.0, 1.0, 1.0, 0.0, 0.0, 0.0, 0.0, 1.0, 0.0, 0.0, 1.0, 0.0, 1.0, 1.0, 1.0, 1.0, 0.0, 0.0, 0.0, 0.0, 0.0, 1.0, 0.0, 0.0, 1.0, 0.0, 0.0, 1.0, 1.0, 1.0, 1.0, 1.0, 0.0, 0.0, 0.0, 0.0, 1.0, 1.0, 1.0, 1.0, 1.0, 0.0, 1.0, 1.0, 0.0, 0.0005, 0.0, 0.0, 0.0, 0.38, 0.0, 0.0, 1.0, 1.0, 1.0, 1.0, 0.0, 0.0, 0.0, 0.0, 1.0, 1.0, 1.0, 0.999, 1.0, 1.0, 1.0, 0.0195, 1.0, 1.0, 1.0, 1.0, 0.0, 0.0, 0.0, 0.0, 0.0, 0.6285000000000001, 0.0, 0.328, 0.0, 0.0, 0.6285000000000001, 0.0, 0.0, 0.0, 0.0, 0.0, 0.0, 0.0, 0.0, 1.0, 1.0, 1.0, 1.0, 1.0, 0.0, 0.0, 0.0, 0.0, 1.0, 1.0, 1.0, 1.0, 1.0, 1.0, 1.0, 0.0, 1.0, 1.0, 1.0, 1.0, 1.0, 1.0, 0.0375, 1.0, 1.0, 1.0, 1.0, 1.0, 0.0, 0.0, 0.0, 0.0, 1.0, 1.0, 1.0, 1.0, 1.0, 1.0, 1.0, 0.0, 1.0, 1.0, 1.0, 1.0, 1.0, 1.0, 0.0, 1.0, 1.0, 1.0, 1.0, 1.0, 0.0, 0.0, 0.0, 0.0, 1.0, 1.0, 1.0, 1.0, 1.0, 1.0, 1.0, 1.0, 0.0, 0.0, 0.4395, 0.0, 0.0, 0.0, 0.001, 1.0, 0.0, 0.0, 0.0, 0.0, 0.0, 0.0, 0.0, 0.0, 1.0, 1.0, 1.0, 0.0, 1.0, 0.0, 0.0, 1.0, 0.0, 0.0, 1.0, 1.0, 1.0, 0.0, 0.0, 0.0, 0.0, 0.0, 0.0, 0.0, 0.0, 0.0, 0.0, 0.0, 1.0, 1.0, 1.0, 1.0, 0.0, 0.0, 0.0, 0.0, 0.0, 0.0, 0.0, 0.0, 0.0, 1.0, 0.0, 0.0, 1.0, 1.0, 1.0, 1.0, 0.0, 0.4945, 0.0, 0.0, 1.0, 1.0, 1.0, 1.0, 0.0, 0.0, 1.0, 1.0, 1.0, 1.0, 1.0, 1.0, 0.0, 0.0, 0.0, 0.0, 1.0, 1.0, 1.0, 1.0, 1.0, 0.704, 0.296, 0.0, 1.0, 1.0, 1.0, 1.0, 0.0, 0.0, 1.0, 1.0, 1.0, 1.0, 1.0, 1.0, 0.0, 0.0, 0.0, 0.0, 0.006, 1.0, 0.006, 0.708, 0.298, 1.0, 0.298, 1.0, 1.0, 1.0, 1.0, 1.0, 0.0, 0.0, 0.0, 0.0, 1.0, 0.0, 1.0, 1.0, 1.0, 0.0, 0.0, 1.0, 0.0, 1.0, 1.0, 1.0, 0.0, 0.0, 0.0, 0.0, 1.0, 0.224, 1.0, 1.0, 0.776, 0.0, 0.224, 1.0, 1.0, 1.0, 1.0, 1.0, 0.0, 0.0, 0.0, 0.0, 1.0, 1.0, 0.0, 1.0, 1.0, 1.0, 0.0, 1.0, 1.0, 1.0, 1.0, 1.0, 0.0, 0.0, 0.0, 0.0, 1.0, 1.0, 1.0, 1.0, 1.0, 1.0, 1.0, 0.0, 1.0, 1.0, 1.0, 1.0, 0.0, 0.0, 0.0, 0.0, 0.0, 0.0, 0.0, 0.0, 0.0, 0.0, 0.0, 0.0, 1.0, 0.4865, 1.0, 1.0, 1.0, 0.0075, 0.4865, 1.0, 0.0225, 0.0, 0.0, 0.9775, 0.0, 0.0, 0.0, 0.0]",-419.18595103414617,844.9172517286268,-482.430437669722,964.860875339444,0.01,0.0,-5.545177444479562,2.0794415416798357,11.090354888959125,0.01,0.0,-11.090354888959125,2.772588722239781,22.18070977791825,0.5787520451143159,"[1.0, 1.0, 1.0, 1.0, 1.0, 0.0, 1.0, 0.0, 1.0, 1.0, 1.0, 1.0, 1.0, 1.0, 1.0, 0.0, 0.0, 0.0, 0.0, 0.0, 0.0, 0.0, 0.0, 0.0, 1.0, 1.0, 1.0, 1.0, 0.0, 0.0, 1.0, 0.0, 0.0, 0.0, 0.0, 0.0, 0.0, 1.0, 0.0, 0.0, 0.0, 0.0, 0.0, 0.0, 0.0, 0.0, 0.0, 0.0, 1.0, 1.0, 1.0, 1.0, 0.0, 0.0, 0.0, 0.0, 1.0, 1.0, 1.0, 1.0, 0.0, 0.0, 0.0, 0.0, 0.0, 0.0, 0.0, 0.0, 0.0, 1.0, 1.0, 0.0, 1.0, 1.0, 1.0, 1.0, 0.0, 0.0, 0.0, 0.0, 1.0, 1.0, 1.0, 1.0, 0.0, 0.0, 0.0, 0.0, 0.0, 0.0, 0.0, 0.0, 0.0, 0.0, 0.0, 0.0, 1.0, 1.0, 1.0, 1.0, 1.0, 1.0, 1.0, 0.0, 1.0, 1.0, 1.0, 1.0, 1.0, 0.0, 1.0, 0.0, 0.0, 1.0, 0.0, 0.0, 1.0, 1.0, 1.0, 0.0, 1.0, 1.0, 0.0, 1.0, 1.0, 0.0, 0.0, 0.0, 1.0, 1.0, 1.0, 0.0, 1.0, 1.0, 1.0, 1.0, 1.0, 1.0, 1.0, 1.0, 0.0, 0.0, 0.0, 0.0, 1.0, 1.0, 1.0, 0.0, 0.0, 0.0, 1.0, 0.0, 0.0, 0.0, 1.0, 0.0, 0.0, 0.0, 0.0, 0.0, 1.0, 1.0, 1.0, 0.0, 0.0, 0.0, 1.0, 0.0, 0.0, 0.0, 0.0, 1.0, 0.0, 0.0, 0.0, 0.0, 0.0, 0.0, 0.0, 1.0, 0.0, 0.0, 0.0, 0.0, 1.0, 1.0, 1.0, 1.0, 0.0, 0.0, 0.0, 0.0, 1.0, 1.0, 1.0, 0.0, 0.0, 0.0, 1.0, 0.0, 1.0, 1.0, 1.0, 1.0, 0.0, 0.0, 0.0, 0.0, 1.0, 1.0, 1.0, 1.0, 0.0, 0.0, 0.0, 0.0, 1.0, 1.0, 1.0, 1.0, 1.0, 1.0, 1.0, 0.0, 0.0, 0.0, 0.0, 0.0, 1.0, 0.0, 0.0, 0.0, 1.0, 1.0, 1.0, 1.0, 1.0, 1.0, 1.0, 1.0, 1.0, 1.0, 1.0, 1.0, 1.0, 1.0, 1.0, 0.0, 0.0, 0.0, 0.0, 0.0, 0.0, 0.0, 0.0, 0.0, 0.0, 1.0, 0.0, 1.0, 0.0, 1.0, 0.0, 1.0, 0.0, 0.0, 0.0, 1.0, 0.0, 0.0, 0.0, 0.0, 1.0, 1.0, 1.0, 0.0, 0.0, 0.0, 1.0, 0.0, 0.0, 0.0, 1.0, 0.0, 0.0, 0.0, 0.0, 0.0, 0.0, 1.0, 1.0, 1.0, 0.0, 0.0, 0.0, 0.0, 1.0, 1.0, 1.0, 0.0, 1.0, 1.0, 1.0, 1.0, 0.0, 0.0, 1.0, 0.0, 0.0, 0.0, 0.0, 0.0, 1.0, 1.0, 1.0, 1.0, 1.0, 1.0, 1.0, 0.0, 1.0, 1.0, 1.0, 1.0, 0.0, 0.0, 0.0, 0.0, 1.0, 1.0, 1.0, 1.0, 0.0, 0.0, 0.0, 0.0, 0.0, 1.0, 0.0, 0.0, 0.0, 0.0, 0.0, 0.0, 0.0, 0.0, 0.0, 0.0, 0.0, 0.0, 0.0, 0.0, 0.0, 0.0, 0.0, 0.0, 0.0, 0.0, 0.0, 0.0, 1.0, 1.0, 0.0, 1.0, 1.0, 0.0, 1.0, 0.0, 1.0, 1.0, 1.0, 1.0, 1.0, 0.0, 1.0, 1.0, 0.0, 0.0, 0.0, 0.0, 0.0, 1.0, 1.0, 0.0, 1.0, 0.0, 0.0, 1.0, 0.0, 0.0, 0.0, 0.0, 1.0, 1.0, 1.0, 0.0, 0.0, 0.0, 1.0, 0.0, 1.0, 1.0, 1.0, 0.0, 0.0, 0.0, 0.0, 0.0, 1.0, 1.0, 1.0, 1.0, 1.0, 1.0, 1.0, 0.0, 0.0, 0.0, 0.0, 0.0, 0.0, 0.0, 0.0, 0.0, 1.0, 0.0, 1.0, 0.0, 0.0, 0.0, 0.0, 0.0, 1.0, 1.0, 1.0, 1.0, 1.0, 1.0, 1.0, 0.0, 1.0, 1.0, 1.0, 1.0, 1.0, 1.0, 0.0, 1.0, 1.0, 1.0, 1.0, 1.0, 0.0, 0.0, 0.0, 0.0, 1.0, 1.0, 1.0, 1.0, 1.0, 1.0, 1.0, 0.0, 0.0, 1.0, 1.0, 1.0, 0.0, 0.0, 0.0, 0.0, 1.0, 1.0, 1.0, 1.0, 0.0, 0.0, 0.0, 0.0, 1.0, 0.0, 1.0, 0.0, 0.0, 0.0, 0.0, 0.0, 1.0, 1.0, 1.0, 1.0, 1.0, 0.0, 1.0, 0.0, 1.0, 1.0, 1.0, 0.0, 1.0, 1.0, 0.0, 1.0, 1.0, 1.0, 1.0, 1.0, 0.0, 0.0, 0.0, 0.0, 0.0, 0.0, 0.0, 0.0, 0.0, 0.0, 0.0, 0.0, 1.0, 1.0, 1.0, 1.0, 0.0, 0.0, 0.0, 0.0, 0.0, 0.0, 0.0, 0.0, 0.0, 0.0, 0.0, 0.0, 0.0, 0.0, 0.0, 0.0, 0.0, 0.0, 0.0, 0.0, 1.0, 1.0, 0.0, 0.0, 1.0, 1.0, 1.0, 1.0, 1.0, 1.0, 1.0, 1.0, 1.0, 1.0, 1.0, 1.0, 1.0, 1.0, 1.0, 1.0, 1.0, 0.0, 1.0, 1.0, 0.0, 1.0, 0.0, 1.0, 0.0, 1.0, 0.0, 0.0, 1.0, 1.0, 1.0, 1.0, 0.0, 0.0, 1.0, 0.0, 1.0, 1.0, 1.0, 1.0, 0.0, 0.0, 0.0, 0.0, 0.0, 0.0, 0.0, 1.0, 0.0, 0.0, 0.0, 0.0, 1.0, 1.0, 1.0, 1.0, 0.0, 0.0, 0.0, 0.0, 0.0, 1.0, 1.0, 1.0, 0.0, 1.0, 1.0, 0.0, 1.0, 1.0, 1.0, 1.0, 0.0, 0.0, 0.0, 0.0, 1.0, 0.0, 1.0, 1.0, 1.0, 0.0, 0.0, 1.0, 1.0, 1.0, 1.0, 1.0, 1.0, 1.0, 1.0, 0.0, 0.0, 1.0, 1.0, 1.0, 1.0, 1.0, 0.0, 0.0, 1.0, 1.0, 1.0, 1.0, 0.0, 0.0, 0.0, 0.0, 1.0, 1.0, 1.0, 0.0, 0.0, 0.0, 1.0, 0.0, 1.0, 1.0, 1.0, 1.0, 0.0, 0.0, 0.0, 0.0, 0.0, 0.0, 0.0, 0.0, 0.0, 0.0, 0.0, 0.0, 0.0, 0.0, 1.0, 1.0, 0.0, 0.0, 0.0, 0.0, 1.0, 1.0, 1.0, 1.0, 1.0, 0.0, 0.0, 1.0]",-295.2442605392121,597.0338707387587,-482.430437669722,964.860875339444,1.268298910043774,-9.937381992884083,22.647352708007947,1.2846122460949685,-433.45128860920846,873.4479268787513,False,True,True,False,True,0.625,0.875,0.875,0.75,0.875,0.75,0.625,0.875,0.875,0.75,0.5625,0.75,"Z.exactly(lambda x1: Z.equal(x1,'green','colour'),1,X)","Z.exists(lambda x1: Z.exists(lambda x2: Z.exists(lambda x3: Z.and_operator(Z.and_operator(Z.equal(x1,'red','colour'),Z.equal(x2,'blue','colour')),Z.equal(x3,'green','colour')),X),X),X)","Z.atmost(lambda x1: Z.equal(x1,'blue','colour'),2,X)","Z.exists(lambda x1: Z.exists(lambda x2: Z.exists(lambda x3: Z.and_operator(Z.and_operator(Z.equal(x1,'red','colour'),Z.equal(x2,'blue','colour')),Z.equal(x3,'green','colour')),X),X),X)",0.5,0.75,0.75,0.875,0.75,0.7083333333333334,0.6982758620689655,0.6867816091954023,0.6954022988505747,0.6925287356321839,5.241379310344827,549,0,0,0,0,0
19,26,45,ZdXQZ,sIBlk-qFcNY4fsGyAAAq,Kappa,at least one is blue AND small,"[False, False, True, False, True, False, True, False]","[False, True, True, False, True, False, True, False]",0.375,0.5,Must have two small and two medium triangles.,"[['x1'],['x1','x2']]","Z.exactly(lambda x1: Z.exactly(lambda x2: Z.and_operator(Z.equal(x1,1,'size'),Z.equal(x2,2,'size')),2,X),2,X)",Must have two small and two medium triangles.,"[{'ids': [0, 1, 2, 3, 4], 'colours': ['blue', 'blue', 'green', 'green', 'green'], 'sizes': [1, 2, 1, 2, 3], 'xpos': [0.30944369669435245, 3.9222517188342847, 5.337497543375092, 3.1133034877344836, 5.411614347832926], 'ypos': [4.128333333333334, 4.128333333333334, 4.128333333333334, 4.128333333333334, 4.128333317262491], 'rotations': [3.1415926535897936, 3.1415926535897927, 3.141592653589793, 3.1415926535897927, 3.1415926851012492], 'orientations': ['upright', 'upright', 'upright', 'upright', 'upright'], 'contact': [[0], [1, 3], [2], [3, 1], [4]], 'grounded': ['yes', 'yes', 'yes', 'yes', 'yes'], 'follow_rule': True}, {'ids': [0], 'colours': ['green'], 'sizes': [3], 'xpos': [0.603846365415378], 'ypos': [4.124511512094519], 'rotations': [3.1406633948416065], 'orientations': ['upright'], 'contact': [[0]], 'grounded': ['yes'], 'follow_rule': False}, {'ids': [0, 1], 'colours': ['blue', 'green'], 'sizes': [2, 2], 'xpos': [2.624077917431728, 4.488599250966695], 'ypos': [4.124537631032427, 4.124508313649853], 'rotations': [3.142778639420334, 3.1434265044364724], 'orientations': ['upright', 'upright'], 'contact': [[0], [1]], 'grounded': ['yes', 'yes'], 'follow_rule': False}, {'ids': [0, 1], 'colours': ['green', 'green'], 'sizes': [1, 3], 'xpos': [2.2079617492847143, 2.2940863691173305], 'ypos': [4.1249442283214695, 4.124890772918872], 'rotations': [-3.1353222940986756, 3.14306039990924], 'orientations': ['upright', 'upright'], 'contact': [[0], [1]], 'grounded': ['yes', 'yes'], 'follow_rule': False}, {'ids': [0, 1, 2, 3], 'colours': ['blue', 'green', 'blue', 'green'], 'sizes': [1, 2, 2, 1], 'xpos': [0.43500038202187874, 2.4705049012762954, 3.332842650700364, 4.6645642365972035], 'ypos': [4.126020880439053, 4.126666328295871, 4.128261051075702, 4.124269192522149], 'rotations': [3.1389144925103634, 3.142427034919173, 3.1414119479447273, -3.138301966606137], 'orientations': ['upright', 'upright', 'upright', 'upright'], 'contact': [[0], [1], [2], [3]], 'grounded': ['yes', 'yes', 'yes', 'yes'], 'follow_rule': True}, {'ids': [0, 1], 'colours': ['green', 'blue'], 'sizes': [2, 2], 'xpos': [2.8995328077043094, 3.720049698300911], 'ypos': [4.126061201508539, 4.124715863616727], 'rotations': [3.139093746985547, 3.1382794247018113], 'orientations': ['upright', 'upright'], 'contact': [[0], [1]], 'grounded': ['yes', 'yes'], 'follow_rule': False}, {'ids': [0, 1, 2, 3], 'colours': ['blue', 'green', 'blue', 'green'], 'sizes': [3, 2, 2, 1], 'xpos': [1.702615466733477, 2.8343158154325225, 3.9776381219133077, 4.9135945332042965], 'ypos': [4.124653769550499, 4.1246891555995555, 4.123944011886922, 4.125932820584181], 'rotations': [-3.141949363638381, 3.144140510482821, 3.143608362298565, 3.1381832573182544], 'orientations': ['upright', 'upright', 'upright', 'upright'], 'contact': [[0], [1], [2], [3]], 'grounded': ['yes', 'yes', 'yes', 'yes'], 'follow_rule': False}, {'ids': [0, 1, 2, 3], 'colours': ['blue', 'green', 'blue', 'green'], 'sizes': [1, 2, 2, 1], 'xpos': [2.1851519889416524, 3.1742212976833244, 4.2823567738943575, 5.414230045257538], 'ypos': [4.125565524645347, 4.124652171947381, 4.1241961756840055, 4.1240964402234255], 'rotations': [3.135581813967741, 3.140880478184806, -3.1438190392479193, -3.142812272940603], 'orientations': ['upright', 'upright', 'upright', 'upright'], 'contact': [[0], [1], [2], [3]], 'grounded': ['yes', 'yes', 'yes', 'yes'], 'follow_rule': True}, {'ids': [0, 1, 2, 3, 4, 5, 6, 7], 'colours': ['red', 'blue', 'blue', 'red', 'red', 'green', 'red', 'blue'], 'sizes': [3, 1, 2, 2, 3, 2, 1, 2], 'xpos': [3.73068127782473, 5.21143043275308, 0.628029634657912, 5.41985831114537, 3.73221495043733, 2.6881904061602, 2.69592462610732, 4.6441478837753], 'ypos': [4.15955293434237, 3.88040887163376, 3.77952636825576, 4.00866939013447, 3.84618730815599, 4.16046505787232, 3.36197381341272, 4.15735107629793], 'rotations': [3.14513282779734, 5.0677355060028, 5.0513292843393, 2.88192941289468, 3.14453575957132, 3.13858862708556, 2.60114260528712, 3.14253353812844], 'contact': [[0, 4], [1, 3], 2, [3, 1, 7], [4, 0], [5, 6], [6, 5], [7, 3]], 'grounded': ['yes', 'yes', 'yes', 'no', 'no', 'yes', 'no', 'yes']}, {'ids': [0, 1, 2, 3, 4], 'colours': ['green', 'red', 'red', 'blue', 'blue'], 'sizes': [3, 3, 3, 1, 1], 'xpos': [0.494087661193018, 3.9483348516538, 5.27168256714865, 5.34332261433319, 0.73624872055367], 'ypos': [4.03747541930378, 4.15789345817489, 3.68793264237984, 3.6957884966519, 3.12182877557111], 'rotations': [3.39186622255945, 3.13985318391394, 5.03796059957422, 0.88254982855712, 3.37051889969503], 'contact': [[0, 4], 1, [2, 3], [3, 2], [4, 0]], 'grounded': ['yes', 'yes', 'yes', 'yes', 'no']}, {'ids': [0, 1, 2, 3], 'colours': ['red', 'blue', 'blue', 'green'], 'sizes': [1, 1, 2, 2], 'xpos': [3.18059163568182, 0.310290458717288, 3.1806567054277, 2.31556998810598], 'ypos': [4.16168723431181, 4.15876638336768, 4.1487939044355, 4.15777861520172], 'rotations': [3.14159140357956, 3.14265904643877, 3.14147445775215, 3.14506697679819], 'contact': [[0, 2], 1, [2, 0], 3], 'grounded': ['yes', 'yes', 'no', 'yes']}, {'ids': [0, 1, 2], 'colours': ['red', 'blue', 'blue'], 'sizes': [2, 1, 1], 'xpos': [4.18368803941992, 0.414042657065262, 2.15035350734386], 'ypos': [3.77956682056473, 4.15748311487421, 3.8762597297667], 'rotations': [1.23393916549627, 3.14433838895914, 1.21175410086331], 'contact': [{'V1': 0, 'V2': 1, 'V3': 2}], 'grounded': ['yes', 'yes', 'yes']}, {'ids': [0, 1, 2, 3], 'colours': ['red', 'blue', 'green', 'green'], 'sizes': [1, 2, 3, 2], 'xpos': [3.51554594721066, 0.952630095552302, 1.15938786102465, 4.3365248890533], 'ypos': [4.15861023322789, 3.78844050360235, 3.68324865018165, 3.81210635173936], 'rotations': [3.13374769948046, 1.95279692618981, 5.03789515425762, 2.09958352806452], 'contact': [[0, 3], 1, 2, [3, 0]], 'grounded': ['yes', 'yes', 'yes', 'yes']}, {'ids': [0, 1, 2, 3, 4, 5, 6], 'colours': ['red', 'green', 'green', 'red', 'red', 'green', 'blue'], 'sizes': [2, 2, 1, 2, 3, 1, 2], 'xpos': [6.87642919084431, 0.500811040908878, 6.83118798955539, 0.500811040908877, 2.84733119936067, 4.8509860534385, 6.36697442237732], 'ypos': [4.16175085069598, 4.16166666666667, 3.43496091839389, 3.86081693802354, 3.68420776646255, 3.88048305615273, 3.30313545616522], 'rotations': [3.14149734712368, 3.14159265358979, 3.21473720201577, 3.1415926535898, 5.03748075887867, 5.06844557980735, 3.76206868572812], 'contact': [[0, 6, 2], [1, 3], [2, 0, 6], [3, 1], 4, 5, [6, 0, 2]], 'grounded': ['yes', 'yes', 'no', 'no', 'yes', 'yes', 'no']}, {'ids': [0, 1, 2, 3], 'colours': ['green', 'red', 'green', 'green'], 'sizes': [3, 2, 3, 1], 'xpos': [0.68898442305447, 3.35991414777035, 6.19696481477246, 0.285852488312505], 'ypos': [4.14082379374931, 3.77953993499473, 3.68347394204074, 3.22090721981064], 'rotations': [3.17946147794873, 5.05131141313782, 1.24390261182064, 2.78305328423849], 'contact': [[0, 3], 1, 2, [3, 0]], 'grounded': ['yes', 'yes', 'yes', 'no']}, {'ids': [0, 1, 2, 3, 4, 5], 'colours': ['blue', 'green', 'red', 'green', 'red', 'red'], 'sizes': [2, 1, 3, 3, 2, 2], 'xpos': [1.90901458039544, 3.20404317572615, 5.35557787085149, 2.21502873493383, 4.45133508655654, 0.411178438002497], 'ypos': [4.15997299836821, 3.9724254650111, 3.68341260130509, 3.66870790290145, 3.29547827552602, 4.15884184210246], 'rotations': [3.14582683698787, 3.82418159605204, 1.24456815445981, 4.50974799681394, 6.86637263771617, 3.14292060739547], 'contact': [[0, 3], [1, 3], [2, 4], [3, 0, 1], [4, 2], 5], 'grounded': ['yes', 'yes', 'yes', 'yes', 'yes', 'yes']}]","[True, True, True, True, False, False, False, False]","[False, False, True, False, False, True, False, True]","[False, False, False, False, True, False, True, False]","[True, True, False, True, False, False, False, False]","[True, True, True, True, False, False, False, False]","[False, True, True, False, False, True, False, True]","[False, False, False, False, True, False, True, False]","[True, False, False, True, False, False, False, False]",-0.625,-0.5,-0.125,0.0,0.375,0.5,0.375,0.5,0.0,0.0,0.125,0.0,0.625,0.5,468.74869765355436,-5.5494486741360465,-5.545177444479562,13.17833888995193,11.090354888959125,340.181103733668,-11.093276353233016,-11.090354888959125,24.959141428705813,22.18070977791825,1.0502311195665048,"[1.0, 1.0, 1.0, 1.0, 1.0, 0.0, 1.0, 0.0, 1.0, 1.0, 1.0, 1.0, 1.0, 1.0, 1.0, 0.0135, 0.9530000000000001, 0.092, 0.5895, 0.5895, 1.0, 0.0, 0.0, 0.861, 1.0, 1.0, 1.0, 0.2925, 0.999, 0.999, 1.0, 0.7155, 0.0, 0.0, 1.0, 0.0, 0.0, 0.0, 1.0, 0.0, 0.0, 0.0, 1.0, 0.0, 0.0, 0.0, 1.0, 0.0, 1.0, 1.0, 1.0, 1.0, 0.0, 0.0, 0.0, 0.0, 1.0, 1.0, 1.0, 1.0, 0.935, 0.935, 0.935, 0.935, 1.0, 1.0, 1.0, 1.0, 0.0, 1.0, 0.0, 0.0, 0.0, 1.0, 1.0, 1.0, 1.0, 1.0, 1.0, 1.0, 1.0, 1.0, 1.0, 1.0, 0.0935, 0.0935, 0.0935, 0.0935, 1.0, 1.0, 1.0, 1.0, 1.0, 1.0, 1.0, 1.0, 1.0, 1.0, 1.0, 1.0, 1.0, 1.0, 1.0, 0.013000000000000001, 1.0, 1.0, 0.998, 1.0, 1.0, 0.002, 0.998, 0.002, 1.0, 1.0, 1.0, 1.0, 1.0, 1.0, 1.0, 0.0, 0.973, 1.0, 0.9530000000000001, 1.0, 0.8925000000000001, 0.9195, 0.17400000000000002, 0.201, 1.0, 1.0, 1.0, 1.0, 0.0, 0.0, 0.0, 0.0, 1.0, 1.0, 1.0, 0.24, 1.0, 1.0, 0.968, 1.0, 0.653, 0.653, 0.653, 1.0, 0.2535, 0.2535, 0.7035, 0.10300000000000001, 1.0, 1.0, 1.0, 1.0, 0.0, 1.0, 0.0, 0.0, 1.0, 1.0, 1.0, 0.012, 0.988, 0.988, 1.0, 1.0, 1.0, 0.0, 1.0, 1.0, 1.0, 0.0, 0.0, 1.0, 0.0, 0.0, 0.0, 1.0, 1.0, 0.0, 0.0, 0.0, 1.0, 1.0, 1.0, 1.0, 0.0, 0.0, 0.0, 0.0, 1.0, 1.0, 1.0, 1.0, 0.0, 0.0, 0.0, 0.0, 1.0, 1.0, 1.0, 1.0, 1.0, 1.0, 0.841, 1.0, 1.0, 1.0, 1.0, 1.0, 0.0, 0.0, 0.0, 0.0, 1.0, 1.0, 1.0, 1.0, 1.0, 1.0, 1.0, 0.0, 0.197, 0.0, 0.85, 0.653, 0.803, 0.0, 0.0, 0.0, 0.8525, 0.847, 0.9935, 0.847, 0.28300000000000003, 0.4305, 0.426, 0.426, 1.0, 1.0, 1.0, 1.0, 1.0, 1.0, 1.0, 0.0, 0.798, 1.0, 0.7995, 0.7995, 0.0275, 0.029, 0.2265, 0.1975, 1.0, 1.0, 1.0, 1.0, 0.0, 0.0, 0.0, 0.0, 0.862, 0.854, 0.8595, 0.8955000000000001, 0.045, 0.0005, 0.8695, 0.8505, 1.0, 1.0, 1.0, 0.022, 1.0, 1.0, 1.0, 0.978, 0.28400000000000003, 0.0145, 0.1885, 0.0275, 0.2755, 0.0, 0.0015, 0.013000000000000001, 0.0, 0.0, 0.0, 1.0, 1.0, 0.0, 0.0, 0.0, 1.0, 1.0, 1.0, 1.0, 0.0, 0.0, 0.0, 0.0, 1.0, 1.0, 1.0, 1.0, 1.0, 0.0, 1.0, 0.0, 1.0, 1.0, 1.0, 1.0, 1.0, 1.0, 1.0, 0.0, 1.0, 1.0, 1.0, 0.728, 0.8265, 0.5545, 0.5545, 0.8265, 1.0, 1.0, 1.0, 1.0, 1.0, 1.0, 1.0, 1.0, 1.0, 1.0, 1.0, 0.8715, 0.9365, 0.8695, 0.8695, 0.9365, 0.229, 0.229, 0.229, 0.229, 0.801, 0.03, 0.03, 0.801, 0.0, 0.0, 0.0, 1.0, 1.0, 0.0, 0.0, 0.0, 0.108, 0.114, 0.2315, 0.108, 0.114, 0.07050000000000001, 0.0495, 0.006, 1.0, 1.0, 1.0, 1.0, 0.0, 0.0, 0.0, 0.0, 0.8955000000000001, 0.895, 0.0115, 0.0, 0.883, 0.0, 0.0, 0.0, 1.0, 1.0, 1.0, 1.0, 0.0, 0.0, 0.0, 0.0, 0.902, 0.902, 0.902, 0.678, 0.88, 0.88, 0.902, 0.807, 1.0, 1.0, 1.0, 1.0, 0.0, 0.0, 0.0, 0.0, 1.0, 1.0, 1.0, 1.0, 1.0, 1.0, 1.0, 0.0, 1.0, 1.0, 1.0, 1.0, 0.0, 0.0, 0.0, 0.0, 1.0, 1.0, 1.0, 1.0, 0.008, 0.008, 0.008, 0.008, 1.0, 1.0, 1.0, 1.0, 1.0, 1.0, 1.0, 0.0, 1.0, 1.0, 1.0, 1.0, 1.0, 1.0, 0.6980000000000001, 1.0, 1.0, 1.0, 1.0, 1.0, 0.0, 0.0, 0.0, 0.0, 1.0, 1.0, 1.0, 1.0, 1.0, 1.0, 1.0, 0.0, 0.9530000000000001, 0.9530000000000001, 0.9530000000000001, 1.0, 1.0, 1.0, 0.641, 0.9530000000000001, 1.0, 1.0, 1.0, 1.0, 0.0, 0.0, 0.0, 0.0, 1.0, 1.0, 1.0, 1.0, 1.0, 1.0, 1.0, 1.0, 1.0, 1.0, 1.0, 1.0, 0.0, 0.0, 0.0, 0.0, 1.0, 1.0, 1.0, 1.0, 1.0, 1.0, 1.0, 1.0, 1.0, 1.0, 1.0, 1.0, 0.021500000000000002, 0.021500000000000002, 0.021500000000000002, 0.021500000000000002, 0.021500000000000002, 0.003, 0.02, 0.0095, 0.0095, 0.964, 0.9555, 0.0095, 1.0, 1.0, 1.0, 1.0, 1.0, 1.0, 1.0, 1.0, 1.0, 1.0, 1.0, 1.0, 0.0, 0.0, 0.0, 0.0, 1.0, 1.0, 1.0, 1.0, 0.0, 0.0, 1.0, 1.0, 1.0, 0.873, 0.198, 0.198, 1.0, 1.0, 0.6905, 1.0, 1.0, 1.0, 1.0, 1.0, 1.0, 1.0, 1.0, 0.0, 1.0, 0.999, 0.999, 1.0, 0.0025, 0.0025, 0.0025, 0.0025, 1.0, 1.0, 1.0, 1.0, 1.0, 0.686, 0.314, 0.0, 1.0, 1.0, 1.0, 1.0, 0.524, 0.524, 1.0, 0.47600000000000003, 1.0, 1.0, 1.0, 1.0, 0.008, 0.008, 0.008, 0.008, 0.9935, 0.9935, 0.9775, 0.9935, 0.9935, 0.0225, 0.988, 0.017, 1.0, 1.0, 1.0, 1.0, 0.0725, 0.0725, 0.0725, 0.0725, 0.041, 1.0, 1.0, 0.9590000000000001, 0.041, 0.9590000000000001, 1.0, 0.0, 0.7435, 0.9835, 0.7425, 0.986, 0.7435, 0.7435, 0.256, 0.987, 1.0, 0.005, 1.0, 1.0, 1.0, 0.005, 0.005, 1.0, 1.0, 1.0, 1.0, 1.0, 1.0, 1.0, 1.0, 0.0, 1.0, 1.0, 1.0, 1.0, 0.0, 0.0, 0.0, 0.0, 1.0, 1.0, 1.0, 1.0, 0.0, 0.0, 0.0, 0.0, 0.9705, 0.9705, 0.9145, 1.0, 0.8015, 0.8015, 0.9705, 0.7865, 1.0, 1.0, 1.0, 1.0, 0.0, 0.0, 0.0, 0.0, 1.0, 1.0, 1.0, 1.0, 0.0, 0.0, 0.0, 0.0, 1.0, 1.0, 1.0, 1.0, 0.0, 0.0, 0.0, 0.0, 1.0, 1.0, 1.0, 1.0, 1.0, 1.0, 1.0, 1.0]",-418.5875071169283,843.720363894191,-482.430437669722,964.860875339444,1.957578343373529,-5.292505905350523,12.664453352380882,0.6819716124321688,-7.721241042832364,18.21507080790451,0.6334250289943713,"[1.0, 1.0, 1.0, 1.0, 1.0, 0.0, 1.0, 0.0, 1.0, 1.0, 1.0, 1.0, 1.0, 1.0, 1.0, 0.0, 0.0, 0.0, 0.0, 0.0, 0.0, 0.0, 0.0, 0.0, 1.0, 1.0, 1.0, 0.0, 0.0, 0.0, 1.0, 0.0, 0.0, 0.0, 1.0, 1.0, 0.0, 1.0, 1.0, 1.0, 1.0, 1.0, 1.0, 1.0, 0.0, 0.0, 1.0, 1.0, 1.0, 1.0, 1.0, 1.0, 0.0, 0.0, 0.0, 0.0, 1.0, 1.0, 1.0, 1.0, 0.0, 0.0, 0.0, 0.0, 0.0, 0.0, 0.0, 0.0, 0.0, 1.0, 1.0, 0.0, 1.0, 1.0, 1.0, 1.0, 0.0, 0.0, 0.0, 0.0, 1.0, 1.0, 1.0, 1.0, 0.0, 0.0, 0.0, 0.0, 1.0, 1.0, 1.0, 1.0, 1.0, 1.0, 0.0, 1.0, 1.0, 1.0, 1.0, 1.0, 1.0, 1.0, 1.0, 0.0, 1.0, 1.0, 1.0, 1.0, 1.0, 0.0, 1.0, 0.0, 0.0, 1.0, 0.0, 0.0, 1.0, 1.0, 1.0, 0.0, 1.0, 1.0, 0.0, 1.0, 1.0, 0.0, 0.0, 0.0, 1.0, 1.0, 1.0, 0.0, 1.0, 1.0, 1.0, 1.0, 1.0, 1.0, 1.0, 1.0, 0.0, 0.0, 0.0, 0.0, 1.0, 1.0, 1.0, 0.0, 0.0, 0.0, 1.0, 0.0, 0.0, 0.0, 1.0, 0.0, 0.0, 0.0, 0.0, 0.0, 1.0, 1.0, 1.0, 0.0, 0.0, 0.0, 1.0, 0.0, 0.0, 0.0, 0.0, 1.0, 0.0, 0.0, 0.0, 0.0, 0.0, 0.0, 0.0, 1.0, 0.0, 0.0, 0.0, 0.0, 1.0, 1.0, 1.0, 1.0, 0.0, 0.0, 0.0, 0.0, 1.0, 1.0, 1.0, 0.0, 0.0, 0.0, 1.0, 0.0, 1.0, 1.0, 1.0, 1.0, 0.0, 0.0, 0.0, 0.0, 1.0, 1.0, 1.0, 1.0, 0.0, 0.0, 0.0, 0.0, 1.0, 1.0, 1.0, 1.0, 1.0, 1.0, 1.0, 0.0, 0.0, 0.0, 0.0, 0.0, 1.0, 0.0, 0.0, 0.0, 1.0, 1.0, 1.0, 1.0, 1.0, 1.0, 1.0, 1.0, 1.0, 1.0, 1.0, 1.0, 1.0, 1.0, 1.0, 0.0, 0.0, 0.0, 0.0, 0.0, 0.0, 0.0, 0.0, 0.0, 0.0, 1.0, 0.0, 1.0, 0.0, 1.0, 0.0, 1.0, 0.0, 0.0, 0.0, 1.0, 0.0, 0.0, 0.0, 0.0, 1.0, 1.0, 1.0, 0.0, 0.0, 0.0, 1.0, 0.0, 1.0, 1.0, 1.0, 1.0, 1.0, 0.0, 1.0, 0.0, 0.0, 1.0, 1.0, 1.0, 0.0, 0.0, 0.0, 0.0, 1.0, 1.0, 1.0, 0.0, 1.0, 1.0, 1.0, 1.0, 0.0, 1.0, 1.0, 1.0, 0.0, 0.0, 0.0, 0.0, 1.0, 1.0, 1.0, 1.0, 1.0, 1.0, 1.0, 0.0, 1.0, 1.0, 1.0, 1.0, 0.0, 0.0, 0.0, 0.0, 1.0, 1.0, 1.0, 1.0, 0.0, 0.0, 0.0, 0.0, 0.0, 1.0, 0.0, 0.0, 0.0, 0.0, 0.0, 0.0, 1.0, 1.0, 1.0, 1.0, 1.0, 0.0, 1.0, 1.0, 0.0, 0.0, 0.0, 0.0, 0.0, 1.0, 1.0, 0.0, 1.0, 1.0, 1.0, 1.0, 1.0, 0.0, 1.0, 0.0, 1.0, 1.0, 1.0, 1.0, 1.0, 0.0, 1.0, 1.0, 0.0, 0.0, 0.0, 0.0, 0.0, 1.0, 1.0, 0.0, 1.0, 0.0, 0.0, 1.0, 0.0, 0.0, 0.0, 0.0, 1.0, 1.0, 1.0, 0.0, 0.0, 0.0, 1.0, 0.0, 1.0, 1.0, 1.0, 0.0, 0.0, 0.0, 0.0, 0.0, 1.0, 1.0, 1.0, 1.0, 1.0, 1.0, 1.0, 0.0, 0.0, 0.0, 0.0, 0.0, 0.0, 0.0, 0.0, 0.0, 1.0, 0.0, 1.0, 0.0, 0.0, 0.0, 0.0, 0.0, 1.0, 1.0, 1.0, 1.0, 1.0, 1.0, 1.0, 0.0, 1.0, 1.0, 1.0, 1.0, 1.0, 1.0, 0.0, 1.0, 1.0, 1.0, 1.0, 1.0, 0.0, 0.0, 0.0, 0.0, 1.0, 1.0, 1.0, 1.0, 1.0, 1.0, 1.0, 0.0, 0.0, 1.0, 1.0, 1.0, 0.0, 0.0, 0.0, 0.0, 1.0, 1.0, 1.0, 1.0, 0.0, 0.0, 0.0, 0.0, 1.0, 0.0, 1.0, 0.0, 0.0, 0.0, 0.0, 0.0, 1.0, 1.0, 1.0, 1.0, 1.0, 0.0, 1.0, 0.0, 1.0, 1.0, 1.0, 0.0, 1.0, 1.0, 0.0, 1.0, 1.0, 1.0, 1.0, 1.0, 0.0, 0.0, 0.0, 0.0, 0.0, 0.0, 0.0, 0.0, 0.0, 1.0, 0.0, 0.0, 1.0, 1.0, 1.0, 1.0, 0.0, 0.0, 0.0, 0.0, 0.0, 0.0, 0.0, 0.0, 0.0, 0.0, 0.0, 0.0, 1.0, 0.0, 1.0, 0.0, 0.0, 0.0, 0.0, 0.0, 1.0, 1.0, 0.0, 0.0, 1.0, 1.0, 1.0, 1.0, 1.0, 1.0, 1.0, 1.0, 1.0, 1.0, 1.0, 1.0, 1.0, 1.0, 1.0, 1.0, 1.0, 0.0, 1.0, 1.0, 0.0, 1.0, 0.0, 1.0, 0.0, 1.0, 0.0, 0.0, 1.0, 1.0, 1.0, 1.0, 0.0, 0.0, 1.0, 0.0, 1.0, 1.0, 1.0, 1.0, 0.0, 0.0, 0.0, 0.0, 0.0, 0.0, 0.0, 1.0, 0.0, 0.0, 0.0, 0.0, 1.0, 1.0, 1.0, 1.0, 0.0, 0.0, 0.0, 0.0, 0.0, 1.0, 1.0, 1.0, 0.0, 1.0, 1.0, 0.0, 1.0, 1.0, 1.0, 1.0, 0.0, 0.0, 0.0, 0.0, 1.0, 0.0, 1.0, 1.0, 1.0, 0.0, 0.0, 1.0, 1.0, 1.0, 1.0, 1.0, 1.0, 1.0, 1.0, 0.0, 0.0, 1.0, 1.0, 1.0, 1.0, 1.0, 0.0, 0.0, 1.0, 1.0, 1.0, 1.0, 0.0, 0.0, 0.0, 0.0, 1.0, 1.0, 1.0, 0.0, 0.0, 0.0, 1.0, 0.0, 1.0, 1.0, 1.0, 1.0, 0.0, 0.0, 0.0, 0.0, 0.0, 0.0, 0.0, 0.0, 0.0, 0.0, 0.0, 0.0, 0.0, 1.0, 0.0, 1.0, 0.0, 1.0, 1.0, 0.0, 1.0, 1.0, 1.0, 1.0, 1.0, 0.0, 0.0, 1.0]",-318.3726801373107,643.2907099349558,1.957578343373529,-5.292505905350523,-5.545177444479562,12.664453352380882,11.090354888959125,0.6819716124321688,-7.721241042832364,-11.090354888959125,18.21507080790451,22.18070977791825,0.6173530694834558,"[1.0, 1.0, 1.0, 1.0, 1.0, 0.0, 1.0, 0.0, 1.0, 1.0, 1.0, 1.0, 1.0, 1.0, 1.0, 0.0, 0.0, 0.0, 0.0, 0.0, 0.0, 0.0, 0.0, 0.0, 1.0, 1.0, 1.0, 0.0, 0.0, 0.0, 1.0, 0.0, 0.0, 0.0, 1.0, 1.0, 0.0, 1.0, 1.0, 1.0, 0.0, 0.0, 0.0, 0.0, 0.0, 0.0, 0.0, 0.0, 1.0, 1.0, 1.0, 1.0, 0.0, 0.0, 0.0, 0.0, 1.0, 1.0, 1.0, 1.0, 0.0, 0.0, 0.0, 0.0, 0.0, 0.0, 0.0, 0.0, 0.0, 1.0, 1.0, 0.0, 0.0, 0.0, 0.0, 1.0, 0.0, 0.0, 0.0, 0.0, 1.0, 1.0, 1.0, 1.0, 0.0, 0.0, 0.0, 0.0, 0.0, 0.0, 0.0, 0.0, 1.0, 1.0, 0.0, 1.0, 1.0, 1.0, 1.0, 1.0, 1.0, 1.0, 1.0, 0.0, 1.0, 1.0, 1.0, 1.0, 1.0, 0.0, 1.0, 0.0, 0.0, 1.0, 0.0, 0.0, 1.0, 1.0, 1.0, 0.0, 1.0, 1.0, 0.0, 1.0, 1.0, 0.0, 0.0, 0.0, 1.0, 1.0, 1.0, 0.0, 1.0, 1.0, 1.0, 1.0, 1.0, 1.0, 1.0, 1.0, 0.0, 0.0, 0.0, 0.0, 1.0, 1.0, 1.0, 0.0, 0.0, 0.0, 1.0, 0.0, 0.0, 0.0, 1.0, 0.0, 0.0, 0.0, 0.0, 0.0, 1.0, 1.0, 1.0, 0.0, 0.0, 0.0, 1.0, 0.0, 0.0, 0.0, 0.0, 1.0, 0.0, 0.0, 0.0, 0.0, 0.0, 0.0, 0.0, 1.0, 0.0, 0.0, 0.0, 0.0, 1.0, 1.0, 1.0, 1.0, 0.0, 0.0, 0.0, 0.0, 1.0, 1.0, 1.0, 0.0, 0.0, 0.0, 1.0, 0.0, 1.0, 1.0, 1.0, 1.0, 0.0, 0.0, 0.0, 0.0, 1.0, 1.0, 1.0, 1.0, 0.0, 0.0, 0.0, 0.0, 1.0, 1.0, 1.0, 1.0, 1.0, 1.0, 1.0, 0.0, 0.0, 0.0, 0.0, 0.0, 1.0, 0.0, 0.0, 0.0, 1.0, 1.0, 1.0, 1.0, 1.0, 1.0, 1.0, 1.0, 1.0, 1.0, 1.0, 1.0, 1.0, 1.0, 1.0, 0.0, 0.0, 0.0, 0.0, 0.0, 0.0, 0.0, 0.0, 0.0, 0.0, 1.0, 0.0, 1.0, 0.0, 1.0, 0.0, 1.0, 0.0, 0.0, 0.0, 1.0, 0.0, 0.0, 0.0, 0.0, 1.0, 1.0, 1.0, 0.0, 0.0, 0.0, 1.0, 0.0, 1.0, 1.0, 1.0, 1.0, 1.0, 0.0, 1.0, 0.0, 0.0, 1.0, 1.0, 1.0, 0.0, 0.0, 0.0, 0.0, 1.0, 1.0, 1.0, 0.0, 1.0, 1.0, 1.0, 1.0, 0.0, 1.0, 1.0, 1.0, 0.0, 0.0, 0.0, 0.0, 1.0, 1.0, 1.0, 1.0, 1.0, 1.0, 1.0, 0.0, 1.0, 1.0, 1.0, 1.0, 0.0, 0.0, 0.0, 0.0, 1.0, 1.0, 1.0, 1.0, 0.0, 0.0, 0.0, 0.0, 0.0, 1.0, 0.0, 0.0, 0.0, 0.0, 0.0, 0.0, 0.0, 0.0, 0.0, 0.0, 0.0, 0.0, 0.0, 0.0, 1.0, 0.0, 1.0, 1.0, 1.0, 0.0, 0.0, 1.0, 1.0, 1.0, 1.0, 1.0, 1.0, 0.0, 1.0, 0.0, 1.0, 1.0, 1.0, 1.0, 1.0, 0.0, 1.0, 1.0, 0.0, 0.0, 0.0, 0.0, 0.0, 1.0, 1.0, 0.0, 1.0, 0.0, 0.0, 1.0, 0.0, 0.0, 0.0, 0.0, 1.0, 1.0, 1.0, 0.0, 0.0, 0.0, 1.0, 0.0, 1.0, 1.0, 1.0, 0.0, 0.0, 0.0, 0.0, 0.0, 1.0, 1.0, 1.0, 1.0, 1.0, 1.0, 1.0, 0.0, 0.0, 0.0, 0.0, 0.0, 0.0, 0.0, 0.0, 0.0, 1.0, 0.0, 1.0, 0.0, 0.0, 0.0, 0.0, 0.0, 1.0, 1.0, 1.0, 1.0, 1.0, 1.0, 1.0, 0.0, 1.0, 1.0, 1.0, 1.0, 1.0, 1.0, 0.0, 1.0, 1.0, 1.0, 1.0, 1.0, 0.0, 0.0, 0.0, 0.0, 1.0, 1.0, 1.0, 1.0, 1.0, 1.0, 1.0, 0.0, 0.0, 1.0, 1.0, 1.0, 0.0, 0.0, 0.0, 0.0, 1.0, 1.0, 1.0, 1.0, 0.0, 0.0, 0.0, 0.0, 1.0, 0.0, 1.0, 0.0, 0.0, 0.0, 0.0, 0.0, 1.0, 1.0, 1.0, 1.0, 1.0, 0.0, 1.0, 0.0, 1.0, 1.0, 1.0, 0.0, 1.0, 1.0, 0.0, 1.0, 1.0, 1.0, 1.0, 1.0, 0.0, 0.0, 0.0, 0.0, 0.0, 0.0, 0.0, 0.0, 0.0, 1.0, 0.0, 0.0, 1.0, 1.0, 1.0, 1.0, 0.0, 0.0, 0.0, 0.0, 0.0, 0.0, 0.0, 0.0, 0.0, 0.0, 0.0, 0.0, 1.0, 0.0, 1.0, 0.0, 0.0, 0.0, 0.0, 0.0, 1.0, 1.0, 0.0, 0.0, 1.0, 1.0, 1.0, 1.0, 1.0, 1.0, 1.0, 1.0, 1.0, 1.0, 1.0, 1.0, 1.0, 1.0, 1.0, 1.0, 1.0, 0.0, 1.0, 1.0, 0.0, 1.0, 0.0, 1.0, 0.0, 1.0, 0.0, 0.0, 1.0, 1.0, 1.0, 1.0, 0.0, 0.0, 1.0, 0.0, 1.0, 1.0, 1.0, 1.0, 0.0, 0.0, 0.0, 0.0, 0.0, 0.0, 0.0, 1.0, 0.0, 0.0, 0.0, 0.0, 1.0, 1.0, 1.0, 1.0, 0.0, 0.0, 0.0, 0.0, 0.0, 1.0, 1.0, 1.0, 0.0, 1.0, 1.0, 0.0, 1.0, 1.0, 1.0, 1.0, 0.0, 0.0, 0.0, 0.0, 1.0, 0.0, 1.0, 1.0, 1.0, 0.0, 0.0, 1.0, 1.0, 1.0, 1.0, 1.0, 1.0, 1.0, 1.0, 0.0, 0.0, 0.0, 1.0, 0.0, 0.0, 1.0, 0.0, 0.0, 1.0, 1.0, 1.0, 1.0, 0.0, 0.0, 0.0, 0.0, 1.0, 1.0, 1.0, 0.0, 0.0, 0.0, 1.0, 0.0, 1.0, 1.0, 1.0, 1.0, 0.0, 0.0, 0.0, 0.0, 0.0, 0.0, 0.0, 0.0, 0.0, 0.0, 0.0, 0.0, 0.0, 1.0, 0.0, 1.0, 0.0, 1.0, 1.0, 0.0, 1.0, 1.0, 1.0, 1.0, 1.0, 0.0, 0.0, 1.0]",-311.9759791000219,630.4973078603782,-482.430437669722,964.860875339444,333.9486141762368,-5.548020452698864,-5.545177444479562,13.175482447077565,11.090354888959125,2.018204110012996,-10.718113149556977,-11.090354888959125,24.208815021353736,22.18070977791825,1.0908740239314543,"[0.0, 0.0, 1.0, 0.0, 0.0, 0.0, 0.0, 0.0, 1.0, 1.0, 1.0, 1.0, 0.877, 0.877, 0.877, 0.0, 1.0, 0.259, 1.0, 1.0, 0.8015, 0.0, 0.259, 1.0, 1.0, 1.0, 1.0, 1.0, 1.0, 1.0, 1.0, 0.0, 0.0, 0.0, 1.0, 0.0, 0.0, 0.0, 1.0, 0.0, 0.0, 0.0, 1.0, 0.0, 0.0, 0.0, 1.0, 0.0, 0.0, 0.0, 0.0, 0.0775, 0.0, 0.0, 0.1635, 0.47100000000000003, 1.0, 1.0, 1.0, 1.0, 0.0, 0.0, 0.0, 0.0, 0.0, 0.0, 0.0, 0.0, 0.0, 0.0, 0.0, 0.0, 1.0, 1.0, 1.0, 1.0, 1.0, 1.0, 1.0, 0.0, 1.0, 1.0, 1.0, 1.0, 0.0, 0.0, 0.0, 0.0, 0.0, 0.0, 0.0, 0.0, 0.0, 0.113, 0.113, 0.0, 0.0, 0.0, 0.0, 1.0, 0.0, 0.0, 0.0, 0.0, 1.0, 1.0, 1.0, 1.0, 0.0, 0.0, 0.0, 0.0, 0.9995, 1.0, 1.0, 0.663, 1.0, 1.0, 1.0, 0.353, 1.0, 1.0, 1.0, 1.0, 0.082, 0.082, 0.0, 0.0, 0.973, 1.0, 0.7655000000000001, 0.605, 0.973, 1.0, 1.0, 0.368, 0.0, 0.0, 1.0, 0.0, 1.0, 0.0, 1.0, 0.0, 1.0, 1.0, 1.0, 1.0, 0.0, 0.0, 1.0, 0.0, 1.0, 1.0, 1.0, 1.0, 0.0, 0.9465, 0.0, 0.0, 0.666, 1.0, 0.666, 0.666, 0.0, 0.0, 0.7975, 0.0, 0.0, 0.9430000000000001, 0.0, 1.0, 1.0, 0.0, 0.0, 0.0, 0.0, 1.0, 0.0, 0.0, 0.0, 0.0, 0.0, 0.0, 1.0, 1.0, 1.0, 1.0, 0.0, 0.0, 0.0, 0.0, 1.0, 1.0, 1.0, 1.0, 1.0, 1.0, 1.0, 0.0005, 1.0, 1.0, 1.0, 1.0, 1.0, 1.0, 0.0, 1.0, 1.0, 1.0, 1.0, 1.0, 0.0, 0.0, 0.0, 0.0, 1.0, 1.0, 1.0, 1.0, 1.0, 1.0, 1.0, 0.0, 1.0, 0.0, 1.0, 0.0, 0.0, 0.0, 0.0, 0.0, 0.0, 1.0, 0.0, 1.0, 0.0, 1.0, 0.0, 1.0, 1.0, 1.0, 1.0, 1.0, 1.0, 1.0, 1.0, 0.0, 1.0, 0.0, 1.0, 1.0, 1.0, 0.0, 0.0, 1.0, 1.0, 1.0, 1.0, 1.0, 1.0, 1.0, 1.0, 1.0, 0.0, 0.9580000000000001, 0.0, 0.0, 0.0, 0.0, 0.0045000000000000005, 0.0, 0.0, 0.0, 0.0, 0.0, 0.0, 0.0, 0.0, 1.0, 0.0, 0.0, 0.0005, 0.0, 0.0, 0.0, 0.0, 0.0, 0.0, 1.0, 0.0, 0.0, 0.0, 0.0, 0.0, 0.0, 1.0, 1.0, 1.0, 0.001, 0.001, 0.001, 1.0, 0.0, 0.0, 0.0, 0.6225, 0.0, 0.0, 0.0, 0.0, 0.0, 1.0, 1.0, 1.0, 1.0, 0.0, 0.0, 0.0, 0.0, 0.0, 0.0, 0.0, 0.0, 0.0, 0.0, 0.0, 0.0, 1.0, 1.0, 1.0, 1.0, 1.0, 1.0, 1.0, 0.0, 0.0, 0.0, 0.0, 1.0, 0.0, 0.0, 1.0, 0.0, 1.0, 1.0, 1.0, 1.0, 0.0, 0.0, 0.0, 0.0, 0.0, 1.0, 0.0, 0.0, 1.0, 0.0, 0.0, 1.0, 1.0, 1.0, 1.0, 1.0, 0.0, 0.0, 0.0, 0.0, 1.0, 1.0, 1.0, 1.0, 1.0, 0.0, 1.0, 1.0, 0.0, 0.0005, 0.0, 0.0, 0.0, 0.38, 0.0, 0.0, 1.0, 1.0, 1.0, 1.0, 0.0, 0.0, 0.0, 0.0, 1.0, 1.0, 1.0, 0.999, 1.0, 1.0, 1.0, 0.0195, 1.0, 1.0, 1.0, 1.0, 0.0, 0.0, 0.0, 0.0, 0.0, 0.6285000000000001, 0.0, 0.328, 0.0, 0.0, 0.6285000000000001, 0.0, 0.0, 0.0, 0.0, 0.0, 0.0, 0.0, 0.0, 1.0, 1.0, 1.0, 1.0, 1.0, 0.0, 0.0, 0.0, 0.0, 1.0, 1.0, 1.0, 1.0, 1.0, 1.0, 1.0, 0.0, 1.0, 1.0, 1.0, 1.0, 1.0, 1.0, 0.0375, 1.0, 1.0, 1.0, 1.0, 1.0, 0.0, 0.0, 0.0, 0.0, 1.0, 1.0, 1.0, 1.0, 1.0, 1.0, 1.0, 0.0, 1.0, 1.0, 1.0, 1.0, 1.0, 1.0, 0.0, 1.0, 1.0, 1.0, 1.0, 1.0, 0.0, 0.0, 0.0, 0.0, 1.0, 1.0, 1.0, 1.0, 1.0, 1.0, 1.0, 1.0, 0.0, 0.0, 0.4395, 0.0, 0.0, 0.0, 0.001, 1.0, 0.0, 0.0, 0.0, 0.0, 0.0, 0.0, 0.0, 0.0, 1.0, 1.0, 1.0, 0.0, 1.0, 0.0, 0.0, 1.0, 0.0, 0.0, 1.0, 1.0, 1.0, 0.0, 0.0, 0.0, 0.0, 0.0, 0.0, 0.0, 0.0, 0.0, 0.0, 0.0, 1.0, 1.0, 1.0, 1.0, 0.0, 0.0, 0.0, 0.0, 0.0, 0.0, 0.0, 0.0, 0.0, 1.0, 0.0, 0.0, 1.0, 1.0, 1.0, 1.0, 0.0, 0.4945, 0.0, 0.0, 1.0, 1.0, 1.0, 1.0, 0.0, 0.0, 1.0, 1.0, 1.0, 1.0, 1.0, 1.0, 0.0, 0.0, 0.0, 0.0, 1.0, 1.0, 1.0, 1.0, 1.0, 0.704, 0.296, 0.0, 1.0, 1.0, 1.0, 1.0, 0.0, 0.0, 1.0, 1.0, 1.0, 1.0, 1.0, 1.0, 0.0, 0.0, 0.0, 0.0, 0.006, 1.0, 0.006, 0.708, 0.298, 1.0, 0.298, 1.0, 1.0, 1.0, 1.0, 1.0, 0.0, 0.0, 0.0, 0.0, 1.0, 0.0, 1.0, 1.0, 1.0, 0.0, 0.0, 1.0, 0.0, 1.0, 1.0, 1.0, 0.0, 0.0, 0.0, 0.0, 1.0, 0.224, 1.0, 1.0, 0.776, 0.0, 0.224, 1.0, 1.0, 1.0, 1.0, 1.0, 0.0, 0.0, 0.0, 0.0, 1.0, 1.0, 0.0, 1.0, 1.0, 1.0, 0.0, 1.0, 1.0, 1.0, 1.0, 1.0, 0.0, 0.0, 0.0, 0.0, 1.0, 1.0, 1.0, 1.0, 1.0, 1.0, 1.0, 0.0, 1.0, 1.0, 1.0, 1.0, 0.0, 0.0, 0.0, 0.0, 0.0, 0.0, 0.0, 0.0, 0.0, 0.0, 0.0, 0.0, 1.0, 0.4865, 1.0, 1.0, 1.0, 0.0075, 0.4865, 1.0, 0.0225, 0.0, 0.0, 0.9775, 0.0, 0.0, 0.0, 0.0]",-419.18595103414617,844.9172517286268,-482.430437669722,964.860875339444,1.957578343373529,-5.292505905350523,-5.545177444479562,12.664453352380882,11.090354888959125,0.6819716124321688,-7.721241042832364,-11.090354888959125,18.21507080790451,22.18070977791825,0.5787520451143159,"[1.0, 1.0, 1.0, 1.0, 1.0, 0.0, 1.0, 0.0, 1.0, 1.0, 1.0, 1.0, 1.0, 1.0, 1.0, 0.0, 0.0, 0.0, 0.0, 0.0, 0.0, 0.0, 0.0, 0.0, 1.0, 1.0, 1.0, 1.0, 0.0, 0.0, 1.0, 0.0, 0.0, 0.0, 0.0, 0.0, 0.0, 1.0, 0.0, 0.0, 0.0, 0.0, 0.0, 0.0, 0.0, 0.0, 0.0, 0.0, 1.0, 1.0, 1.0, 1.0, 0.0, 0.0, 0.0, 0.0, 1.0, 1.0, 1.0, 1.0, 0.0, 0.0, 0.0, 0.0, 0.0, 0.0, 0.0, 0.0, 0.0, 1.0, 1.0, 0.0, 1.0, 1.0, 1.0, 1.0, 0.0, 0.0, 0.0, 0.0, 1.0, 1.0, 1.0, 1.0, 0.0, 0.0, 0.0, 0.0, 0.0, 0.0, 0.0, 0.0, 0.0, 0.0, 0.0, 0.0, 1.0, 1.0, 1.0, 1.0, 1.0, 1.0, 1.0, 0.0, 1.0, 1.0, 1.0, 1.0, 1.0, 0.0, 1.0, 0.0, 0.0, 1.0, 0.0, 0.0, 1.0, 1.0, 1.0, 0.0, 1.0, 1.0, 0.0, 1.0, 1.0, 0.0, 0.0, 0.0, 1.0, 1.0, 1.0, 0.0, 1.0, 1.0, 1.0, 1.0, 1.0, 1.0, 1.0, 1.0, 0.0, 0.0, 0.0, 0.0, 1.0, 1.0, 1.0, 0.0, 0.0, 0.0, 1.0, 0.0, 0.0, 0.0, 1.0, 0.0, 0.0, 0.0, 0.0, 0.0, 1.0, 1.0, 1.0, 0.0, 0.0, 0.0, 1.0, 0.0, 0.0, 0.0, 0.0, 1.0, 0.0, 0.0, 0.0, 0.0, 0.0, 0.0, 0.0, 1.0, 0.0, 0.0, 0.0, 0.0, 1.0, 1.0, 1.0, 1.0, 0.0, 0.0, 0.0, 0.0, 1.0, 1.0, 1.0, 0.0, 0.0, 0.0, 1.0, 0.0, 1.0, 1.0, 1.0, 1.0, 0.0, 0.0, 0.0, 0.0, 1.0, 1.0, 1.0, 1.0, 0.0, 0.0, 0.0, 0.0, 1.0, 1.0, 1.0, 1.0, 1.0, 1.0, 1.0, 0.0, 0.0, 0.0, 0.0, 0.0, 1.0, 0.0, 0.0, 0.0, 1.0, 1.0, 1.0, 1.0, 1.0, 1.0, 1.0, 1.0, 1.0, 1.0, 1.0, 1.0, 1.0, 1.0, 1.0, 0.0, 0.0, 0.0, 0.0, 0.0, 0.0, 0.0, 0.0, 0.0, 0.0, 1.0, 0.0, 1.0, 0.0, 1.0, 0.0, 1.0, 0.0, 0.0, 0.0, 1.0, 0.0, 0.0, 0.0, 0.0, 1.0, 1.0, 1.0, 0.0, 0.0, 0.0, 1.0, 0.0, 0.0, 0.0, 1.0, 0.0, 0.0, 0.0, 0.0, 0.0, 0.0, 1.0, 1.0, 1.0, 0.0, 0.0, 0.0, 0.0, 1.0, 1.0, 1.0, 0.0, 1.0, 1.0, 1.0, 1.0, 0.0, 0.0, 1.0, 0.0, 0.0, 0.0, 0.0, 0.0, 1.0, 1.0, 1.0, 1.0, 1.0, 1.0, 1.0, 0.0, 1.0, 1.0, 1.0, 1.0, 0.0, 0.0, 0.0, 0.0, 1.0, 1.0, 1.0, 1.0, 0.0, 0.0, 0.0, 0.0, 0.0, 1.0, 0.0, 0.0, 0.0, 0.0, 0.0, 0.0, 0.0, 0.0, 0.0, 0.0, 0.0, 0.0, 0.0, 0.0, 0.0, 0.0, 0.0, 0.0, 0.0, 0.0, 0.0, 0.0, 1.0, 1.0, 0.0, 1.0, 1.0, 0.0, 1.0, 0.0, 1.0, 1.0, 1.0, 1.0, 1.0, 0.0, 1.0, 1.0, 0.0, 0.0, 0.0, 0.0, 0.0, 1.0, 1.0, 0.0, 1.0, 0.0, 0.0, 1.0, 0.0, 0.0, 0.0, 0.0, 1.0, 1.0, 1.0, 0.0, 0.0, 0.0, 1.0, 0.0, 1.0, 1.0, 1.0, 0.0, 0.0, 0.0, 0.0, 0.0, 1.0, 1.0, 1.0, 1.0, 1.0, 1.0, 1.0, 0.0, 0.0, 0.0, 0.0, 0.0, 0.0, 0.0, 0.0, 0.0, 1.0, 0.0, 1.0, 0.0, 0.0, 0.0, 0.0, 0.0, 1.0, 1.0, 1.0, 1.0, 1.0, 1.0, 1.0, 0.0, 1.0, 1.0, 1.0, 1.0, 1.0, 1.0, 0.0, 1.0, 1.0, 1.0, 1.0, 1.0, 0.0, 0.0, 0.0, 0.0, 1.0, 1.0, 1.0, 1.0, 1.0, 1.0, 1.0, 0.0, 0.0, 1.0, 1.0, 1.0, 0.0, 0.0, 0.0, 0.0, 1.0, 1.0, 1.0, 1.0, 0.0, 0.0, 0.0, 0.0, 1.0, 0.0, 1.0, 0.0, 0.0, 0.0, 0.0, 0.0, 1.0, 1.0, 1.0, 1.0, 1.0, 0.0, 1.0, 0.0, 1.0, 1.0, 1.0, 0.0, 1.0, 1.0, 0.0, 1.0, 1.0, 1.0, 1.0, 1.0, 0.0, 0.0, 0.0, 0.0, 0.0, 0.0, 0.0, 0.0, 0.0, 0.0, 0.0, 0.0, 1.0, 1.0, 1.0, 1.0, 0.0, 0.0, 0.0, 0.0, 0.0, 0.0, 0.0, 0.0, 0.0, 0.0, 0.0, 0.0, 0.0, 0.0, 0.0, 0.0, 0.0, 0.0, 0.0, 0.0, 1.0, 1.0, 0.0, 0.0, 1.0, 1.0, 1.0, 1.0, 1.0, 1.0, 1.0, 1.0, 1.0, 1.0, 1.0, 1.0, 1.0, 1.0, 1.0, 1.0, 1.0, 0.0, 1.0, 1.0, 0.0, 1.0, 0.0, 1.0, 0.0, 1.0, 0.0, 0.0, 1.0, 1.0, 1.0, 1.0, 0.0, 0.0, 1.0, 0.0, 1.0, 1.0, 1.0, 1.0, 0.0, 0.0, 0.0, 0.0, 0.0, 0.0, 0.0, 1.0, 0.0, 0.0, 0.0, 0.0, 1.0, 1.0, 1.0, 1.0, 0.0, 0.0, 0.0, 0.0, 0.0, 1.0, 1.0, 1.0, 0.0, 1.0, 1.0, 0.0, 1.0, 1.0, 1.0, 1.0, 0.0, 0.0, 0.0, 0.0, 1.0, 0.0, 1.0, 1.0, 1.0, 0.0, 0.0, 1.0, 1.0, 1.0, 1.0, 1.0, 1.0, 1.0, 1.0, 0.0, 0.0, 1.0, 1.0, 1.0, 1.0, 1.0, 0.0, 0.0, 1.0, 1.0, 1.0, 1.0, 0.0, 0.0, 0.0, 0.0, 1.0, 1.0, 1.0, 0.0, 0.0, 0.0, 1.0, 0.0, 1.0, 1.0, 1.0, 1.0, 0.0, 0.0, 0.0, 0.0, 0.0, 0.0, 0.0, 0.0, 0.0, 0.0, 0.0, 0.0, 0.0, 0.0, 1.0, 1.0, 0.0, 0.0, 0.0, 0.0, 1.0, 1.0, 1.0, 1.0, 1.0, 0.0, 0.0, 1.0]",-295.2442605392121,597.0338707387587,-482.430437669722,964.860875339444,0.9102401370518274,-8.997362313902745,20.76731335004527,1.2846122460949685,-433.45128860920846,873.4479268787513,False,True,True,False,True,0.625,0.875,0.6875,0.625,0.6875,0.625,0.875,0.875,0.6875,0.625,0.875,1.0,"Z.atleast(lambda x1: Z.less(x1,2,'size'),2,X)","Z.exactly(lambda x1: Z.exactly(lambda x2: Z.and_operator(Z.equal(x1,1,'size'),Z.equal(x2,2,'size')),2,X),2,X)","Z.atleast(lambda x1: Z.less(x1,2,'size'),2,X)","Z.exactly(lambda x1: Z.exactly(lambda x2: Z.and_operator(Z.equal(x1,1,'size'),Z.equal(x2,2,'size')),2,X),2,X)",0.875,0.375,0.625,0.875,0.625,0.7083333333333334,0.6982758620689655,0.6867816091954023,0.6954022988505747,0.6925287356321839,5.241379310344827,0,0,0,0,0,0
20,27,47,ZdXQZ,sIBlk-qFcNY4fsGyAAAq,Iota,one is blue,"[True, True, True, False, False, False, True, False]","[True, True, True, False, False, False, True, False]",0.75,0.75,Must have one of each color.,"[['x1'],['x1','x2'],['x1','x2','x3']]","Z.exists(lambda x1: Z.exists(lambda x2: Z.exists(lambda x3: Z.and_operator(Z.and_operator(Z.equal(x1,'red','colour'),Z.equal(x2,'blue','colour')),Z.equal(x3,'green','colour')),X),X),X)",Must have one of each color,"[{'ids': [0, 1, 2], 'colours': ['blue', 'green', 'red'], 'sizes': [2, 1, 3], 'xpos': [2.278355101356566, 6.76872685530216, 3.378306268165709], 'ypos': [4.093790736619192, 4.095000000000001, 3.679773636510233], 'rotations': [3.1385694838784257, 3.1415926535897927, 2.161672804766133], 'orientations': ['upright', 'upright', 'strange'], 'contact': [[0, 2], [1], [2, 0]], 'grounded': ['yes', 'yes', 'yes'], 'follow_rule': True}, {'ids': [0, 1, 2], 'colours': ['red', 'green', 'blue'], 'sizes': [2, 1, 1], 'xpos': [1.1444235294590208, 4.024736634637817, 0.38260029174787014], 'ypos': [4.091884090594652, 4.091559689750346, 4.091527473287167], 'rotations': [3.1426944378723203, 3.143634823705674, 3.1439161398326436], 'orientations': ['upright', 'upright', 'upright'], 'contact': [[0], [1], [2]], 'grounded': ['yes', 'yes', 'yes'], 'follow_rule': True}, {'ids': [0, 1, 2], 'colours': ['green', 'green', 'green'], 'sizes': [1, 3, 1], 'xpos': [4.329161835787281, 2.3204053972605867, 5.118763455471586], 'ypos': [4.091008458309099, 4.091088084574518, 4.0916960503288236], 'rotations': [-3.1387440041194767, 3.143410736807039, -3.1421845693364356], 'orientations': ['upright', 'upright', 'upright'], 'contact': [[0], [1], [2]], 'grounded': ['yes', 'yes', 'yes'], 'follow_rule': False}, {'ids': [0, 1, 2], 'colours': ['red', 'blue', 'green'], 'sizes': [3, 2, 1], 'xpos': [3.874946869190321, 5.604621580250375, 5.017492616605821], 'ypos': [3.6212659757131784, 3.713356266255537, 3.8977198165126286], 'rotations': [5.037960599574214, 5.049176667964536, 3.8481106284099775], 'orientations': ['rhs', 'rhs', 'strange'], 'contact': [[0, 2], [1], [2, 0]], 'grounded': ['yes', 'yes', 'yes'], 'follow_rule': True}, {'ids': [0, 1, 2], 'colours': ['red', 'green', 'blue'], 'sizes': [3, 3, 2], 'xpos': [6.122650580655847, 6.1227622371324655, 6.120562662470822], 'ypos': [4.095181803867117, 3.787678165760984, 3.1571777631665974], 'rotations': [3.1415860040200236, 3.1414773944938794, 3.1447473419299787], 'orientations': ['upright', 'upright', 'upright'], 'contact': [[0, 1], [1, 0, 2], [2, 1]], 'grounded': ['yes', 'no', 'no'], 'follow_rule': True}, {'ids': [0, 1, 2], 'colours': ['blue', 'green', 'red'], 'sizes': [1, 1, 2], 'xpos': [1.1452647177213326, 0.31420054058884156, 6.202250693180211], 'ypos': [3.8099061681605995, 4.000543956411842, 4.091127239794874], 'rotations': [1.207746130937864, 2.8296992744933664, 3.13884193541566], 'orientations': ['lhs', 'upright', 'upright'], 'contact': [[0, 1], [1, 0], [2]], 'grounded': ['yes', 'yes', 'yes'], 'follow_rule': True}, {'ids': [0, 1, 2], 'colours': ['green', 'red', 'blue'], 'sizes': [1, 1, 1], 'xpos': [0.4158021544711621, 2.3960117114761883, 2.395692977907972], 'ypos': [4.090698216309419, 4.093771197607621, 3.81117305315532], 'rotations': [3.1446094553280424, 3.138980295495107, 3.1387257950955423], 'orientations': ['upright', 'upright', 'upright'], 'contact': [[0], [1, 2], [2, 1]], 'grounded': ['yes', 'yes', 'no'], 'follow_rule': True}, {'ids': [0, 1, 2], 'colours': ['blue', 'blue', 'blue'], 'sizes': [1, 1, 2], 'xpos': [7.049492633579563, 2.4651497098741566, 5.106671871785202], 'ypos': [4.0907725634198195, 4.090934753442982, 3.713275502931023], 'rotations': [3.1440451705792785, 3.1456050982849644, 1.232808997868596], 'orientations': ['upright', 'upright', 'lhs'], 'contact': [[0], [1], [2]], 'grounded': ['yes', 'yes', 'yes'], 'follow_rule': False}, {'ids': [0, 1, 2, 3, 4], 'colours': ['red', 'green', 'red', 'blue', 'green'], 'sizes': [3, 1, 1, 2, 3], 'xpos': [5.12691938557365, 5.11503131679493, 4.23727953775697, 6.19519140108846, 3.42148978150856], 'ypos': [4.16166666682932, 3.21450769513128, 4.15833270210236, 3.780270212316, 4.15777826181353], 'rotations': [3.14159265356107, 3.17396503839037, 3.13596899439433, 5.0484168782327, 3.14163950292034], 'contact': [[0, 1], [1, 0], 2, 3, 4], 'grounded': ['yes', 'no', 'yes', 'yes', 'yes']}, {'ids': [0, 1, 2, 3], 'colours': ['green', 'green', 'red', 'blue'], 'sizes': [1, 3, 1, 2], 'xpos': [1.95640316882102, 3.82119006463636, 5.49466900932729, 4.94512429018313], 'ypos': [4.1575463669092, 3.68793264237984, 3.88075060909874, 3.82370041726639], 'rotations': [3.14042586215534, 5.03796059957422, 5.07099533912214, 4.13396592888911], 'contact': [0, 1, [2, 3], [3, 2]], 'grounded': ['yes', 'yes', 'yes', 'yes']}, {'ids': [0, 1, 2, 3, 4], 'colours': ['red', 'blue', 'red', 'green', 'green'], 'sizes': [3, 1, 2, 2, 1], 'xpos': [6.01871423256697, 2.01992789098242, 4.13597794449854, 0.774406281828649, 4.80555851531279], 'ypos': [3.68393205570556, 4.15898574652681, 4.15794140291817, 3.77979942907755, 3.98725786368743], 'rotations': [1.24414891831718, 3.14156263599238, 3.14292046357041, 5.04964608195148, 2.53998237313469], 'contact': [[0, 4], 1, 2, 3, [4, 0]], 'grounded': ['yes', 'yes', 'yes', 'yes', 'yes']}, {'ids': [0, 1], 'colours': ['blue', 'green'], 'sizes': [1, 2], 'xpos': [1.67047327443096, 4.46813203908946], 'ypos': [4.15694705663294, 4.15819949787589], 'rotations': [3.14214596161258, 3.14225319301416], 'contact': [{'V1': 0, 'V2': 1}], 'grounded': ['yes', 'yes']}, {'ids': [0, 1, 2, 3, 4], 'colours': ['blue', 'blue', 'red', 'blue', 'red'], 'sizes': [1, 1, 3, 2, 3], 'xpos': [2.9749447690173, 1.59038636414738, 1.89943344290003, 0.742265142690783, 5.82945571924824], 'ypos': [4.14706432996679, 4.15682792868204, 3.68436535365509, 3.87793736870491, 4.15825788448378], 'rotations': [3.19018443917557, 3.14127258207092, 4.38185242264156, 2.36758036264438, 3.14223131257379], 'contact': [[0, 2], 1, [2, 0], 3, 4], 'grounded': ['yes', 'yes', 'yes', 'yes', 'yes']}, {'ids': [0, 1, 2, 3, 4], 'colours': ['blue', 'blue', 'red', 'red', 'blue'], 'sizes': [1, 1, 2, 3, 2], 'xpos': [3.86710801315826, 0.780465760873674, 4.72248955423569, 3.06295468416754, 7.04671297081929], 'ypos': [4.1448491118357, 4.15796013032216, 4.15793209798963, 3.75002575259372, 4.15761808534214], 'rotations': [3.19364501547634, 3.14186836777695, 3.13970081999877, 4.09252896570911, 3.14406240189392], 'contact': [[0, 3], 1, 2, [3, 0], 4], 'grounded': ['yes', 'yes', 'yes', 'yes', 'yes']}, {'ids': [0, 1, 2, 3], 'colours': ['blue', 'green', 'blue', 'red'], 'sizes': [1, 2, 1, 3], 'xpos': [0.414928997162714, 1.7723984589512, 5.75738502777065, 6.08770777718876], 'ypos': [4.15743978227501, 4.15711897749998, 3.88075060909862, 3.89628768750355], 'rotations': [3.14447951863788, 3.14010156096646, 5.07099533912207, 3.69409526653564], 'contact': [0, 1, [2, 3], [3, 2]], 'grounded': ['yes', 'yes', 'yes', 'yes']}, {'ids': [0, 1, 2, 3, 4], 'colours': ['green', 'red', 'green', 'green', 'red'], 'sizes': [2, 2, 3, 3, 2], 'xpos': [1.30426887924571, 1.8868098606311, 6.83333126813548, 2.79429839111229, 3.83407517131883], 'ypos': [3.78000391300947, 4.15881602818333, 3.73307814239637, 4.15736329550291, 4.15804254736289], 'rotations': [1.23253748876037, 3.14240000646429, 4.1567939442383, 3.14166932108615, 3.1439673324419], 'contact': [0, [1, 3], 2, [3, 1], 4], 'grounded': ['yes', 'yes', 'yes', 'yes', 'yes']}]","[True, True, True, False, False, False, True, False]","[True, True, True, True, True, True, True, True]","[False, False, False, False, False, False, False, False]","[False, False, False, False, False, False, False, False]","[True, True, True, False, False, False, True, False]","[True, True, True, True, True, True, True, True]","[False, False, False, False, False, False, False, False]","[False, False, False, False, False, False, False, False]",0.0,0.0,0.0,0.0,1.0,1.0,0.75,0.75,0.0,0.0,0.0,0.0,0.0,0.0,1.8981715127524679,-5.281596324719162,-5.545177444479562,12.64263419111816,11.090354888959125,340.181103733668,-11.093276353233016,-11.090354888959125,24.959141428705813,22.18070977791825,1.0502311195665048,"[1.0, 1.0, 1.0, 1.0, 1.0, 0.0, 1.0, 0.0, 1.0, 1.0, 1.0, 1.0, 1.0, 1.0, 1.0, 0.0135, 0.9530000000000001, 0.092, 0.5895, 0.5895, 1.0, 0.0, 0.0, 0.861, 1.0, 1.0, 1.0, 0.2925, 0.999, 0.999, 1.0, 0.7155, 0.0, 0.0, 1.0, 0.0, 0.0, 0.0, 1.0, 0.0, 0.0, 0.0, 1.0, 0.0, 0.0, 0.0, 1.0, 0.0, 1.0, 1.0, 1.0, 1.0, 0.0, 0.0, 0.0, 0.0, 1.0, 1.0, 1.0, 1.0, 0.935, 0.935, 0.935, 0.935, 1.0, 1.0, 1.0, 1.0, 0.0, 1.0, 0.0, 0.0, 0.0, 1.0, 1.0, 1.0, 1.0, 1.0, 1.0, 1.0, 1.0, 1.0, 1.0, 1.0, 0.0935, 0.0935, 0.0935, 0.0935, 1.0, 1.0, 1.0, 1.0, 1.0, 1.0, 1.0, 1.0, 1.0, 1.0, 1.0, 1.0, 1.0, 1.0, 1.0, 0.013000000000000001, 1.0, 1.0, 0.998, 1.0, 1.0, 0.002, 0.998, 0.002, 1.0, 1.0, 1.0, 1.0, 1.0, 1.0, 1.0, 0.0, 0.973, 1.0, 0.9530000000000001, 1.0, 0.8925000000000001, 0.9195, 0.17400000000000002, 0.201, 1.0, 1.0, 1.0, 1.0, 0.0, 0.0, 0.0, 0.0, 1.0, 1.0, 1.0, 0.24, 1.0, 1.0, 0.968, 1.0, 0.653, 0.653, 0.653, 1.0, 0.2535, 0.2535, 0.7035, 0.10300000000000001, 1.0, 1.0, 1.0, 1.0, 0.0, 1.0, 0.0, 0.0, 1.0, 1.0, 1.0, 0.012, 0.988, 0.988, 1.0, 1.0, 1.0, 0.0, 1.0, 1.0, 1.0, 0.0, 0.0, 1.0, 0.0, 0.0, 0.0, 1.0, 1.0, 0.0, 0.0, 0.0, 1.0, 1.0, 1.0, 1.0, 0.0, 0.0, 0.0, 0.0, 1.0, 1.0, 1.0, 1.0, 0.0, 0.0, 0.0, 0.0, 1.0, 1.0, 1.0, 1.0, 1.0, 1.0, 0.841, 1.0, 1.0, 1.0, 1.0, 1.0, 0.0, 0.0, 0.0, 0.0, 1.0, 1.0, 1.0, 1.0, 1.0, 1.0, 1.0, 0.0, 0.197, 0.0, 0.85, 0.653, 0.803, 0.0, 0.0, 0.0, 0.8525, 0.847, 0.9935, 0.847, 0.28300000000000003, 0.4305, 0.426, 0.426, 1.0, 1.0, 1.0, 1.0, 1.0, 1.0, 1.0, 0.0, 0.798, 1.0, 0.7995, 0.7995, 0.0275, 0.029, 0.2265, 0.1975, 1.0, 1.0, 1.0, 1.0, 0.0, 0.0, 0.0, 0.0, 0.862, 0.854, 0.8595, 0.8955000000000001, 0.045, 0.0005, 0.8695, 0.8505, 1.0, 1.0, 1.0, 0.022, 1.0, 1.0, 1.0, 0.978, 0.28400000000000003, 0.0145, 0.1885, 0.0275, 0.2755, 0.0, 0.0015, 0.013000000000000001, 0.0, 0.0, 0.0, 1.0, 1.0, 0.0, 0.0, 0.0, 1.0, 1.0, 1.0, 1.0, 0.0, 0.0, 0.0, 0.0, 1.0, 1.0, 1.0, 1.0, 1.0, 0.0, 1.0, 0.0, 1.0, 1.0, 1.0, 1.0, 1.0, 1.0, 1.0, 0.0, 1.0, 1.0, 1.0, 0.728, 0.8265, 0.5545, 0.5545, 0.8265, 1.0, 1.0, 1.0, 1.0, 1.0, 1.0, 1.0, 1.0, 1.0, 1.0, 1.0, 0.8715, 0.9365, 0.8695, 0.8695, 0.9365, 0.229, 0.229, 0.229, 0.229, 0.801, 0.03, 0.03, 0.801, 0.0, 0.0, 0.0, 1.0, 1.0, 0.0, 0.0, 0.0, 0.108, 0.114, 0.2315, 0.108, 0.114, 0.07050000000000001, 0.0495, 0.006, 1.0, 1.0, 1.0, 1.0, 0.0, 0.0, 0.0, 0.0, 0.8955000000000001, 0.895, 0.0115, 0.0, 0.883, 0.0, 0.0, 0.0, 1.0, 1.0, 1.0, 1.0, 0.0, 0.0, 0.0, 0.0, 0.902, 0.902, 0.902, 0.678, 0.88, 0.88, 0.902, 0.807, 1.0, 1.0, 1.0, 1.0, 0.0, 0.0, 0.0, 0.0, 1.0, 1.0, 1.0, 1.0, 1.0, 1.0, 1.0, 0.0, 1.0, 1.0, 1.0, 1.0, 0.0, 0.0, 0.0, 0.0, 1.0, 1.0, 1.0, 1.0, 0.008, 0.008, 0.008, 0.008, 1.0, 1.0, 1.0, 1.0, 1.0, 1.0, 1.0, 0.0, 1.0, 1.0, 1.0, 1.0, 1.0, 1.0, 0.6980000000000001, 1.0, 1.0, 1.0, 1.0, 1.0, 0.0, 0.0, 0.0, 0.0, 1.0, 1.0, 1.0, 1.0, 1.0, 1.0, 1.0, 0.0, 0.9530000000000001, 0.9530000000000001, 0.9530000000000001, 1.0, 1.0, 1.0, 0.641, 0.9530000000000001, 1.0, 1.0, 1.0, 1.0, 0.0, 0.0, 0.0, 0.0, 1.0, 1.0, 1.0, 1.0, 1.0, 1.0, 1.0, 1.0, 1.0, 1.0, 1.0, 1.0, 0.0, 0.0, 0.0, 0.0, 1.0, 1.0, 1.0, 1.0, 1.0, 1.0, 1.0, 1.0, 1.0, 1.0, 1.0, 1.0, 0.021500000000000002, 0.021500000000000002, 0.021500000000000002, 0.021500000000000002, 0.021500000000000002, 0.003, 0.02, 0.0095, 0.0095, 0.964, 0.9555, 0.0095, 1.0, 1.0, 1.0, 1.0, 1.0, 1.0, 1.0, 1.0, 1.0, 1.0, 1.0, 1.0, 0.0, 0.0, 0.0, 0.0, 1.0, 1.0, 1.0, 1.0, 0.0, 0.0, 1.0, 1.0, 1.0, 0.873, 0.198, 0.198, 1.0, 1.0, 0.6905, 1.0, 1.0, 1.0, 1.0, 1.0, 1.0, 1.0, 1.0, 0.0, 1.0, 0.999, 0.999, 1.0, 0.0025, 0.0025, 0.0025, 0.0025, 1.0, 1.0, 1.0, 1.0, 1.0, 0.686, 0.314, 0.0, 1.0, 1.0, 1.0, 1.0, 0.524, 0.524, 1.0, 0.47600000000000003, 1.0, 1.0, 1.0, 1.0, 0.008, 0.008, 0.008, 0.008, 0.9935, 0.9935, 0.9775, 0.9935, 0.9935, 0.0225, 0.988, 0.017, 1.0, 1.0, 1.0, 1.0, 0.0725, 0.0725, 0.0725, 0.0725, 0.041, 1.0, 1.0, 0.9590000000000001, 0.041, 0.9590000000000001, 1.0, 0.0, 0.7435, 0.9835, 0.7425, 0.986, 0.7435, 0.7435, 0.256, 0.987, 1.0, 0.005, 1.0, 1.0, 1.0, 0.005, 0.005, 1.0, 1.0, 1.0, 1.0, 1.0, 1.0, 1.0, 1.0, 0.0, 1.0, 1.0, 1.0, 1.0, 0.0, 0.0, 0.0, 0.0, 1.0, 1.0, 1.0, 1.0, 0.0, 0.0, 0.0, 0.0, 0.9705, 0.9705, 0.9145, 1.0, 0.8015, 0.8015, 0.9705, 0.7865, 1.0, 1.0, 1.0, 1.0, 0.0, 0.0, 0.0, 0.0, 1.0, 1.0, 1.0, 1.0, 0.0, 0.0, 0.0, 0.0, 1.0, 1.0, 1.0, 1.0, 0.0, 0.0, 0.0, 0.0, 1.0, 1.0, 1.0, 1.0, 1.0, 1.0, 1.0, 1.0]",-418.5875071169283,843.720363894191,-482.430437669722,964.860875339444,0.01,0.0,2.0794415416798357,0.6819716124321688,-7.721241042832364,18.21507080790451,0.6334250289943713,"[1.0, 1.0, 1.0, 1.0, 1.0, 0.0, 1.0, 0.0, 1.0, 1.0, 1.0, 1.0, 1.0, 1.0, 1.0, 0.0, 0.0, 0.0, 0.0, 0.0, 0.0, 0.0, 0.0, 0.0, 1.0, 1.0, 1.0, 0.0, 0.0, 0.0, 1.0, 0.0, 0.0, 0.0, 1.0, 1.0, 0.0, 1.0, 1.0, 1.0, 1.0, 1.0, 1.0, 1.0, 0.0, 0.0, 1.0, 1.0, 1.0, 1.0, 1.0, 1.0, 0.0, 0.0, 0.0, 0.0, 1.0, 1.0, 1.0, 1.0, 0.0, 0.0, 0.0, 0.0, 0.0, 0.0, 0.0, 0.0, 0.0, 1.0, 1.0, 0.0, 1.0, 1.0, 1.0, 1.0, 0.0, 0.0, 0.0, 0.0, 1.0, 1.0, 1.0, 1.0, 0.0, 0.0, 0.0, 0.0, 1.0, 1.0, 1.0, 1.0, 1.0, 1.0, 0.0, 1.0, 1.0, 1.0, 1.0, 1.0, 1.0, 1.0, 1.0, 0.0, 1.0, 1.0, 1.0, 1.0, 1.0, 0.0, 1.0, 0.0, 0.0, 1.0, 0.0, 0.0, 1.0, 1.0, 1.0, 0.0, 1.0, 1.0, 0.0, 1.0, 1.0, 0.0, 0.0, 0.0, 1.0, 1.0, 1.0, 0.0, 1.0, 1.0, 1.0, 1.0, 1.0, 1.0, 1.0, 1.0, 0.0, 0.0, 0.0, 0.0, 1.0, 1.0, 1.0, 0.0, 0.0, 0.0, 1.0, 0.0, 0.0, 0.0, 1.0, 0.0, 0.0, 0.0, 0.0, 0.0, 1.0, 1.0, 1.0, 0.0, 0.0, 0.0, 1.0, 0.0, 0.0, 0.0, 0.0, 1.0, 0.0, 0.0, 0.0, 0.0, 0.0, 0.0, 0.0, 1.0, 0.0, 0.0, 0.0, 0.0, 1.0, 1.0, 1.0, 1.0, 0.0, 0.0, 0.0, 0.0, 1.0, 1.0, 1.0, 0.0, 0.0, 0.0, 1.0, 0.0, 1.0, 1.0, 1.0, 1.0, 0.0, 0.0, 0.0, 0.0, 1.0, 1.0, 1.0, 1.0, 0.0, 0.0, 0.0, 0.0, 1.0, 1.0, 1.0, 1.0, 1.0, 1.0, 1.0, 0.0, 0.0, 0.0, 0.0, 0.0, 1.0, 0.0, 0.0, 0.0, 1.0, 1.0, 1.0, 1.0, 1.0, 1.0, 1.0, 1.0, 1.0, 1.0, 1.0, 1.0, 1.0, 1.0, 1.0, 0.0, 0.0, 0.0, 0.0, 0.0, 0.0, 0.0, 0.0, 0.0, 0.0, 1.0, 0.0, 1.0, 0.0, 1.0, 0.0, 1.0, 0.0, 0.0, 0.0, 1.0, 0.0, 0.0, 0.0, 0.0, 1.0, 1.0, 1.0, 0.0, 0.0, 0.0, 1.0, 0.0, 1.0, 1.0, 1.0, 1.0, 1.0, 0.0, 1.0, 0.0, 0.0, 1.0, 1.0, 1.0, 0.0, 0.0, 0.0, 0.0, 1.0, 1.0, 1.0, 0.0, 1.0, 1.0, 1.0, 1.0, 0.0, 1.0, 1.0, 1.0, 0.0, 0.0, 0.0, 0.0, 1.0, 1.0, 1.0, 1.0, 1.0, 1.0, 1.0, 0.0, 1.0, 1.0, 1.0, 1.0, 0.0, 0.0, 0.0, 0.0, 1.0, 1.0, 1.0, 1.0, 0.0, 0.0, 0.0, 0.0, 0.0, 1.0, 0.0, 0.0, 0.0, 0.0, 0.0, 0.0, 1.0, 1.0, 1.0, 1.0, 1.0, 0.0, 1.0, 1.0, 0.0, 0.0, 0.0, 0.0, 0.0, 1.0, 1.0, 0.0, 1.0, 1.0, 1.0, 1.0, 1.0, 0.0, 1.0, 0.0, 1.0, 1.0, 1.0, 1.0, 1.0, 0.0, 1.0, 1.0, 0.0, 0.0, 0.0, 0.0, 0.0, 1.0, 1.0, 0.0, 1.0, 0.0, 0.0, 1.0, 0.0, 0.0, 0.0, 0.0, 1.0, 1.0, 1.0, 0.0, 0.0, 0.0, 1.0, 0.0, 1.0, 1.0, 1.0, 0.0, 0.0, 0.0, 0.0, 0.0, 1.0, 1.0, 1.0, 1.0, 1.0, 1.0, 1.0, 0.0, 0.0, 0.0, 0.0, 0.0, 0.0, 0.0, 0.0, 0.0, 1.0, 0.0, 1.0, 0.0, 0.0, 0.0, 0.0, 0.0, 1.0, 1.0, 1.0, 1.0, 1.0, 1.0, 1.0, 0.0, 1.0, 1.0, 1.0, 1.0, 1.0, 1.0, 0.0, 1.0, 1.0, 1.0, 1.0, 1.0, 0.0, 0.0, 0.0, 0.0, 1.0, 1.0, 1.0, 1.0, 1.0, 1.0, 1.0, 0.0, 0.0, 1.0, 1.0, 1.0, 0.0, 0.0, 0.0, 0.0, 1.0, 1.0, 1.0, 1.0, 0.0, 0.0, 0.0, 0.0, 1.0, 0.0, 1.0, 0.0, 0.0, 0.0, 0.0, 0.0, 1.0, 1.0, 1.0, 1.0, 1.0, 0.0, 1.0, 0.0, 1.0, 1.0, 1.0, 0.0, 1.0, 1.0, 0.0, 1.0, 1.0, 1.0, 1.0, 1.0, 0.0, 0.0, 0.0, 0.0, 0.0, 0.0, 0.0, 0.0, 0.0, 1.0, 0.0, 0.0, 1.0, 1.0, 1.0, 1.0, 0.0, 0.0, 0.0, 0.0, 0.0, 0.0, 0.0, 0.0, 0.0, 0.0, 0.0, 0.0, 1.0, 0.0, 1.0, 0.0, 0.0, 0.0, 0.0, 0.0, 1.0, 1.0, 0.0, 0.0, 1.0, 1.0, 1.0, 1.0, 1.0, 1.0, 1.0, 1.0, 1.0, 1.0, 1.0, 1.0, 1.0, 1.0, 1.0, 1.0, 1.0, 0.0, 1.0, 1.0, 0.0, 1.0, 0.0, 1.0, 0.0, 1.0, 0.0, 0.0, 1.0, 1.0, 1.0, 1.0, 0.0, 0.0, 1.0, 0.0, 1.0, 1.0, 1.0, 1.0, 0.0, 0.0, 0.0, 0.0, 0.0, 0.0, 0.0, 1.0, 0.0, 0.0, 0.0, 0.0, 1.0, 1.0, 1.0, 1.0, 0.0, 0.0, 0.0, 0.0, 0.0, 1.0, 1.0, 1.0, 0.0, 1.0, 1.0, 0.0, 1.0, 1.0, 1.0, 1.0, 0.0, 0.0, 0.0, 0.0, 1.0, 0.0, 1.0, 1.0, 1.0, 0.0, 0.0, 1.0, 1.0, 1.0, 1.0, 1.0, 1.0, 1.0, 1.0, 0.0, 0.0, 1.0, 1.0, 1.0, 1.0, 1.0, 0.0, 0.0, 1.0, 1.0, 1.0, 1.0, 0.0, 0.0, 0.0, 0.0, 1.0, 1.0, 1.0, 0.0, 0.0, 0.0, 1.0, 0.0, 1.0, 1.0, 1.0, 1.0, 0.0, 0.0, 0.0, 0.0, 0.0, 0.0, 0.0, 0.0, 0.0, 0.0, 0.0, 0.0, 0.0, 1.0, 0.0, 1.0, 0.0, 1.0, 1.0, 0.0, 1.0, 1.0, 1.0, 1.0, 1.0, 0.0, 0.0, 1.0]",-318.3726801373107,643.2907099349558,0.01,0.0,-5.545177444479562,2.0794415416798357,11.090354888959125,0.6819716124321688,-7.721241042832364,-11.090354888959125,18.21507080790451,22.18070977791825,0.6173530694834558,"[1.0, 1.0, 1.0, 1.0, 1.0, 0.0, 1.0, 0.0, 1.0, 1.0, 1.0, 1.0, 1.0, 1.0, 1.0, 0.0, 0.0, 0.0, 0.0, 0.0, 0.0, 0.0, 0.0, 0.0, 1.0, 1.0, 1.0, 0.0, 0.0, 0.0, 1.0, 0.0, 0.0, 0.0, 1.0, 1.0, 0.0, 1.0, 1.0, 1.0, 0.0, 0.0, 0.0, 0.0, 0.0, 0.0, 0.0, 0.0, 1.0, 1.0, 1.0, 1.0, 0.0, 0.0, 0.0, 0.0, 1.0, 1.0, 1.0, 1.0, 0.0, 0.0, 0.0, 0.0, 0.0, 0.0, 0.0, 0.0, 0.0, 1.0, 1.0, 0.0, 0.0, 0.0, 0.0, 1.0, 0.0, 0.0, 0.0, 0.0, 1.0, 1.0, 1.0, 1.0, 0.0, 0.0, 0.0, 0.0, 0.0, 0.0, 0.0, 0.0, 1.0, 1.0, 0.0, 1.0, 1.0, 1.0, 1.0, 1.0, 1.0, 1.0, 1.0, 0.0, 1.0, 1.0, 1.0, 1.0, 1.0, 0.0, 1.0, 0.0, 0.0, 1.0, 0.0, 0.0, 1.0, 1.0, 1.0, 0.0, 1.0, 1.0, 0.0, 1.0, 1.0, 0.0, 0.0, 0.0, 1.0, 1.0, 1.0, 0.0, 1.0, 1.0, 1.0, 1.0, 1.0, 1.0, 1.0, 1.0, 0.0, 0.0, 0.0, 0.0, 1.0, 1.0, 1.0, 0.0, 0.0, 0.0, 1.0, 0.0, 0.0, 0.0, 1.0, 0.0, 0.0, 0.0, 0.0, 0.0, 1.0, 1.0, 1.0, 0.0, 0.0, 0.0, 1.0, 0.0, 0.0, 0.0, 0.0, 1.0, 0.0, 0.0, 0.0, 0.0, 0.0, 0.0, 0.0, 1.0, 0.0, 0.0, 0.0, 0.0, 1.0, 1.0, 1.0, 1.0, 0.0, 0.0, 0.0, 0.0, 1.0, 1.0, 1.0, 0.0, 0.0, 0.0, 1.0, 0.0, 1.0, 1.0, 1.0, 1.0, 0.0, 0.0, 0.0, 0.0, 1.0, 1.0, 1.0, 1.0, 0.0, 0.0, 0.0, 0.0, 1.0, 1.0, 1.0, 1.0, 1.0, 1.0, 1.0, 0.0, 0.0, 0.0, 0.0, 0.0, 1.0, 0.0, 0.0, 0.0, 1.0, 1.0, 1.0, 1.0, 1.0, 1.0, 1.0, 1.0, 1.0, 1.0, 1.0, 1.0, 1.0, 1.0, 1.0, 0.0, 0.0, 0.0, 0.0, 0.0, 0.0, 0.0, 0.0, 0.0, 0.0, 1.0, 0.0, 1.0, 0.0, 1.0, 0.0, 1.0, 0.0, 0.0, 0.0, 1.0, 0.0, 0.0, 0.0, 0.0, 1.0, 1.0, 1.0, 0.0, 0.0, 0.0, 1.0, 0.0, 1.0, 1.0, 1.0, 1.0, 1.0, 0.0, 1.0, 0.0, 0.0, 1.0, 1.0, 1.0, 0.0, 0.0, 0.0, 0.0, 1.0, 1.0, 1.0, 0.0, 1.0, 1.0, 1.0, 1.0, 0.0, 1.0, 1.0, 1.0, 0.0, 0.0, 0.0, 0.0, 1.0, 1.0, 1.0, 1.0, 1.0, 1.0, 1.0, 0.0, 1.0, 1.0, 1.0, 1.0, 0.0, 0.0, 0.0, 0.0, 1.0, 1.0, 1.0, 1.0, 0.0, 0.0, 0.0, 0.0, 0.0, 1.0, 0.0, 0.0, 0.0, 0.0, 0.0, 0.0, 0.0, 0.0, 0.0, 0.0, 0.0, 0.0, 0.0, 0.0, 1.0, 0.0, 1.0, 1.0, 1.0, 0.0, 0.0, 1.0, 1.0, 1.0, 1.0, 1.0, 1.0, 0.0, 1.0, 0.0, 1.0, 1.0, 1.0, 1.0, 1.0, 0.0, 1.0, 1.0, 0.0, 0.0, 0.0, 0.0, 0.0, 1.0, 1.0, 0.0, 1.0, 0.0, 0.0, 1.0, 0.0, 0.0, 0.0, 0.0, 1.0, 1.0, 1.0, 0.0, 0.0, 0.0, 1.0, 0.0, 1.0, 1.0, 1.0, 0.0, 0.0, 0.0, 0.0, 0.0, 1.0, 1.0, 1.0, 1.0, 1.0, 1.0, 1.0, 0.0, 0.0, 0.0, 0.0, 0.0, 0.0, 0.0, 0.0, 0.0, 1.0, 0.0, 1.0, 0.0, 0.0, 0.0, 0.0, 0.0, 1.0, 1.0, 1.0, 1.0, 1.0, 1.0, 1.0, 0.0, 1.0, 1.0, 1.0, 1.0, 1.0, 1.0, 0.0, 1.0, 1.0, 1.0, 1.0, 1.0, 0.0, 0.0, 0.0, 0.0, 1.0, 1.0, 1.0, 1.0, 1.0, 1.0, 1.0, 0.0, 0.0, 1.0, 1.0, 1.0, 0.0, 0.0, 0.0, 0.0, 1.0, 1.0, 1.0, 1.0, 0.0, 0.0, 0.0, 0.0, 1.0, 0.0, 1.0, 0.0, 0.0, 0.0, 0.0, 0.0, 1.0, 1.0, 1.0, 1.0, 1.0, 0.0, 1.0, 0.0, 1.0, 1.0, 1.0, 0.0, 1.0, 1.0, 0.0, 1.0, 1.0, 1.0, 1.0, 1.0, 0.0, 0.0, 0.0, 0.0, 0.0, 0.0, 0.0, 0.0, 0.0, 1.0, 0.0, 0.0, 1.0, 1.0, 1.0, 1.0, 0.0, 0.0, 0.0, 0.0, 0.0, 0.0, 0.0, 0.0, 0.0, 0.0, 0.0, 0.0, 1.0, 0.0, 1.0, 0.0, 0.0, 0.0, 0.0, 0.0, 1.0, 1.0, 0.0, 0.0, 1.0, 1.0, 1.0, 1.0, 1.0, 1.0, 1.0, 1.0, 1.0, 1.0, 1.0, 1.0, 1.0, 1.0, 1.0, 1.0, 1.0, 0.0, 1.0, 1.0, 0.0, 1.0, 0.0, 1.0, 0.0, 1.0, 0.0, 0.0, 1.0, 1.0, 1.0, 1.0, 0.0, 0.0, 1.0, 0.0, 1.0, 1.0, 1.0, 1.0, 0.0, 0.0, 0.0, 0.0, 0.0, 0.0, 0.0, 1.0, 0.0, 0.0, 0.0, 0.0, 1.0, 1.0, 1.0, 1.0, 0.0, 0.0, 0.0, 0.0, 0.0, 1.0, 1.0, 1.0, 0.0, 1.0, 1.0, 0.0, 1.0, 1.0, 1.0, 1.0, 0.0, 0.0, 0.0, 0.0, 1.0, 0.0, 1.0, 1.0, 1.0, 0.0, 0.0, 1.0, 1.0, 1.0, 1.0, 1.0, 1.0, 1.0, 1.0, 0.0, 0.0, 0.0, 1.0, 0.0, 0.0, 1.0, 0.0, 0.0, 1.0, 1.0, 1.0, 1.0, 0.0, 0.0, 0.0, 0.0, 1.0, 1.0, 1.0, 0.0, 0.0, 0.0, 1.0, 0.0, 1.0, 1.0, 1.0, 1.0, 0.0, 0.0, 0.0, 0.0, 0.0, 0.0, 0.0, 0.0, 0.0, 0.0, 0.0, 0.0, 0.0, 1.0, 0.0, 1.0, 0.0, 1.0, 1.0, 0.0, 1.0, 1.0, 1.0, 1.0, 1.0, 0.0, 0.0, 1.0]",-311.9759791000219,630.4973078603782,-482.430437669722,964.860875339444,0.25040870990955477,-2.1943437502873167,-5.545177444479562,6.4681290422544695,11.090354888959125,2.018204110012996,-10.718113149556977,-11.090354888959125,24.208815021353736,22.18070977791825,1.0908740239314543,"[0.0, 0.0, 1.0, 0.0, 0.0, 0.0, 0.0, 0.0, 1.0, 1.0, 1.0, 1.0, 0.877, 0.877, 0.877, 0.0, 1.0, 0.259, 1.0, 1.0, 0.8015, 0.0, 0.259, 1.0, 1.0, 1.0, 1.0, 1.0, 1.0, 1.0, 1.0, 0.0, 0.0, 0.0, 1.0, 0.0, 0.0, 0.0, 1.0, 0.0, 0.0, 0.0, 1.0, 0.0, 0.0, 0.0, 1.0, 0.0, 0.0, 0.0, 0.0, 0.0775, 0.0, 0.0, 0.1635, 0.47100000000000003, 1.0, 1.0, 1.0, 1.0, 0.0, 0.0, 0.0, 0.0, 0.0, 0.0, 0.0, 0.0, 0.0, 0.0, 0.0, 0.0, 1.0, 1.0, 1.0, 1.0, 1.0, 1.0, 1.0, 0.0, 1.0, 1.0, 1.0, 1.0, 0.0, 0.0, 0.0, 0.0, 0.0, 0.0, 0.0, 0.0, 0.0, 0.113, 0.113, 0.0, 0.0, 0.0, 0.0, 1.0, 0.0, 0.0, 0.0, 0.0, 1.0, 1.0, 1.0, 1.0, 0.0, 0.0, 0.0, 0.0, 0.9995, 1.0, 1.0, 0.663, 1.0, 1.0, 1.0, 0.353, 1.0, 1.0, 1.0, 1.0, 0.082, 0.082, 0.0, 0.0, 0.973, 1.0, 0.7655000000000001, 0.605, 0.973, 1.0, 1.0, 0.368, 0.0, 0.0, 1.0, 0.0, 1.0, 0.0, 1.0, 0.0, 1.0, 1.0, 1.0, 1.0, 0.0, 0.0, 1.0, 0.0, 1.0, 1.0, 1.0, 1.0, 0.0, 0.9465, 0.0, 0.0, 0.666, 1.0, 0.666, 0.666, 0.0, 0.0, 0.7975, 0.0, 0.0, 0.9430000000000001, 0.0, 1.0, 1.0, 0.0, 0.0, 0.0, 0.0, 1.0, 0.0, 0.0, 0.0, 0.0, 0.0, 0.0, 1.0, 1.0, 1.0, 1.0, 0.0, 0.0, 0.0, 0.0, 1.0, 1.0, 1.0, 1.0, 1.0, 1.0, 1.0, 0.0005, 1.0, 1.0, 1.0, 1.0, 1.0, 1.0, 0.0, 1.0, 1.0, 1.0, 1.0, 1.0, 0.0, 0.0, 0.0, 0.0, 1.0, 1.0, 1.0, 1.0, 1.0, 1.0, 1.0, 0.0, 1.0, 0.0, 1.0, 0.0, 0.0, 0.0, 0.0, 0.0, 0.0, 1.0, 0.0, 1.0, 0.0, 1.0, 0.0, 1.0, 1.0, 1.0, 1.0, 1.0, 1.0, 1.0, 1.0, 0.0, 1.0, 0.0, 1.0, 1.0, 1.0, 0.0, 0.0, 1.0, 1.0, 1.0, 1.0, 1.0, 1.0, 1.0, 1.0, 1.0, 0.0, 0.9580000000000001, 0.0, 0.0, 0.0, 0.0, 0.0045000000000000005, 0.0, 0.0, 0.0, 0.0, 0.0, 0.0, 0.0, 0.0, 1.0, 0.0, 0.0, 0.0005, 0.0, 0.0, 0.0, 0.0, 0.0, 0.0, 1.0, 0.0, 0.0, 0.0, 0.0, 0.0, 0.0, 1.0, 1.0, 1.0, 0.001, 0.001, 0.001, 1.0, 0.0, 0.0, 0.0, 0.6225, 0.0, 0.0, 0.0, 0.0, 0.0, 1.0, 1.0, 1.0, 1.0, 0.0, 0.0, 0.0, 0.0, 0.0, 0.0, 0.0, 0.0, 0.0, 0.0, 0.0, 0.0, 1.0, 1.0, 1.0, 1.0, 1.0, 1.0, 1.0, 0.0, 0.0, 0.0, 0.0, 1.0, 0.0, 0.0, 1.0, 0.0, 1.0, 1.0, 1.0, 1.0, 0.0, 0.0, 0.0, 0.0, 0.0, 1.0, 0.0, 0.0, 1.0, 0.0, 0.0, 1.0, 1.0, 1.0, 1.0, 1.0, 0.0, 0.0, 0.0, 0.0, 1.0, 1.0, 1.0, 1.0, 1.0, 0.0, 1.0, 1.0, 0.0, 0.0005, 0.0, 0.0, 0.0, 0.38, 0.0, 0.0, 1.0, 1.0, 1.0, 1.0, 0.0, 0.0, 0.0, 0.0, 1.0, 1.0, 1.0, 0.999, 1.0, 1.0, 1.0, 0.0195, 1.0, 1.0, 1.0, 1.0, 0.0, 0.0, 0.0, 0.0, 0.0, 0.6285000000000001, 0.0, 0.328, 0.0, 0.0, 0.6285000000000001, 0.0, 0.0, 0.0, 0.0, 0.0, 0.0, 0.0, 0.0, 1.0, 1.0, 1.0, 1.0, 1.0, 0.0, 0.0, 0.0, 0.0, 1.0, 1.0, 1.0, 1.0, 1.0, 1.0, 1.0, 0.0, 1.0, 1.0, 1.0, 1.0, 1.0, 1.0, 0.0375, 1.0, 1.0, 1.0, 1.0, 1.0, 0.0, 0.0, 0.0, 0.0, 1.0, 1.0, 1.0, 1.0, 1.0, 1.0, 1.0, 0.0, 1.0, 1.0, 1.0, 1.0, 1.0, 1.0, 0.0, 1.0, 1.0, 1.0, 1.0, 1.0, 0.0, 0.0, 0.0, 0.0, 1.0, 1.0, 1.0, 1.0, 1.0, 1.0, 1.0, 1.0, 0.0, 0.0, 0.4395, 0.0, 0.0, 0.0, 0.001, 1.0, 0.0, 0.0, 0.0, 0.0, 0.0, 0.0, 0.0, 0.0, 1.0, 1.0, 1.0, 0.0, 1.0, 0.0, 0.0, 1.0, 0.0, 0.0, 1.0, 1.0, 1.0, 0.0, 0.0, 0.0, 0.0, 0.0, 0.0, 0.0, 0.0, 0.0, 0.0, 0.0, 1.0, 1.0, 1.0, 1.0, 0.0, 0.0, 0.0, 0.0, 0.0, 0.0, 0.0, 0.0, 0.0, 1.0, 0.0, 0.0, 1.0, 1.0, 1.0, 1.0, 0.0, 0.4945, 0.0, 0.0, 1.0, 1.0, 1.0, 1.0, 0.0, 0.0, 1.0, 1.0, 1.0, 1.0, 1.0, 1.0, 0.0, 0.0, 0.0, 0.0, 1.0, 1.0, 1.0, 1.0, 1.0, 0.704, 0.296, 0.0, 1.0, 1.0, 1.0, 1.0, 0.0, 0.0, 1.0, 1.0, 1.0, 1.0, 1.0, 1.0, 0.0, 0.0, 0.0, 0.0, 0.006, 1.0, 0.006, 0.708, 0.298, 1.0, 0.298, 1.0, 1.0, 1.0, 1.0, 1.0, 0.0, 0.0, 0.0, 0.0, 1.0, 0.0, 1.0, 1.0, 1.0, 0.0, 0.0, 1.0, 0.0, 1.0, 1.0, 1.0, 0.0, 0.0, 0.0, 0.0, 1.0, 0.224, 1.0, 1.0, 0.776, 0.0, 0.224, 1.0, 1.0, 1.0, 1.0, 1.0, 0.0, 0.0, 0.0, 0.0, 1.0, 1.0, 0.0, 1.0, 1.0, 1.0, 0.0, 1.0, 1.0, 1.0, 1.0, 1.0, 0.0, 0.0, 0.0, 0.0, 1.0, 1.0, 1.0, 1.0, 1.0, 1.0, 1.0, 0.0, 1.0, 1.0, 1.0, 1.0, 0.0, 0.0, 0.0, 0.0, 0.0, 0.0, 0.0, 0.0, 0.0, 0.0, 0.0, 0.0, 1.0, 0.4865, 1.0, 1.0, 1.0, 0.0075, 0.4865, 1.0, 0.0225, 0.0, 0.0, 0.9775, 0.0, 0.0, 0.0, 0.0]",-419.18595103414617,844.9172517286268,-482.430437669722,964.860875339444,0.01,0.0,-5.545177444479562,2.0794415416798357,11.090354888959125,0.6819716124321688,-7.721241042832364,-11.090354888959125,18.21507080790451,22.18070977791825,0.5787520451143159,"[1.0, 1.0, 1.0, 1.0, 1.0, 0.0, 1.0, 0.0, 1.0, 1.0, 1.0, 1.0, 1.0, 1.0, 1.0, 0.0, 0.0, 0.0, 0.0, 0.0, 0.0, 0.0, 0.0, 0.0, 1.0, 1.0, 1.0, 1.0, 0.0, 0.0, 1.0, 0.0, 0.0, 0.0, 0.0, 0.0, 0.0, 1.0, 0.0, 0.0, 0.0, 0.0, 0.0, 0.0, 0.0, 0.0, 0.0, 0.0, 1.0, 1.0, 1.0, 1.0, 0.0, 0.0, 0.0, 0.0, 1.0, 1.0, 1.0, 1.0, 0.0, 0.0, 0.0, 0.0, 0.0, 0.0, 0.0, 0.0, 0.0, 1.0, 1.0, 0.0, 1.0, 1.0, 1.0, 1.0, 0.0, 0.0, 0.0, 0.0, 1.0, 1.0, 1.0, 1.0, 0.0, 0.0, 0.0, 0.0, 0.0, 0.0, 0.0, 0.0, 0.0, 0.0, 0.0, 0.0, 1.0, 1.0, 1.0, 1.0, 1.0, 1.0, 1.0, 0.0, 1.0, 1.0, 1.0, 1.0, 1.0, 0.0, 1.0, 0.0, 0.0, 1.0, 0.0, 0.0, 1.0, 1.0, 1.0, 0.0, 1.0, 1.0, 0.0, 1.0, 1.0, 0.0, 0.0, 0.0, 1.0, 1.0, 1.0, 0.0, 1.0, 1.0, 1.0, 1.0, 1.0, 1.0, 1.0, 1.0, 0.0, 0.0, 0.0, 0.0, 1.0, 1.0, 1.0, 0.0, 0.0, 0.0, 1.0, 0.0, 0.0, 0.0, 1.0, 0.0, 0.0, 0.0, 0.0, 0.0, 1.0, 1.0, 1.0, 0.0, 0.0, 0.0, 1.0, 0.0, 0.0, 0.0, 0.0, 1.0, 0.0, 0.0, 0.0, 0.0, 0.0, 0.0, 0.0, 1.0, 0.0, 0.0, 0.0, 0.0, 1.0, 1.0, 1.0, 1.0, 0.0, 0.0, 0.0, 0.0, 1.0, 1.0, 1.0, 0.0, 0.0, 0.0, 1.0, 0.0, 1.0, 1.0, 1.0, 1.0, 0.0, 0.0, 0.0, 0.0, 1.0, 1.0, 1.0, 1.0, 0.0, 0.0, 0.0, 0.0, 1.0, 1.0, 1.0, 1.0, 1.0, 1.0, 1.0, 0.0, 0.0, 0.0, 0.0, 0.0, 1.0, 0.0, 0.0, 0.0, 1.0, 1.0, 1.0, 1.0, 1.0, 1.0, 1.0, 1.0, 1.0, 1.0, 1.0, 1.0, 1.0, 1.0, 1.0, 0.0, 0.0, 0.0, 0.0, 0.0, 0.0, 0.0, 0.0, 0.0, 0.0, 1.0, 0.0, 1.0, 0.0, 1.0, 0.0, 1.0, 0.0, 0.0, 0.0, 1.0, 0.0, 0.0, 0.0, 0.0, 1.0, 1.0, 1.0, 0.0, 0.0, 0.0, 1.0, 0.0, 0.0, 0.0, 1.0, 0.0, 0.0, 0.0, 0.0, 0.0, 0.0, 1.0, 1.0, 1.0, 0.0, 0.0, 0.0, 0.0, 1.0, 1.0, 1.0, 0.0, 1.0, 1.0, 1.0, 1.0, 0.0, 0.0, 1.0, 0.0, 0.0, 0.0, 0.0, 0.0, 1.0, 1.0, 1.0, 1.0, 1.0, 1.0, 1.0, 0.0, 1.0, 1.0, 1.0, 1.0, 0.0, 0.0, 0.0, 0.0, 1.0, 1.0, 1.0, 1.0, 0.0, 0.0, 0.0, 0.0, 0.0, 1.0, 0.0, 0.0, 0.0, 0.0, 0.0, 0.0, 0.0, 0.0, 0.0, 0.0, 0.0, 0.0, 0.0, 0.0, 0.0, 0.0, 0.0, 0.0, 0.0, 0.0, 0.0, 0.0, 1.0, 1.0, 0.0, 1.0, 1.0, 0.0, 1.0, 0.0, 1.0, 1.0, 1.0, 1.0, 1.0, 0.0, 1.0, 1.0, 0.0, 0.0, 0.0, 0.0, 0.0, 1.0, 1.0, 0.0, 1.0, 0.0, 0.0, 1.0, 0.0, 0.0, 0.0, 0.0, 1.0, 1.0, 1.0, 0.0, 0.0, 0.0, 1.0, 0.0, 1.0, 1.0, 1.0, 0.0, 0.0, 0.0, 0.0, 0.0, 1.0, 1.0, 1.0, 1.0, 1.0, 1.0, 1.0, 0.0, 0.0, 0.0, 0.0, 0.0, 0.0, 0.0, 0.0, 0.0, 1.0, 0.0, 1.0, 0.0, 0.0, 0.0, 0.0, 0.0, 1.0, 1.0, 1.0, 1.0, 1.0, 1.0, 1.0, 0.0, 1.0, 1.0, 1.0, 1.0, 1.0, 1.0, 0.0, 1.0, 1.0, 1.0, 1.0, 1.0, 0.0, 0.0, 0.0, 0.0, 1.0, 1.0, 1.0, 1.0, 1.0, 1.0, 1.0, 0.0, 0.0, 1.0, 1.0, 1.0, 0.0, 0.0, 0.0, 0.0, 1.0, 1.0, 1.0, 1.0, 0.0, 0.0, 0.0, 0.0, 1.0, 0.0, 1.0, 0.0, 0.0, 0.0, 0.0, 0.0, 1.0, 1.0, 1.0, 1.0, 1.0, 0.0, 1.0, 0.0, 1.0, 1.0, 1.0, 0.0, 1.0, 1.0, 0.0, 1.0, 1.0, 1.0, 1.0, 1.0, 0.0, 0.0, 0.0, 0.0, 0.0, 0.0, 0.0, 0.0, 0.0, 0.0, 0.0, 0.0, 1.0, 1.0, 1.0, 1.0, 0.0, 0.0, 0.0, 0.0, 0.0, 0.0, 0.0, 0.0, 0.0, 0.0, 0.0, 0.0, 0.0, 0.0, 0.0, 0.0, 0.0, 0.0, 0.0, 0.0, 1.0, 1.0, 0.0, 0.0, 1.0, 1.0, 1.0, 1.0, 1.0, 1.0, 1.0, 1.0, 1.0, 1.0, 1.0, 1.0, 1.0, 1.0, 1.0, 1.0, 1.0, 0.0, 1.0, 1.0, 0.0, 1.0, 0.0, 1.0, 0.0, 1.0, 0.0, 0.0, 1.0, 1.0, 1.0, 1.0, 0.0, 0.0, 1.0, 0.0, 1.0, 1.0, 1.0, 1.0, 0.0, 0.0, 0.0, 0.0, 0.0, 0.0, 0.0, 1.0, 0.0, 0.0, 0.0, 0.0, 1.0, 1.0, 1.0, 1.0, 0.0, 0.0, 0.0, 0.0, 0.0, 1.0, 1.0, 1.0, 0.0, 1.0, 1.0, 0.0, 1.0, 1.0, 1.0, 1.0, 0.0, 0.0, 0.0, 0.0, 1.0, 0.0, 1.0, 1.0, 1.0, 0.0, 0.0, 1.0, 1.0, 1.0, 1.0, 1.0, 1.0, 1.0, 1.0, 0.0, 0.0, 1.0, 1.0, 1.0, 1.0, 1.0, 0.0, 0.0, 1.0, 1.0, 1.0, 1.0, 0.0, 0.0, 0.0, 0.0, 1.0, 1.0, 1.0, 0.0, 0.0, 0.0, 1.0, 0.0, 1.0, 1.0, 1.0, 1.0, 0.0, 0.0, 0.0, 0.0, 0.0, 0.0, 0.0, 0.0, 0.0, 0.0, 0.0, 0.0, 0.0, 0.0, 1.0, 1.0, 0.0, 0.0, 0.0, 0.0, 1.0, 1.0, 1.0, 1.0, 1.0, 0.0, 0.0, 1.0]",-295.2442605392121,597.0338707387587,-482.430437669722,964.860875339444,0.9102401370518274,-8.997362313902745,20.76731335004527,1.2846122460949685,-433.45128860920846,873.4479268787513,False,True,True,False,True,0.625,0.375,0.6875,0.75,0.6875,0.75,0.875,0.875,0.6875,0.75,0.875,0.75,"Z.exists(lambda x1: Z.equal(x1,'red','colour'),X)","Z.exists(lambda x1: Z.exists(lambda x2: Z.exists(lambda x3: Z.and_operator(Z.and_operator(Z.equal(x1,'red','colour'),Z.equal(x2,'blue','colour')),Z.equal(x3,'green','colour')),X),X),X)","Z.forall(lambda x1: Z.exists(lambda x2: Z.atmost(lambda x3: Z.equal(x1,x3,'colour'),2,X),X),X)","Z.exists(lambda x1: Z.exists(lambda x2: Z.exists(lambda x3: Z.and_operator(Z.and_operator(Z.equal(x1,'red','colour'),Z.equal(x2,'blue','colour')),Z.equal(x3,'green','colour')),X),X),X)",0.375,0.75,0.75,0.875,0.75,0.7083333333333334,0.6982758620689655,0.6867816091954023,0.6954022988505747,0.6925287356321839,5.241379310344827,0,0,0,0,0,0
21,28,53,zUM7d,LBEcjjqzWFjFJ2UzAAA3,Omega,all are blue OR small,"[False, True, False, True, False, False, False, False]","[False, True, False, True, False, False, False, False]",0.75,0.75,the blue cones should be larger than the other cones and should be present,"[['x1'],['x1','x2']]","Z.exists(lambda x1: Z.forall(lambda x2: Z.and_operator(Z.equal(x1,'blue','colour'),Z.greater(x1,x2,'size')),X),X)",blue cones should be present and are the larger of all the other cones,"[{'ids': [0, 1, 2], 'colours': ['green', 'blue', 'green'], 'sizes': [1, 2, 1], 'xpos': [0.36959413505621275, 3.3555395866775566, 2.6478519224999433], 'ypos': [4.111666666666668, 4.111646661557346, 4.107683490415345], 'rotations': [3.141592653589794, 3.141570133408743, 3.145070980983599], 'orientations': ['upright', 'upright', 'upright'], 'contact': [[0], [1, 2], [2, 1]], 'grounded': ['yes', 'yes', 'yes'], 'follow_rule': True}, {'ids': [0, 1, 2], 'colours': ['red', 'red', 'green'], 'sizes': [1, 1, 2], 'xpos': [4.149115078858624, 5.552660159782575, 1.2964533991023417], 'ypos': [4.108246024341133, 4.1074280606674485, 4.108154895546482], 'rotations': [3.142897333094804, 3.144088333747815, 3.143729270600213], 'orientations': ['upright', 'upright', 'upright'], 'contact': [[0], [1], [2]], 'grounded': ['yes', 'yes', 'yes'], 'follow_rule': False}, {'ids': [0, 1, 2], 'colours': ['green', 'green', 'blue'], 'sizes': [2, 2, 3], 'xpos': [3.6889680229806054, 6.887913016959744, 6.169826119795775], 'ypos': [3.7295434531336906, 3.7341233407384253, 3.6982882606032104], 'rotations': [5.051307492663949, 5.049063788098483, 4.1059427774053106], 'orientations': ['rhs', 'rhs', 'strange'], 'contact': [[0], [1, 2], [2, 1]], 'grounded': ['yes', 'yes', 'yes'], 'follow_rule': False}, {'ids': [0, 1, 2], 'colours': ['green', 'green', 'blue'], 'sizes': [1, 1, 3], 'xpos': [0.408970521098866, 3.7103447634731643, 1.9319300641562849], 'ypos': [4.108088552431367, 4.107899624450968, 4.107922396966897], 'rotations': [3.1442819752519315, 3.139029658087012, 3.1393182260692165], 'orientations': ['upright', 'upright', 'upright'], 'contact': [[0], [1], [2]], 'grounded': ['yes', 'yes', 'yes'], 'follow_rule': True}, {'ids': [0, 1, 2, 3], 'colours': ['green', 'green', 'blue', 'blue'], 'sizes': [1, 1, 2, 2], 'xpos': [0.6571426068332539, 0.6568651653536612, 1.9048532829282985, 5.361174839549851], 'ypos': [3.8189828300591975, 4.047358089414375, 3.7301336154298403, 4.108041842211659], 'rotations': [1.1927148716639562, 3.3544477774168353, 1.2322667396875118, 3.143988223203054], 'orientations': ['lhs', 'upright', 'lhs', 'upright'], 'contact': [[0, 1], [1, 0, 2], [2, 1], [3]], 'grounded': ['yes', 'yes', 'yes', 'yes'], 'follow_rule': True}, {'ids': [0, 1, 2], 'colours': ['green', 'green', 'blue'], 'sizes': [1, 1, 2], 'xpos': [5.246162089743988, 1.7073962786024102, 3.713560994710371], 'ypos': [4.107907333488525, 4.1092647617399045, 3.733272627588313], 'rotations': [3.138604937256946, 3.1382379029687733, 1.2358993961654023], 'orientations': ['upright', 'upright', 'lhs'], 'contact': [[0], [1], [2]], 'grounded': ['yes', 'yes', 'yes'], 'follow_rule': True}, {'ids': [0, 1], 'colours': ['blue', 'green'], 'sizes': [3, 2], 'xpos': [3.6654713677425663, 5.253464571232732], 'ypos': [4.1080964868782965, 4.107901758934041], 'rotations': [3.1399927654155664, 3.138111357283879], 'orientations': ['upright', 'upright'], 'contact': [[0], [1]], 'grounded': ['yes', 'yes'], 'follow_rule': False}, {'ids': [0, 1, 2], 'colours': ['blue', 'green', 'green'], 'sizes': [3, 2, 2], 'xpos': [2.9520104229758637, 3.9656728683532223, 2.9513207356885145], 'ypos': [4.111379897437209, 4.107591082694036, 3.4759925991489244], 'rotations': [3.142166192080154, 3.1421033193130348, 3.1445070030549824], 'orientations': ['upright', 'upright', 'upright'], 'contact': [[0, 2], [1], [2, 0]], 'grounded': ['yes', 'yes', 'no'], 'follow_rule': False}, {'ids': [0], 'colours': ['red'], 'sizes': [1], 'xpos': [0.980966455584144], 'ypos': [4.15692217898732], 'rotations': [3.14075602080225], 'contact': [{'V1': 0}], 'grounded': ['yes']}, {'ids': [0, 1], 'colours': ['blue', 'blue'], 'sizes': [2, 2], 'xpos': [5.53919900438758, 1.65854079923742], 'ypos': [4.15829751656101, 4.15751198256046], 'rotations': [3.14294469336728, 3.13947439604659], 'contact': [{'V1': 0, 'V2': 1}], 'grounded': ['yes', 'yes']}, {'ids': [0, 1, 2], 'colours': ['blue', 'red', 'blue'], 'sizes': [1, 1, 1], 'xpos': [2.91233558185412, 3.62676822308812, 1.29792616640764], 'ypos': [4.1571699418337, 4.15734457821355, 3.87855314146574], 'rotations': [3.14061931424498, 3.14080979983927, 1.21335141178178], 'contact': [{'V1': 0, 'V2': 1, 'V3': 2}], 'grounded': ['yes', 'yes', 'yes']}, {'ids': [0, 1, 2, 3], 'colours': ['blue', 'red', 'blue', 'green'], 'sizes': [1, 1, 2, 1], 'xpos': [2.95609825059217, 3.96209693679724, 2.2390687716568, 6.71224095289635], 'ypos': [4.15768622476784, 4.15787716497594, 4.15807459370596, 3.87670727460735], 'rotations': [3.13919121672235, 3.14161554480523, 3.13998936351093, 5.07284064751327], 'contact': [{'V1': 0, 'V2': 1, 'V3': 2, 'V4': 3}], 'grounded': ['yes', 'yes', 'yes', 'yes']}, {'ids': [0, 1, 2], 'colours': ['green', 'red', 'red'], 'sizes': [1, 3, 1], 'xpos': [1.21736009446034, 6.88866095105911, 4.29219484852988], 'ypos': [4.15714834736316, 4.15848443530156, 4.15761681621936], 'rotations': [3.14148035908309, 3.14030543965137, 3.14298105798337], 'contact': [{'V1': 0, 'V2': 1, 'V3': 2}], 'grounded': ['yes', 'yes', 'yes']}, {'ids': [0, 1, 2, 3, 4], 'colours': ['green', 'blue', 'green', 'red', 'red'], 'sizes': [2, 2, 2, 2, 3], 'xpos': [3.83090657832267, 2.38910717821051, 3.54259339814947, 1.00881638670343, 0.483372753490727], 'ypos': [4.15913936320131, 4.15701392299474, 3.77761038379749, 3.76166694023043, 3.53535261859211], 'rotations': [3.13980420303635, 3.14077430032494, 1.87848516525718, 1.57196158476873, 2.81423018257197], 'contact': [[0, 2], [1, 2], [2, 0, 1], [3, 4], [4, 3]], 'grounded': ['yes', 'yes', 'yes', 'yes', 'no']}, {'ids': [0, 1, 2], 'colours': ['red', 'blue', 'green'], 'sizes': [2, 2, 2], 'xpos': [6.08097769326034, 5.78861976198164, 1.25011232086784], 'ypos': [3.78458058527285, 4.1039571708585, 3.7795894526631], 'rotations': [5.04856954343186, 3.00593527717321, 5.05105310034866], 'contact': [[0, 1], [1, 0], 2], 'grounded': ['yes', 'yes', 'yes']}, {'ids': [0, 1, 2, 3], 'colours': ['red', 'green', 'red', 'red'], 'sizes': [2, 2, 2, 1], 'xpos': [4.475106476545, 0.413561660061233, 6.37662276433712, 5.00296952327856], 'ypos': [4.1607559072369, 4.15829244701068, 3.77944860362373, 3.87681059949227], 'rotations': [3.14176346787067, 3.1433043689908, 5.0514105380658, 5.07138540402654], 'contact': [{'V1': 0, 'V2': 1, 'V3': 2, 'V4': 3}], 'grounded': ['yes', 'yes', 'yes', 'yes']}]","[False, True, False, True, False, False, False, False]","[True, True, True, True, True, True, True, True]","[False, False, False, False, False, False, False, False]","[False, False, False, False, False, False, False, False]","[False, True, False, True, False, False, False, False]","[True, True, True, True, True, True, True, True]","[False, False, False, False, False, False, False, False]","[False, False, False, False, False, False, False, False]",0.0,0.0,0.0,0.0,1.0,1.0,0.75,0.75,0.0,0.0,0.0,0.0,0.0,0.0,343.8550203933885,-5.548094104530769,-5.545177444479562,13.175629750741374,11.090354888959125,343.8550203933885,-5.548094104530769,-5.545177444479562,13.175629750741374,11.090354888959125,1.0502311195665048,"[1.0, 1.0, 1.0, 1.0, 1.0, 0.0, 1.0, 0.0, 1.0, 1.0, 1.0, 1.0, 1.0, 1.0, 1.0, 0.0135, 0.9530000000000001, 0.092, 0.5895, 0.5895, 1.0, 0.0, 0.0, 0.861, 1.0, 1.0, 1.0, 0.2925, 0.999, 0.999, 1.0, 0.7155, 0.0, 0.0, 1.0, 0.0, 0.0, 0.0, 1.0, 0.0, 0.0, 0.0, 1.0, 0.0, 0.0, 0.0, 1.0, 0.0, 1.0, 1.0, 1.0, 1.0, 0.0, 0.0, 0.0, 0.0, 1.0, 1.0, 1.0, 1.0, 0.935, 0.935, 0.935, 0.935, 1.0, 1.0, 1.0, 1.0, 0.0, 1.0, 0.0, 0.0, 0.0, 1.0, 1.0, 1.0, 1.0, 1.0, 1.0, 1.0, 1.0, 1.0, 1.0, 1.0, 0.0935, 0.0935, 0.0935, 0.0935, 1.0, 1.0, 1.0, 1.0, 1.0, 1.0, 1.0, 1.0, 1.0, 1.0, 1.0, 1.0, 1.0, 1.0, 1.0, 0.013000000000000001, 1.0, 1.0, 0.998, 1.0, 1.0, 0.002, 0.998, 0.002, 1.0, 1.0, 1.0, 1.0, 1.0, 1.0, 1.0, 0.0, 0.973, 1.0, 0.9530000000000001, 1.0, 0.8925000000000001, 0.9195, 0.17400000000000002, 0.201, 1.0, 1.0, 1.0, 1.0, 0.0, 0.0, 0.0, 0.0, 1.0, 1.0, 1.0, 0.24, 1.0, 1.0, 0.968, 1.0, 0.653, 0.653, 0.653, 1.0, 0.2535, 0.2535, 0.7035, 0.10300000000000001, 1.0, 1.0, 1.0, 1.0, 0.0, 1.0, 0.0, 0.0, 1.0, 1.0, 1.0, 0.012, 0.988, 0.988, 1.0, 1.0, 1.0, 0.0, 1.0, 1.0, 1.0, 0.0, 0.0, 1.0, 0.0, 0.0, 0.0, 1.0, 1.0, 0.0, 0.0, 0.0, 1.0, 1.0, 1.0, 1.0, 0.0, 0.0, 0.0, 0.0, 1.0, 1.0, 1.0, 1.0, 0.0, 0.0, 0.0, 0.0, 1.0, 1.0, 1.0, 1.0, 1.0, 1.0, 0.841, 1.0, 1.0, 1.0, 1.0, 1.0, 0.0, 0.0, 0.0, 0.0, 1.0, 1.0, 1.0, 1.0, 1.0, 1.0, 1.0, 0.0, 0.197, 0.0, 0.85, 0.653, 0.803, 0.0, 0.0, 0.0, 0.8525, 0.847, 0.9935, 0.847, 0.28300000000000003, 0.4305, 0.426, 0.426, 1.0, 1.0, 1.0, 1.0, 1.0, 1.0, 1.0, 0.0, 0.798, 1.0, 0.7995, 0.7995, 0.0275, 0.029, 0.2265, 0.1975, 1.0, 1.0, 1.0, 1.0, 0.0, 0.0, 0.0, 0.0, 0.862, 0.854, 0.8595, 0.8955000000000001, 0.045, 0.0005, 0.8695, 0.8505, 1.0, 1.0, 1.0, 0.022, 1.0, 1.0, 1.0, 0.978, 0.28400000000000003, 0.0145, 0.1885, 0.0275, 0.2755, 0.0, 0.0015, 0.013000000000000001, 0.0, 0.0, 0.0, 1.0, 1.0, 0.0, 0.0, 0.0, 1.0, 1.0, 1.0, 1.0, 0.0, 0.0, 0.0, 0.0, 1.0, 1.0, 1.0, 1.0, 1.0, 0.0, 1.0, 0.0, 1.0, 1.0, 1.0, 1.0, 1.0, 1.0, 1.0, 0.0, 1.0, 1.0, 1.0, 0.728, 0.8265, 0.5545, 0.5545, 0.8265, 1.0, 1.0, 1.0, 1.0, 1.0, 1.0, 1.0, 1.0, 1.0, 1.0, 1.0, 0.8715, 0.9365, 0.8695, 0.8695, 0.9365, 0.229, 0.229, 0.229, 0.229, 0.801, 0.03, 0.03, 0.801, 0.0, 0.0, 0.0, 1.0, 1.0, 0.0, 0.0, 0.0, 0.108, 0.114, 0.2315, 0.108, 0.114, 0.07050000000000001, 0.0495, 0.006, 1.0, 1.0, 1.0, 1.0, 0.0, 0.0, 0.0, 0.0, 0.8955000000000001, 0.895, 0.0115, 0.0, 0.883, 0.0, 0.0, 0.0, 1.0, 1.0, 1.0, 1.0, 0.0, 0.0, 0.0, 0.0, 0.902, 0.902, 0.902, 0.678, 0.88, 0.88, 0.902, 0.807, 1.0, 1.0, 1.0, 1.0, 0.0, 0.0, 0.0, 0.0, 1.0, 1.0, 1.0, 1.0, 1.0, 1.0, 1.0, 0.0, 1.0, 1.0, 1.0, 1.0, 0.0, 0.0, 0.0, 0.0, 1.0, 1.0, 1.0, 1.0, 0.008, 0.008, 0.008, 0.008, 1.0, 1.0, 1.0, 1.0, 1.0, 1.0, 1.0, 0.0, 1.0, 1.0, 1.0, 1.0, 1.0, 1.0, 0.6980000000000001, 1.0, 1.0, 1.0, 1.0, 1.0, 0.0, 0.0, 0.0, 0.0, 1.0, 1.0, 1.0, 1.0, 1.0, 1.0, 1.0, 0.0, 0.9530000000000001, 0.9530000000000001, 0.9530000000000001, 1.0, 1.0, 1.0, 0.641, 0.9530000000000001, 1.0, 1.0, 1.0, 1.0, 0.0, 0.0, 0.0, 0.0, 1.0, 1.0, 1.0, 1.0, 1.0, 1.0, 1.0, 1.0, 1.0, 1.0, 1.0, 1.0, 0.0, 0.0, 0.0, 0.0, 1.0, 1.0, 1.0, 1.0, 1.0, 1.0, 1.0, 1.0, 1.0, 1.0, 1.0, 1.0, 0.021500000000000002, 0.021500000000000002, 0.021500000000000002, 0.021500000000000002, 0.021500000000000002, 0.003, 0.02, 0.0095, 0.0095, 0.964, 0.9555, 0.0095, 1.0, 1.0, 1.0, 1.0, 1.0, 1.0, 1.0, 1.0, 1.0, 1.0, 1.0, 1.0, 0.0, 0.0, 0.0, 0.0, 1.0, 1.0, 1.0, 1.0, 0.0, 0.0, 1.0, 1.0, 1.0, 0.873, 0.198, 0.198, 1.0, 1.0, 0.6905, 1.0, 1.0, 1.0, 1.0, 1.0, 1.0, 1.0, 1.0, 0.0, 1.0, 0.999, 0.999, 1.0, 0.0025, 0.0025, 0.0025, 0.0025, 1.0, 1.0, 1.0, 1.0, 1.0, 0.686, 0.314, 0.0, 1.0, 1.0, 1.0, 1.0, 0.524, 0.524, 1.0, 0.47600000000000003, 1.0, 1.0, 1.0, 1.0, 0.008, 0.008, 0.008, 0.008, 0.9935, 0.9935, 0.9775, 0.9935, 0.9935, 0.0225, 0.988, 0.017, 1.0, 1.0, 1.0, 1.0, 0.0725, 0.0725, 0.0725, 0.0725, 0.041, 1.0, 1.0, 0.9590000000000001, 0.041, 0.9590000000000001, 1.0, 0.0, 0.7435, 0.9835, 0.7425, 0.986, 0.7435, 0.7435, 0.256, 0.987, 1.0, 0.005, 1.0, 1.0, 1.0, 0.005, 0.005, 1.0, 1.0, 1.0, 1.0, 1.0, 1.0, 1.0, 1.0, 0.0, 1.0, 1.0, 1.0, 1.0, 0.0, 0.0, 0.0, 0.0, 1.0, 1.0, 1.0, 1.0, 0.0, 0.0, 0.0, 0.0, 0.9705, 0.9705, 0.9145, 1.0, 0.8015, 0.8015, 0.9705, 0.7865, 1.0, 1.0, 1.0, 1.0, 0.0, 0.0, 0.0, 0.0, 1.0, 1.0, 1.0, 1.0, 0.0, 0.0, 0.0, 0.0, 1.0, 1.0, 1.0, 1.0, 0.0, 0.0, 0.0, 0.0, 1.0, 1.0, 1.0, 1.0, 1.0, 1.0, 1.0, 1.0]",-418.5875071169283,843.720363894191,-482.430437669722,964.860875339444,0.5138983421086265,-3.014161290051494,8.107764121782823,0.5138983421086265,-3.014161290051494,8.107764121782823,0.6334250289943713,"[1.0, 1.0, 1.0, 1.0, 1.0, 0.0, 1.0, 0.0, 1.0, 1.0, 1.0, 1.0, 1.0, 1.0, 1.0, 0.0, 0.0, 0.0, 0.0, 0.0, 0.0, 0.0, 0.0, 0.0, 1.0, 1.0, 1.0, 0.0, 0.0, 0.0, 1.0, 0.0, 0.0, 0.0, 1.0, 1.0, 0.0, 1.0, 1.0, 1.0, 1.0, 1.0, 1.0, 1.0, 0.0, 0.0, 1.0, 1.0, 1.0, 1.0, 1.0, 1.0, 0.0, 0.0, 0.0, 0.0, 1.0, 1.0, 1.0, 1.0, 0.0, 0.0, 0.0, 0.0, 0.0, 0.0, 0.0, 0.0, 0.0, 1.0, 1.0, 0.0, 1.0, 1.0, 1.0, 1.0, 0.0, 0.0, 0.0, 0.0, 1.0, 1.0, 1.0, 1.0, 0.0, 0.0, 0.0, 0.0, 1.0, 1.0, 1.0, 1.0, 1.0, 1.0, 0.0, 1.0, 1.0, 1.0, 1.0, 1.0, 1.0, 1.0, 1.0, 0.0, 1.0, 1.0, 1.0, 1.0, 1.0, 0.0, 1.0, 0.0, 0.0, 1.0, 0.0, 0.0, 1.0, 1.0, 1.0, 0.0, 1.0, 1.0, 0.0, 1.0, 1.0, 0.0, 0.0, 0.0, 1.0, 1.0, 1.0, 0.0, 1.0, 1.0, 1.0, 1.0, 1.0, 1.0, 1.0, 1.0, 0.0, 0.0, 0.0, 0.0, 1.0, 1.0, 1.0, 0.0, 0.0, 0.0, 1.0, 0.0, 0.0, 0.0, 1.0, 0.0, 0.0, 0.0, 0.0, 0.0, 1.0, 1.0, 1.0, 0.0, 0.0, 0.0, 1.0, 0.0, 0.0, 0.0, 0.0, 1.0, 0.0, 0.0, 0.0, 0.0, 0.0, 0.0, 0.0, 1.0, 0.0, 0.0, 0.0, 0.0, 1.0, 1.0, 1.0, 1.0, 0.0, 0.0, 0.0, 0.0, 1.0, 1.0, 1.0, 0.0, 0.0, 0.0, 1.0, 0.0, 1.0, 1.0, 1.0, 1.0, 0.0, 0.0, 0.0, 0.0, 1.0, 1.0, 1.0, 1.0, 0.0, 0.0, 0.0, 0.0, 1.0, 1.0, 1.0, 1.0, 1.0, 1.0, 1.0, 0.0, 0.0, 0.0, 0.0, 0.0, 1.0, 0.0, 0.0, 0.0, 1.0, 1.0, 1.0, 1.0, 1.0, 1.0, 1.0, 1.0, 1.0, 1.0, 1.0, 1.0, 1.0, 1.0, 1.0, 0.0, 0.0, 0.0, 0.0, 0.0, 0.0, 0.0, 0.0, 0.0, 0.0, 1.0, 0.0, 1.0, 0.0, 1.0, 0.0, 1.0, 0.0, 0.0, 0.0, 1.0, 0.0, 0.0, 0.0, 0.0, 1.0, 1.0, 1.0, 0.0, 0.0, 0.0, 1.0, 0.0, 1.0, 1.0, 1.0, 1.0, 1.0, 0.0, 1.0, 0.0, 0.0, 1.0, 1.0, 1.0, 0.0, 0.0, 0.0, 0.0, 1.0, 1.0, 1.0, 0.0, 1.0, 1.0, 1.0, 1.0, 0.0, 1.0, 1.0, 1.0, 0.0, 0.0, 0.0, 0.0, 1.0, 1.0, 1.0, 1.0, 1.0, 1.0, 1.0, 0.0, 1.0, 1.0, 1.0, 1.0, 0.0, 0.0, 0.0, 0.0, 1.0, 1.0, 1.0, 1.0, 0.0, 0.0, 0.0, 0.0, 0.0, 1.0, 0.0, 0.0, 0.0, 0.0, 0.0, 0.0, 1.0, 1.0, 1.0, 1.0, 1.0, 0.0, 1.0, 1.0, 0.0, 0.0, 0.0, 0.0, 0.0, 1.0, 1.0, 0.0, 1.0, 1.0, 1.0, 1.0, 1.0, 0.0, 1.0, 0.0, 1.0, 1.0, 1.0, 1.0, 1.0, 0.0, 1.0, 1.0, 0.0, 0.0, 0.0, 0.0, 0.0, 1.0, 1.0, 0.0, 1.0, 0.0, 0.0, 1.0, 0.0, 0.0, 0.0, 0.0, 1.0, 1.0, 1.0, 0.0, 0.0, 0.0, 1.0, 0.0, 1.0, 1.0, 1.0, 0.0, 0.0, 0.0, 0.0, 0.0, 1.0, 1.0, 1.0, 1.0, 1.0, 1.0, 1.0, 0.0, 0.0, 0.0, 0.0, 0.0, 0.0, 0.0, 0.0, 0.0, 1.0, 0.0, 1.0, 0.0, 0.0, 0.0, 0.0, 0.0, 1.0, 1.0, 1.0, 1.0, 1.0, 1.0, 1.0, 0.0, 1.0, 1.0, 1.0, 1.0, 1.0, 1.0, 0.0, 1.0, 1.0, 1.0, 1.0, 1.0, 0.0, 0.0, 0.0, 0.0, 1.0, 1.0, 1.0, 1.0, 1.0, 1.0, 1.0, 0.0, 0.0, 1.0, 1.0, 1.0, 0.0, 0.0, 0.0, 0.0, 1.0, 1.0, 1.0, 1.0, 0.0, 0.0, 0.0, 0.0, 1.0, 0.0, 1.0, 0.0, 0.0, 0.0, 0.0, 0.0, 1.0, 1.0, 1.0, 1.0, 1.0, 0.0, 1.0, 0.0, 1.0, 1.0, 1.0, 0.0, 1.0, 1.0, 0.0, 1.0, 1.0, 1.0, 1.0, 1.0, 0.0, 0.0, 0.0, 0.0, 0.0, 0.0, 0.0, 0.0, 0.0, 1.0, 0.0, 0.0, 1.0, 1.0, 1.0, 1.0, 0.0, 0.0, 0.0, 0.0, 0.0, 0.0, 0.0, 0.0, 0.0, 0.0, 0.0, 0.0, 1.0, 0.0, 1.0, 0.0, 0.0, 0.0, 0.0, 0.0, 1.0, 1.0, 0.0, 0.0, 1.0, 1.0, 1.0, 1.0, 1.0, 1.0, 1.0, 1.0, 1.0, 1.0, 1.0, 1.0, 1.0, 1.0, 1.0, 1.0, 1.0, 0.0, 1.0, 1.0, 0.0, 1.0, 0.0, 1.0, 0.0, 1.0, 0.0, 0.0, 1.0, 1.0, 1.0, 1.0, 0.0, 0.0, 1.0, 0.0, 1.0, 1.0, 1.0, 1.0, 0.0, 0.0, 0.0, 0.0, 0.0, 0.0, 0.0, 1.0, 0.0, 0.0, 0.0, 0.0, 1.0, 1.0, 1.0, 1.0, 0.0, 0.0, 0.0, 0.0, 0.0, 1.0, 1.0, 1.0, 0.0, 1.0, 1.0, 0.0, 1.0, 1.0, 1.0, 1.0, 0.0, 0.0, 0.0, 0.0, 1.0, 0.0, 1.0, 1.0, 1.0, 0.0, 0.0, 1.0, 1.0, 1.0, 1.0, 1.0, 1.0, 1.0, 1.0, 0.0, 0.0, 1.0, 1.0, 1.0, 1.0, 1.0, 0.0, 0.0, 1.0, 1.0, 1.0, 1.0, 0.0, 0.0, 0.0, 0.0, 1.0, 1.0, 1.0, 0.0, 0.0, 0.0, 1.0, 0.0, 1.0, 1.0, 1.0, 1.0, 0.0, 0.0, 0.0, 0.0, 0.0, 0.0, 0.0, 0.0, 0.0, 0.0, 0.0, 0.0, 0.0, 1.0, 0.0, 1.0, 0.0, 1.0, 1.0, 0.0, 1.0, 1.0, 1.0, 1.0, 1.0, 0.0, 0.0, 1.0]",-318.3726801373107,643.2907099349558,0.5138983421086265,-3.014161290051494,-5.545177444479562,8.107764121782823,11.090354888959125,0.5138983421086265,-3.014161290051494,-5.545177444479562,8.107764121782823,11.090354888959125,0.6173530694834558,"[1.0, 1.0, 1.0, 1.0, 1.0, 0.0, 1.0, 0.0, 1.0, 1.0, 1.0, 1.0, 1.0, 1.0, 1.0, 0.0, 0.0, 0.0, 0.0, 0.0, 0.0, 0.0, 0.0, 0.0, 1.0, 1.0, 1.0, 0.0, 0.0, 0.0, 1.0, 0.0, 0.0, 0.0, 1.0, 1.0, 0.0, 1.0, 1.0, 1.0, 0.0, 0.0, 0.0, 0.0, 0.0, 0.0, 0.0, 0.0, 1.0, 1.0, 1.0, 1.0, 0.0, 0.0, 0.0, 0.0, 1.0, 1.0, 1.0, 1.0, 0.0, 0.0, 0.0, 0.0, 0.0, 0.0, 0.0, 0.0, 0.0, 1.0, 1.0, 0.0, 0.0, 0.0, 0.0, 1.0, 0.0, 0.0, 0.0, 0.0, 1.0, 1.0, 1.0, 1.0, 0.0, 0.0, 0.0, 0.0, 0.0, 0.0, 0.0, 0.0, 1.0, 1.0, 0.0, 1.0, 1.0, 1.0, 1.0, 1.0, 1.0, 1.0, 1.0, 0.0, 1.0, 1.0, 1.0, 1.0, 1.0, 0.0, 1.0, 0.0, 0.0, 1.0, 0.0, 0.0, 1.0, 1.0, 1.0, 0.0, 1.0, 1.0, 0.0, 1.0, 1.0, 0.0, 0.0, 0.0, 1.0, 1.0, 1.0, 0.0, 1.0, 1.0, 1.0, 1.0, 1.0, 1.0, 1.0, 1.0, 0.0, 0.0, 0.0, 0.0, 1.0, 1.0, 1.0, 0.0, 0.0, 0.0, 1.0, 0.0, 0.0, 0.0, 1.0, 0.0, 0.0, 0.0, 0.0, 0.0, 1.0, 1.0, 1.0, 0.0, 0.0, 0.0, 1.0, 0.0, 0.0, 0.0, 0.0, 1.0, 0.0, 0.0, 0.0, 0.0, 0.0, 0.0, 0.0, 1.0, 0.0, 0.0, 0.0, 0.0, 1.0, 1.0, 1.0, 1.0, 0.0, 0.0, 0.0, 0.0, 1.0, 1.0, 1.0, 0.0, 0.0, 0.0, 1.0, 0.0, 1.0, 1.0, 1.0, 1.0, 0.0, 0.0, 0.0, 0.0, 1.0, 1.0, 1.0, 1.0, 0.0, 0.0, 0.0, 0.0, 1.0, 1.0, 1.0, 1.0, 1.0, 1.0, 1.0, 0.0, 0.0, 0.0, 0.0, 0.0, 1.0, 0.0, 0.0, 0.0, 1.0, 1.0, 1.0, 1.0, 1.0, 1.0, 1.0, 1.0, 1.0, 1.0, 1.0, 1.0, 1.0, 1.0, 1.0, 0.0, 0.0, 0.0, 0.0, 0.0, 0.0, 0.0, 0.0, 0.0, 0.0, 1.0, 0.0, 1.0, 0.0, 1.0, 0.0, 1.0, 0.0, 0.0, 0.0, 1.0, 0.0, 0.0, 0.0, 0.0, 1.0, 1.0, 1.0, 0.0, 0.0, 0.0, 1.0, 0.0, 1.0, 1.0, 1.0, 1.0, 1.0, 0.0, 1.0, 0.0, 0.0, 1.0, 1.0, 1.0, 0.0, 0.0, 0.0, 0.0, 1.0, 1.0, 1.0, 0.0, 1.0, 1.0, 1.0, 1.0, 0.0, 1.0, 1.0, 1.0, 0.0, 0.0, 0.0, 0.0, 1.0, 1.0, 1.0, 1.0, 1.0, 1.0, 1.0, 0.0, 1.0, 1.0, 1.0, 1.0, 0.0, 0.0, 0.0, 0.0, 1.0, 1.0, 1.0, 1.0, 0.0, 0.0, 0.0, 0.0, 0.0, 1.0, 0.0, 0.0, 0.0, 0.0, 0.0, 0.0, 0.0, 0.0, 0.0, 0.0, 0.0, 0.0, 0.0, 0.0, 1.0, 0.0, 1.0, 1.0, 1.0, 0.0, 0.0, 1.0, 1.0, 1.0, 1.0, 1.0, 1.0, 0.0, 1.0, 0.0, 1.0, 1.0, 1.0, 1.0, 1.0, 0.0, 1.0, 1.0, 0.0, 0.0, 0.0, 0.0, 0.0, 1.0, 1.0, 0.0, 1.0, 0.0, 0.0, 1.0, 0.0, 0.0, 0.0, 0.0, 1.0, 1.0, 1.0, 0.0, 0.0, 0.0, 1.0, 0.0, 1.0, 1.0, 1.0, 0.0, 0.0, 0.0, 0.0, 0.0, 1.0, 1.0, 1.0, 1.0, 1.0, 1.0, 1.0, 0.0, 0.0, 0.0, 0.0, 0.0, 0.0, 0.0, 0.0, 0.0, 1.0, 0.0, 1.0, 0.0, 0.0, 0.0, 0.0, 0.0, 1.0, 1.0, 1.0, 1.0, 1.0, 1.0, 1.0, 0.0, 1.0, 1.0, 1.0, 1.0, 1.0, 1.0, 0.0, 1.0, 1.0, 1.0, 1.0, 1.0, 0.0, 0.0, 0.0, 0.0, 1.0, 1.0, 1.0, 1.0, 1.0, 1.0, 1.0, 0.0, 0.0, 1.0, 1.0, 1.0, 0.0, 0.0, 0.0, 0.0, 1.0, 1.0, 1.0, 1.0, 0.0, 0.0, 0.0, 0.0, 1.0, 0.0, 1.0, 0.0, 0.0, 0.0, 0.0, 0.0, 1.0, 1.0, 1.0, 1.0, 1.0, 0.0, 1.0, 0.0, 1.0, 1.0, 1.0, 0.0, 1.0, 1.0, 0.0, 1.0, 1.0, 1.0, 1.0, 1.0, 0.0, 0.0, 0.0, 0.0, 0.0, 0.0, 0.0, 0.0, 0.0, 1.0, 0.0, 0.0, 1.0, 1.0, 1.0, 1.0, 0.0, 0.0, 0.0, 0.0, 0.0, 0.0, 0.0, 0.0, 0.0, 0.0, 0.0, 0.0, 1.0, 0.0, 1.0, 0.0, 0.0, 0.0, 0.0, 0.0, 1.0, 1.0, 0.0, 0.0, 1.0, 1.0, 1.0, 1.0, 1.0, 1.0, 1.0, 1.0, 1.0, 1.0, 1.0, 1.0, 1.0, 1.0, 1.0, 1.0, 1.0, 0.0, 1.0, 1.0, 0.0, 1.0, 0.0, 1.0, 0.0, 1.0, 0.0, 0.0, 1.0, 1.0, 1.0, 1.0, 0.0, 0.0, 1.0, 0.0, 1.0, 1.0, 1.0, 1.0, 0.0, 0.0, 0.0, 0.0, 0.0, 0.0, 0.0, 1.0, 0.0, 0.0, 0.0, 0.0, 1.0, 1.0, 1.0, 1.0, 0.0, 0.0, 0.0, 0.0, 0.0, 1.0, 1.0, 1.0, 0.0, 1.0, 1.0, 0.0, 1.0, 1.0, 1.0, 1.0, 0.0, 0.0, 0.0, 0.0, 1.0, 0.0, 1.0, 1.0, 1.0, 0.0, 0.0, 1.0, 1.0, 1.0, 1.0, 1.0, 1.0, 1.0, 1.0, 0.0, 0.0, 0.0, 1.0, 0.0, 0.0, 1.0, 0.0, 0.0, 1.0, 1.0, 1.0, 1.0, 0.0, 0.0, 0.0, 0.0, 1.0, 1.0, 1.0, 0.0, 0.0, 0.0, 1.0, 0.0, 1.0, 1.0, 1.0, 1.0, 0.0, 0.0, 0.0, 0.0, 0.0, 0.0, 0.0, 0.0, 0.0, 0.0, 0.0, 0.0, 0.0, 1.0, 0.0, 1.0, 0.0, 1.0, 1.0, 0.0, 1.0, 1.0, 1.0, 1.0, 1.0, 0.0, 0.0, 1.0]",-311.9759791000219,630.4973078603782,-482.430437669722,964.860875339444,1.0,-3.5380525729267758,-5.545177444479562,9.155546687533388,11.090354888959125,1.0,-3.5380525729267758,-5.545177444479562,9.155546687533388,11.090354888959125,1.0908740239314543,"[0.0, 0.0, 1.0, 0.0, 0.0, 0.0, 0.0, 0.0, 1.0, 1.0, 1.0, 1.0, 0.877, 0.877, 0.877, 0.0, 1.0, 0.259, 1.0, 1.0, 0.8015, 0.0, 0.259, 1.0, 1.0, 1.0, 1.0, 1.0, 1.0, 1.0, 1.0, 0.0, 0.0, 0.0, 1.0, 0.0, 0.0, 0.0, 1.0, 0.0, 0.0, 0.0, 1.0, 0.0, 0.0, 0.0, 1.0, 0.0, 0.0, 0.0, 0.0, 0.0775, 0.0, 0.0, 0.1635, 0.47100000000000003, 1.0, 1.0, 1.0, 1.0, 0.0, 0.0, 0.0, 0.0, 0.0, 0.0, 0.0, 0.0, 0.0, 0.0, 0.0, 0.0, 1.0, 1.0, 1.0, 1.0, 1.0, 1.0, 1.0, 0.0, 1.0, 1.0, 1.0, 1.0, 0.0, 0.0, 0.0, 0.0, 0.0, 0.0, 0.0, 0.0, 0.0, 0.113, 0.113, 0.0, 0.0, 0.0, 0.0, 1.0, 0.0, 0.0, 0.0, 0.0, 1.0, 1.0, 1.0, 1.0, 0.0, 0.0, 0.0, 0.0, 0.9995, 1.0, 1.0, 0.663, 1.0, 1.0, 1.0, 0.353, 1.0, 1.0, 1.0, 1.0, 0.082, 0.082, 0.0, 0.0, 0.973, 1.0, 0.7655000000000001, 0.605, 0.973, 1.0, 1.0, 0.368, 0.0, 0.0, 1.0, 0.0, 1.0, 0.0, 1.0, 0.0, 1.0, 1.0, 1.0, 1.0, 0.0, 0.0, 1.0, 0.0, 1.0, 1.0, 1.0, 1.0, 0.0, 0.9465, 0.0, 0.0, 0.666, 1.0, 0.666, 0.666, 0.0, 0.0, 0.7975, 0.0, 0.0, 0.9430000000000001, 0.0, 1.0, 1.0, 0.0, 0.0, 0.0, 0.0, 1.0, 0.0, 0.0, 0.0, 0.0, 0.0, 0.0, 1.0, 1.0, 1.0, 1.0, 0.0, 0.0, 0.0, 0.0, 1.0, 1.0, 1.0, 1.0, 1.0, 1.0, 1.0, 0.0005, 1.0, 1.0, 1.0, 1.0, 1.0, 1.0, 0.0, 1.0, 1.0, 1.0, 1.0, 1.0, 0.0, 0.0, 0.0, 0.0, 1.0, 1.0, 1.0, 1.0, 1.0, 1.0, 1.0, 0.0, 1.0, 0.0, 1.0, 0.0, 0.0, 0.0, 0.0, 0.0, 0.0, 1.0, 0.0, 1.0, 0.0, 1.0, 0.0, 1.0, 1.0, 1.0, 1.0, 1.0, 1.0, 1.0, 1.0, 0.0, 1.0, 0.0, 1.0, 1.0, 1.0, 0.0, 0.0, 1.0, 1.0, 1.0, 1.0, 1.0, 1.0, 1.0, 1.0, 1.0, 0.0, 0.9580000000000001, 0.0, 0.0, 0.0, 0.0, 0.0045000000000000005, 0.0, 0.0, 0.0, 0.0, 0.0, 0.0, 0.0, 0.0, 1.0, 0.0, 0.0, 0.0005, 0.0, 0.0, 0.0, 0.0, 0.0, 0.0, 1.0, 0.0, 0.0, 0.0, 0.0, 0.0, 0.0, 1.0, 1.0, 1.0, 0.001, 0.001, 0.001, 1.0, 0.0, 0.0, 0.0, 0.6225, 0.0, 0.0, 0.0, 0.0, 0.0, 1.0, 1.0, 1.0, 1.0, 0.0, 0.0, 0.0, 0.0, 0.0, 0.0, 0.0, 0.0, 0.0, 0.0, 0.0, 0.0, 1.0, 1.0, 1.0, 1.0, 1.0, 1.0, 1.0, 0.0, 0.0, 0.0, 0.0, 1.0, 0.0, 0.0, 1.0, 0.0, 1.0, 1.0, 1.0, 1.0, 0.0, 0.0, 0.0, 0.0, 0.0, 1.0, 0.0, 0.0, 1.0, 0.0, 0.0, 1.0, 1.0, 1.0, 1.0, 1.0, 0.0, 0.0, 0.0, 0.0, 1.0, 1.0, 1.0, 1.0, 1.0, 0.0, 1.0, 1.0, 0.0, 0.0005, 0.0, 0.0, 0.0, 0.38, 0.0, 0.0, 1.0, 1.0, 1.0, 1.0, 0.0, 0.0, 0.0, 0.0, 1.0, 1.0, 1.0, 0.999, 1.0, 1.0, 1.0, 0.0195, 1.0, 1.0, 1.0, 1.0, 0.0, 0.0, 0.0, 0.0, 0.0, 0.6285000000000001, 0.0, 0.328, 0.0, 0.0, 0.6285000000000001, 0.0, 0.0, 0.0, 0.0, 0.0, 0.0, 0.0, 0.0, 1.0, 1.0, 1.0, 1.0, 1.0, 0.0, 0.0, 0.0, 0.0, 1.0, 1.0, 1.0, 1.0, 1.0, 1.0, 1.0, 0.0, 1.0, 1.0, 1.0, 1.0, 1.0, 1.0, 0.0375, 1.0, 1.0, 1.0, 1.0, 1.0, 0.0, 0.0, 0.0, 0.0, 1.0, 1.0, 1.0, 1.0, 1.0, 1.0, 1.0, 0.0, 1.0, 1.0, 1.0, 1.0, 1.0, 1.0, 0.0, 1.0, 1.0, 1.0, 1.0, 1.0, 0.0, 0.0, 0.0, 0.0, 1.0, 1.0, 1.0, 1.0, 1.0, 1.0, 1.0, 1.0, 0.0, 0.0, 0.4395, 0.0, 0.0, 0.0, 0.001, 1.0, 0.0, 0.0, 0.0, 0.0, 0.0, 0.0, 0.0, 0.0, 1.0, 1.0, 1.0, 0.0, 1.0, 0.0, 0.0, 1.0, 0.0, 0.0, 1.0, 1.0, 1.0, 0.0, 0.0, 0.0, 0.0, 0.0, 0.0, 0.0, 0.0, 0.0, 0.0, 0.0, 1.0, 1.0, 1.0, 1.0, 0.0, 0.0, 0.0, 0.0, 0.0, 0.0, 0.0, 0.0, 0.0, 1.0, 0.0, 0.0, 1.0, 1.0, 1.0, 1.0, 0.0, 0.4945, 0.0, 0.0, 1.0, 1.0, 1.0, 1.0, 0.0, 0.0, 1.0, 1.0, 1.0, 1.0, 1.0, 1.0, 0.0, 0.0, 0.0, 0.0, 1.0, 1.0, 1.0, 1.0, 1.0, 0.704, 0.296, 0.0, 1.0, 1.0, 1.0, 1.0, 0.0, 0.0, 1.0, 1.0, 1.0, 1.0, 1.0, 1.0, 0.0, 0.0, 0.0, 0.0, 0.006, 1.0, 0.006, 0.708, 0.298, 1.0, 0.298, 1.0, 1.0, 1.0, 1.0, 1.0, 0.0, 0.0, 0.0, 0.0, 1.0, 0.0, 1.0, 1.0, 1.0, 0.0, 0.0, 1.0, 0.0, 1.0, 1.0, 1.0, 0.0, 0.0, 0.0, 0.0, 1.0, 0.224, 1.0, 1.0, 0.776, 0.0, 0.224, 1.0, 1.0, 1.0, 1.0, 1.0, 0.0, 0.0, 0.0, 0.0, 1.0, 1.0, 0.0, 1.0, 1.0, 1.0, 0.0, 1.0, 1.0, 1.0, 1.0, 1.0, 0.0, 0.0, 0.0, 0.0, 1.0, 1.0, 1.0, 1.0, 1.0, 1.0, 1.0, 0.0, 1.0, 1.0, 1.0, 1.0, 0.0, 0.0, 0.0, 0.0, 0.0, 0.0, 0.0, 0.0, 0.0, 0.0, 0.0, 0.0, 1.0, 0.4865, 1.0, 1.0, 1.0, 0.0075, 0.4865, 1.0, 0.0225, 0.0, 0.0, 0.9775, 0.0, 0.0, 0.0, 0.0]",-419.18595103414617,844.9172517286268,-482.430437669722,964.860875339444,0.5138983421086265,-3.014161290051494,-5.545177444479562,8.107764121782823,11.090354888959125,0.5138983421086265,-3.014161290051494,-5.545177444479562,8.107764121782823,11.090354888959125,0.5787520451143159,"[1.0, 1.0, 1.0, 1.0, 1.0, 0.0, 1.0, 0.0, 1.0, 1.0, 1.0, 1.0, 1.0, 1.0, 1.0, 0.0, 0.0, 0.0, 0.0, 0.0, 0.0, 0.0, 0.0, 0.0, 1.0, 1.0, 1.0, 1.0, 0.0, 0.0, 1.0, 0.0, 0.0, 0.0, 0.0, 0.0, 0.0, 1.0, 0.0, 0.0, 0.0, 0.0, 0.0, 0.0, 0.0, 0.0, 0.0, 0.0, 1.0, 1.0, 1.0, 1.0, 0.0, 0.0, 0.0, 0.0, 1.0, 1.0, 1.0, 1.0, 0.0, 0.0, 0.0, 0.0, 0.0, 0.0, 0.0, 0.0, 0.0, 1.0, 1.0, 0.0, 1.0, 1.0, 1.0, 1.0, 0.0, 0.0, 0.0, 0.0, 1.0, 1.0, 1.0, 1.0, 0.0, 0.0, 0.0, 0.0, 0.0, 0.0, 0.0, 0.0, 0.0, 0.0, 0.0, 0.0, 1.0, 1.0, 1.0, 1.0, 1.0, 1.0, 1.0, 0.0, 1.0, 1.0, 1.0, 1.0, 1.0, 0.0, 1.0, 0.0, 0.0, 1.0, 0.0, 0.0, 1.0, 1.0, 1.0, 0.0, 1.0, 1.0, 0.0, 1.0, 1.0, 0.0, 0.0, 0.0, 1.0, 1.0, 1.0, 0.0, 1.0, 1.0, 1.0, 1.0, 1.0, 1.0, 1.0, 1.0, 0.0, 0.0, 0.0, 0.0, 1.0, 1.0, 1.0, 0.0, 0.0, 0.0, 1.0, 0.0, 0.0, 0.0, 1.0, 0.0, 0.0, 0.0, 0.0, 0.0, 1.0, 1.0, 1.0, 0.0, 0.0, 0.0, 1.0, 0.0, 0.0, 0.0, 0.0, 1.0, 0.0, 0.0, 0.0, 0.0, 0.0, 0.0, 0.0, 1.0, 0.0, 0.0, 0.0, 0.0, 1.0, 1.0, 1.0, 1.0, 0.0, 0.0, 0.0, 0.0, 1.0, 1.0, 1.0, 0.0, 0.0, 0.0, 1.0, 0.0, 1.0, 1.0, 1.0, 1.0, 0.0, 0.0, 0.0, 0.0, 1.0, 1.0, 1.0, 1.0, 0.0, 0.0, 0.0, 0.0, 1.0, 1.0, 1.0, 1.0, 1.0, 1.0, 1.0, 0.0, 0.0, 0.0, 0.0, 0.0, 1.0, 0.0, 0.0, 0.0, 1.0, 1.0, 1.0, 1.0, 1.0, 1.0, 1.0, 1.0, 1.0, 1.0, 1.0, 1.0, 1.0, 1.0, 1.0, 0.0, 0.0, 0.0, 0.0, 0.0, 0.0, 0.0, 0.0, 0.0, 0.0, 1.0, 0.0, 1.0, 0.0, 1.0, 0.0, 1.0, 0.0, 0.0, 0.0, 1.0, 0.0, 0.0, 0.0, 0.0, 1.0, 1.0, 1.0, 0.0, 0.0, 0.0, 1.0, 0.0, 0.0, 0.0, 1.0, 0.0, 0.0, 0.0, 0.0, 0.0, 0.0, 1.0, 1.0, 1.0, 0.0, 0.0, 0.0, 0.0, 1.0, 1.0, 1.0, 0.0, 1.0, 1.0, 1.0, 1.0, 0.0, 0.0, 1.0, 0.0, 0.0, 0.0, 0.0, 0.0, 1.0, 1.0, 1.0, 1.0, 1.0, 1.0, 1.0, 0.0, 1.0, 1.0, 1.0, 1.0, 0.0, 0.0, 0.0, 0.0, 1.0, 1.0, 1.0, 1.0, 0.0, 0.0, 0.0, 0.0, 0.0, 1.0, 0.0, 0.0, 0.0, 0.0, 0.0, 0.0, 0.0, 0.0, 0.0, 0.0, 0.0, 0.0, 0.0, 0.0, 0.0, 0.0, 0.0, 0.0, 0.0, 0.0, 0.0, 0.0, 1.0, 1.0, 0.0, 1.0, 1.0, 0.0, 1.0, 0.0, 1.0, 1.0, 1.0, 1.0, 1.0, 0.0, 1.0, 1.0, 0.0, 0.0, 0.0, 0.0, 0.0, 1.0, 1.0, 0.0, 1.0, 0.0, 0.0, 1.0, 0.0, 0.0, 0.0, 0.0, 1.0, 1.0, 1.0, 0.0, 0.0, 0.0, 1.0, 0.0, 1.0, 1.0, 1.0, 0.0, 0.0, 0.0, 0.0, 0.0, 1.0, 1.0, 1.0, 1.0, 1.0, 1.0, 1.0, 0.0, 0.0, 0.0, 0.0, 0.0, 0.0, 0.0, 0.0, 0.0, 1.0, 0.0, 1.0, 0.0, 0.0, 0.0, 0.0, 0.0, 1.0, 1.0, 1.0, 1.0, 1.0, 1.0, 1.0, 0.0, 1.0, 1.0, 1.0, 1.0, 1.0, 1.0, 0.0, 1.0, 1.0, 1.0, 1.0, 1.0, 0.0, 0.0, 0.0, 0.0, 1.0, 1.0, 1.0, 1.0, 1.0, 1.0, 1.0, 0.0, 0.0, 1.0, 1.0, 1.0, 0.0, 0.0, 0.0, 0.0, 1.0, 1.0, 1.0, 1.0, 0.0, 0.0, 0.0, 0.0, 1.0, 0.0, 1.0, 0.0, 0.0, 0.0, 0.0, 0.0, 1.0, 1.0, 1.0, 1.0, 1.0, 0.0, 1.0, 0.0, 1.0, 1.0, 1.0, 0.0, 1.0, 1.0, 0.0, 1.0, 1.0, 1.0, 1.0, 1.0, 0.0, 0.0, 0.0, 0.0, 0.0, 0.0, 0.0, 0.0, 0.0, 0.0, 0.0, 0.0, 1.0, 1.0, 1.0, 1.0, 0.0, 0.0, 0.0, 0.0, 0.0, 0.0, 0.0, 0.0, 0.0, 0.0, 0.0, 0.0, 0.0, 0.0, 0.0, 0.0, 0.0, 0.0, 0.0, 0.0, 1.0, 1.0, 0.0, 0.0, 1.0, 1.0, 1.0, 1.0, 1.0, 1.0, 1.0, 1.0, 1.0, 1.0, 1.0, 1.0, 1.0, 1.0, 1.0, 1.0, 1.0, 0.0, 1.0, 1.0, 0.0, 1.0, 0.0, 1.0, 0.0, 1.0, 0.0, 0.0, 1.0, 1.0, 1.0, 1.0, 0.0, 0.0, 1.0, 0.0, 1.0, 1.0, 1.0, 1.0, 0.0, 0.0, 0.0, 0.0, 0.0, 0.0, 0.0, 1.0, 0.0, 0.0, 0.0, 0.0, 1.0, 1.0, 1.0, 1.0, 0.0, 0.0, 0.0, 0.0, 0.0, 1.0, 1.0, 1.0, 0.0, 1.0, 1.0, 0.0, 1.0, 1.0, 1.0, 1.0, 0.0, 0.0, 0.0, 0.0, 1.0, 0.0, 1.0, 1.0, 1.0, 0.0, 0.0, 1.0, 1.0, 1.0, 1.0, 1.0, 1.0, 1.0, 1.0, 0.0, 0.0, 1.0, 1.0, 1.0, 1.0, 1.0, 0.0, 0.0, 1.0, 1.0, 1.0, 1.0, 0.0, 0.0, 0.0, 0.0, 1.0, 1.0, 1.0, 0.0, 0.0, 0.0, 1.0, 0.0, 1.0, 1.0, 1.0, 1.0, 0.0, 0.0, 0.0, 0.0, 0.0, 0.0, 0.0, 0.0, 0.0, 0.0, 0.0, 0.0, 0.0, 0.0, 1.0, 1.0, 0.0, 0.0, 0.0, 0.0, 1.0, 1.0, 1.0, 1.0, 1.0, 0.0, 0.0, 1.0]",-295.2442605392121,597.0338707387587,-482.430437669722,964.860875339444,0.01,0.0,2.0794415416798357,1.2846122460949685,-433.45128860920846,873.4479268787513,False,True,True,True,True,0.625,0.625,0.625,0.625,0.625,0.625,0.625,0.625,0.625,0.625,0.75,0.75,"Z.exists(lambda x1: Z.less(x1,2,'size'),X)","Z.exists(lambda x1: Z.forall(lambda x2: Z.and_operator(Z.equal(x1,'blue','colour'),Z.greater(x1,x2,'size')),X),X)","Z.atmost(lambda x1: Z.grequal(x1,2,'size'),2,X)","Z.exists(lambda x1: Z.forall(lambda x2: Z.and_operator(Z.equal(x1,'blue','colour'),Z.greater(x1,x2,'size')),X),X)",0.625,0.625,0.625,0.625,0.625,0.7083333333333334,0.6982758620689655,0.6867816091954023,0.6954022988505747,0.6925287356321839,5.241379310344827,0,0,0,0,0,0
22,29,58,zUM7d,4gdK7_T_qCWuODBvAAA2,Omega,all are blue OR small,"[False, True, False, True, False, False, False, False]","[False, True, False, True, False, False, False, False]",0.75,0.75,When there is a blue cone that is the largest one when there are two or less colors.,"[['x1'],['x1','x2']]","Z.exists(lambda x1: Z.forall(lambda x2: Z.and_operator(Z.equal(x1,'blue','colour'),Z.greater(x1,x2,'size')),X),X)",When there is a blue cone that is the largest one when there are two or less colors.,"[{'ids': [0, 1, 2], 'colours': ['green', 'blue', 'green'], 'sizes': [1, 2, 1], 'xpos': [0.3695942856342497, 3.3550059521138045, 2.7147670825588754], 'ypos': [4.120000000000001, 4.120000000000001, 4.040143934355525], 'rotations': [3.1415926535897936, 3.1415926535897927, 2.872157630815545], 'orientations': ['upright', 'upright', 'upright'], 'contact': [[0], [1, 2], [2, 1]], 'grounded': ['yes', 'yes', 'yes'], 'follow_rule': True}, {'ids': [0, 1], 'colours': ['green', 'blue'], 'sizes': [3, 1], 'xpos': [1.7299996382394385, 2.836232275414019], 'ypos': [4.116257586177196, 4.1163404513757245], 'rotations': [3.142435094652797, 3.1444610337691854], 'orientations': ['upright', 'upright'], 'contact': [[0], [1]], 'grounded': ['yes', 'yes'], 'follow_rule': False}, {'ids': [0, 1], 'colours': ['green', 'blue'], 'sizes': [3, 1], 'xpos': [0.9701092345058397, 2.082350528246145], 'ypos': [4.119999999992901, 4.115195322411678], 'rotations': [3.141592653603715, 3.1418188808166656], 'orientations': ['upright', 'upright'], 'contact': [[0], [1]], 'grounded': ['yes', 'yes'], 'follow_rule': False}, {'ids': [0, 1], 'colours': ['blue', 'green'], 'sizes': [3, 1], 'xpos': [5.569035164720955, 3.8734868139275234], 'ypos': [4.11721189119569, 4.1163372645795855], 'rotations': [-3.1422437710857256, 3.1442631384741224], 'orientations': ['upright', 'upright'], 'contact': [[0], [1]], 'grounded': ['yes', 'yes'], 'follow_rule': True}, {'ids': [0, 1, 2], 'colours': ['red', 'blue', 'green'], 'sizes': [3, 2, 1], 'xpos': [5.8648865186849015, 6.858105339886606, 2.8252588073611884], 'ypos': [4.116578661675879, 4.11597708638479, 4.116167469244747], 'rotations': [3.1438881572303736, 3.144252345957332, -3.139538747272967], 'orientations': ['upright', 'upright', 'upright'], 'contact': [[0], [1], [2]], 'grounded': ['yes', 'yes', 'yes'], 'follow_rule': False}, {'ids': [0, 1, 2], 'colours': ['blue', 'red', 'green'], 'sizes': [3, 2, 1], 'xpos': [5.066313144637658, 3.831142881211785, 6.179843416914952], 'ypos': [4.119998383027492, 4.116400261603469, 4.116859269865], 'rotations': [3.1415958241241713, 3.1370672841503686, 3.1437895285033304], 'orientations': ['upright', 'upright', 'upright'], 'contact': [[0], [1], [2]], 'grounded': ['yes', 'yes', 'yes'], 'follow_rule': False}, {'ids': [0, 1], 'colours': ['blue', 'red'], 'sizes': [3, 1], 'xpos': [2.90118361911678, 0.463545097295093], 'ypos': [4.1163917562927335, 4.115622820295191], 'rotations': [3.14041616047031, 3.140622048888087], 'orientations': ['upright', 'upright'], 'contact': [[0], [1]], 'grounded': ['yes', 'yes'], 'follow_rule': True}, {'ids': [0, 1], 'colours': ['blue', 'blue'], 'sizes': [3, 1], 'xpos': [5.037284558600858, 1.6730755614755737], 'ypos': [4.116024991218633, 3.8351652123356255], 'rotations': [3.1413542413459212, 5.073333844963767], 'orientations': ['upright', 'rhs'], 'contact': [[0], [1]], 'grounded': ['yes', 'yes'], 'follow_rule': True}, {'ids': [0], 'colours': ['red'], 'sizes': [1], 'xpos': [0.980966455584144], 'ypos': [4.15692217898732], 'rotations': [3.14075602080225], 'contact': [{'V1': 0}], 'grounded': ['yes']}, {'ids': [0, 1], 'colours': ['blue', 'blue'], 'sizes': [2, 2], 'xpos': [5.53919900438758, 1.65854079923742], 'ypos': [4.15829751656101, 4.15751198256046], 'rotations': [3.14294469336728, 3.13947439604659], 'contact': [{'V1': 0, 'V2': 1}], 'grounded': ['yes', 'yes']}, {'ids': [0, 1, 2], 'colours': ['blue', 'red', 'blue'], 'sizes': [1, 1, 1], 'xpos': [2.91233558185412, 3.62676822308812, 1.29792616640764], 'ypos': [4.1571699418337, 4.15734457821355, 3.87855314146574], 'rotations': [3.14061931424498, 3.14080979983927, 1.21335141178178], 'contact': [{'V1': 0, 'V2': 1, 'V3': 2}], 'grounded': ['yes', 'yes', 'yes']}, {'ids': [0, 1, 2, 3], 'colours': ['blue', 'red', 'blue', 'green'], 'sizes': [1, 1, 2, 1], 'xpos': [2.95609825059217, 3.96209693679724, 2.2390687716568, 6.71224095289635], 'ypos': [4.15768622476784, 4.15787716497594, 4.15807459370596, 3.87670727460735], 'rotations': [3.13919121672235, 3.14161554480523, 3.13998936351093, 5.07284064751327], 'contact': [{'V1': 0, 'V2': 1, 'V3': 2, 'V4': 3}], 'grounded': ['yes', 'yes', 'yes', 'yes']}, {'ids': [0, 1, 2], 'colours': ['green', 'red', 'red'], 'sizes': [1, 3, 1], 'xpos': [1.21736009446034, 6.88866095105911, 4.29219484852988], 'ypos': [4.15714834736316, 4.15848443530156, 4.15761681621936], 'rotations': [3.14148035908309, 3.14030543965137, 3.14298105798337], 'contact': [{'V1': 0, 'V2': 1, 'V3': 2}], 'grounded': ['yes', 'yes', 'yes']}, {'ids': [0, 1, 2, 3, 4], 'colours': ['green', 'blue', 'green', 'red', 'red'], 'sizes': [2, 2, 2, 2, 3], 'xpos': [3.83090657832267, 2.38910717821051, 3.54259339814947, 1.00881638670343, 0.483372753490727], 'ypos': [4.15913936320131, 4.15701392299474, 3.77761038379749, 3.76166694023043, 3.53535261859211], 'rotations': [3.13980420303635, 3.14077430032494, 1.87848516525718, 1.57196158476873, 2.81423018257197], 'contact': [[0, 2], [1, 2], [2, 0, 1], [3, 4], [4, 3]], 'grounded': ['yes', 'yes', 'yes', 'yes', 'no']}, {'ids': [0, 1, 2], 'colours': ['red', 'blue', 'green'], 'sizes': [2, 2, 2], 'xpos': [6.08097769326034, 5.78861976198164, 1.25011232086784], 'ypos': [3.78458058527285, 4.1039571708585, 3.7795894526631], 'rotations': [5.04856954343186, 3.00593527717321, 5.05105310034866], 'contact': [[0, 1], [1, 0], 2], 'grounded': ['yes', 'yes', 'yes']}, {'ids': [0, 1, 2, 3], 'colours': ['red', 'green', 'red', 'red'], 'sizes': [2, 2, 2, 1], 'xpos': [4.475106476545, 0.413561660061233, 6.37662276433712, 5.00296952327856], 'ypos': [4.1607559072369, 4.15829244701068, 3.77944860362373, 3.87681059949227], 'rotations': [3.14176346787067, 3.1433043689908, 5.0514105380658, 5.07138540402654], 'contact': [{'V1': 0, 'V2': 1, 'V3': 2, 'V4': 3}], 'grounded': ['yes', 'yes', 'yes', 'yes']}]","[False, True, False, True, False, False, False, False]","[True, True, True, True, True, True, True, True]","[False, False, False, False, False, False, False, False]","[False, False, False, False, False, False, False, False]","[False, True, False, True, False, False, False, False]","[True, True, True, True, True, True, True, True]","[False, False, False, False, False, False, False, False]","[False, False, False, False, False, False, False, False]",0.0,0.0,0.0,0.0,1.0,1.0,0.75,0.75,0.0,0.0,0.0,0.0,0.0,0.0,0.9102431039525487,-4.4986811569668905,-5.545177444479562,11.076803855613617,11.090354888959125,0.9102431039525487,-4.4986811569668905,-5.545177444479562,11.076803855613617,11.090354888959125,1.0502311195665048,"[1.0, 1.0, 1.0, 1.0, 1.0, 0.0, 1.0, 0.0, 1.0, 1.0, 1.0, 1.0, 1.0, 1.0, 1.0, 0.0135, 0.9530000000000001, 0.092, 0.5895, 0.5895, 1.0, 0.0, 0.0, 0.861, 1.0, 1.0, 1.0, 0.2925, 0.999, 0.999, 1.0, 0.7155, 0.0, 0.0, 1.0, 0.0, 0.0, 0.0, 1.0, 0.0, 0.0, 0.0, 1.0, 0.0, 0.0, 0.0, 1.0, 0.0, 1.0, 1.0, 1.0, 1.0, 0.0, 0.0, 0.0, 0.0, 1.0, 1.0, 1.0, 1.0, 0.935, 0.935, 0.935, 0.935, 1.0, 1.0, 1.0, 1.0, 0.0, 1.0, 0.0, 0.0, 0.0, 1.0, 1.0, 1.0, 1.0, 1.0, 1.0, 1.0, 1.0, 1.0, 1.0, 1.0, 0.0935, 0.0935, 0.0935, 0.0935, 1.0, 1.0, 1.0, 1.0, 1.0, 1.0, 1.0, 1.0, 1.0, 1.0, 1.0, 1.0, 1.0, 1.0, 1.0, 0.013000000000000001, 1.0, 1.0, 0.998, 1.0, 1.0, 0.002, 0.998, 0.002, 1.0, 1.0, 1.0, 1.0, 1.0, 1.0, 1.0, 0.0, 0.973, 1.0, 0.9530000000000001, 1.0, 0.8925000000000001, 0.9195, 0.17400000000000002, 0.201, 1.0, 1.0, 1.0, 1.0, 0.0, 0.0, 0.0, 0.0, 1.0, 1.0, 1.0, 0.24, 1.0, 1.0, 0.968, 1.0, 0.653, 0.653, 0.653, 1.0, 0.2535, 0.2535, 0.7035, 0.10300000000000001, 1.0, 1.0, 1.0, 1.0, 0.0, 1.0, 0.0, 0.0, 1.0, 1.0, 1.0, 0.012, 0.988, 0.988, 1.0, 1.0, 1.0, 0.0, 1.0, 1.0, 1.0, 0.0, 0.0, 1.0, 0.0, 0.0, 0.0, 1.0, 1.0, 0.0, 0.0, 0.0, 1.0, 1.0, 1.0, 1.0, 0.0, 0.0, 0.0, 0.0, 1.0, 1.0, 1.0, 1.0, 0.0, 0.0, 0.0, 0.0, 1.0, 1.0, 1.0, 1.0, 1.0, 1.0, 0.841, 1.0, 1.0, 1.0, 1.0, 1.0, 0.0, 0.0, 0.0, 0.0, 1.0, 1.0, 1.0, 1.0, 1.0, 1.0, 1.0, 0.0, 0.197, 0.0, 0.85, 0.653, 0.803, 0.0, 0.0, 0.0, 0.8525, 0.847, 0.9935, 0.847, 0.28300000000000003, 0.4305, 0.426, 0.426, 1.0, 1.0, 1.0, 1.0, 1.0, 1.0, 1.0, 0.0, 0.798, 1.0, 0.7995, 0.7995, 0.0275, 0.029, 0.2265, 0.1975, 1.0, 1.0, 1.0, 1.0, 0.0, 0.0, 0.0, 0.0, 0.862, 0.854, 0.8595, 0.8955000000000001, 0.045, 0.0005, 0.8695, 0.8505, 1.0, 1.0, 1.0, 0.022, 1.0, 1.0, 1.0, 0.978, 0.28400000000000003, 0.0145, 0.1885, 0.0275, 0.2755, 0.0, 0.0015, 0.013000000000000001, 0.0, 0.0, 0.0, 1.0, 1.0, 0.0, 0.0, 0.0, 1.0, 1.0, 1.0, 1.0, 0.0, 0.0, 0.0, 0.0, 1.0, 1.0, 1.0, 1.0, 1.0, 0.0, 1.0, 0.0, 1.0, 1.0, 1.0, 1.0, 1.0, 1.0, 1.0, 0.0, 1.0, 1.0, 1.0, 0.728, 0.8265, 0.5545, 0.5545, 0.8265, 1.0, 1.0, 1.0, 1.0, 1.0, 1.0, 1.0, 1.0, 1.0, 1.0, 1.0, 0.8715, 0.9365, 0.8695, 0.8695, 0.9365, 0.229, 0.229, 0.229, 0.229, 0.801, 0.03, 0.03, 0.801, 0.0, 0.0, 0.0, 1.0, 1.0, 0.0, 0.0, 0.0, 0.108, 0.114, 0.2315, 0.108, 0.114, 0.07050000000000001, 0.0495, 0.006, 1.0, 1.0, 1.0, 1.0, 0.0, 0.0, 0.0, 0.0, 0.8955000000000001, 0.895, 0.0115, 0.0, 0.883, 0.0, 0.0, 0.0, 1.0, 1.0, 1.0, 1.0, 0.0, 0.0, 0.0, 0.0, 0.902, 0.902, 0.902, 0.678, 0.88, 0.88, 0.902, 0.807, 1.0, 1.0, 1.0, 1.0, 0.0, 0.0, 0.0, 0.0, 1.0, 1.0, 1.0, 1.0, 1.0, 1.0, 1.0, 0.0, 1.0, 1.0, 1.0, 1.0, 0.0, 0.0, 0.0, 0.0, 1.0, 1.0, 1.0, 1.0, 0.008, 0.008, 0.008, 0.008, 1.0, 1.0, 1.0, 1.0, 1.0, 1.0, 1.0, 0.0, 1.0, 1.0, 1.0, 1.0, 1.0, 1.0, 0.6980000000000001, 1.0, 1.0, 1.0, 1.0, 1.0, 0.0, 0.0, 0.0, 0.0, 1.0, 1.0, 1.0, 1.0, 1.0, 1.0, 1.0, 0.0, 0.9530000000000001, 0.9530000000000001, 0.9530000000000001, 1.0, 1.0, 1.0, 0.641, 0.9530000000000001, 1.0, 1.0, 1.0, 1.0, 0.0, 0.0, 0.0, 0.0, 1.0, 1.0, 1.0, 1.0, 1.0, 1.0, 1.0, 1.0, 1.0, 1.0, 1.0, 1.0, 0.0, 0.0, 0.0, 0.0, 1.0, 1.0, 1.0, 1.0, 1.0, 1.0, 1.0, 1.0, 1.0, 1.0, 1.0, 1.0, 0.021500000000000002, 0.021500000000000002, 0.021500000000000002, 0.021500000000000002, 0.021500000000000002, 0.003, 0.02, 0.0095, 0.0095, 0.964, 0.9555, 0.0095, 1.0, 1.0, 1.0, 1.0, 1.0, 1.0, 1.0, 1.0, 1.0, 1.0, 1.0, 1.0, 0.0, 0.0, 0.0, 0.0, 1.0, 1.0, 1.0, 1.0, 0.0, 0.0, 1.0, 1.0, 1.0, 0.873, 0.198, 0.198, 1.0, 1.0, 0.6905, 1.0, 1.0, 1.0, 1.0, 1.0, 1.0, 1.0, 1.0, 0.0, 1.0, 0.999, 0.999, 1.0, 0.0025, 0.0025, 0.0025, 0.0025, 1.0, 1.0, 1.0, 1.0, 1.0, 0.686, 0.314, 0.0, 1.0, 1.0, 1.0, 1.0, 0.524, 0.524, 1.0, 0.47600000000000003, 1.0, 1.0, 1.0, 1.0, 0.008, 0.008, 0.008, 0.008, 0.9935, 0.9935, 0.9775, 0.9935, 0.9935, 0.0225, 0.988, 0.017, 1.0, 1.0, 1.0, 1.0, 0.0725, 0.0725, 0.0725, 0.0725, 0.041, 1.0, 1.0, 0.9590000000000001, 0.041, 0.9590000000000001, 1.0, 0.0, 0.7435, 0.9835, 0.7425, 0.986, 0.7435, 0.7435, 0.256, 0.987, 1.0, 0.005, 1.0, 1.0, 1.0, 0.005, 0.005, 1.0, 1.0, 1.0, 1.0, 1.0, 1.0, 1.0, 1.0, 0.0, 1.0, 1.0, 1.0, 1.0, 0.0, 0.0, 0.0, 0.0, 1.0, 1.0, 1.0, 1.0, 0.0, 0.0, 0.0, 0.0, 0.9705, 0.9705, 0.9145, 1.0, 0.8015, 0.8015, 0.9705, 0.7865, 1.0, 1.0, 1.0, 1.0, 0.0, 0.0, 0.0, 0.0, 1.0, 1.0, 1.0, 1.0, 0.0, 0.0, 0.0, 0.0, 1.0, 1.0, 1.0, 1.0, 0.0, 0.0, 0.0, 0.0, 1.0, 1.0, 1.0, 1.0, 1.0, 1.0, 1.0, 1.0]",-418.5875071169283,843.720363894191,-482.430437669722,964.860875339444,0.5138983421086265,-3.014161290051494,8.107764121782823,0.5138983421086265,-3.014161290051494,8.107764121782823,0.6334250289943713,"[1.0, 1.0, 1.0, 1.0, 1.0, 0.0, 1.0, 0.0, 1.0, 1.0, 1.0, 1.0, 1.0, 1.0, 1.0, 0.0, 0.0, 0.0, 0.0, 0.0, 0.0, 0.0, 0.0, 0.0, 1.0, 1.0, 1.0, 0.0, 0.0, 0.0, 1.0, 0.0, 0.0, 0.0, 1.0, 1.0, 0.0, 1.0, 1.0, 1.0, 1.0, 1.0, 1.0, 1.0, 0.0, 0.0, 1.0, 1.0, 1.0, 1.0, 1.0, 1.0, 0.0, 0.0, 0.0, 0.0, 1.0, 1.0, 1.0, 1.0, 0.0, 0.0, 0.0, 0.0, 0.0, 0.0, 0.0, 0.0, 0.0, 1.0, 1.0, 0.0, 1.0, 1.0, 1.0, 1.0, 0.0, 0.0, 0.0, 0.0, 1.0, 1.0, 1.0, 1.0, 0.0, 0.0, 0.0, 0.0, 1.0, 1.0, 1.0, 1.0, 1.0, 1.0, 0.0, 1.0, 1.0, 1.0, 1.0, 1.0, 1.0, 1.0, 1.0, 0.0, 1.0, 1.0, 1.0, 1.0, 1.0, 0.0, 1.0, 0.0, 0.0, 1.0, 0.0, 0.0, 1.0, 1.0, 1.0, 0.0, 1.0, 1.0, 0.0, 1.0, 1.0, 0.0, 0.0, 0.0, 1.0, 1.0, 1.0, 0.0, 1.0, 1.0, 1.0, 1.0, 1.0, 1.0, 1.0, 1.0, 0.0, 0.0, 0.0, 0.0, 1.0, 1.0, 1.0, 0.0, 0.0, 0.0, 1.0, 0.0, 0.0, 0.0, 1.0, 0.0, 0.0, 0.0, 0.0, 0.0, 1.0, 1.0, 1.0, 0.0, 0.0, 0.0, 1.0, 0.0, 0.0, 0.0, 0.0, 1.0, 0.0, 0.0, 0.0, 0.0, 0.0, 0.0, 0.0, 1.0, 0.0, 0.0, 0.0, 0.0, 1.0, 1.0, 1.0, 1.0, 0.0, 0.0, 0.0, 0.0, 1.0, 1.0, 1.0, 0.0, 0.0, 0.0, 1.0, 0.0, 1.0, 1.0, 1.0, 1.0, 0.0, 0.0, 0.0, 0.0, 1.0, 1.0, 1.0, 1.0, 0.0, 0.0, 0.0, 0.0, 1.0, 1.0, 1.0, 1.0, 1.0, 1.0, 1.0, 0.0, 0.0, 0.0, 0.0, 0.0, 1.0, 0.0, 0.0, 0.0, 1.0, 1.0, 1.0, 1.0, 1.0, 1.0, 1.0, 1.0, 1.0, 1.0, 1.0, 1.0, 1.0, 1.0, 1.0, 0.0, 0.0, 0.0, 0.0, 0.0, 0.0, 0.0, 0.0, 0.0, 0.0, 1.0, 0.0, 1.0, 0.0, 1.0, 0.0, 1.0, 0.0, 0.0, 0.0, 1.0, 0.0, 0.0, 0.0, 0.0, 1.0, 1.0, 1.0, 0.0, 0.0, 0.0, 1.0, 0.0, 1.0, 1.0, 1.0, 1.0, 1.0, 0.0, 1.0, 0.0, 0.0, 1.0, 1.0, 1.0, 0.0, 0.0, 0.0, 0.0, 1.0, 1.0, 1.0, 0.0, 1.0, 1.0, 1.0, 1.0, 0.0, 1.0, 1.0, 1.0, 0.0, 0.0, 0.0, 0.0, 1.0, 1.0, 1.0, 1.0, 1.0, 1.0, 1.0, 0.0, 1.0, 1.0, 1.0, 1.0, 0.0, 0.0, 0.0, 0.0, 1.0, 1.0, 1.0, 1.0, 0.0, 0.0, 0.0, 0.0, 0.0, 1.0, 0.0, 0.0, 0.0, 0.0, 0.0, 0.0, 1.0, 1.0, 1.0, 1.0, 1.0, 0.0, 1.0, 1.0, 0.0, 0.0, 0.0, 0.0, 0.0, 1.0, 1.0, 0.0, 1.0, 1.0, 1.0, 1.0, 1.0, 0.0, 1.0, 0.0, 1.0, 1.0, 1.0, 1.0, 1.0, 0.0, 1.0, 1.0, 0.0, 0.0, 0.0, 0.0, 0.0, 1.0, 1.0, 0.0, 1.0, 0.0, 0.0, 1.0, 0.0, 0.0, 0.0, 0.0, 1.0, 1.0, 1.0, 0.0, 0.0, 0.0, 1.0, 0.0, 1.0, 1.0, 1.0, 0.0, 0.0, 0.0, 0.0, 0.0, 1.0, 1.0, 1.0, 1.0, 1.0, 1.0, 1.0, 0.0, 0.0, 0.0, 0.0, 0.0, 0.0, 0.0, 0.0, 0.0, 1.0, 0.0, 1.0, 0.0, 0.0, 0.0, 0.0, 0.0, 1.0, 1.0, 1.0, 1.0, 1.0, 1.0, 1.0, 0.0, 1.0, 1.0, 1.0, 1.0, 1.0, 1.0, 0.0, 1.0, 1.0, 1.0, 1.0, 1.0, 0.0, 0.0, 0.0, 0.0, 1.0, 1.0, 1.0, 1.0, 1.0, 1.0, 1.0, 0.0, 0.0, 1.0, 1.0, 1.0, 0.0, 0.0, 0.0, 0.0, 1.0, 1.0, 1.0, 1.0, 0.0, 0.0, 0.0, 0.0, 1.0, 0.0, 1.0, 0.0, 0.0, 0.0, 0.0, 0.0, 1.0, 1.0, 1.0, 1.0, 1.0, 0.0, 1.0, 0.0, 1.0, 1.0, 1.0, 0.0, 1.0, 1.0, 0.0, 1.0, 1.0, 1.0, 1.0, 1.0, 0.0, 0.0, 0.0, 0.0, 0.0, 0.0, 0.0, 0.0, 0.0, 1.0, 0.0, 0.0, 1.0, 1.0, 1.0, 1.0, 0.0, 0.0, 0.0, 0.0, 0.0, 0.0, 0.0, 0.0, 0.0, 0.0, 0.0, 0.0, 1.0, 0.0, 1.0, 0.0, 0.0, 0.0, 0.0, 0.0, 1.0, 1.0, 0.0, 0.0, 1.0, 1.0, 1.0, 1.0, 1.0, 1.0, 1.0, 1.0, 1.0, 1.0, 1.0, 1.0, 1.0, 1.0, 1.0, 1.0, 1.0, 0.0, 1.0, 1.0, 0.0, 1.0, 0.0, 1.0, 0.0, 1.0, 0.0, 0.0, 1.0, 1.0, 1.0, 1.0, 0.0, 0.0, 1.0, 0.0, 1.0, 1.0, 1.0, 1.0, 0.0, 0.0, 0.0, 0.0, 0.0, 0.0, 0.0, 1.0, 0.0, 0.0, 0.0, 0.0, 1.0, 1.0, 1.0, 1.0, 0.0, 0.0, 0.0, 0.0, 0.0, 1.0, 1.0, 1.0, 0.0, 1.0, 1.0, 0.0, 1.0, 1.0, 1.0, 1.0, 0.0, 0.0, 0.0, 0.0, 1.0, 0.0, 1.0, 1.0, 1.0, 0.0, 0.0, 1.0, 1.0, 1.0, 1.0, 1.0, 1.0, 1.0, 1.0, 0.0, 0.0, 1.0, 1.0, 1.0, 1.0, 1.0, 0.0, 0.0, 1.0, 1.0, 1.0, 1.0, 0.0, 0.0, 0.0, 0.0, 1.0, 1.0, 1.0, 0.0, 0.0, 0.0, 1.0, 0.0, 1.0, 1.0, 1.0, 1.0, 0.0, 0.0, 0.0, 0.0, 0.0, 0.0, 0.0, 0.0, 0.0, 0.0, 0.0, 0.0, 0.0, 1.0, 0.0, 1.0, 0.0, 1.0, 1.0, 0.0, 1.0, 1.0, 1.0, 1.0, 1.0, 0.0, 0.0, 1.0]",-318.3726801373107,643.2907099349558,0.5138983421086265,-3.014161290051494,-5.545177444479562,8.107764121782823,11.090354888959125,0.5138983421086265,-3.014161290051494,-5.545177444479562,8.107764121782823,11.090354888959125,0.6173530694834558,"[1.0, 1.0, 1.0, 1.0, 1.0, 0.0, 1.0, 0.0, 1.0, 1.0, 1.0, 1.0, 1.0, 1.0, 1.0, 0.0, 0.0, 0.0, 0.0, 0.0, 0.0, 0.0, 0.0, 0.0, 1.0, 1.0, 1.0, 0.0, 0.0, 0.0, 1.0, 0.0, 0.0, 0.0, 1.0, 1.0, 0.0, 1.0, 1.0, 1.0, 0.0, 0.0, 0.0, 0.0, 0.0, 0.0, 0.0, 0.0, 1.0, 1.0, 1.0, 1.0, 0.0, 0.0, 0.0, 0.0, 1.0, 1.0, 1.0, 1.0, 0.0, 0.0, 0.0, 0.0, 0.0, 0.0, 0.0, 0.0, 0.0, 1.0, 1.0, 0.0, 0.0, 0.0, 0.0, 1.0, 0.0, 0.0, 0.0, 0.0, 1.0, 1.0, 1.0, 1.0, 0.0, 0.0, 0.0, 0.0, 0.0, 0.0, 0.0, 0.0, 1.0, 1.0, 0.0, 1.0, 1.0, 1.0, 1.0, 1.0, 1.0, 1.0, 1.0, 0.0, 1.0, 1.0, 1.0, 1.0, 1.0, 0.0, 1.0, 0.0, 0.0, 1.0, 0.0, 0.0, 1.0, 1.0, 1.0, 0.0, 1.0, 1.0, 0.0, 1.0, 1.0, 0.0, 0.0, 0.0, 1.0, 1.0, 1.0, 0.0, 1.0, 1.0, 1.0, 1.0, 1.0, 1.0, 1.0, 1.0, 0.0, 0.0, 0.0, 0.0, 1.0, 1.0, 1.0, 0.0, 0.0, 0.0, 1.0, 0.0, 0.0, 0.0, 1.0, 0.0, 0.0, 0.0, 0.0, 0.0, 1.0, 1.0, 1.0, 0.0, 0.0, 0.0, 1.0, 0.0, 0.0, 0.0, 0.0, 1.0, 0.0, 0.0, 0.0, 0.0, 0.0, 0.0, 0.0, 1.0, 0.0, 0.0, 0.0, 0.0, 1.0, 1.0, 1.0, 1.0, 0.0, 0.0, 0.0, 0.0, 1.0, 1.0, 1.0, 0.0, 0.0, 0.0, 1.0, 0.0, 1.0, 1.0, 1.0, 1.0, 0.0, 0.0, 0.0, 0.0, 1.0, 1.0, 1.0, 1.0, 0.0, 0.0, 0.0, 0.0, 1.0, 1.0, 1.0, 1.0, 1.0, 1.0, 1.0, 0.0, 0.0, 0.0, 0.0, 0.0, 1.0, 0.0, 0.0, 0.0, 1.0, 1.0, 1.0, 1.0, 1.0, 1.0, 1.0, 1.0, 1.0, 1.0, 1.0, 1.0, 1.0, 1.0, 1.0, 0.0, 0.0, 0.0, 0.0, 0.0, 0.0, 0.0, 0.0, 0.0, 0.0, 1.0, 0.0, 1.0, 0.0, 1.0, 0.0, 1.0, 0.0, 0.0, 0.0, 1.0, 0.0, 0.0, 0.0, 0.0, 1.0, 1.0, 1.0, 0.0, 0.0, 0.0, 1.0, 0.0, 1.0, 1.0, 1.0, 1.0, 1.0, 0.0, 1.0, 0.0, 0.0, 1.0, 1.0, 1.0, 0.0, 0.0, 0.0, 0.0, 1.0, 1.0, 1.0, 0.0, 1.0, 1.0, 1.0, 1.0, 0.0, 1.0, 1.0, 1.0, 0.0, 0.0, 0.0, 0.0, 1.0, 1.0, 1.0, 1.0, 1.0, 1.0, 1.0, 0.0, 1.0, 1.0, 1.0, 1.0, 0.0, 0.0, 0.0, 0.0, 1.0, 1.0, 1.0, 1.0, 0.0, 0.0, 0.0, 0.0, 0.0, 1.0, 0.0, 0.0, 0.0, 0.0, 0.0, 0.0, 0.0, 0.0, 0.0, 0.0, 0.0, 0.0, 0.0, 0.0, 1.0, 0.0, 1.0, 1.0, 1.0, 0.0, 0.0, 1.0, 1.0, 1.0, 1.0, 1.0, 1.0, 0.0, 1.0, 0.0, 1.0, 1.0, 1.0, 1.0, 1.0, 0.0, 1.0, 1.0, 0.0, 0.0, 0.0, 0.0, 0.0, 1.0, 1.0, 0.0, 1.0, 0.0, 0.0, 1.0, 0.0, 0.0, 0.0, 0.0, 1.0, 1.0, 1.0, 0.0, 0.0, 0.0, 1.0, 0.0, 1.0, 1.0, 1.0, 0.0, 0.0, 0.0, 0.0, 0.0, 1.0, 1.0, 1.0, 1.0, 1.0, 1.0, 1.0, 0.0, 0.0, 0.0, 0.0, 0.0, 0.0, 0.0, 0.0, 0.0, 1.0, 0.0, 1.0, 0.0, 0.0, 0.0, 0.0, 0.0, 1.0, 1.0, 1.0, 1.0, 1.0, 1.0, 1.0, 0.0, 1.0, 1.0, 1.0, 1.0, 1.0, 1.0, 0.0, 1.0, 1.0, 1.0, 1.0, 1.0, 0.0, 0.0, 0.0, 0.0, 1.0, 1.0, 1.0, 1.0, 1.0, 1.0, 1.0, 0.0, 0.0, 1.0, 1.0, 1.0, 0.0, 0.0, 0.0, 0.0, 1.0, 1.0, 1.0, 1.0, 0.0, 0.0, 0.0, 0.0, 1.0, 0.0, 1.0, 0.0, 0.0, 0.0, 0.0, 0.0, 1.0, 1.0, 1.0, 1.0, 1.0, 0.0, 1.0, 0.0, 1.0, 1.0, 1.0, 0.0, 1.0, 1.0, 0.0, 1.0, 1.0, 1.0, 1.0, 1.0, 0.0, 0.0, 0.0, 0.0, 0.0, 0.0, 0.0, 0.0, 0.0, 1.0, 0.0, 0.0, 1.0, 1.0, 1.0, 1.0, 0.0, 0.0, 0.0, 0.0, 0.0, 0.0, 0.0, 0.0, 0.0, 0.0, 0.0, 0.0, 1.0, 0.0, 1.0, 0.0, 0.0, 0.0, 0.0, 0.0, 1.0, 1.0, 0.0, 0.0, 1.0, 1.0, 1.0, 1.0, 1.0, 1.0, 1.0, 1.0, 1.0, 1.0, 1.0, 1.0, 1.0, 1.0, 1.0, 1.0, 1.0, 0.0, 1.0, 1.0, 0.0, 1.0, 0.0, 1.0, 0.0, 1.0, 0.0, 0.0, 1.0, 1.0, 1.0, 1.0, 0.0, 0.0, 1.0, 0.0, 1.0, 1.0, 1.0, 1.0, 0.0, 0.0, 0.0, 0.0, 0.0, 0.0, 0.0, 1.0, 0.0, 0.0, 0.0, 0.0, 1.0, 1.0, 1.0, 1.0, 0.0, 0.0, 0.0, 0.0, 0.0, 1.0, 1.0, 1.0, 0.0, 1.0, 1.0, 0.0, 1.0, 1.0, 1.0, 1.0, 0.0, 0.0, 0.0, 0.0, 1.0, 0.0, 1.0, 1.0, 1.0, 0.0, 0.0, 1.0, 1.0, 1.0, 1.0, 1.0, 1.0, 1.0, 1.0, 0.0, 0.0, 0.0, 1.0, 0.0, 0.0, 1.0, 0.0, 0.0, 1.0, 1.0, 1.0, 1.0, 0.0, 0.0, 0.0, 0.0, 1.0, 1.0, 1.0, 0.0, 0.0, 0.0, 1.0, 0.0, 1.0, 1.0, 1.0, 1.0, 0.0, 0.0, 0.0, 0.0, 0.0, 0.0, 0.0, 0.0, 0.0, 0.0, 0.0, 0.0, 0.0, 1.0, 0.0, 1.0, 0.0, 1.0, 1.0, 0.0, 1.0, 1.0, 1.0, 1.0, 1.0, 0.0, 0.0, 1.0]",-311.9759791000219,630.4973078603782,-482.430437669722,964.860875339444,0.5138983421086265,-3.014161290051494,-5.545177444479562,8.107764121782823,11.090354888959125,0.5138983421086265,-3.014161290051494,-5.545177444479562,8.107764121782823,11.090354888959125,1.0908740239314543,"[0.0, 0.0, 1.0, 0.0, 0.0, 0.0, 0.0, 0.0, 1.0, 1.0, 1.0, 1.0, 0.877, 0.877, 0.877, 0.0, 1.0, 0.259, 1.0, 1.0, 0.8015, 0.0, 0.259, 1.0, 1.0, 1.0, 1.0, 1.0, 1.0, 1.0, 1.0, 0.0, 0.0, 0.0, 1.0, 0.0, 0.0, 0.0, 1.0, 0.0, 0.0, 0.0, 1.0, 0.0, 0.0, 0.0, 1.0, 0.0, 0.0, 0.0, 0.0, 0.0775, 0.0, 0.0, 0.1635, 0.47100000000000003, 1.0, 1.0, 1.0, 1.0, 0.0, 0.0, 0.0, 0.0, 0.0, 0.0, 0.0, 0.0, 0.0, 0.0, 0.0, 0.0, 1.0, 1.0, 1.0, 1.0, 1.0, 1.0, 1.0, 0.0, 1.0, 1.0, 1.0, 1.0, 0.0, 0.0, 0.0, 0.0, 0.0, 0.0, 0.0, 0.0, 0.0, 0.113, 0.113, 0.0, 0.0, 0.0, 0.0, 1.0, 0.0, 0.0, 0.0, 0.0, 1.0, 1.0, 1.0, 1.0, 0.0, 0.0, 0.0, 0.0, 0.9995, 1.0, 1.0, 0.663, 1.0, 1.0, 1.0, 0.353, 1.0, 1.0, 1.0, 1.0, 0.082, 0.082, 0.0, 0.0, 0.973, 1.0, 0.7655000000000001, 0.605, 0.973, 1.0, 1.0, 0.368, 0.0, 0.0, 1.0, 0.0, 1.0, 0.0, 1.0, 0.0, 1.0, 1.0, 1.0, 1.0, 0.0, 0.0, 1.0, 0.0, 1.0, 1.0, 1.0, 1.0, 0.0, 0.9465, 0.0, 0.0, 0.666, 1.0, 0.666, 0.666, 0.0, 0.0, 0.7975, 0.0, 0.0, 0.9430000000000001, 0.0, 1.0, 1.0, 0.0, 0.0, 0.0, 0.0, 1.0, 0.0, 0.0, 0.0, 0.0, 0.0, 0.0, 1.0, 1.0, 1.0, 1.0, 0.0, 0.0, 0.0, 0.0, 1.0, 1.0, 1.0, 1.0, 1.0, 1.0, 1.0, 0.0005, 1.0, 1.0, 1.0, 1.0, 1.0, 1.0, 0.0, 1.0, 1.0, 1.0, 1.0, 1.0, 0.0, 0.0, 0.0, 0.0, 1.0, 1.0, 1.0, 1.0, 1.0, 1.0, 1.0, 0.0, 1.0, 0.0, 1.0, 0.0, 0.0, 0.0, 0.0, 0.0, 0.0, 1.0, 0.0, 1.0, 0.0, 1.0, 0.0, 1.0, 1.0, 1.0, 1.0, 1.0, 1.0, 1.0, 1.0, 0.0, 1.0, 0.0, 1.0, 1.0, 1.0, 0.0, 0.0, 1.0, 1.0, 1.0, 1.0, 1.0, 1.0, 1.0, 1.0, 1.0, 0.0, 0.9580000000000001, 0.0, 0.0, 0.0, 0.0, 0.0045000000000000005, 0.0, 0.0, 0.0, 0.0, 0.0, 0.0, 0.0, 0.0, 1.0, 0.0, 0.0, 0.0005, 0.0, 0.0, 0.0, 0.0, 0.0, 0.0, 1.0, 0.0, 0.0, 0.0, 0.0, 0.0, 0.0, 1.0, 1.0, 1.0, 0.001, 0.001, 0.001, 1.0, 0.0, 0.0, 0.0, 0.6225, 0.0, 0.0, 0.0, 0.0, 0.0, 1.0, 1.0, 1.0, 1.0, 0.0, 0.0, 0.0, 0.0, 0.0, 0.0, 0.0, 0.0, 0.0, 0.0, 0.0, 0.0, 1.0, 1.0, 1.0, 1.0, 1.0, 1.0, 1.0, 0.0, 0.0, 0.0, 0.0, 1.0, 0.0, 0.0, 1.0, 0.0, 1.0, 1.0, 1.0, 1.0, 0.0, 0.0, 0.0, 0.0, 0.0, 1.0, 0.0, 0.0, 1.0, 0.0, 0.0, 1.0, 1.0, 1.0, 1.0, 1.0, 0.0, 0.0, 0.0, 0.0, 1.0, 1.0, 1.0, 1.0, 1.0, 0.0, 1.0, 1.0, 0.0, 0.0005, 0.0, 0.0, 0.0, 0.38, 0.0, 0.0, 1.0, 1.0, 1.0, 1.0, 0.0, 0.0, 0.0, 0.0, 1.0, 1.0, 1.0, 0.999, 1.0, 1.0, 1.0, 0.0195, 1.0, 1.0, 1.0, 1.0, 0.0, 0.0, 0.0, 0.0, 0.0, 0.6285000000000001, 0.0, 0.328, 0.0, 0.0, 0.6285000000000001, 0.0, 0.0, 0.0, 0.0, 0.0, 0.0, 0.0, 0.0, 1.0, 1.0, 1.0, 1.0, 1.0, 0.0, 0.0, 0.0, 0.0, 1.0, 1.0, 1.0, 1.0, 1.0, 1.0, 1.0, 0.0, 1.0, 1.0, 1.0, 1.0, 1.0, 1.0, 0.0375, 1.0, 1.0, 1.0, 1.0, 1.0, 0.0, 0.0, 0.0, 0.0, 1.0, 1.0, 1.0, 1.0, 1.0, 1.0, 1.0, 0.0, 1.0, 1.0, 1.0, 1.0, 1.0, 1.0, 0.0, 1.0, 1.0, 1.0, 1.0, 1.0, 0.0, 0.0, 0.0, 0.0, 1.0, 1.0, 1.0, 1.0, 1.0, 1.0, 1.0, 1.0, 0.0, 0.0, 0.4395, 0.0, 0.0, 0.0, 0.001, 1.0, 0.0, 0.0, 0.0, 0.0, 0.0, 0.0, 0.0, 0.0, 1.0, 1.0, 1.0, 0.0, 1.0, 0.0, 0.0, 1.0, 0.0, 0.0, 1.0, 1.0, 1.0, 0.0, 0.0, 0.0, 0.0, 0.0, 0.0, 0.0, 0.0, 0.0, 0.0, 0.0, 1.0, 1.0, 1.0, 1.0, 0.0, 0.0, 0.0, 0.0, 0.0, 0.0, 0.0, 0.0, 0.0, 1.0, 0.0, 0.0, 1.0, 1.0, 1.0, 1.0, 0.0, 0.4945, 0.0, 0.0, 1.0, 1.0, 1.0, 1.0, 0.0, 0.0, 1.0, 1.0, 1.0, 1.0, 1.0, 1.0, 0.0, 0.0, 0.0, 0.0, 1.0, 1.0, 1.0, 1.0, 1.0, 0.704, 0.296, 0.0, 1.0, 1.0, 1.0, 1.0, 0.0, 0.0, 1.0, 1.0, 1.0, 1.0, 1.0, 1.0, 0.0, 0.0, 0.0, 0.0, 0.006, 1.0, 0.006, 0.708, 0.298, 1.0, 0.298, 1.0, 1.0, 1.0, 1.0, 1.0, 0.0, 0.0, 0.0, 0.0, 1.0, 0.0, 1.0, 1.0, 1.0, 0.0, 0.0, 1.0, 0.0, 1.0, 1.0, 1.0, 0.0, 0.0, 0.0, 0.0, 1.0, 0.224, 1.0, 1.0, 0.776, 0.0, 0.224, 1.0, 1.0, 1.0, 1.0, 1.0, 0.0, 0.0, 0.0, 0.0, 1.0, 1.0, 0.0, 1.0, 1.0, 1.0, 0.0, 1.0, 1.0, 1.0, 1.0, 1.0, 0.0, 0.0, 0.0, 0.0, 1.0, 1.0, 1.0, 1.0, 1.0, 1.0, 1.0, 0.0, 1.0, 1.0, 1.0, 1.0, 0.0, 0.0, 0.0, 0.0, 0.0, 0.0, 0.0, 0.0, 0.0, 0.0, 0.0, 0.0, 1.0, 0.4865, 1.0, 1.0, 1.0, 0.0075, 0.4865, 1.0, 0.0225, 0.0, 0.0, 0.9775, 0.0, 0.0, 0.0, 0.0]",-419.18595103414617,844.9172517286268,-482.430437669722,964.860875339444,0.5138983421086265,-3.014161290051494,-5.545177444479562,8.107764121782823,11.090354888959125,0.5138983421086265,-3.014161290051494,-5.545177444479562,8.107764121782823,11.090354888959125,0.5787520451143159,"[1.0, 1.0, 1.0, 1.0, 1.0, 0.0, 1.0, 0.0, 1.0, 1.0, 1.0, 1.0, 1.0, 1.0, 1.0, 0.0, 0.0, 0.0, 0.0, 0.0, 0.0, 0.0, 0.0, 0.0, 1.0, 1.0, 1.0, 1.0, 0.0, 0.0, 1.0, 0.0, 0.0, 0.0, 0.0, 0.0, 0.0, 1.0, 0.0, 0.0, 0.0, 0.0, 0.0, 0.0, 0.0, 0.0, 0.0, 0.0, 1.0, 1.0, 1.0, 1.0, 0.0, 0.0, 0.0, 0.0, 1.0, 1.0, 1.0, 1.0, 0.0, 0.0, 0.0, 0.0, 0.0, 0.0, 0.0, 0.0, 0.0, 1.0, 1.0, 0.0, 1.0, 1.0, 1.0, 1.0, 0.0, 0.0, 0.0, 0.0, 1.0, 1.0, 1.0, 1.0, 0.0, 0.0, 0.0, 0.0, 0.0, 0.0, 0.0, 0.0, 0.0, 0.0, 0.0, 0.0, 1.0, 1.0, 1.0, 1.0, 1.0, 1.0, 1.0, 0.0, 1.0, 1.0, 1.0, 1.0, 1.0, 0.0, 1.0, 0.0, 0.0, 1.0, 0.0, 0.0, 1.0, 1.0, 1.0, 0.0, 1.0, 1.0, 0.0, 1.0, 1.0, 0.0, 0.0, 0.0, 1.0, 1.0, 1.0, 0.0, 1.0, 1.0, 1.0, 1.0, 1.0, 1.0, 1.0, 1.0, 0.0, 0.0, 0.0, 0.0, 1.0, 1.0, 1.0, 0.0, 0.0, 0.0, 1.0, 0.0, 0.0, 0.0, 1.0, 0.0, 0.0, 0.0, 0.0, 0.0, 1.0, 1.0, 1.0, 0.0, 0.0, 0.0, 1.0, 0.0, 0.0, 0.0, 0.0, 1.0, 0.0, 0.0, 0.0, 0.0, 0.0, 0.0, 0.0, 1.0, 0.0, 0.0, 0.0, 0.0, 1.0, 1.0, 1.0, 1.0, 0.0, 0.0, 0.0, 0.0, 1.0, 1.0, 1.0, 0.0, 0.0, 0.0, 1.0, 0.0, 1.0, 1.0, 1.0, 1.0, 0.0, 0.0, 0.0, 0.0, 1.0, 1.0, 1.0, 1.0, 0.0, 0.0, 0.0, 0.0, 1.0, 1.0, 1.0, 1.0, 1.0, 1.0, 1.0, 0.0, 0.0, 0.0, 0.0, 0.0, 1.0, 0.0, 0.0, 0.0, 1.0, 1.0, 1.0, 1.0, 1.0, 1.0, 1.0, 1.0, 1.0, 1.0, 1.0, 1.0, 1.0, 1.0, 1.0, 0.0, 0.0, 0.0, 0.0, 0.0, 0.0, 0.0, 0.0, 0.0, 0.0, 1.0, 0.0, 1.0, 0.0, 1.0, 0.0, 1.0, 0.0, 0.0, 0.0, 1.0, 0.0, 0.0, 0.0, 0.0, 1.0, 1.0, 1.0, 0.0, 0.0, 0.0, 1.0, 0.0, 0.0, 0.0, 1.0, 0.0, 0.0, 0.0, 0.0, 0.0, 0.0, 1.0, 1.0, 1.0, 0.0, 0.0, 0.0, 0.0, 1.0, 1.0, 1.0, 0.0, 1.0, 1.0, 1.0, 1.0, 0.0, 0.0, 1.0, 0.0, 0.0, 0.0, 0.0, 0.0, 1.0, 1.0, 1.0, 1.0, 1.0, 1.0, 1.0, 0.0, 1.0, 1.0, 1.0, 1.0, 0.0, 0.0, 0.0, 0.0, 1.0, 1.0, 1.0, 1.0, 0.0, 0.0, 0.0, 0.0, 0.0, 1.0, 0.0, 0.0, 0.0, 0.0, 0.0, 0.0, 0.0, 0.0, 0.0, 0.0, 0.0, 0.0, 0.0, 0.0, 0.0, 0.0, 0.0, 0.0, 0.0, 0.0, 0.0, 0.0, 1.0, 1.0, 0.0, 1.0, 1.0, 0.0, 1.0, 0.0, 1.0, 1.0, 1.0, 1.0, 1.0, 0.0, 1.0, 1.0, 0.0, 0.0, 0.0, 0.0, 0.0, 1.0, 1.0, 0.0, 1.0, 0.0, 0.0, 1.0, 0.0, 0.0, 0.0, 0.0, 1.0, 1.0, 1.0, 0.0, 0.0, 0.0, 1.0, 0.0, 1.0, 1.0, 1.0, 0.0, 0.0, 0.0, 0.0, 0.0, 1.0, 1.0, 1.0, 1.0, 1.0, 1.0, 1.0, 0.0, 0.0, 0.0, 0.0, 0.0, 0.0, 0.0, 0.0, 0.0, 1.0, 0.0, 1.0, 0.0, 0.0, 0.0, 0.0, 0.0, 1.0, 1.0, 1.0, 1.0, 1.0, 1.0, 1.0, 0.0, 1.0, 1.0, 1.0, 1.0, 1.0, 1.0, 0.0, 1.0, 1.0, 1.0, 1.0, 1.0, 0.0, 0.0, 0.0, 0.0, 1.0, 1.0, 1.0, 1.0, 1.0, 1.0, 1.0, 0.0, 0.0, 1.0, 1.0, 1.0, 0.0, 0.0, 0.0, 0.0, 1.0, 1.0, 1.0, 1.0, 0.0, 0.0, 0.0, 0.0, 1.0, 0.0, 1.0, 0.0, 0.0, 0.0, 0.0, 0.0, 1.0, 1.0, 1.0, 1.0, 1.0, 0.0, 1.0, 0.0, 1.0, 1.0, 1.0, 0.0, 1.0, 1.0, 0.0, 1.0, 1.0, 1.0, 1.0, 1.0, 0.0, 0.0, 0.0, 0.0, 0.0, 0.0, 0.0, 0.0, 0.0, 0.0, 0.0, 0.0, 1.0, 1.0, 1.0, 1.0, 0.0, 0.0, 0.0, 0.0, 0.0, 0.0, 0.0, 0.0, 0.0, 0.0, 0.0, 0.0, 0.0, 0.0, 0.0, 0.0, 0.0, 0.0, 0.0, 0.0, 1.0, 1.0, 0.0, 0.0, 1.0, 1.0, 1.0, 1.0, 1.0, 1.0, 1.0, 1.0, 1.0, 1.0, 1.0, 1.0, 1.0, 1.0, 1.0, 1.0, 1.0, 0.0, 1.0, 1.0, 0.0, 1.0, 0.0, 1.0, 0.0, 1.0, 0.0, 0.0, 1.0, 1.0, 1.0, 1.0, 0.0, 0.0, 1.0, 0.0, 1.0, 1.0, 1.0, 1.0, 0.0, 0.0, 0.0, 0.0, 0.0, 0.0, 0.0, 1.0, 0.0, 0.0, 0.0, 0.0, 1.0, 1.0, 1.0, 1.0, 0.0, 0.0, 0.0, 0.0, 0.0, 1.0, 1.0, 1.0, 0.0, 1.0, 1.0, 0.0, 1.0, 1.0, 1.0, 1.0, 0.0, 0.0, 0.0, 0.0, 1.0, 0.0, 1.0, 1.0, 1.0, 0.0, 0.0, 1.0, 1.0, 1.0, 1.0, 1.0, 1.0, 1.0, 1.0, 0.0, 0.0, 1.0, 1.0, 1.0, 1.0, 1.0, 0.0, 0.0, 1.0, 1.0, 1.0, 1.0, 0.0, 0.0, 0.0, 0.0, 1.0, 1.0, 1.0, 0.0, 0.0, 0.0, 1.0, 0.0, 1.0, 1.0, 1.0, 1.0, 0.0, 0.0, 0.0, 0.0, 0.0, 0.0, 0.0, 0.0, 0.0, 0.0, 0.0, 0.0, 0.0, 0.0, 1.0, 1.0, 0.0, 0.0, 0.0, 0.0, 1.0, 1.0, 1.0, 1.0, 1.0, 0.0, 0.0, 1.0]",-295.2442605392121,597.0338707387587,-482.430437669722,964.860875339444,0.01,0.0,2.0794415416798357,1.2846122460949685,-433.45128860920846,873.4479268787513,True,True,True,True,True,0.5,0.5,0.625,0.625,0.625,0.625,0.625,0.625,0.625,0.625,0.75,0.75,"Z.atmost(lambda x1: Z.greater(x1,1,'size'),1,X)","Z.exists(lambda x1: Z.forall(lambda x2: Z.and_operator(Z.equal(x1,'blue','colour'),Z.greater(x1,x2,'size')),X),X)","Z.forall(lambda x1: Z.equal(x1,'blue','colour'),X)","Z.exists(lambda x1: Z.forall(lambda x2: Z.and_operator(Z.equal(x1,'blue','colour'),Z.greater(x1,x2,'size')),X),X)",0.5,0.625,0.625,0.625,0.625,0.7083333333333334,0.6982758620689655,0.6867816091954023,0.6954022988505747,0.6925287356321839,5.241379310344827,0,0,0,0,0,0
23,30,60,0LZMn,ZDHBoIsVsfDX9Vf2AAA_,Upsilon,none are upright,"[True, True, True, True, False, False, False, False]","[True, True, True, True, False, False, False, False]",1.0,1.0,A scene emits radiation if there are no shapes standing straight up. ,[['x1']],"Z.forall(lambda x1: Z.not_operator(Z.equal(x1,'upright','orientation')),X)",There must not be any shapes standing straight up. ,"[{'ids': [0, 1, 2], 'colours': ['red', 'red', 'blue'], 'sizes': [3, 3, 1], 'xpos': [1.1024586689016458, 0.13102648597492728, 4.250041242566628], 'ypos': [3.819862021604243, 3.3178674818839577, 3.8474172757652845], 'rotations': [3.8064446042534543, 4.4575878426325115, 1.2121899680575183], 'orientations': ['strange', 'strange', 'lhs'], 'contact': [[0, 1], [1, 0], [2]], 'grounded': ['yes', 'no', 'yes'], 'follow_rule': True}, {'ids': [0, 1, 2], 'colours': ['red', 'red', 'blue'], 'sizes': [3, 3, 1], 'xpos': [2.0927809219049953, 3.8233065532181856, 5.570522579771436], 'ypos': [4.125337445748138, 4.124349261062957, 3.842702914812616], 'rotations': [3.142192368145505, 3.142195536695586, 1.2119479808323907], 'orientations': ['upright', 'upright', 'lhs'], 'contact': [[0], [1], [2]], 'grounded': ['yes', 'yes', 'yes'], 'follow_rule': False}, {'ids': [0, 1, 2], 'colours': ['blue', 'blue', 'red'], 'sizes': [3, 3, 1], 'xpos': [2.864211540701561, 1.270884085568559, 4.730758650240699], 'ypos': [4.126617344731383, 4.126358284902943, 3.845586225383368], 'rotations': [3.142492874317046, 3.143259007202692, 1.2150832119602448], 'orientations': ['upright', 'upright', 'lhs'], 'contact': [[0], [1], [2]], 'grounded': ['yes', 'yes', 'yes'], 'follow_rule': False}, {'ids': [0, 1, 2], 'colours': ['blue', 'blue', 'red'], 'sizes': [3, 3, 1], 'xpos': [2.5986274218289216, 2.611760622419344, 5.426769171110142], 'ypos': [3.2004022307826068, 4.127697448863686, 3.8435500493969537], 'rotations': [3.8777030293675225, 3.1411743184714895, 5.072451716451397], 'orientations': ['strange', 'upright', 'rhs'], 'contact': [[0, 1], [1, 0], [2]], 'grounded': ['no', 'yes', 'yes'], 'follow_rule': False}, {'ids': [0, 1, 2], 'colours': ['blue', 'blue', 'red'], 'sizes': [3, 3, 1], 'xpos': [1.5981882296794359, 2.7491519642937448, 5.8272534507917575], 'ypos': [3.6419145162730557, 3.6517406734113713, 3.8464392065498334], 'rotations': [4.948507510396138, 5.037435730290523, 1.2177723549351072], 'orientations': ['rhs', 'rhs', 'lhs'], 'contact': [[0, 1], [1, 0], [2]], 'grounded': ['yes', 'yes', 'yes'], 'follow_rule': True}, {'ids': [0, 1, 2], 'colours': ['green', 'green', 'red'], 'sizes': [3, 3, 1], 'xpos': [2.322823987106338, 4.268821544192739, 5.801883809258974], 'ypos': [3.654599309046511, 3.6525876448367867, 3.844517604869615], 'rotations': [1.2452247076053702, 1.245694343805387, 1.211440939113225], 'orientations': ['lhs', 'lhs', 'lhs'], 'contact': [[0], [1], [2]], 'grounded': ['yes', 'yes', 'yes'], 'follow_rule': True}, {'ids': [0, 1, 2], 'colours': ['blue', 'red', 'green'], 'sizes': [1, 1, 1], 'xpos': [4.35731104365308, 1.0450200929761893, 2.42016993597117], 'ypos': [3.843006985671911, 3.8474172757652862, 3.8446253699221686], 'rotations': [1.2093814055668066, 1.2121899680575183, -7.495101236775661], 'orientations': ['lhs', 'lhs', 'rhs'], 'contact': [[0], [1], [2]], 'grounded': ['yes', 'yes', 'yes'], 'follow_rule': True}, {'ids': [0, 1, 2], 'colours': ['blue', 'red', 'green'], 'sizes': [3, 3, 3], 'xpos': [1.3050527616793575, 5.139326919787242, 3.3016605362871583], 'ypos': [3.650498662736776, 4.125390334026941, 3.6505701173198144], 'rotations': [1.2438953318106138, 3.1407735495240146, 1.244003772713123], 'orientations': ['lhs', 'upright', 'lhs'], 'contact': [[0], [1], [2]], 'grounded': ['yes', 'yes', 'yes'], 'follow_rule': False}, {'ids': [0, 1, 2, 3, 4, 5], 'colours': ['red', 'green', 'green', 'red', 'red', 'green'], 'sizes': [3, 3, 3, 1, 3, 1], 'xpos': [4.04539932046708, 6.25367104406576, 1.31220887489158, 2.54397206141056, 5.03680142626962, 2.83313903630872], 'ypos': [3.68714653723475, 3.68793264237984, 3.68536700039956, 3.87290072175348, 3.71647947714512, 3.32290442001056], 'rotations': [1.24459422608336, 1.24522470760537, 5.03721490711028, 4.41693289260746, 2.04844681297516, 1.27753534246253], 'contact': [[0, 4, 3], 1, 2, [3, 0, 5], [4, 0], [5, 3]], 'grounded': ['yes', 'yes', 'yes', 'yes', 'yes', 'no']}, {'ids': [0, 1, 2, 3], 'colours': ['green', 'red', 'blue', 'red'], 'sizes': [1, 3, 2, 2], 'xpos': [3.91130904169482, 5.46428515532996, 6.02804597253327, 2.75909465803677], 'ypos': [3.88039857557471, 3.68809661044642, 3.83039687351375, 3.76829024369344], 'rotations': [1.21554845923219, 5.037860999749, 2.523398913166, 4.53015371920961], 'contact': [{'V1': [0, 3], 'V2': [1, 2], 'V3': [2, 1], 'V4': [3, 0]}], 'grounded': ['yes', 'yes', 'no', 'yes']}, {'ids': [0, 1], 'colours': ['red', 'red'], 'sizes': [1, 1], 'xpos': [2.66334600794472, 1.80432622054734], 'ypos': [3.88090170709236, 3.87778384307705], 'rotations': [1.21239198245414, 4.35415315781273], 'contact': [{'V1': [0, 1], 'V2': [1, 0]}], 'grounded': ['yes', 'yes']}, {'ids': [0, 1, 2, 3, 4], 'colours': ['red', 'red', 'blue', 'blue', 'green'], 'sizes': [3, 3, 1, 1, 1], 'xpos': [1.85360354206331, 4.53707158711655, 2.22962536171588, 3.31491059447484, 3.75418292003644], 'ypos': [3.68810486672765, 3.68793278435064, 3.60822662705904, 3.84556069624473, 3.52884365217974], 'rotations': [5.03784882313905, 1.24522475821424, 2.57929284346434, 1.86403082200312, 2.07051561191284], 'contact': [[0, 3, 2], [1, 4, 3], [2, 0], [3, 0, 1, 4], [4, 1, 3]], 'grounded': ['yes', 'yes', 'no', 'no', 'no']}, {'ids': [0, 1, 2, 3, 4, 5, 6], 'colours': ['red', 'green', 'red', 'red', 'green', 'green', 'red'], 'sizes': [1, 3, 2, 3, 3, 2, 2], 'xpos': [3.25946614949676, 2.44588297516233, 5.88127197371132, 4.16563349275137, 0.72362012303879, 2.368329881437, 7.02789960687692], 'ypos': [3.95518911276486, 3.68824247585198, 4.15744335942523, 4.15757462621801, 3.67646349730594, 3.64875460383896, 3.78297829877943], 'rotations': [3.90055989251386, 1.24543827105161, 3.14018849938784, 3.14209271550925, 4.46919423935855, 4.5928664481854, 5.04768654725134], 'contact': [[0, 5], [1, 5, 4], 2, 3, [4, 1], [5, 0, 1], 6], 'grounded': ['yes', 'yes', 'yes', 'yes', 'yes', 'no', 'yes']}, {'ids': [0, 1, 2, 3, 4], 'colours': ['red', 'blue', 'green', 'green', 'red'], 'sizes': [2, 1, 3, 3, 3], 'xpos': [1.81709153920562, 5.97480057561886, 3.31338082383512, 4.38059628007586, 6.61025661823443], 'ypos': [3.77963548478066, 4.15709914239659, 4.15857486018002, 4.1579783197977, 3.68443952609824], 'rotations': [1.2339014812192, 3.13995537974587, 3.14125891347883, 3.1426763466907, 5.03874238310661], 'contact': [{'V1': 0, 'V2': 1, 'V3': 2, 'V4': 3, 'V5': 4}], 'grounded': ['yes', 'yes', 'yes', 'yes', 'yes']}, {'ids': [0, 1, 2, 3, 4], 'colours': ['red', 'red', 'red', 'green', 'red'], 'sizes': [2, 3, 1, 3, 3], 'xpos': [3.73841073372075, 3.73677173096754, 2.76148516662288, 4.77214062348621, 4.69143283396105], 'ypos': [4.16009367569396, 4.14643505860911, 4.15849207519273, 4.15973417931752, 3.17867488361144], 'rotations': [3.13742681162325, 3.12687131684704, 3.14631730814226, 3.13796262321945, 2.12453024265947], 'contact': [[0, 1], [1, 0, 4], 2, [3, 4], [4, 1, 3]], 'grounded': ['yes', 'no', 'yes', 'yes', 'no']}, {'ids': [0, 1], 'colours': ['blue', 'red'], 'sizes': [1, 3], 'xpos': [4.12725264721393, 2.49227679939128], 'ypos': [4.15816511179978, 3.68449947257032], 'rotations': [3.13776634013453, 5.03835652479557], 'contact': [{'V1': 0, 'V2': 1}], 'grounded': ['yes', 'yes']}]","[True, True, True, True, False, False, False, False]","[True, True, True, True, True, True, True, True]","[False, False, False, False, False, False, False, False]","[False, False, False, False, False, False, False, False]","[True, True, True, True, False, False, False, False]","[True, True, True, True, True, True, True, True]","[False, False, False, False, False, False, False, False]","[False, False, False, False, False, False, False, False]",0.0,0.0,0.0,0.0,1.0,1.0,1.0,1.0,0.0,0.0,0.0,0.0,0.0,0.0,0.01,0.0,-5.545177444479562,2.0794415416798357,11.090354888959125,2.0390149052958684,-15.78486099028127,-16.635532333438686,34.74777581091049,33.27106466687737,1.0502311195665048,"[1.0, 1.0, 1.0, 1.0, 1.0, 0.0, 1.0, 0.0, 1.0, 1.0, 1.0, 1.0, 1.0, 1.0, 1.0, 0.0135, 0.9530000000000001, 0.092, 0.5895, 0.5895, 1.0, 0.0, 0.0, 0.861, 1.0, 1.0, 1.0, 0.2925, 0.999, 0.999, 1.0, 0.7155, 0.0, 0.0, 1.0, 0.0, 0.0, 0.0, 1.0, 0.0, 0.0, 0.0, 1.0, 0.0, 0.0, 0.0, 1.0, 0.0, 1.0, 1.0, 1.0, 1.0, 0.0, 0.0, 0.0, 0.0, 1.0, 1.0, 1.0, 1.0, 0.935, 0.935, 0.935, 0.935, 1.0, 1.0, 1.0, 1.0, 0.0, 1.0, 0.0, 0.0, 0.0, 1.0, 1.0, 1.0, 1.0, 1.0, 1.0, 1.0, 1.0, 1.0, 1.0, 1.0, 0.0935, 0.0935, 0.0935, 0.0935, 1.0, 1.0, 1.0, 1.0, 1.0, 1.0, 1.0, 1.0, 1.0, 1.0, 1.0, 1.0, 1.0, 1.0, 1.0, 0.013000000000000001, 1.0, 1.0, 0.998, 1.0, 1.0, 0.002, 0.998, 0.002, 1.0, 1.0, 1.0, 1.0, 1.0, 1.0, 1.0, 0.0, 0.973, 1.0, 0.9530000000000001, 1.0, 0.8925000000000001, 0.9195, 0.17400000000000002, 0.201, 1.0, 1.0, 1.0, 1.0, 0.0, 0.0, 0.0, 0.0, 1.0, 1.0, 1.0, 0.24, 1.0, 1.0, 0.968, 1.0, 0.653, 0.653, 0.653, 1.0, 0.2535, 0.2535, 0.7035, 0.10300000000000001, 1.0, 1.0, 1.0, 1.0, 0.0, 1.0, 0.0, 0.0, 1.0, 1.0, 1.0, 0.012, 0.988, 0.988, 1.0, 1.0, 1.0, 0.0, 1.0, 1.0, 1.0, 0.0, 0.0, 1.0, 0.0, 0.0, 0.0, 1.0, 1.0, 0.0, 0.0, 0.0, 1.0, 1.0, 1.0, 1.0, 0.0, 0.0, 0.0, 0.0, 1.0, 1.0, 1.0, 1.0, 0.0, 0.0, 0.0, 0.0, 1.0, 1.0, 1.0, 1.0, 1.0, 1.0, 0.841, 1.0, 1.0, 1.0, 1.0, 1.0, 0.0, 0.0, 0.0, 0.0, 1.0, 1.0, 1.0, 1.0, 1.0, 1.0, 1.0, 0.0, 0.197, 0.0, 0.85, 0.653, 0.803, 0.0, 0.0, 0.0, 0.8525, 0.847, 0.9935, 0.847, 0.28300000000000003, 0.4305, 0.426, 0.426, 1.0, 1.0, 1.0, 1.0, 1.0, 1.0, 1.0, 0.0, 0.798, 1.0, 0.7995, 0.7995, 0.0275, 0.029, 0.2265, 0.1975, 1.0, 1.0, 1.0, 1.0, 0.0, 0.0, 0.0, 0.0, 0.862, 0.854, 0.8595, 0.8955000000000001, 0.045, 0.0005, 0.8695, 0.8505, 1.0, 1.0, 1.0, 0.022, 1.0, 1.0, 1.0, 0.978, 0.28400000000000003, 0.0145, 0.1885, 0.0275, 0.2755, 0.0, 0.0015, 0.013000000000000001, 0.0, 0.0, 0.0, 1.0, 1.0, 0.0, 0.0, 0.0, 1.0, 1.0, 1.0, 1.0, 0.0, 0.0, 0.0, 0.0, 1.0, 1.0, 1.0, 1.0, 1.0, 0.0, 1.0, 0.0, 1.0, 1.0, 1.0, 1.0, 1.0, 1.0, 1.0, 0.0, 1.0, 1.0, 1.0, 0.728, 0.8265, 0.5545, 0.5545, 0.8265, 1.0, 1.0, 1.0, 1.0, 1.0, 1.0, 1.0, 1.0, 1.0, 1.0, 1.0, 0.8715, 0.9365, 0.8695, 0.8695, 0.9365, 0.229, 0.229, 0.229, 0.229, 0.801, 0.03, 0.03, 0.801, 0.0, 0.0, 0.0, 1.0, 1.0, 0.0, 0.0, 0.0, 0.108, 0.114, 0.2315, 0.108, 0.114, 0.07050000000000001, 0.0495, 0.006, 1.0, 1.0, 1.0, 1.0, 0.0, 0.0, 0.0, 0.0, 0.8955000000000001, 0.895, 0.0115, 0.0, 0.883, 0.0, 0.0, 0.0, 1.0, 1.0, 1.0, 1.0, 0.0, 0.0, 0.0, 0.0, 0.902, 0.902, 0.902, 0.678, 0.88, 0.88, 0.902, 0.807, 1.0, 1.0, 1.0, 1.0, 0.0, 0.0, 0.0, 0.0, 1.0, 1.0, 1.0, 1.0, 1.0, 1.0, 1.0, 0.0, 1.0, 1.0, 1.0, 1.0, 0.0, 0.0, 0.0, 0.0, 1.0, 1.0, 1.0, 1.0, 0.008, 0.008, 0.008, 0.008, 1.0, 1.0, 1.0, 1.0, 1.0, 1.0, 1.0, 0.0, 1.0, 1.0, 1.0, 1.0, 1.0, 1.0, 0.6980000000000001, 1.0, 1.0, 1.0, 1.0, 1.0, 0.0, 0.0, 0.0, 0.0, 1.0, 1.0, 1.0, 1.0, 1.0, 1.0, 1.0, 0.0, 0.9530000000000001, 0.9530000000000001, 0.9530000000000001, 1.0, 1.0, 1.0, 0.641, 0.9530000000000001, 1.0, 1.0, 1.0, 1.0, 0.0, 0.0, 0.0, 0.0, 1.0, 1.0, 1.0, 1.0, 1.0, 1.0, 1.0, 1.0, 1.0, 1.0, 1.0, 1.0, 0.0, 0.0, 0.0, 0.0, 1.0, 1.0, 1.0, 1.0, 1.0, 1.0, 1.0, 1.0, 1.0, 1.0, 1.0, 1.0, 0.021500000000000002, 0.021500000000000002, 0.021500000000000002, 0.021500000000000002, 0.021500000000000002, 0.003, 0.02, 0.0095, 0.0095, 0.964, 0.9555, 0.0095, 1.0, 1.0, 1.0, 1.0, 1.0, 1.0, 1.0, 1.0, 1.0, 1.0, 1.0, 1.0, 0.0, 0.0, 0.0, 0.0, 1.0, 1.0, 1.0, 1.0, 0.0, 0.0, 1.0, 1.0, 1.0, 0.873, 0.198, 0.198, 1.0, 1.0, 0.6905, 1.0, 1.0, 1.0, 1.0, 1.0, 1.0, 1.0, 1.0, 0.0, 1.0, 0.999, 0.999, 1.0, 0.0025, 0.0025, 0.0025, 0.0025, 1.0, 1.0, 1.0, 1.0, 1.0, 0.686, 0.314, 0.0, 1.0, 1.0, 1.0, 1.0, 0.524, 0.524, 1.0, 0.47600000000000003, 1.0, 1.0, 1.0, 1.0, 0.008, 0.008, 0.008, 0.008, 0.9935, 0.9935, 0.9775, 0.9935, 0.9935, 0.0225, 0.988, 0.017, 1.0, 1.0, 1.0, 1.0, 0.0725, 0.0725, 0.0725, 0.0725, 0.041, 1.0, 1.0, 0.9590000000000001, 0.041, 0.9590000000000001, 1.0, 0.0, 0.7435, 0.9835, 0.7425, 0.986, 0.7435, 0.7435, 0.256, 0.987, 1.0, 0.005, 1.0, 1.0, 1.0, 0.005, 0.005, 1.0, 1.0, 1.0, 1.0, 1.0, 1.0, 1.0, 1.0, 0.0, 1.0, 1.0, 1.0, 1.0, 0.0, 0.0, 0.0, 0.0, 1.0, 1.0, 1.0, 1.0, 0.0, 0.0, 0.0, 0.0, 0.9705, 0.9705, 0.9145, 1.0, 0.8015, 0.8015, 0.9705, 0.7865, 1.0, 1.0, 1.0, 1.0, 0.0, 0.0, 0.0, 0.0, 1.0, 1.0, 1.0, 1.0, 0.0, 0.0, 0.0, 0.0, 1.0, 1.0, 1.0, 1.0, 0.0, 0.0, 0.0, 0.0, 1.0, 1.0, 1.0, 1.0, 1.0, 1.0, 1.0, 1.0]",-418.5875071169283,843.720363894191,-482.430437669722,964.860875339444,0.01,0.0,2.0794415416798357,1.0,-10.518280500437347,24.21461483122264,0.6334250289943713,"[1.0, 1.0, 1.0, 1.0, 1.0, 0.0, 1.0, 0.0, 1.0, 1.0, 1.0, 1.0, 1.0, 1.0, 1.0, 0.0, 0.0, 0.0, 0.0, 0.0, 0.0, 0.0, 0.0, 0.0, 1.0, 1.0, 1.0, 0.0, 0.0, 0.0, 1.0, 0.0, 0.0, 0.0, 1.0, 1.0, 0.0, 1.0, 1.0, 1.0, 1.0, 1.0, 1.0, 1.0, 0.0, 0.0, 1.0, 1.0, 1.0, 1.0, 1.0, 1.0, 0.0, 0.0, 0.0, 0.0, 1.0, 1.0, 1.0, 1.0, 0.0, 0.0, 0.0, 0.0, 0.0, 0.0, 0.0, 0.0, 0.0, 1.0, 1.0, 0.0, 1.0, 1.0, 1.0, 1.0, 0.0, 0.0, 0.0, 0.0, 1.0, 1.0, 1.0, 1.0, 0.0, 0.0, 0.0, 0.0, 1.0, 1.0, 1.0, 1.0, 1.0, 1.0, 0.0, 1.0, 1.0, 1.0, 1.0, 1.0, 1.0, 1.0, 1.0, 0.0, 1.0, 1.0, 1.0, 1.0, 1.0, 0.0, 1.0, 0.0, 0.0, 1.0, 0.0, 0.0, 1.0, 1.0, 1.0, 0.0, 1.0, 1.0, 0.0, 1.0, 1.0, 0.0, 0.0, 0.0, 1.0, 1.0, 1.0, 0.0, 1.0, 1.0, 1.0, 1.0, 1.0, 1.0, 1.0, 1.0, 0.0, 0.0, 0.0, 0.0, 1.0, 1.0, 1.0, 0.0, 0.0, 0.0, 1.0, 0.0, 0.0, 0.0, 1.0, 0.0, 0.0, 0.0, 0.0, 0.0, 1.0, 1.0, 1.0, 0.0, 0.0, 0.0, 1.0, 0.0, 0.0, 0.0, 0.0, 1.0, 0.0, 0.0, 0.0, 0.0, 0.0, 0.0, 0.0, 1.0, 0.0, 0.0, 0.0, 0.0, 1.0, 1.0, 1.0, 1.0, 0.0, 0.0, 0.0, 0.0, 1.0, 1.0, 1.0, 0.0, 0.0, 0.0, 1.0, 0.0, 1.0, 1.0, 1.0, 1.0, 0.0, 0.0, 0.0, 0.0, 1.0, 1.0, 1.0, 1.0, 0.0, 0.0, 0.0, 0.0, 1.0, 1.0, 1.0, 1.0, 1.0, 1.0, 1.0, 0.0, 0.0, 0.0, 0.0, 0.0, 1.0, 0.0, 0.0, 0.0, 1.0, 1.0, 1.0, 1.0, 1.0, 1.0, 1.0, 1.0, 1.0, 1.0, 1.0, 1.0, 1.0, 1.0, 1.0, 0.0, 0.0, 0.0, 0.0, 0.0, 0.0, 0.0, 0.0, 0.0, 0.0, 1.0, 0.0, 1.0, 0.0, 1.0, 0.0, 1.0, 0.0, 0.0, 0.0, 1.0, 0.0, 0.0, 0.0, 0.0, 1.0, 1.0, 1.0, 0.0, 0.0, 0.0, 1.0, 0.0, 1.0, 1.0, 1.0, 1.0, 1.0, 0.0, 1.0, 0.0, 0.0, 1.0, 1.0, 1.0, 0.0, 0.0, 0.0, 0.0, 1.0, 1.0, 1.0, 0.0, 1.0, 1.0, 1.0, 1.0, 0.0, 1.0, 1.0, 1.0, 0.0, 0.0, 0.0, 0.0, 1.0, 1.0, 1.0, 1.0, 1.0, 1.0, 1.0, 0.0, 1.0, 1.0, 1.0, 1.0, 0.0, 0.0, 0.0, 0.0, 1.0, 1.0, 1.0, 1.0, 0.0, 0.0, 0.0, 0.0, 0.0, 1.0, 0.0, 0.0, 0.0, 0.0, 0.0, 0.0, 1.0, 1.0, 1.0, 1.0, 1.0, 0.0, 1.0, 1.0, 0.0, 0.0, 0.0, 0.0, 0.0, 1.0, 1.0, 0.0, 1.0, 1.0, 1.0, 1.0, 1.0, 0.0, 1.0, 0.0, 1.0, 1.0, 1.0, 1.0, 1.0, 0.0, 1.0, 1.0, 0.0, 0.0, 0.0, 0.0, 0.0, 1.0, 1.0, 0.0, 1.0, 0.0, 0.0, 1.0, 0.0, 0.0, 0.0, 0.0, 1.0, 1.0, 1.0, 0.0, 0.0, 0.0, 1.0, 0.0, 1.0, 1.0, 1.0, 0.0, 0.0, 0.0, 0.0, 0.0, 1.0, 1.0, 1.0, 1.0, 1.0, 1.0, 1.0, 0.0, 0.0, 0.0, 0.0, 0.0, 0.0, 0.0, 0.0, 0.0, 1.0, 0.0, 1.0, 0.0, 0.0, 0.0, 0.0, 0.0, 1.0, 1.0, 1.0, 1.0, 1.0, 1.0, 1.0, 0.0, 1.0, 1.0, 1.0, 1.0, 1.0, 1.0, 0.0, 1.0, 1.0, 1.0, 1.0, 1.0, 0.0, 0.0, 0.0, 0.0, 1.0, 1.0, 1.0, 1.0, 1.0, 1.0, 1.0, 0.0, 0.0, 1.0, 1.0, 1.0, 0.0, 0.0, 0.0, 0.0, 1.0, 1.0, 1.0, 1.0, 0.0, 0.0, 0.0, 0.0, 1.0, 0.0, 1.0, 0.0, 0.0, 0.0, 0.0, 0.0, 1.0, 1.0, 1.0, 1.0, 1.0, 0.0, 1.0, 0.0, 1.0, 1.0, 1.0, 0.0, 1.0, 1.0, 0.0, 1.0, 1.0, 1.0, 1.0, 1.0, 0.0, 0.0, 0.0, 0.0, 0.0, 0.0, 0.0, 0.0, 0.0, 1.0, 0.0, 0.0, 1.0, 1.0, 1.0, 1.0, 0.0, 0.0, 0.0, 0.0, 0.0, 0.0, 0.0, 0.0, 0.0, 0.0, 0.0, 0.0, 1.0, 0.0, 1.0, 0.0, 0.0, 0.0, 0.0, 0.0, 1.0, 1.0, 0.0, 0.0, 1.0, 1.0, 1.0, 1.0, 1.0, 1.0, 1.0, 1.0, 1.0, 1.0, 1.0, 1.0, 1.0, 1.0, 1.0, 1.0, 1.0, 0.0, 1.0, 1.0, 0.0, 1.0, 0.0, 1.0, 0.0, 1.0, 0.0, 0.0, 1.0, 1.0, 1.0, 1.0, 0.0, 0.0, 1.0, 0.0, 1.0, 1.0, 1.0, 1.0, 0.0, 0.0, 0.0, 0.0, 0.0, 0.0, 0.0, 1.0, 0.0, 0.0, 0.0, 0.0, 1.0, 1.0, 1.0, 1.0, 0.0, 0.0, 0.0, 0.0, 0.0, 1.0, 1.0, 1.0, 0.0, 1.0, 1.0, 0.0, 1.0, 1.0, 1.0, 1.0, 0.0, 0.0, 0.0, 0.0, 1.0, 0.0, 1.0, 1.0, 1.0, 0.0, 0.0, 1.0, 1.0, 1.0, 1.0, 1.0, 1.0, 1.0, 1.0, 0.0, 0.0, 1.0, 1.0, 1.0, 1.0, 1.0, 0.0, 0.0, 1.0, 1.0, 1.0, 1.0, 0.0, 0.0, 0.0, 0.0, 1.0, 1.0, 1.0, 0.0, 0.0, 0.0, 1.0, 0.0, 1.0, 1.0, 1.0, 1.0, 0.0, 0.0, 0.0, 0.0, 0.0, 0.0, 0.0, 0.0, 0.0, 0.0, 0.0, 0.0, 0.0, 1.0, 0.0, 1.0, 0.0, 1.0, 1.0, 0.0, 1.0, 1.0, 1.0, 1.0, 1.0, 0.0, 0.0, 1.0]",-318.3726801373107,643.2907099349558,0.01,0.0,-5.545177444479562,2.0794415416798357,11.090354888959125,1.0,-10.518280500437347,-16.635532333438686,24.21461483122264,33.27106466687737,0.6173530694834558,"[1.0, 1.0, 1.0, 1.0, 1.0, 0.0, 1.0, 0.0, 1.0, 1.0, 1.0, 1.0, 1.0, 1.0, 1.0, 0.0, 0.0, 0.0, 0.0, 0.0, 0.0, 0.0, 0.0, 0.0, 1.0, 1.0, 1.0, 0.0, 0.0, 0.0, 1.0, 0.0, 0.0, 0.0, 1.0, 1.0, 0.0, 1.0, 1.0, 1.0, 0.0, 0.0, 0.0, 0.0, 0.0, 0.0, 0.0, 0.0, 1.0, 1.0, 1.0, 1.0, 0.0, 0.0, 0.0, 0.0, 1.0, 1.0, 1.0, 1.0, 0.0, 0.0, 0.0, 0.0, 0.0, 0.0, 0.0, 0.0, 0.0, 1.0, 1.0, 0.0, 0.0, 0.0, 0.0, 1.0, 0.0, 0.0, 0.0, 0.0, 1.0, 1.0, 1.0, 1.0, 0.0, 0.0, 0.0, 0.0, 0.0, 0.0, 0.0, 0.0, 1.0, 1.0, 0.0, 1.0, 1.0, 1.0, 1.0, 1.0, 1.0, 1.0, 1.0, 0.0, 1.0, 1.0, 1.0, 1.0, 1.0, 0.0, 1.0, 0.0, 0.0, 1.0, 0.0, 0.0, 1.0, 1.0, 1.0, 0.0, 1.0, 1.0, 0.0, 1.0, 1.0, 0.0, 0.0, 0.0, 1.0, 1.0, 1.0, 0.0, 1.0, 1.0, 1.0, 1.0, 1.0, 1.0, 1.0, 1.0, 0.0, 0.0, 0.0, 0.0, 1.0, 1.0, 1.0, 0.0, 0.0, 0.0, 1.0, 0.0, 0.0, 0.0, 1.0, 0.0, 0.0, 0.0, 0.0, 0.0, 1.0, 1.0, 1.0, 0.0, 0.0, 0.0, 1.0, 0.0, 0.0, 0.0, 0.0, 1.0, 0.0, 0.0, 0.0, 0.0, 0.0, 0.0, 0.0, 1.0, 0.0, 0.0, 0.0, 0.0, 1.0, 1.0, 1.0, 1.0, 0.0, 0.0, 0.0, 0.0, 1.0, 1.0, 1.0, 0.0, 0.0, 0.0, 1.0, 0.0, 1.0, 1.0, 1.0, 1.0, 0.0, 0.0, 0.0, 0.0, 1.0, 1.0, 1.0, 1.0, 0.0, 0.0, 0.0, 0.0, 1.0, 1.0, 1.0, 1.0, 1.0, 1.0, 1.0, 0.0, 0.0, 0.0, 0.0, 0.0, 1.0, 0.0, 0.0, 0.0, 1.0, 1.0, 1.0, 1.0, 1.0, 1.0, 1.0, 1.0, 1.0, 1.0, 1.0, 1.0, 1.0, 1.0, 1.0, 0.0, 0.0, 0.0, 0.0, 0.0, 0.0, 0.0, 0.0, 0.0, 0.0, 1.0, 0.0, 1.0, 0.0, 1.0, 0.0, 1.0, 0.0, 0.0, 0.0, 1.0, 0.0, 0.0, 0.0, 0.0, 1.0, 1.0, 1.0, 0.0, 0.0, 0.0, 1.0, 0.0, 1.0, 1.0, 1.0, 1.0, 1.0, 0.0, 1.0, 0.0, 0.0, 1.0, 1.0, 1.0, 0.0, 0.0, 0.0, 0.0, 1.0, 1.0, 1.0, 0.0, 1.0, 1.0, 1.0, 1.0, 0.0, 1.0, 1.0, 1.0, 0.0, 0.0, 0.0, 0.0, 1.0, 1.0, 1.0, 1.0, 1.0, 1.0, 1.0, 0.0, 1.0, 1.0, 1.0, 1.0, 0.0, 0.0, 0.0, 0.0, 1.0, 1.0, 1.0, 1.0, 0.0, 0.0, 0.0, 0.0, 0.0, 1.0, 0.0, 0.0, 0.0, 0.0, 0.0, 0.0, 0.0, 0.0, 0.0, 0.0, 0.0, 0.0, 0.0, 0.0, 1.0, 0.0, 1.0, 1.0, 1.0, 0.0, 0.0, 1.0, 1.0, 1.0, 1.0, 1.0, 1.0, 0.0, 1.0, 0.0, 1.0, 1.0, 1.0, 1.0, 1.0, 0.0, 1.0, 1.0, 0.0, 0.0, 0.0, 0.0, 0.0, 1.0, 1.0, 0.0, 1.0, 0.0, 0.0, 1.0, 0.0, 0.0, 0.0, 0.0, 1.0, 1.0, 1.0, 0.0, 0.0, 0.0, 1.0, 0.0, 1.0, 1.0, 1.0, 0.0, 0.0, 0.0, 0.0, 0.0, 1.0, 1.0, 1.0, 1.0, 1.0, 1.0, 1.0, 0.0, 0.0, 0.0, 0.0, 0.0, 0.0, 0.0, 0.0, 0.0, 1.0, 0.0, 1.0, 0.0, 0.0, 0.0, 0.0, 0.0, 1.0, 1.0, 1.0, 1.0, 1.0, 1.0, 1.0, 0.0, 1.0, 1.0, 1.0, 1.0, 1.0, 1.0, 0.0, 1.0, 1.0, 1.0, 1.0, 1.0, 0.0, 0.0, 0.0, 0.0, 1.0, 1.0, 1.0, 1.0, 1.0, 1.0, 1.0, 0.0, 0.0, 1.0, 1.0, 1.0, 0.0, 0.0, 0.0, 0.0, 1.0, 1.0, 1.0, 1.0, 0.0, 0.0, 0.0, 0.0, 1.0, 0.0, 1.0, 0.0, 0.0, 0.0, 0.0, 0.0, 1.0, 1.0, 1.0, 1.0, 1.0, 0.0, 1.0, 0.0, 1.0, 1.0, 1.0, 0.0, 1.0, 1.0, 0.0, 1.0, 1.0, 1.0, 1.0, 1.0, 0.0, 0.0, 0.0, 0.0, 0.0, 0.0, 0.0, 0.0, 0.0, 1.0, 0.0, 0.0, 1.0, 1.0, 1.0, 1.0, 0.0, 0.0, 0.0, 0.0, 0.0, 0.0, 0.0, 0.0, 0.0, 0.0, 0.0, 0.0, 1.0, 0.0, 1.0, 0.0, 0.0, 0.0, 0.0, 0.0, 1.0, 1.0, 0.0, 0.0, 1.0, 1.0, 1.0, 1.0, 1.0, 1.0, 1.0, 1.0, 1.0, 1.0, 1.0, 1.0, 1.0, 1.0, 1.0, 1.0, 1.0, 0.0, 1.0, 1.0, 0.0, 1.0, 0.0, 1.0, 0.0, 1.0, 0.0, 0.0, 1.0, 1.0, 1.0, 1.0, 0.0, 0.0, 1.0, 0.0, 1.0, 1.0, 1.0, 1.0, 0.0, 0.0, 0.0, 0.0, 0.0, 0.0, 0.0, 1.0, 0.0, 0.0, 0.0, 0.0, 1.0, 1.0, 1.0, 1.0, 0.0, 0.0, 0.0, 0.0, 0.0, 1.0, 1.0, 1.0, 0.0, 1.0, 1.0, 0.0, 1.0, 1.0, 1.0, 1.0, 0.0, 0.0, 0.0, 0.0, 1.0, 0.0, 1.0, 1.0, 1.0, 0.0, 0.0, 1.0, 1.0, 1.0, 1.0, 1.0, 1.0, 1.0, 1.0, 0.0, 0.0, 0.0, 1.0, 0.0, 0.0, 1.0, 0.0, 0.0, 1.0, 1.0, 1.0, 1.0, 0.0, 0.0, 0.0, 0.0, 1.0, 1.0, 1.0, 0.0, 0.0, 0.0, 1.0, 0.0, 1.0, 1.0, 1.0, 1.0, 0.0, 0.0, 0.0, 0.0, 0.0, 0.0, 0.0, 0.0, 0.0, 0.0, 0.0, 0.0, 0.0, 1.0, 0.0, 1.0, 0.0, 1.0, 1.0, 0.0, 1.0, 1.0, 1.0, 1.0, 1.0, 0.0, 0.0, 1.0]",-311.9759791000219,630.4973078603782,-482.430437669722,964.860875339444,0.01,0.0,-5.545177444479562,2.0794415416798357,11.090354888959125,1.9577903091754996,-15.87770930018325,-16.635532333438686,34.933472430714446,33.27106466687737,1.0908740239314543,"[0.0, 0.0, 1.0, 0.0, 0.0, 0.0, 0.0, 0.0, 1.0, 1.0, 1.0, 1.0, 0.877, 0.877, 0.877, 0.0, 1.0, 0.259, 1.0, 1.0, 0.8015, 0.0, 0.259, 1.0, 1.0, 1.0, 1.0, 1.0, 1.0, 1.0, 1.0, 0.0, 0.0, 0.0, 1.0, 0.0, 0.0, 0.0, 1.0, 0.0, 0.0, 0.0, 1.0, 0.0, 0.0, 0.0, 1.0, 0.0, 0.0, 0.0, 0.0, 0.0775, 0.0, 0.0, 0.1635, 0.47100000000000003, 1.0, 1.0, 1.0, 1.0, 0.0, 0.0, 0.0, 0.0, 0.0, 0.0, 0.0, 0.0, 0.0, 0.0, 0.0, 0.0, 1.0, 1.0, 1.0, 1.0, 1.0, 1.0, 1.0, 0.0, 1.0, 1.0, 1.0, 1.0, 0.0, 0.0, 0.0, 0.0, 0.0, 0.0, 0.0, 0.0, 0.0, 0.113, 0.113, 0.0, 0.0, 0.0, 0.0, 1.0, 0.0, 0.0, 0.0, 0.0, 1.0, 1.0, 1.0, 1.0, 0.0, 0.0, 0.0, 0.0, 0.9995, 1.0, 1.0, 0.663, 1.0, 1.0, 1.0, 0.353, 1.0, 1.0, 1.0, 1.0, 0.082, 0.082, 0.0, 0.0, 0.973, 1.0, 0.7655000000000001, 0.605, 0.973, 1.0, 1.0, 0.368, 0.0, 0.0, 1.0, 0.0, 1.0, 0.0, 1.0, 0.0, 1.0, 1.0, 1.0, 1.0, 0.0, 0.0, 1.0, 0.0, 1.0, 1.0, 1.0, 1.0, 0.0, 0.9465, 0.0, 0.0, 0.666, 1.0, 0.666, 0.666, 0.0, 0.0, 0.7975, 0.0, 0.0, 0.9430000000000001, 0.0, 1.0, 1.0, 0.0, 0.0, 0.0, 0.0, 1.0, 0.0, 0.0, 0.0, 0.0, 0.0, 0.0, 1.0, 1.0, 1.0, 1.0, 0.0, 0.0, 0.0, 0.0, 1.0, 1.0, 1.0, 1.0, 1.0, 1.0, 1.0, 0.0005, 1.0, 1.0, 1.0, 1.0, 1.0, 1.0, 0.0, 1.0, 1.0, 1.0, 1.0, 1.0, 0.0, 0.0, 0.0, 0.0, 1.0, 1.0, 1.0, 1.0, 1.0, 1.0, 1.0, 0.0, 1.0, 0.0, 1.0, 0.0, 0.0, 0.0, 0.0, 0.0, 0.0, 1.0, 0.0, 1.0, 0.0, 1.0, 0.0, 1.0, 1.0, 1.0, 1.0, 1.0, 1.0, 1.0, 1.0, 0.0, 1.0, 0.0, 1.0, 1.0, 1.0, 0.0, 0.0, 1.0, 1.0, 1.0, 1.0, 1.0, 1.0, 1.0, 1.0, 1.0, 0.0, 0.9580000000000001, 0.0, 0.0, 0.0, 0.0, 0.0045000000000000005, 0.0, 0.0, 0.0, 0.0, 0.0, 0.0, 0.0, 0.0, 1.0, 0.0, 0.0, 0.0005, 0.0, 0.0, 0.0, 0.0, 0.0, 0.0, 1.0, 0.0, 0.0, 0.0, 0.0, 0.0, 0.0, 1.0, 1.0, 1.0, 0.001, 0.001, 0.001, 1.0, 0.0, 0.0, 0.0, 0.6225, 0.0, 0.0, 0.0, 0.0, 0.0, 1.0, 1.0, 1.0, 1.0, 0.0, 0.0, 0.0, 0.0, 0.0, 0.0, 0.0, 0.0, 0.0, 0.0, 0.0, 0.0, 1.0, 1.0, 1.0, 1.0, 1.0, 1.0, 1.0, 0.0, 0.0, 0.0, 0.0, 1.0, 0.0, 0.0, 1.0, 0.0, 1.0, 1.0, 1.0, 1.0, 0.0, 0.0, 0.0, 0.0, 0.0, 1.0, 0.0, 0.0, 1.0, 0.0, 0.0, 1.0, 1.0, 1.0, 1.0, 1.0, 0.0, 0.0, 0.0, 0.0, 1.0, 1.0, 1.0, 1.0, 1.0, 0.0, 1.0, 1.0, 0.0, 0.0005, 0.0, 0.0, 0.0, 0.38, 0.0, 0.0, 1.0, 1.0, 1.0, 1.0, 0.0, 0.0, 0.0, 0.0, 1.0, 1.0, 1.0, 0.999, 1.0, 1.0, 1.0, 0.0195, 1.0, 1.0, 1.0, 1.0, 0.0, 0.0, 0.0, 0.0, 0.0, 0.6285000000000001, 0.0, 0.328, 0.0, 0.0, 0.6285000000000001, 0.0, 0.0, 0.0, 0.0, 0.0, 0.0, 0.0, 0.0, 1.0, 1.0, 1.0, 1.0, 1.0, 0.0, 0.0, 0.0, 0.0, 1.0, 1.0, 1.0, 1.0, 1.0, 1.0, 1.0, 0.0, 1.0, 1.0, 1.0, 1.0, 1.0, 1.0, 0.0375, 1.0, 1.0, 1.0, 1.0, 1.0, 0.0, 0.0, 0.0, 0.0, 1.0, 1.0, 1.0, 1.0, 1.0, 1.0, 1.0, 0.0, 1.0, 1.0, 1.0, 1.0, 1.0, 1.0, 0.0, 1.0, 1.0, 1.0, 1.0, 1.0, 0.0, 0.0, 0.0, 0.0, 1.0, 1.0, 1.0, 1.0, 1.0, 1.0, 1.0, 1.0, 0.0, 0.0, 0.4395, 0.0, 0.0, 0.0, 0.001, 1.0, 0.0, 0.0, 0.0, 0.0, 0.0, 0.0, 0.0, 0.0, 1.0, 1.0, 1.0, 0.0, 1.0, 0.0, 0.0, 1.0, 0.0, 0.0, 1.0, 1.0, 1.0, 0.0, 0.0, 0.0, 0.0, 0.0, 0.0, 0.0, 0.0, 0.0, 0.0, 0.0, 1.0, 1.0, 1.0, 1.0, 0.0, 0.0, 0.0, 0.0, 0.0, 0.0, 0.0, 0.0, 0.0, 1.0, 0.0, 0.0, 1.0, 1.0, 1.0, 1.0, 0.0, 0.4945, 0.0, 0.0, 1.0, 1.0, 1.0, 1.0, 0.0, 0.0, 1.0, 1.0, 1.0, 1.0, 1.0, 1.0, 0.0, 0.0, 0.0, 0.0, 1.0, 1.0, 1.0, 1.0, 1.0, 0.704, 0.296, 0.0, 1.0, 1.0, 1.0, 1.0, 0.0, 0.0, 1.0, 1.0, 1.0, 1.0, 1.0, 1.0, 0.0, 0.0, 0.0, 0.0, 0.006, 1.0, 0.006, 0.708, 0.298, 1.0, 0.298, 1.0, 1.0, 1.0, 1.0, 1.0, 0.0, 0.0, 0.0, 0.0, 1.0, 0.0, 1.0, 1.0, 1.0, 0.0, 0.0, 1.0, 0.0, 1.0, 1.0, 1.0, 0.0, 0.0, 0.0, 0.0, 1.0, 0.224, 1.0, 1.0, 0.776, 0.0, 0.224, 1.0, 1.0, 1.0, 1.0, 1.0, 0.0, 0.0, 0.0, 0.0, 1.0, 1.0, 0.0, 1.0, 1.0, 1.0, 0.0, 1.0, 1.0, 1.0, 1.0, 1.0, 0.0, 0.0, 0.0, 0.0, 1.0, 1.0, 1.0, 1.0, 1.0, 1.0, 1.0, 0.0, 1.0, 1.0, 1.0, 1.0, 0.0, 0.0, 0.0, 0.0, 0.0, 0.0, 0.0, 0.0, 0.0, 0.0, 0.0, 0.0, 1.0, 0.4865, 1.0, 1.0, 1.0, 0.0075, 0.4865, 1.0, 0.0225, 0.0, 0.0, 0.9775, 0.0, 0.0, 0.0, 0.0]",-419.18595103414617,844.9172517286268,-482.430437669722,964.860875339444,0.01,0.0,-5.545177444479562,2.0794415416798357,11.090354888959125,1.0,-10.518280500437347,-16.635532333438686,24.21461483122264,33.27106466687737,0.5787520451143159,"[1.0, 1.0, 1.0, 1.0, 1.0, 0.0, 1.0, 0.0, 1.0, 1.0, 1.0, 1.0, 1.0, 1.0, 1.0, 0.0, 0.0, 0.0, 0.0, 0.0, 0.0, 0.0, 0.0, 0.0, 1.0, 1.0, 1.0, 1.0, 0.0, 0.0, 1.0, 0.0, 0.0, 0.0, 0.0, 0.0, 0.0, 1.0, 0.0, 0.0, 0.0, 0.0, 0.0, 0.0, 0.0, 0.0, 0.0, 0.0, 1.0, 1.0, 1.0, 1.0, 0.0, 0.0, 0.0, 0.0, 1.0, 1.0, 1.0, 1.0, 0.0, 0.0, 0.0, 0.0, 0.0, 0.0, 0.0, 0.0, 0.0, 1.0, 1.0, 0.0, 1.0, 1.0, 1.0, 1.0, 0.0, 0.0, 0.0, 0.0, 1.0, 1.0, 1.0, 1.0, 0.0, 0.0, 0.0, 0.0, 0.0, 0.0, 0.0, 0.0, 0.0, 0.0, 0.0, 0.0, 1.0, 1.0, 1.0, 1.0, 1.0, 1.0, 1.0, 0.0, 1.0, 1.0, 1.0, 1.0, 1.0, 0.0, 1.0, 0.0, 0.0, 1.0, 0.0, 0.0, 1.0, 1.0, 1.0, 0.0, 1.0, 1.0, 0.0, 1.0, 1.0, 0.0, 0.0, 0.0, 1.0, 1.0, 1.0, 0.0, 1.0, 1.0, 1.0, 1.0, 1.0, 1.0, 1.0, 1.0, 0.0, 0.0, 0.0, 0.0, 1.0, 1.0, 1.0, 0.0, 0.0, 0.0, 1.0, 0.0, 0.0, 0.0, 1.0, 0.0, 0.0, 0.0, 0.0, 0.0, 1.0, 1.0, 1.0, 0.0, 0.0, 0.0, 1.0, 0.0, 0.0, 0.0, 0.0, 1.0, 0.0, 0.0, 0.0, 0.0, 0.0, 0.0, 0.0, 1.0, 0.0, 0.0, 0.0, 0.0, 1.0, 1.0, 1.0, 1.0, 0.0, 0.0, 0.0, 0.0, 1.0, 1.0, 1.0, 0.0, 0.0, 0.0, 1.0, 0.0, 1.0, 1.0, 1.0, 1.0, 0.0, 0.0, 0.0, 0.0, 1.0, 1.0, 1.0, 1.0, 0.0, 0.0, 0.0, 0.0, 1.0, 1.0, 1.0, 1.0, 1.0, 1.0, 1.0, 0.0, 0.0, 0.0, 0.0, 0.0, 1.0, 0.0, 0.0, 0.0, 1.0, 1.0, 1.0, 1.0, 1.0, 1.0, 1.0, 1.0, 1.0, 1.0, 1.0, 1.0, 1.0, 1.0, 1.0, 0.0, 0.0, 0.0, 0.0, 0.0, 0.0, 0.0, 0.0, 0.0, 0.0, 1.0, 0.0, 1.0, 0.0, 1.0, 0.0, 1.0, 0.0, 0.0, 0.0, 1.0, 0.0, 0.0, 0.0, 0.0, 1.0, 1.0, 1.0, 0.0, 0.0, 0.0, 1.0, 0.0, 0.0, 0.0, 1.0, 0.0, 0.0, 0.0, 0.0, 0.0, 0.0, 1.0, 1.0, 1.0, 0.0, 0.0, 0.0, 0.0, 1.0, 1.0, 1.0, 0.0, 1.0, 1.0, 1.0, 1.0, 0.0, 0.0, 1.0, 0.0, 0.0, 0.0, 0.0, 0.0, 1.0, 1.0, 1.0, 1.0, 1.0, 1.0, 1.0, 0.0, 1.0, 1.0, 1.0, 1.0, 0.0, 0.0, 0.0, 0.0, 1.0, 1.0, 1.0, 1.0, 0.0, 0.0, 0.0, 0.0, 0.0, 1.0, 0.0, 0.0, 0.0, 0.0, 0.0, 0.0, 0.0, 0.0, 0.0, 0.0, 0.0, 0.0, 0.0, 0.0, 0.0, 0.0, 0.0, 0.0, 0.0, 0.0, 0.0, 0.0, 1.0, 1.0, 0.0, 1.0, 1.0, 0.0, 1.0, 0.0, 1.0, 1.0, 1.0, 1.0, 1.0, 0.0, 1.0, 1.0, 0.0, 0.0, 0.0, 0.0, 0.0, 1.0, 1.0, 0.0, 1.0, 0.0, 0.0, 1.0, 0.0, 0.0, 0.0, 0.0, 1.0, 1.0, 1.0, 0.0, 0.0, 0.0, 1.0, 0.0, 1.0, 1.0, 1.0, 0.0, 0.0, 0.0, 0.0, 0.0, 1.0, 1.0, 1.0, 1.0, 1.0, 1.0, 1.0, 0.0, 0.0, 0.0, 0.0, 0.0, 0.0, 0.0, 0.0, 0.0, 1.0, 0.0, 1.0, 0.0, 0.0, 0.0, 0.0, 0.0, 1.0, 1.0, 1.0, 1.0, 1.0, 1.0, 1.0, 0.0, 1.0, 1.0, 1.0, 1.0, 1.0, 1.0, 0.0, 1.0, 1.0, 1.0, 1.0, 1.0, 0.0, 0.0, 0.0, 0.0, 1.0, 1.0, 1.0, 1.0, 1.0, 1.0, 1.0, 0.0, 0.0, 1.0, 1.0, 1.0, 0.0, 0.0, 0.0, 0.0, 1.0, 1.0, 1.0, 1.0, 0.0, 0.0, 0.0, 0.0, 1.0, 0.0, 1.0, 0.0, 0.0, 0.0, 0.0, 0.0, 1.0, 1.0, 1.0, 1.0, 1.0, 0.0, 1.0, 0.0, 1.0, 1.0, 1.0, 0.0, 1.0, 1.0, 0.0, 1.0, 1.0, 1.0, 1.0, 1.0, 0.0, 0.0, 0.0, 0.0, 0.0, 0.0, 0.0, 0.0, 0.0, 0.0, 0.0, 0.0, 1.0, 1.0, 1.0, 1.0, 0.0, 0.0, 0.0, 0.0, 0.0, 0.0, 0.0, 0.0, 0.0, 0.0, 0.0, 0.0, 0.0, 0.0, 0.0, 0.0, 0.0, 0.0, 0.0, 0.0, 1.0, 1.0, 0.0, 0.0, 1.0, 1.0, 1.0, 1.0, 1.0, 1.0, 1.0, 1.0, 1.0, 1.0, 1.0, 1.0, 1.0, 1.0, 1.0, 1.0, 1.0, 0.0, 1.0, 1.0, 0.0, 1.0, 0.0, 1.0, 0.0, 1.0, 0.0, 0.0, 1.0, 1.0, 1.0, 1.0, 0.0, 0.0, 1.0, 0.0, 1.0, 1.0, 1.0, 1.0, 0.0, 0.0, 0.0, 0.0, 0.0, 0.0, 0.0, 1.0, 0.0, 0.0, 0.0, 0.0, 1.0, 1.0, 1.0, 1.0, 0.0, 0.0, 0.0, 0.0, 0.0, 1.0, 1.0, 1.0, 0.0, 1.0, 1.0, 0.0, 1.0, 1.0, 1.0, 1.0, 0.0, 0.0, 0.0, 0.0, 1.0, 0.0, 1.0, 1.0, 1.0, 0.0, 0.0, 1.0, 1.0, 1.0, 1.0, 1.0, 1.0, 1.0, 1.0, 0.0, 0.0, 1.0, 1.0, 1.0, 1.0, 1.0, 0.0, 0.0, 1.0, 1.0, 1.0, 1.0, 0.0, 0.0, 0.0, 0.0, 1.0, 1.0, 1.0, 0.0, 0.0, 0.0, 1.0, 0.0, 1.0, 1.0, 1.0, 1.0, 0.0, 0.0, 0.0, 0.0, 0.0, 0.0, 0.0, 0.0, 0.0, 0.0, 0.0, 0.0, 0.0, 0.0, 1.0, 1.0, 0.0, 0.0, 0.0, 0.0, 1.0, 1.0, 1.0, 1.0, 1.0, 0.0, 0.0, 1.0]",-295.2442605392121,597.0338707387587,-482.430437669722,964.860875339444,5.985630608597671,-16.55210228104839,36.28225839244473,1.2846122460949685,-433.45128860920846,873.4479268787513,False,True,True,False,True,0.8333333333333334,1.0,0.9166666666666666,1.0,0.9166666666666666,1.0,0.75,1.0,0.9166666666666666,1.0,0.6666666666666666,1.0,"Z.forall(lambda x1: Z.not_operator(Z.equal(x1,'upright','orientation')),X)","Z.forall(lambda x1: Z.not_operator(Z.equal(x1,'upright','orientation')),X)","Z.forall(lambda x1: Z.not_operator(Z.equal(x1,'upright','orientation')),X)","Z.forall(lambda x1: Z.not_operator(Z.equal(x1,'upright','orientation')),X)",1.0,1.0,1.0,1.0,1.0,0.7083333333333334,0.6982758620689655,0.6867816091954023,0.6954022988505747,0.6925287356321839,5.241379310344827,2000,659,659,1,2000,1
24,31,62,0LZMn,ZDHBoIsVsfDX9Vf2AAA_,Iota,one is blue,"[False, False, False, False, False, False, True, False]","[False, False, False, False, False, False, True, False]",0.375,0.375,There must be at least one of each color and if there is multiple none can be standing straight up. ,"[['x1'],['x1','x2'],['x1','x2','x3']]","Z.exists(lambda x1: Z.exists(lambda x2: Z.exists(lambda x3: Z.and_operator(Z.and_operator(Z.equal(x1,'red','colour'),Z.equal(x2,'blue','colour')),Z.equal(x3,'green','colour')),X),X),X)","There must be at least one of each color and if there are multiple, none can be standing straight up. ","[{'ids': [0, 1, 2], 'colours': ['blue', 'green', 'red'], 'sizes': [2, 1, 3], 'xpos': [2.2808834212323257, 6.769544469766659, 3.372663474673719], 'ypos': [4.11074308206413, 4.111666666666668, 3.69850549871375], 'rotations': [3.1392836900300853, 3.1415926535897927, 2.169046700805813], 'orientations': ['upright', 'upright', 'strange'], 'contact': [[0, 2], [1], [2, 0]], 'grounded': ['yes', 'yes', 'yes'], 'follow_rule': True}, {'ids': [0, 1, 2], 'colours': ['green', 'green', 'red'], 'sizes': [1, 3, 2], 'xpos': [3.664341661857893, 1.4113811439440618, 2.290676270461727], 'ypos': [4.10838981219952, 4.109273722338866, 3.84202155869509], 'rotations': [-15.706322107120588, 3.140926775249931, 2.4137039400179927], 'orientations': ['upright', 'upright', 'strange'], 'contact': [[0], [1, 2], [2, 1]], 'grounded': ['yes', 'yes', 'yes'], 'follow_rule': False}, {'ids': [0, 1, 2], 'colours': ['red', 'green', 'blue'], 'sizes': [3, 2, 1], 'xpos': [0.8274393967352432, 5.592663717570831, 2.385112806712708], 'ypos': [4.107876166056425, 4.1084982755285955, 4.108627414671002], 'rotations': [3.1393786518883036, 3.138050964965395, 3.1384885679701098], 'orientations': ['upright', 'upright', 'upright'], 'contact': [[0], [1], [2]], 'grounded': ['yes', 'yes', 'yes'], 'follow_rule': True}, {'ids': [0, 1, 2], 'colours': ['red', 'blue', 'green'], 'sizes': [3, 1, 1], 'xpos': [1.7375795010213024, 4.661536272269409, 3.341882130906879], 'ypos': [4.108015576547611, 3.8302184302934497, 3.830111073460641], 'rotations': [3.1436444461712685, 5.065906402550644, 5.064871281285366], 'orientations': ['upright', 'rhs', 'rhs'], 'contact': [[0], [1], [2]], 'grounded': ['yes', 'yes', 'yes'], 'follow_rule': True}, {'ids': [0, 1, 2, 3], 'colours': ['red', 'green', 'blue', 'blue'], 'sizes': [3, 3, 1, 3], 'xpos': [1.9581984351216628, 4.001546465278555, 6.0968583308160005, 7.425033123793405], 'ypos': [3.63373246150878, 3.637932642379843, 3.8271748539954236, 4.107166920984853], 'rotations': [1.2438764372472084, 1.2452247076053702, 1.211256750054512, 3.141498340685588], 'orientations': ['lhs', 'lhs', 'lhs', 'upright'], 'contact': [[0], [1], [2], [3]], 'grounded': ['yes', 'yes', 'yes', 'yes'], 'follow_rule': False}, {'ids': [0, 1, 2], 'colours': ['green', 'red', 'blue'], 'sizes': [1, 3, 2], 'xpos': [6.639399678991847, 4.756542932865675, 2.482240658196631], 'ypos': [4.1085608499091215, 3.634782676199417, 3.7302484499187973], 'rotations': [3.1373527747040244, -1.2456409002483921, 1.2327278428479205], 'orientations': ['upright', 'rhs', 'lhs'], 'contact': [[0], [1], [2]], 'grounded': ['yes', 'yes', 'yes'], 'follow_rule': True}, {'ids': [0, 1, 2, 3, 4], 'colours': ['red', 'green', 'blue', 'green', 'red'], 'sizes': [1, 1, 3, 3, 3], 'xpos': [1.3944566723545302, 5.972941760584613, 3.2528339928761314, 4.829534361682373, 6.6529164123182625], 'ypos': [3.8303428177488454, 3.8301034972636687, 3.6375701779334864, 3.6338916378600223, 3.6337542806446517], 'rotations': [1.216073314786082, 1.2183871845489291, 1.2469206548719298, 1.243751601742721, 5.03758231675346], 'orientations': ['lhs', 'lhs', 'lhs', 'lhs', 'rhs'], 'contact': [[0], [1], [2], [3], [4]], 'grounded': ['yes', 'yes', 'yes', 'yes', 'yes'], 'follow_rule': True}, {'ids': [0, 1, 2, 3], 'colours': ['green', 'blue', 'green', 'blue'], 'sizes': [2, 1, 2, 2], 'xpos': [6.814016217155365, 5.328087953474184, 0.15005445197659645, 2.783632673145659], 'ypos': [4.107785098092255, 4.107680856639345, 3.7295503280414253, 4.108079801785623], 'rotations': [3.14389557632968, -15.70300884441799, -1.2337403969404455, -3.1390161453936245], 'orientations': ['upright', 'upright', 'rhs', 'upright'], 'contact': [[0], [1], [2], [3]], 'grounded': ['yes', 'yes', 'yes', 'yes'], 'follow_rule': False}, {'ids': [0, 1, 2, 3, 4], 'colours': ['red', 'green', 'red', 'blue', 'green'], 'sizes': [3, 1, 1, 2, 3], 'xpos': [5.12691938557365, 5.11503131679493, 4.23727953775697, 6.19519140108846, 3.42148978150856], 'ypos': [4.16166666682932, 3.21450769513128, 4.15833270210236, 3.780270212316, 4.15777826181353], 'rotations': [3.14159265356107, 3.17396503839037, 3.13596899439433, 5.0484168782327, 3.14163950292034], 'contact': [[0, 1], [1, 0], 2, 3, 4], 'grounded': ['yes', 'no', 'yes', 'yes', 'yes']}, {'ids': [0, 1, 2, 3], 'colours': ['green', 'green', 'red', 'blue'], 'sizes': [1, 3, 1, 2], 'xpos': [1.95640316882102, 3.82119006463636, 5.49466900932729, 4.94512429018313], 'ypos': [4.1575463669092, 3.68793264237984, 3.88075060909874, 3.82370041726639], 'rotations': [3.14042586215534, 5.03796059957422, 5.07099533912214, 4.13396592888911], 'contact': [0, 1, [2, 3], [3, 2]], 'grounded': ['yes', 'yes', 'yes', 'yes']}, {'ids': [0, 1, 2, 3, 4], 'colours': ['red', 'blue', 'red', 'green', 'green'], 'sizes': [3, 1, 2, 2, 1], 'xpos': [6.01871423256697, 2.01992789098242, 4.13597794449854, 0.774406281828649, 4.80555851531279], 'ypos': [3.68393205570556, 4.15898574652681, 4.15794140291817, 3.77979942907755, 3.98725786368743], 'rotations': [1.24414891831718, 3.14156263599238, 3.14292046357041, 5.04964608195148, 2.53998237313469], 'contact': [[0, 4], 1, 2, 3, [4, 0]], 'grounded': ['yes', 'yes', 'yes', 'yes', 'yes']}, {'ids': [0, 1], 'colours': ['blue', 'green'], 'sizes': [1, 2], 'xpos': [1.67047327443096, 4.46813203908946], 'ypos': [4.15694705663294, 4.15819949787589], 'rotations': [3.14214596161258, 3.14225319301416], 'contact': [{'V1': 0, 'V2': 1}], 'grounded': ['yes', 'yes']}, {'ids': [0, 1, 2, 3, 4], 'colours': ['blue', 'blue', 'red', 'blue', 'red'], 'sizes': [1, 1, 3, 2, 3], 'xpos': [2.9749447690173, 1.59038636414738, 1.89943344290003, 0.742265142690783, 5.82945571924824], 'ypos': [4.14706432996679, 4.15682792868204, 3.68436535365509, 3.87793736870491, 4.15825788448378], 'rotations': [3.19018443917557, 3.14127258207092, 4.38185242264156, 2.36758036264438, 3.14223131257379], 'contact': [[0, 2], 1, [2, 0], 3, 4], 'grounded': ['yes', 'yes', 'yes', 'yes', 'yes']}, {'ids': [0, 1, 2, 3, 4], 'colours': ['blue', 'blue', 'red', 'red', 'blue'], 'sizes': [1, 1, 2, 3, 2], 'xpos': [3.86710801315826, 0.780465760873674, 4.72248955423569, 3.06295468416754, 7.04671297081929], 'ypos': [4.1448491118357, 4.15796013032216, 4.15793209798963, 3.75002575259372, 4.15761808534214], 'rotations': [3.19364501547634, 3.14186836777695, 3.13970081999877, 4.09252896570911, 3.14406240189392], 'contact': [[0, 3], 1, 2, [3, 0], 4], 'grounded': ['yes', 'yes', 'yes', 'yes', 'yes']}, {'ids': [0, 1, 2, 3], 'colours': ['blue', 'green', 'blue', 'red'], 'sizes': [1, 2, 1, 3], 'xpos': [0.414928997162714, 1.7723984589512, 5.75738502777065, 6.08770777718876], 'ypos': [4.15743978227501, 4.15711897749998, 3.88075060909862, 3.89628768750355], 'rotations': [3.14447951863788, 3.14010156096646, 5.07099533912207, 3.69409526653564], 'contact': [0, 1, [2, 3], [3, 2]], 'grounded': ['yes', 'yes', 'yes', 'yes']}, {'ids': [0, 1, 2, 3, 4], 'colours': ['green', 'red', 'green', 'green', 'red'], 'sizes': [2, 2, 3, 3, 2], 'xpos': [1.30426887924571, 1.8868098606311, 6.83333126813548, 2.79429839111229, 3.83407517131883], 'ypos': [3.78000391300947, 4.15881602818333, 3.73307814239637, 4.15736329550291, 4.15804254736289], 'rotations': [1.23253748876037, 3.14240000646429, 4.1567939442383, 3.14166932108615, 3.1439673324419], 'contact': [0, [1, 3], 2, [3, 1], 4], 'grounded': ['yes', 'yes', 'yes', 'yes', 'yes']}]","[True, True, True, True, True, True, True, False]","[False, False, False, False, False, False, True, True]","[False, False, False, False, False, False, False, False]","[True, True, True, True, True, True, False, False]","[True, True, True, True, True, True, True, False]","[False, False, False, False, False, False, True, True]","[False, False, False, False, False, False, False, False]","[True, True, True, True, True, True, False, False]",-0.25,-0.25,0.0,0.0,0.25,0.25,0.125,0.125,0.25,0.25,0.0,0.0,0.75,0.75,341.9820487500254,-5.5481101251062706,-5.545177444479562,13.175661791892377,11.090354888959125,2.0390149052958684,-15.78486099028127,-16.635532333438686,34.74777581091049,33.27106466687737,1.0502311195665048,"[1.0, 1.0, 1.0, 1.0, 1.0, 0.0, 1.0, 0.0, 1.0, 1.0, 1.0, 1.0, 1.0, 1.0, 1.0, 0.0135, 0.9530000000000001, 0.092, 0.5895, 0.5895, 1.0, 0.0, 0.0, 0.861, 1.0, 1.0, 1.0, 0.2925, 0.999, 0.999, 1.0, 0.7155, 0.0, 0.0, 1.0, 0.0, 0.0, 0.0, 1.0, 0.0, 0.0, 0.0, 1.0, 0.0, 0.0, 0.0, 1.0, 0.0, 1.0, 1.0, 1.0, 1.0, 0.0, 0.0, 0.0, 0.0, 1.0, 1.0, 1.0, 1.0, 0.935, 0.935, 0.935, 0.935, 1.0, 1.0, 1.0, 1.0, 0.0, 1.0, 0.0, 0.0, 0.0, 1.0, 1.0, 1.0, 1.0, 1.0, 1.0, 1.0, 1.0, 1.0, 1.0, 1.0, 0.0935, 0.0935, 0.0935, 0.0935, 1.0, 1.0, 1.0, 1.0, 1.0, 1.0, 1.0, 1.0, 1.0, 1.0, 1.0, 1.0, 1.0, 1.0, 1.0, 0.013000000000000001, 1.0, 1.0, 0.998, 1.0, 1.0, 0.002, 0.998, 0.002, 1.0, 1.0, 1.0, 1.0, 1.0, 1.0, 1.0, 0.0, 0.973, 1.0, 0.9530000000000001, 1.0, 0.8925000000000001, 0.9195, 0.17400000000000002, 0.201, 1.0, 1.0, 1.0, 1.0, 0.0, 0.0, 0.0, 0.0, 1.0, 1.0, 1.0, 0.24, 1.0, 1.0, 0.968, 1.0, 0.653, 0.653, 0.653, 1.0, 0.2535, 0.2535, 0.7035, 0.10300000000000001, 1.0, 1.0, 1.0, 1.0, 0.0, 1.0, 0.0, 0.0, 1.0, 1.0, 1.0, 0.012, 0.988, 0.988, 1.0, 1.0, 1.0, 0.0, 1.0, 1.0, 1.0, 0.0, 0.0, 1.0, 0.0, 0.0, 0.0, 1.0, 1.0, 0.0, 0.0, 0.0, 1.0, 1.0, 1.0, 1.0, 0.0, 0.0, 0.0, 0.0, 1.0, 1.0, 1.0, 1.0, 0.0, 0.0, 0.0, 0.0, 1.0, 1.0, 1.0, 1.0, 1.0, 1.0, 0.841, 1.0, 1.0, 1.0, 1.0, 1.0, 0.0, 0.0, 0.0, 0.0, 1.0, 1.0, 1.0, 1.0, 1.0, 1.0, 1.0, 0.0, 0.197, 0.0, 0.85, 0.653, 0.803, 0.0, 0.0, 0.0, 0.8525, 0.847, 0.9935, 0.847, 0.28300000000000003, 0.4305, 0.426, 0.426, 1.0, 1.0, 1.0, 1.0, 1.0, 1.0, 1.0, 0.0, 0.798, 1.0, 0.7995, 0.7995, 0.0275, 0.029, 0.2265, 0.1975, 1.0, 1.0, 1.0, 1.0, 0.0, 0.0, 0.0, 0.0, 0.862, 0.854, 0.8595, 0.8955000000000001, 0.045, 0.0005, 0.8695, 0.8505, 1.0, 1.0, 1.0, 0.022, 1.0, 1.0, 1.0, 0.978, 0.28400000000000003, 0.0145, 0.1885, 0.0275, 0.2755, 0.0, 0.0015, 0.013000000000000001, 0.0, 0.0, 0.0, 1.0, 1.0, 0.0, 0.0, 0.0, 1.0, 1.0, 1.0, 1.0, 0.0, 0.0, 0.0, 0.0, 1.0, 1.0, 1.0, 1.0, 1.0, 0.0, 1.0, 0.0, 1.0, 1.0, 1.0, 1.0, 1.0, 1.0, 1.0, 0.0, 1.0, 1.0, 1.0, 0.728, 0.8265, 0.5545, 0.5545, 0.8265, 1.0, 1.0, 1.0, 1.0, 1.0, 1.0, 1.0, 1.0, 1.0, 1.0, 1.0, 0.8715, 0.9365, 0.8695, 0.8695, 0.9365, 0.229, 0.229, 0.229, 0.229, 0.801, 0.03, 0.03, 0.801, 0.0, 0.0, 0.0, 1.0, 1.0, 0.0, 0.0, 0.0, 0.108, 0.114, 0.2315, 0.108, 0.114, 0.07050000000000001, 0.0495, 0.006, 1.0, 1.0, 1.0, 1.0, 0.0, 0.0, 0.0, 0.0, 0.8955000000000001, 0.895, 0.0115, 0.0, 0.883, 0.0, 0.0, 0.0, 1.0, 1.0, 1.0, 1.0, 0.0, 0.0, 0.0, 0.0, 0.902, 0.902, 0.902, 0.678, 0.88, 0.88, 0.902, 0.807, 1.0, 1.0, 1.0, 1.0, 0.0, 0.0, 0.0, 0.0, 1.0, 1.0, 1.0, 1.0, 1.0, 1.0, 1.0, 0.0, 1.0, 1.0, 1.0, 1.0, 0.0, 0.0, 0.0, 0.0, 1.0, 1.0, 1.0, 1.0, 0.008, 0.008, 0.008, 0.008, 1.0, 1.0, 1.0, 1.0, 1.0, 1.0, 1.0, 0.0, 1.0, 1.0, 1.0, 1.0, 1.0, 1.0, 0.6980000000000001, 1.0, 1.0, 1.0, 1.0, 1.0, 0.0, 0.0, 0.0, 0.0, 1.0, 1.0, 1.0, 1.0, 1.0, 1.0, 1.0, 0.0, 0.9530000000000001, 0.9530000000000001, 0.9530000000000001, 1.0, 1.0, 1.0, 0.641, 0.9530000000000001, 1.0, 1.0, 1.0, 1.0, 0.0, 0.0, 0.0, 0.0, 1.0, 1.0, 1.0, 1.0, 1.0, 1.0, 1.0, 1.0, 1.0, 1.0, 1.0, 1.0, 0.0, 0.0, 0.0, 0.0, 1.0, 1.0, 1.0, 1.0, 1.0, 1.0, 1.0, 1.0, 1.0, 1.0, 1.0, 1.0, 0.021500000000000002, 0.021500000000000002, 0.021500000000000002, 0.021500000000000002, 0.021500000000000002, 0.003, 0.02, 0.0095, 0.0095, 0.964, 0.9555, 0.0095, 1.0, 1.0, 1.0, 1.0, 1.0, 1.0, 1.0, 1.0, 1.0, 1.0, 1.0, 1.0, 0.0, 0.0, 0.0, 0.0, 1.0, 1.0, 1.0, 1.0, 0.0, 0.0, 1.0, 1.0, 1.0, 0.873, 0.198, 0.198, 1.0, 1.0, 0.6905, 1.0, 1.0, 1.0, 1.0, 1.0, 1.0, 1.0, 1.0, 0.0, 1.0, 0.999, 0.999, 1.0, 0.0025, 0.0025, 0.0025, 0.0025, 1.0, 1.0, 1.0, 1.0, 1.0, 0.686, 0.314, 0.0, 1.0, 1.0, 1.0, 1.0, 0.524, 0.524, 1.0, 0.47600000000000003, 1.0, 1.0, 1.0, 1.0, 0.008, 0.008, 0.008, 0.008, 0.9935, 0.9935, 0.9775, 0.9935, 0.9935, 0.0225, 0.988, 0.017, 1.0, 1.0, 1.0, 1.0, 0.0725, 0.0725, 0.0725, 0.0725, 0.041, 1.0, 1.0, 0.9590000000000001, 0.041, 0.9590000000000001, 1.0, 0.0, 0.7435, 0.9835, 0.7425, 0.986, 0.7435, 0.7435, 0.256, 0.987, 1.0, 0.005, 1.0, 1.0, 1.0, 0.005, 0.005, 1.0, 1.0, 1.0, 1.0, 1.0, 1.0, 1.0, 1.0, 0.0, 1.0, 1.0, 1.0, 1.0, 0.0, 0.0, 0.0, 0.0, 1.0, 1.0, 1.0, 1.0, 0.0, 0.0, 0.0, 0.0, 0.9705, 0.9705, 0.9145, 1.0, 0.8015, 0.8015, 0.9705, 0.7865, 1.0, 1.0, 1.0, 1.0, 0.0, 0.0, 0.0, 0.0, 1.0, 1.0, 1.0, 1.0, 0.0, 0.0, 0.0, 0.0, 1.0, 1.0, 1.0, 1.0, 0.0, 0.0, 0.0, 0.0, 1.0, 1.0, 1.0, 1.0, 1.0, 1.0, 1.0, 1.0]",-418.5875071169283,843.720363894191,-482.430437669722,964.860875339444,1.9575780487552714,-5.292505905351915,12.664453352383665,1.0,-10.518280500437347,24.21461483122264,0.6334250289943713,"[1.0, 1.0, 1.0, 1.0, 1.0, 0.0, 1.0, 0.0, 1.0, 1.0, 1.0, 1.0, 1.0, 1.0, 1.0, 0.0, 0.0, 0.0, 0.0, 0.0, 0.0, 0.0, 0.0, 0.0, 1.0, 1.0, 1.0, 0.0, 0.0, 0.0, 1.0, 0.0, 0.0, 0.0, 1.0, 1.0, 0.0, 1.0, 1.0, 1.0, 1.0, 1.0, 1.0, 1.0, 0.0, 0.0, 1.0, 1.0, 1.0, 1.0, 1.0, 1.0, 0.0, 0.0, 0.0, 0.0, 1.0, 1.0, 1.0, 1.0, 0.0, 0.0, 0.0, 0.0, 0.0, 0.0, 0.0, 0.0, 0.0, 1.0, 1.0, 0.0, 1.0, 1.0, 1.0, 1.0, 0.0, 0.0, 0.0, 0.0, 1.0, 1.0, 1.0, 1.0, 0.0, 0.0, 0.0, 0.0, 1.0, 1.0, 1.0, 1.0, 1.0, 1.0, 0.0, 1.0, 1.0, 1.0, 1.0, 1.0, 1.0, 1.0, 1.0, 0.0, 1.0, 1.0, 1.0, 1.0, 1.0, 0.0, 1.0, 0.0, 0.0, 1.0, 0.0, 0.0, 1.0, 1.0, 1.0, 0.0, 1.0, 1.0, 0.0, 1.0, 1.0, 0.0, 0.0, 0.0, 1.0, 1.0, 1.0, 0.0, 1.0, 1.0, 1.0, 1.0, 1.0, 1.0, 1.0, 1.0, 0.0, 0.0, 0.0, 0.0, 1.0, 1.0, 1.0, 0.0, 0.0, 0.0, 1.0, 0.0, 0.0, 0.0, 1.0, 0.0, 0.0, 0.0, 0.0, 0.0, 1.0, 1.0, 1.0, 0.0, 0.0, 0.0, 1.0, 0.0, 0.0, 0.0, 0.0, 1.0, 0.0, 0.0, 0.0, 0.0, 0.0, 0.0, 0.0, 1.0, 0.0, 0.0, 0.0, 0.0, 1.0, 1.0, 1.0, 1.0, 0.0, 0.0, 0.0, 0.0, 1.0, 1.0, 1.0, 0.0, 0.0, 0.0, 1.0, 0.0, 1.0, 1.0, 1.0, 1.0, 0.0, 0.0, 0.0, 0.0, 1.0, 1.0, 1.0, 1.0, 0.0, 0.0, 0.0, 0.0, 1.0, 1.0, 1.0, 1.0, 1.0, 1.0, 1.0, 0.0, 0.0, 0.0, 0.0, 0.0, 1.0, 0.0, 0.0, 0.0, 1.0, 1.0, 1.0, 1.0, 1.0, 1.0, 1.0, 1.0, 1.0, 1.0, 1.0, 1.0, 1.0, 1.0, 1.0, 0.0, 0.0, 0.0, 0.0, 0.0, 0.0, 0.0, 0.0, 0.0, 0.0, 1.0, 0.0, 1.0, 0.0, 1.0, 0.0, 1.0, 0.0, 0.0, 0.0, 1.0, 0.0, 0.0, 0.0, 0.0, 1.0, 1.0, 1.0, 0.0, 0.0, 0.0, 1.0, 0.0, 1.0, 1.0, 1.0, 1.0, 1.0, 0.0, 1.0, 0.0, 0.0, 1.0, 1.0, 1.0, 0.0, 0.0, 0.0, 0.0, 1.0, 1.0, 1.0, 0.0, 1.0, 1.0, 1.0, 1.0, 0.0, 1.0, 1.0, 1.0, 0.0, 0.0, 0.0, 0.0, 1.0, 1.0, 1.0, 1.0, 1.0, 1.0, 1.0, 0.0, 1.0, 1.0, 1.0, 1.0, 0.0, 0.0, 0.0, 0.0, 1.0, 1.0, 1.0, 1.0, 0.0, 0.0, 0.0, 0.0, 0.0, 1.0, 0.0, 0.0, 0.0, 0.0, 0.0, 0.0, 1.0, 1.0, 1.0, 1.0, 1.0, 0.0, 1.0, 1.0, 0.0, 0.0, 0.0, 0.0, 0.0, 1.0, 1.0, 0.0, 1.0, 1.0, 1.0, 1.0, 1.0, 0.0, 1.0, 0.0, 1.0, 1.0, 1.0, 1.0, 1.0, 0.0, 1.0, 1.0, 0.0, 0.0, 0.0, 0.0, 0.0, 1.0, 1.0, 0.0, 1.0, 0.0, 0.0, 1.0, 0.0, 0.0, 0.0, 0.0, 1.0, 1.0, 1.0, 0.0, 0.0, 0.0, 1.0, 0.0, 1.0, 1.0, 1.0, 0.0, 0.0, 0.0, 0.0, 0.0, 1.0, 1.0, 1.0, 1.0, 1.0, 1.0, 1.0, 0.0, 0.0, 0.0, 0.0, 0.0, 0.0, 0.0, 0.0, 0.0, 1.0, 0.0, 1.0, 0.0, 0.0, 0.0, 0.0, 0.0, 1.0, 1.0, 1.0, 1.0, 1.0, 1.0, 1.0, 0.0, 1.0, 1.0, 1.0, 1.0, 1.0, 1.0, 0.0, 1.0, 1.0, 1.0, 1.0, 1.0, 0.0, 0.0, 0.0, 0.0, 1.0, 1.0, 1.0, 1.0, 1.0, 1.0, 1.0, 0.0, 0.0, 1.0, 1.0, 1.0, 0.0, 0.0, 0.0, 0.0, 1.0, 1.0, 1.0, 1.0, 0.0, 0.0, 0.0, 0.0, 1.0, 0.0, 1.0, 0.0, 0.0, 0.0, 0.0, 0.0, 1.0, 1.0, 1.0, 1.0, 1.0, 0.0, 1.0, 0.0, 1.0, 1.0, 1.0, 0.0, 1.0, 1.0, 0.0, 1.0, 1.0, 1.0, 1.0, 1.0, 0.0, 0.0, 0.0, 0.0, 0.0, 0.0, 0.0, 0.0, 0.0, 1.0, 0.0, 0.0, 1.0, 1.0, 1.0, 1.0, 0.0, 0.0, 0.0, 0.0, 0.0, 0.0, 0.0, 0.0, 0.0, 0.0, 0.0, 0.0, 1.0, 0.0, 1.0, 0.0, 0.0, 0.0, 0.0, 0.0, 1.0, 1.0, 0.0, 0.0, 1.0, 1.0, 1.0, 1.0, 1.0, 1.0, 1.0, 1.0, 1.0, 1.0, 1.0, 1.0, 1.0, 1.0, 1.0, 1.0, 1.0, 0.0, 1.0, 1.0, 0.0, 1.0, 0.0, 1.0, 0.0, 1.0, 0.0, 0.0, 1.0, 1.0, 1.0, 1.0, 0.0, 0.0, 1.0, 0.0, 1.0, 1.0, 1.0, 1.0, 0.0, 0.0, 0.0, 0.0, 0.0, 0.0, 0.0, 1.0, 0.0, 0.0, 0.0, 0.0, 1.0, 1.0, 1.0, 1.0, 0.0, 0.0, 0.0, 0.0, 0.0, 1.0, 1.0, 1.0, 0.0, 1.0, 1.0, 0.0, 1.0, 1.0, 1.0, 1.0, 0.0, 0.0, 0.0, 0.0, 1.0, 0.0, 1.0, 1.0, 1.0, 0.0, 0.0, 1.0, 1.0, 1.0, 1.0, 1.0, 1.0, 1.0, 1.0, 0.0, 0.0, 1.0, 1.0, 1.0, 1.0, 1.0, 0.0, 0.0, 1.0, 1.0, 1.0, 1.0, 0.0, 0.0, 0.0, 0.0, 1.0, 1.0, 1.0, 0.0, 0.0, 0.0, 1.0, 0.0, 1.0, 1.0, 1.0, 1.0, 0.0, 0.0, 0.0, 0.0, 0.0, 0.0, 0.0, 0.0, 0.0, 0.0, 0.0, 0.0, 0.0, 1.0, 0.0, 1.0, 0.0, 1.0, 1.0, 0.0, 1.0, 1.0, 1.0, 1.0, 1.0, 0.0, 0.0, 1.0]",-318.3726801373107,643.2907099349558,1.9575780487552714,-5.292505905351915,-5.545177444479562,12.664453352383665,11.090354888959125,1.0,-10.518280500437347,-16.635532333438686,24.21461483122264,33.27106466687737,0.6173530694834558,"[1.0, 1.0, 1.0, 1.0, 1.0, 0.0, 1.0, 0.0, 1.0, 1.0, 1.0, 1.0, 1.0, 1.0, 1.0, 0.0, 0.0, 0.0, 0.0, 0.0, 0.0, 0.0, 0.0, 0.0, 1.0, 1.0, 1.0, 0.0, 0.0, 0.0, 1.0, 0.0, 0.0, 0.0, 1.0, 1.0, 0.0, 1.0, 1.0, 1.0, 0.0, 0.0, 0.0, 0.0, 0.0, 0.0, 0.0, 0.0, 1.0, 1.0, 1.0, 1.0, 0.0, 0.0, 0.0, 0.0, 1.0, 1.0, 1.0, 1.0, 0.0, 0.0, 0.0, 0.0, 0.0, 0.0, 0.0, 0.0, 0.0, 1.0, 1.0, 0.0, 0.0, 0.0, 0.0, 1.0, 0.0, 0.0, 0.0, 0.0, 1.0, 1.0, 1.0, 1.0, 0.0, 0.0, 0.0, 0.0, 0.0, 0.0, 0.0, 0.0, 1.0, 1.0, 0.0, 1.0, 1.0, 1.0, 1.0, 1.0, 1.0, 1.0, 1.0, 0.0, 1.0, 1.0, 1.0, 1.0, 1.0, 0.0, 1.0, 0.0, 0.0, 1.0, 0.0, 0.0, 1.0, 1.0, 1.0, 0.0, 1.0, 1.0, 0.0, 1.0, 1.0, 0.0, 0.0, 0.0, 1.0, 1.0, 1.0, 0.0, 1.0, 1.0, 1.0, 1.0, 1.0, 1.0, 1.0, 1.0, 0.0, 0.0, 0.0, 0.0, 1.0, 1.0, 1.0, 0.0, 0.0, 0.0, 1.0, 0.0, 0.0, 0.0, 1.0, 0.0, 0.0, 0.0, 0.0, 0.0, 1.0, 1.0, 1.0, 0.0, 0.0, 0.0, 1.0, 0.0, 0.0, 0.0, 0.0, 1.0, 0.0, 0.0, 0.0, 0.0, 0.0, 0.0, 0.0, 1.0, 0.0, 0.0, 0.0, 0.0, 1.0, 1.0, 1.0, 1.0, 0.0, 0.0, 0.0, 0.0, 1.0, 1.0, 1.0, 0.0, 0.0, 0.0, 1.0, 0.0, 1.0, 1.0, 1.0, 1.0, 0.0, 0.0, 0.0, 0.0, 1.0, 1.0, 1.0, 1.0, 0.0, 0.0, 0.0, 0.0, 1.0, 1.0, 1.0, 1.0, 1.0, 1.0, 1.0, 0.0, 0.0, 0.0, 0.0, 0.0, 1.0, 0.0, 0.0, 0.0, 1.0, 1.0, 1.0, 1.0, 1.0, 1.0, 1.0, 1.0, 1.0, 1.0, 1.0, 1.0, 1.0, 1.0, 1.0, 0.0, 0.0, 0.0, 0.0, 0.0, 0.0, 0.0, 0.0, 0.0, 0.0, 1.0, 0.0, 1.0, 0.0, 1.0, 0.0, 1.0, 0.0, 0.0, 0.0, 1.0, 0.0, 0.0, 0.0, 0.0, 1.0, 1.0, 1.0, 0.0, 0.0, 0.0, 1.0, 0.0, 1.0, 1.0, 1.0, 1.0, 1.0, 0.0, 1.0, 0.0, 0.0, 1.0, 1.0, 1.0, 0.0, 0.0, 0.0, 0.0, 1.0, 1.0, 1.0, 0.0, 1.0, 1.0, 1.0, 1.0, 0.0, 1.0, 1.0, 1.0, 0.0, 0.0, 0.0, 0.0, 1.0, 1.0, 1.0, 1.0, 1.0, 1.0, 1.0, 0.0, 1.0, 1.0, 1.0, 1.0, 0.0, 0.0, 0.0, 0.0, 1.0, 1.0, 1.0, 1.0, 0.0, 0.0, 0.0, 0.0, 0.0, 1.0, 0.0, 0.0, 0.0, 0.0, 0.0, 0.0, 0.0, 0.0, 0.0, 0.0, 0.0, 0.0, 0.0, 0.0, 1.0, 0.0, 1.0, 1.0, 1.0, 0.0, 0.0, 1.0, 1.0, 1.0, 1.0, 1.0, 1.0, 0.0, 1.0, 0.0, 1.0, 1.0, 1.0, 1.0, 1.0, 0.0, 1.0, 1.0, 0.0, 0.0, 0.0, 0.0, 0.0, 1.0, 1.0, 0.0, 1.0, 0.0, 0.0, 1.0, 0.0, 0.0, 0.0, 0.0, 1.0, 1.0, 1.0, 0.0, 0.0, 0.0, 1.0, 0.0, 1.0, 1.0, 1.0, 0.0, 0.0, 0.0, 0.0, 0.0, 1.0, 1.0, 1.0, 1.0, 1.0, 1.0, 1.0, 0.0, 0.0, 0.0, 0.0, 0.0, 0.0, 0.0, 0.0, 0.0, 1.0, 0.0, 1.0, 0.0, 0.0, 0.0, 0.0, 0.0, 1.0, 1.0, 1.0, 1.0, 1.0, 1.0, 1.0, 0.0, 1.0, 1.0, 1.0, 1.0, 1.0, 1.0, 0.0, 1.0, 1.0, 1.0, 1.0, 1.0, 0.0, 0.0, 0.0, 0.0, 1.0, 1.0, 1.0, 1.0, 1.0, 1.0, 1.0, 0.0, 0.0, 1.0, 1.0, 1.0, 0.0, 0.0, 0.0, 0.0, 1.0, 1.0, 1.0, 1.0, 0.0, 0.0, 0.0, 0.0, 1.0, 0.0, 1.0, 0.0, 0.0, 0.0, 0.0, 0.0, 1.0, 1.0, 1.0, 1.0, 1.0, 0.0, 1.0, 0.0, 1.0, 1.0, 1.0, 0.0, 1.0, 1.0, 0.0, 1.0, 1.0, 1.0, 1.0, 1.0, 0.0, 0.0, 0.0, 0.0, 0.0, 0.0, 0.0, 0.0, 0.0, 1.0, 0.0, 0.0, 1.0, 1.0, 1.0, 1.0, 0.0, 0.0, 0.0, 0.0, 0.0, 0.0, 0.0, 0.0, 0.0, 0.0, 0.0, 0.0, 1.0, 0.0, 1.0, 0.0, 0.0, 0.0, 0.0, 0.0, 1.0, 1.0, 0.0, 0.0, 1.0, 1.0, 1.0, 1.0, 1.0, 1.0, 1.0, 1.0, 1.0, 1.0, 1.0, 1.0, 1.0, 1.0, 1.0, 1.0, 1.0, 0.0, 1.0, 1.0, 0.0, 1.0, 0.0, 1.0, 0.0, 1.0, 0.0, 0.0, 1.0, 1.0, 1.0, 1.0, 0.0, 0.0, 1.0, 0.0, 1.0, 1.0, 1.0, 1.0, 0.0, 0.0, 0.0, 0.0, 0.0, 0.0, 0.0, 1.0, 0.0, 0.0, 0.0, 0.0, 1.0, 1.0, 1.0, 1.0, 0.0, 0.0, 0.0, 0.0, 0.0, 1.0, 1.0, 1.0, 0.0, 1.0, 1.0, 0.0, 1.0, 1.0, 1.0, 1.0, 0.0, 0.0, 0.0, 0.0, 1.0, 0.0, 1.0, 1.0, 1.0, 0.0, 0.0, 1.0, 1.0, 1.0, 1.0, 1.0, 1.0, 1.0, 1.0, 0.0, 0.0, 0.0, 1.0, 0.0, 0.0, 1.0, 0.0, 0.0, 1.0, 1.0, 1.0, 1.0, 0.0, 0.0, 0.0, 0.0, 1.0, 1.0, 1.0, 0.0, 0.0, 0.0, 1.0, 0.0, 1.0, 1.0, 1.0, 1.0, 0.0, 0.0, 0.0, 0.0, 0.0, 0.0, 0.0, 0.0, 0.0, 0.0, 0.0, 0.0, 0.0, 1.0, 0.0, 1.0, 0.0, 1.0, 1.0, 0.0, 1.0, 1.0, 1.0, 1.0, 1.0, 0.0, 0.0, 1.0]",-311.9759791000219,630.4973078603782,-482.430437669722,964.860875339444,467.3685152602204,-5.549462369626998,-5.545177444479562,13.178366280933831,11.090354888959125,1.9577903091754996,-15.87770930018325,-16.635532333438686,34.933472430714446,33.27106466687737,1.0908740239314543,"[0.0, 0.0, 1.0, 0.0, 0.0, 0.0, 0.0, 0.0, 1.0, 1.0, 1.0, 1.0, 0.877, 0.877, 0.877, 0.0, 1.0, 0.259, 1.0, 1.0, 0.8015, 0.0, 0.259, 1.0, 1.0, 1.0, 1.0, 1.0, 1.0, 1.0, 1.0, 0.0, 0.0, 0.0, 1.0, 0.0, 0.0, 0.0, 1.0, 0.0, 0.0, 0.0, 1.0, 0.0, 0.0, 0.0, 1.0, 0.0, 0.0, 0.0, 0.0, 0.0775, 0.0, 0.0, 0.1635, 0.47100000000000003, 1.0, 1.0, 1.0, 1.0, 0.0, 0.0, 0.0, 0.0, 0.0, 0.0, 0.0, 0.0, 0.0, 0.0, 0.0, 0.0, 1.0, 1.0, 1.0, 1.0, 1.0, 1.0, 1.0, 0.0, 1.0, 1.0, 1.0, 1.0, 0.0, 0.0, 0.0, 0.0, 0.0, 0.0, 0.0, 0.0, 0.0, 0.113, 0.113, 0.0, 0.0, 0.0, 0.0, 1.0, 0.0, 0.0, 0.0, 0.0, 1.0, 1.0, 1.0, 1.0, 0.0, 0.0, 0.0, 0.0, 0.9995, 1.0, 1.0, 0.663, 1.0, 1.0, 1.0, 0.353, 1.0, 1.0, 1.0, 1.0, 0.082, 0.082, 0.0, 0.0, 0.973, 1.0, 0.7655000000000001, 0.605, 0.973, 1.0, 1.0, 0.368, 0.0, 0.0, 1.0, 0.0, 1.0, 0.0, 1.0, 0.0, 1.0, 1.0, 1.0, 1.0, 0.0, 0.0, 1.0, 0.0, 1.0, 1.0, 1.0, 1.0, 0.0, 0.9465, 0.0, 0.0, 0.666, 1.0, 0.666, 0.666, 0.0, 0.0, 0.7975, 0.0, 0.0, 0.9430000000000001, 0.0, 1.0, 1.0, 0.0, 0.0, 0.0, 0.0, 1.0, 0.0, 0.0, 0.0, 0.0, 0.0, 0.0, 1.0, 1.0, 1.0, 1.0, 0.0, 0.0, 0.0, 0.0, 1.0, 1.0, 1.0, 1.0, 1.0, 1.0, 1.0, 0.0005, 1.0, 1.0, 1.0, 1.0, 1.0, 1.0, 0.0, 1.0, 1.0, 1.0, 1.0, 1.0, 0.0, 0.0, 0.0, 0.0, 1.0, 1.0, 1.0, 1.0, 1.0, 1.0, 1.0, 0.0, 1.0, 0.0, 1.0, 0.0, 0.0, 0.0, 0.0, 0.0, 0.0, 1.0, 0.0, 1.0, 0.0, 1.0, 0.0, 1.0, 1.0, 1.0, 1.0, 1.0, 1.0, 1.0, 1.0, 0.0, 1.0, 0.0, 1.0, 1.0, 1.0, 0.0, 0.0, 1.0, 1.0, 1.0, 1.0, 1.0, 1.0, 1.0, 1.0, 1.0, 0.0, 0.9580000000000001, 0.0, 0.0, 0.0, 0.0, 0.0045000000000000005, 0.0, 0.0, 0.0, 0.0, 0.0, 0.0, 0.0, 0.0, 1.0, 0.0, 0.0, 0.0005, 0.0, 0.0, 0.0, 0.0, 0.0, 0.0, 1.0, 0.0, 0.0, 0.0, 0.0, 0.0, 0.0, 1.0, 1.0, 1.0, 0.001, 0.001, 0.001, 1.0, 0.0, 0.0, 0.0, 0.6225, 0.0, 0.0, 0.0, 0.0, 0.0, 1.0, 1.0, 1.0, 1.0, 0.0, 0.0, 0.0, 0.0, 0.0, 0.0, 0.0, 0.0, 0.0, 0.0, 0.0, 0.0, 1.0, 1.0, 1.0, 1.0, 1.0, 1.0, 1.0, 0.0, 0.0, 0.0, 0.0, 1.0, 0.0, 0.0, 1.0, 0.0, 1.0, 1.0, 1.0, 1.0, 0.0, 0.0, 0.0, 0.0, 0.0, 1.0, 0.0, 0.0, 1.0, 0.0, 0.0, 1.0, 1.0, 1.0, 1.0, 1.0, 0.0, 0.0, 0.0, 0.0, 1.0, 1.0, 1.0, 1.0, 1.0, 0.0, 1.0, 1.0, 0.0, 0.0005, 0.0, 0.0, 0.0, 0.38, 0.0, 0.0, 1.0, 1.0, 1.0, 1.0, 0.0, 0.0, 0.0, 0.0, 1.0, 1.0, 1.0, 0.999, 1.0, 1.0, 1.0, 0.0195, 1.0, 1.0, 1.0, 1.0, 0.0, 0.0, 0.0, 0.0, 0.0, 0.6285000000000001, 0.0, 0.328, 0.0, 0.0, 0.6285000000000001, 0.0, 0.0, 0.0, 0.0, 0.0, 0.0, 0.0, 0.0, 1.0, 1.0, 1.0, 1.0, 1.0, 0.0, 0.0, 0.0, 0.0, 1.0, 1.0, 1.0, 1.0, 1.0, 1.0, 1.0, 0.0, 1.0, 1.0, 1.0, 1.0, 1.0, 1.0, 0.0375, 1.0, 1.0, 1.0, 1.0, 1.0, 0.0, 0.0, 0.0, 0.0, 1.0, 1.0, 1.0, 1.0, 1.0, 1.0, 1.0, 0.0, 1.0, 1.0, 1.0, 1.0, 1.0, 1.0, 0.0, 1.0, 1.0, 1.0, 1.0, 1.0, 0.0, 0.0, 0.0, 0.0, 1.0, 1.0, 1.0, 1.0, 1.0, 1.0, 1.0, 1.0, 0.0, 0.0, 0.4395, 0.0, 0.0, 0.0, 0.001, 1.0, 0.0, 0.0, 0.0, 0.0, 0.0, 0.0, 0.0, 0.0, 1.0, 1.0, 1.0, 0.0, 1.0, 0.0, 0.0, 1.0, 0.0, 0.0, 1.0, 1.0, 1.0, 0.0, 0.0, 0.0, 0.0, 0.0, 0.0, 0.0, 0.0, 0.0, 0.0, 0.0, 1.0, 1.0, 1.0, 1.0, 0.0, 0.0, 0.0, 0.0, 0.0, 0.0, 0.0, 0.0, 0.0, 1.0, 0.0, 0.0, 1.0, 1.0, 1.0, 1.0, 0.0, 0.4945, 0.0, 0.0, 1.0, 1.0, 1.0, 1.0, 0.0, 0.0, 1.0, 1.0, 1.0, 1.0, 1.0, 1.0, 0.0, 0.0, 0.0, 0.0, 1.0, 1.0, 1.0, 1.0, 1.0, 0.704, 0.296, 0.0, 1.0, 1.0, 1.0, 1.0, 0.0, 0.0, 1.0, 1.0, 1.0, 1.0, 1.0, 1.0, 0.0, 0.0, 0.0, 0.0, 0.006, 1.0, 0.006, 0.708, 0.298, 1.0, 0.298, 1.0, 1.0, 1.0, 1.0, 1.0, 0.0, 0.0, 0.0, 0.0, 1.0, 0.0, 1.0, 1.0, 1.0, 0.0, 0.0, 1.0, 0.0, 1.0, 1.0, 1.0, 0.0, 0.0, 0.0, 0.0, 1.0, 0.224, 1.0, 1.0, 0.776, 0.0, 0.224, 1.0, 1.0, 1.0, 1.0, 1.0, 0.0, 0.0, 0.0, 0.0, 1.0, 1.0, 0.0, 1.0, 1.0, 1.0, 0.0, 1.0, 1.0, 1.0, 1.0, 1.0, 0.0, 0.0, 0.0, 0.0, 1.0, 1.0, 1.0, 1.0, 1.0, 1.0, 1.0, 0.0, 1.0, 1.0, 1.0, 1.0, 0.0, 0.0, 0.0, 0.0, 0.0, 0.0, 0.0, 0.0, 0.0, 0.0, 0.0, 0.0, 1.0, 0.4865, 1.0, 1.0, 1.0, 0.0075, 0.4865, 1.0, 0.0225, 0.0, 0.0, 0.9775, 0.0, 0.0, 0.0, 0.0]",-419.18595103414617,844.9172517286268,-482.430437669722,964.860875339444,1.9575780487552714,-5.292505905351915,-5.545177444479562,12.664453352383665,11.090354888959125,1.0,-10.518280500437347,-16.635532333438686,24.21461483122264,33.27106466687737,0.5787520451143159,"[1.0, 1.0, 1.0, 1.0, 1.0, 0.0, 1.0, 0.0, 1.0, 1.0, 1.0, 1.0, 1.0, 1.0, 1.0, 0.0, 0.0, 0.0, 0.0, 0.0, 0.0, 0.0, 0.0, 0.0, 1.0, 1.0, 1.0, 1.0, 0.0, 0.0, 1.0, 0.0, 0.0, 0.0, 0.0, 0.0, 0.0, 1.0, 0.0, 0.0, 0.0, 0.0, 0.0, 0.0, 0.0, 0.0, 0.0, 0.0, 1.0, 1.0, 1.0, 1.0, 0.0, 0.0, 0.0, 0.0, 1.0, 1.0, 1.0, 1.0, 0.0, 0.0, 0.0, 0.0, 0.0, 0.0, 0.0, 0.0, 0.0, 1.0, 1.0, 0.0, 1.0, 1.0, 1.0, 1.0, 0.0, 0.0, 0.0, 0.0, 1.0, 1.0, 1.0, 1.0, 0.0, 0.0, 0.0, 0.0, 0.0, 0.0, 0.0, 0.0, 0.0, 0.0, 0.0, 0.0, 1.0, 1.0, 1.0, 1.0, 1.0, 1.0, 1.0, 0.0, 1.0, 1.0, 1.0, 1.0, 1.0, 0.0, 1.0, 0.0, 0.0, 1.0, 0.0, 0.0, 1.0, 1.0, 1.0, 0.0, 1.0, 1.0, 0.0, 1.0, 1.0, 0.0, 0.0, 0.0, 1.0, 1.0, 1.0, 0.0, 1.0, 1.0, 1.0, 1.0, 1.0, 1.0, 1.0, 1.0, 0.0, 0.0, 0.0, 0.0, 1.0, 1.0, 1.0, 0.0, 0.0, 0.0, 1.0, 0.0, 0.0, 0.0, 1.0, 0.0, 0.0, 0.0, 0.0, 0.0, 1.0, 1.0, 1.0, 0.0, 0.0, 0.0, 1.0, 0.0, 0.0, 0.0, 0.0, 1.0, 0.0, 0.0, 0.0, 0.0, 0.0, 0.0, 0.0, 1.0, 0.0, 0.0, 0.0, 0.0, 1.0, 1.0, 1.0, 1.0, 0.0, 0.0, 0.0, 0.0, 1.0, 1.0, 1.0, 0.0, 0.0, 0.0, 1.0, 0.0, 1.0, 1.0, 1.0, 1.0, 0.0, 0.0, 0.0, 0.0, 1.0, 1.0, 1.0, 1.0, 0.0, 0.0, 0.0, 0.0, 1.0, 1.0, 1.0, 1.0, 1.0, 1.0, 1.0, 0.0, 0.0, 0.0, 0.0, 0.0, 1.0, 0.0, 0.0, 0.0, 1.0, 1.0, 1.0, 1.0, 1.0, 1.0, 1.0, 1.0, 1.0, 1.0, 1.0, 1.0, 1.0, 1.0, 1.0, 0.0, 0.0, 0.0, 0.0, 0.0, 0.0, 0.0, 0.0, 0.0, 0.0, 1.0, 0.0, 1.0, 0.0, 1.0, 0.0, 1.0, 0.0, 0.0, 0.0, 1.0, 0.0, 0.0, 0.0, 0.0, 1.0, 1.0, 1.0, 0.0, 0.0, 0.0, 1.0, 0.0, 0.0, 0.0, 1.0, 0.0, 0.0, 0.0, 0.0, 0.0, 0.0, 1.0, 1.0, 1.0, 0.0, 0.0, 0.0, 0.0, 1.0, 1.0, 1.0, 0.0, 1.0, 1.0, 1.0, 1.0, 0.0, 0.0, 1.0, 0.0, 0.0, 0.0, 0.0, 0.0, 1.0, 1.0, 1.0, 1.0, 1.0, 1.0, 1.0, 0.0, 1.0, 1.0, 1.0, 1.0, 0.0, 0.0, 0.0, 0.0, 1.0, 1.0, 1.0, 1.0, 0.0, 0.0, 0.0, 0.0, 0.0, 1.0, 0.0, 0.0, 0.0, 0.0, 0.0, 0.0, 0.0, 0.0, 0.0, 0.0, 0.0, 0.0, 0.0, 0.0, 0.0, 0.0, 0.0, 0.0, 0.0, 0.0, 0.0, 0.0, 1.0, 1.0, 0.0, 1.0, 1.0, 0.0, 1.0, 0.0, 1.0, 1.0, 1.0, 1.0, 1.0, 0.0, 1.0, 1.0, 0.0, 0.0, 0.0, 0.0, 0.0, 1.0, 1.0, 0.0, 1.0, 0.0, 0.0, 1.0, 0.0, 0.0, 0.0, 0.0, 1.0, 1.0, 1.0, 0.0, 0.0, 0.0, 1.0, 0.0, 1.0, 1.0, 1.0, 0.0, 0.0, 0.0, 0.0, 0.0, 1.0, 1.0, 1.0, 1.0, 1.0, 1.0, 1.0, 0.0, 0.0, 0.0, 0.0, 0.0, 0.0, 0.0, 0.0, 0.0, 1.0, 0.0, 1.0, 0.0, 0.0, 0.0, 0.0, 0.0, 1.0, 1.0, 1.0, 1.0, 1.0, 1.0, 1.0, 0.0, 1.0, 1.0, 1.0, 1.0, 1.0, 1.0, 0.0, 1.0, 1.0, 1.0, 1.0, 1.0, 0.0, 0.0, 0.0, 0.0, 1.0, 1.0, 1.0, 1.0, 1.0, 1.0, 1.0, 0.0, 0.0, 1.0, 1.0, 1.0, 0.0, 0.0, 0.0, 0.0, 1.0, 1.0, 1.0, 1.0, 0.0, 0.0, 0.0, 0.0, 1.0, 0.0, 1.0, 0.0, 0.0, 0.0, 0.0, 0.0, 1.0, 1.0, 1.0, 1.0, 1.0, 0.0, 1.0, 0.0, 1.0, 1.0, 1.0, 0.0, 1.0, 1.0, 0.0, 1.0, 1.0, 1.0, 1.0, 1.0, 0.0, 0.0, 0.0, 0.0, 0.0, 0.0, 0.0, 0.0, 0.0, 0.0, 0.0, 0.0, 1.0, 1.0, 1.0, 1.0, 0.0, 0.0, 0.0, 0.0, 0.0, 0.0, 0.0, 0.0, 0.0, 0.0, 0.0, 0.0, 0.0, 0.0, 0.0, 0.0, 0.0, 0.0, 0.0, 0.0, 1.0, 1.0, 0.0, 0.0, 1.0, 1.0, 1.0, 1.0, 1.0, 1.0, 1.0, 1.0, 1.0, 1.0, 1.0, 1.0, 1.0, 1.0, 1.0, 1.0, 1.0, 0.0, 1.0, 1.0, 0.0, 1.0, 0.0, 1.0, 0.0, 1.0, 0.0, 0.0, 1.0, 1.0, 1.0, 1.0, 0.0, 0.0, 1.0, 0.0, 1.0, 1.0, 1.0, 1.0, 0.0, 0.0, 0.0, 0.0, 0.0, 0.0, 0.0, 1.0, 0.0, 0.0, 0.0, 0.0, 1.0, 1.0, 1.0, 1.0, 0.0, 0.0, 0.0, 0.0, 0.0, 1.0, 1.0, 1.0, 0.0, 1.0, 1.0, 0.0, 1.0, 1.0, 1.0, 1.0, 0.0, 0.0, 0.0, 0.0, 1.0, 0.0, 1.0, 1.0, 1.0, 0.0, 0.0, 1.0, 1.0, 1.0, 1.0, 1.0, 1.0, 1.0, 1.0, 0.0, 0.0, 1.0, 1.0, 1.0, 1.0, 1.0, 0.0, 0.0, 1.0, 1.0, 1.0, 1.0, 0.0, 0.0, 0.0, 0.0, 1.0, 1.0, 1.0, 0.0, 0.0, 0.0, 1.0, 0.0, 1.0, 1.0, 1.0, 1.0, 0.0, 0.0, 0.0, 0.0, 0.0, 0.0, 0.0, 0.0, 0.0, 0.0, 0.0, 0.0, 0.0, 0.0, 1.0, 1.0, 0.0, 0.0, 0.0, 0.0, 1.0, 1.0, 1.0, 1.0, 1.0, 0.0, 0.0, 1.0]",-295.2442605392121,597.0338707387587,-482.430437669722,964.860875339444,5.985630608597671,-16.55210228104839,36.28225839244473,1.2846122460949685,-433.45128860920846,873.4479268787513,False,True,True,False,True,0.8333333333333334,1.0,0.9166666666666666,0.75,0.9166666666666666,0.75,0.75,0.625,0.9166666666666666,0.75,0.6666666666666666,0.625,"Z.atmost(lambda x1: Z.equal(x1,'blue','colour'),1,X)","Z.exists(lambda x1: Z.exists(lambda x2: Z.exists(lambda x3: Z.and_operator(Z.and_operator(Z.equal(x1,'red','colour'),Z.equal(x2,'blue','colour')),Z.equal(x3,'green','colour')),X),X),X)","Z.exists(lambda x1: Z.equal(x1,'blue','colour'),X)","Z.exists(lambda x1: Z.exists(lambda x2: Z.exists(lambda x3: Z.and_operator(Z.and_operator(Z.equal(x1,'red','colour'),Z.equal(x2,'blue','colour')),Z.equal(x3,'green','colour')),X),X),X)",1.0,0.5,0.75,0.625,0.75,0.7083333333333334,0.6982758620689655,0.6867816091954023,0.6954022988505747,0.6925287356321839,5.241379310344827,0,0,0,0,0,0
25,32,63,0LZMn,ZDHBoIsVsfDX9Vf2AAA_,Kappa,at least one is blue AND small,"[True, True, True, True, False, False, False, False]","[True, True, True, True, False, False, False, False]",1.0,1.0,There must be at least one small blue triangle. ,[['x1']],"Z.atleast(lambda x1: Z.and_operator(Z.equal(x1,'blue','colour'),Z.equal(x1,1,'size')),1,X)",The must be at least one small blue triangle. ,"[{'ids': [0, 1, 2, 3, 4], 'colours': ['blue', 'blue', 'green', 'green', 'green'], 'sizes': [1, 2, 1, 2, 3], 'xpos': [0.3094433528812804, 3.922363302427679, 5.337497520816633, 3.1134078380413537, 5.411614333804953], 'ypos': [4.111666666666668, 4.111666666666668, 4.111666666666668, 4.111666666666668, 4.111666653102393], 'rotations': [3.141592653589794, 3.1415926535897927, 3.141592653589793, 3.1415926535897927, 3.141592680186433], 'orientations': ['upright', 'upright', 'upright', 'upright', 'upright'], 'contact': [[0], [1, 3], [2], [3, 1], [4]], 'grounded': ['yes', 'yes', 'yes', 'yes', 'yes'], 'follow_rule': True}, {'ids': [0, 1, 2, 3], 'colours': ['red', 'red', 'green', 'blue'], 'sizes': [2, 3, 1, 1], 'xpos': [1.9249417968359812, 1.9249029214253845, 6.660098421275875, 4.634394171907545], 'ypos': [4.111667570541448, 4.096296055937452, 4.1080998841692535, 4.10820085673296], 'rotations': [-3.141592596824256, 3.1413592384914097, 3.1394680444271477, -3.139283139335687], 'orientations': ['upright', 'upright', 'upright', 'upright'], 'contact': [[0, 1], [1, 0], [2], [3]], 'grounded': ['yes', 'no', 'yes', 'yes'], 'follow_rule': True}, {'ids': [0, 1], 'colours': ['green', 'green'], 'sizes': [1, 2], 'xpos': [4.62096851177082, 4.621320781286048], 'ypos': [4.111747367024532, 4.104850297422126], 'rotations': [3.1415852057491533, 3.141929694080486], 'orientations': ['upright', 'upright'], 'contact': [[0, 1], [1, 0]], 'grounded': ['yes', 'no'], 'follow_rule': False}, {'ids': [0, 1, 2], 'colours': ['green', 'green', 'blue'], 'sizes': [2, 3, 1], 'xpos': [5.981366569474985, 5.98117852891217, 2.667335913797836], 'ypos': [4.111672517568257, 4.096842743448082, 4.108301243418421], 'rotations': [3.1415925309113133, 3.1401826637897887, -3.139838649008933], 'orientations': ['upright', 'upright', 'upright'], 'contact': [[0, 1], [1, 0], [2]], 'grounded': ['yes', 'no', 'yes'], 'follow_rule': True}, {'ids': [0, 1, 2], 'colours': ['blue', 'green', 'green'], 'sizes': [1, 1, 3], 'xpos': [4.301870789185004, 2.704484157193819, 5.654304516795832], 'ypos': [4.108050780901225, 4.106894627475199, 3.6341835612193445], 'rotations': [-3.137896464198274, 3.1411408419604756, 5.037160977874882], 'orientations': ['upright', 'upright', 'rhs'], 'contact': [[0], [1], [2]], 'grounded': ['yes', 'yes', 'yes'], 'follow_rule': True}, {'ids': [0], 'colours': ['blue'], 'sizes': [1], 'xpos': [6.216301866767657], 'ypos': [4.107202165987037], 'rotations': [3.1428627255501844], 'orientations': ['upright'], 'contact': [[0]], 'grounded': ['yes'], 'follow_rule': True}, {'ids': [0], 'colours': ['blue'], 'sizes': [1], 'xpos': [1.1870182150875572], 'ypos': [3.8268451725909673], 'rotations': [5.073305765808809], 'orientations': ['rhs'], 'contact': [[0]], 'grounded': ['yes'], 'follow_rule': True}, {'ids': [0], 'colours': ['blue'], 'sizes': [3], 'xpos': [1.2850482372896055], 'ypos': [4.107841547994731], 'rotations': [3.139728315241878], 'orientations': ['upright'], 'contact': [[0]], 'grounded': ['yes'], 'follow_rule': False}, {'ids': [0, 1, 2, 3, 4, 5, 6, 7], 'colours': ['red', 'blue', 'blue', 'red', 'red', 'green', 'red', 'blue'], 'sizes': [3, 1, 2, 2, 3, 2, 1, 2], 'xpos': [3.73068127782473, 5.21143043275308, 0.628029634657912, 5.41985831114537, 3.73221495043733, 2.6881904061602, 2.69592462610732, 4.6441478837753], 'ypos': [4.15955293434237, 3.88040887163376, 3.77952636825576, 4.00866939013447, 3.84618730815599, 4.16046505787232, 3.36197381341272, 4.15735107629793], 'rotations': [3.14513282779734, 5.0677355060028, 5.0513292843393, 2.88192941289468, 3.14453575957132, 3.13858862708556, 2.60114260528712, 3.14253353812844], 'contact': [[0, 4], [1, 3], 2, [3, 1, 7], [4, 0], [5, 6], [6, 5], [7, 3]], 'grounded': ['yes', 'yes', 'yes', 'no', 'no', 'yes', 'no', 'yes']}, {'ids': [0, 1, 2, 3, 4], 'colours': ['green', 'red', 'red', 'blue', 'blue'], 'sizes': [3, 3, 3, 1, 1], 'xpos': [0.494087661193018, 3.9483348516538, 5.27168256714865, 5.34332261433319, 0.73624872055367], 'ypos': [4.03747541930378, 4.15789345817489, 3.68793264237984, 3.6957884966519, 3.12182877557111], 'rotations': [3.39186622255945, 3.13985318391394, 5.03796059957422, 0.88254982855712, 3.37051889969503], 'contact': [[0, 4], 1, [2, 3], [3, 2], [4, 0]], 'grounded': ['yes', 'yes', 'yes', 'yes', 'no']}, {'ids': [0, 1, 2, 3], 'colours': ['red', 'blue', 'blue', 'green'], 'sizes': [1, 1, 2, 2], 'xpos': [3.18059163568182, 0.310290458717288, 3.1806567054277, 2.31556998810598], 'ypos': [4.16168723431181, 4.15876638336768, 4.1487939044355, 4.15777861520172], 'rotations': [3.14159140357956, 3.14265904643877, 3.14147445775215, 3.14506697679819], 'contact': [[0, 2], 1, [2, 0], 3], 'grounded': ['yes', 'yes', 'no', 'yes']}, {'ids': [0, 1, 2], 'colours': ['red', 'blue', 'blue'], 'sizes': [2, 1, 1], 'xpos': [4.18368803941992, 0.414042657065262, 2.15035350734386], 'ypos': [3.77956682056473, 4.15748311487421, 3.8762597297667], 'rotations': [1.23393916549627, 3.14433838895914, 1.21175410086331], 'contact': [{'V1': 0, 'V2': 1, 'V3': 2}], 'grounded': ['yes', 'yes', 'yes']}, {'ids': [0, 1, 2, 3], 'colours': ['red', 'blue', 'green', 'green'], 'sizes': [1, 2, 3, 2], 'xpos': [3.51554594721066, 0.952630095552302, 1.15938786102465, 4.3365248890533], 'ypos': [4.15861023322789, 3.78844050360235, 3.68324865018165, 3.81210635173936], 'rotations': [3.13374769948046, 1.95279692618981, 5.03789515425762, 2.09958352806452], 'contact': [[0, 3], 1, 2, [3, 0]], 'grounded': ['yes', 'yes', 'yes', 'yes']}, {'ids': [0, 1, 2, 3, 4, 5, 6], 'colours': ['red', 'green', 'green', 'red', 'red', 'green', 'blue'], 'sizes': [2, 2, 1, 2, 3, 1, 2], 'xpos': [6.87642919084431, 0.500811040908878, 6.83118798955539, 0.500811040908877, 2.84733119936067, 4.8509860534385, 6.36697442237732], 'ypos': [4.16175085069598, 4.16166666666667, 3.43496091839389, 3.86081693802354, 3.68420776646255, 3.88048305615273, 3.30313545616522], 'rotations': [3.14149734712368, 3.14159265358979, 3.21473720201577, 3.1415926535898, 5.03748075887867, 5.06844557980735, 3.76206868572812], 'contact': [[0, 6, 2], [1, 3], [2, 0, 6], [3, 1], 4, 5, [6, 0, 2]], 'grounded': ['yes', 'yes', 'no', 'no', 'yes', 'yes', 'no']}, {'ids': [0, 1, 2, 3], 'colours': ['green', 'red', 'green', 'green'], 'sizes': [3, 2, 3, 1], 'xpos': [0.68898442305447, 3.35991414777035, 6.19696481477246, 0.285852488312505], 'ypos': [4.14082379374931, 3.77953993499473, 3.68347394204074, 3.22090721981064], 'rotations': [3.17946147794873, 5.05131141313782, 1.24390261182064, 2.78305328423849], 'contact': [[0, 3], 1, 2, [3, 0]], 'grounded': ['yes', 'yes', 'yes', 'no']}, {'ids': [0, 1, 2, 3, 4, 5], 'colours': ['blue', 'green', 'red', 'green', 'red', 'red'], 'sizes': [2, 1, 3, 3, 2, 2], 'xpos': [1.90901458039544, 3.20404317572615, 5.35557787085149, 2.21502873493383, 4.45133508655654, 0.411178438002497], 'ypos': [4.15997299836821, 3.9724254650111, 3.68341260130509, 3.66870790290145, 3.29547827552602, 4.15884184210246], 'rotations': [3.14582683698787, 3.82418159605204, 1.24456815445981, 4.50974799681394, 6.86637263771617, 3.14292060739547], 'contact': [[0, 3], [1, 3], [2, 4], [3, 0, 1], [4, 2], 5], 'grounded': ['yes', 'yes', 'yes', 'yes', 'yes', 'yes']}]","[True, False, True, False, True, True, False, True]","[True, False, True, False, False, False, True, False]","[False, True, False, True, False, False, False, False]","[False, False, False, False, True, True, False, True]","[True, False, True, False, True, False, False, True]","[True, False, True, False, False, True, True, False]","[False, True, False, True, False, False, False, False]","[False, False, False, False, True, False, False, True]",0.625,0.5,0.0,-0.125,0.375,0.5,0.375,0.5,0.625,0.5,0.125,0.0,0.625,0.5,11.646117745427249,-5.538402724636439,-5.545177444479562,13.156246990952715,11.090354888959125,2.0390149052958684,-15.78486099028127,-16.635532333438686,34.74777581091049,33.27106466687737,1.0502311195665048,"[1.0, 1.0, 1.0, 1.0, 1.0, 0.0, 1.0, 0.0, 1.0, 1.0, 1.0, 1.0, 1.0, 1.0, 1.0, 0.0135, 0.9530000000000001, 0.092, 0.5895, 0.5895, 1.0, 0.0, 0.0, 0.861, 1.0, 1.0, 1.0, 0.2925, 0.999, 0.999, 1.0, 0.7155, 0.0, 0.0, 1.0, 0.0, 0.0, 0.0, 1.0, 0.0, 0.0, 0.0, 1.0, 0.0, 0.0, 0.0, 1.0, 0.0, 1.0, 1.0, 1.0, 1.0, 0.0, 0.0, 0.0, 0.0, 1.0, 1.0, 1.0, 1.0, 0.935, 0.935, 0.935, 0.935, 1.0, 1.0, 1.0, 1.0, 0.0, 1.0, 0.0, 0.0, 0.0, 1.0, 1.0, 1.0, 1.0, 1.0, 1.0, 1.0, 1.0, 1.0, 1.0, 1.0, 0.0935, 0.0935, 0.0935, 0.0935, 1.0, 1.0, 1.0, 1.0, 1.0, 1.0, 1.0, 1.0, 1.0, 1.0, 1.0, 1.0, 1.0, 1.0, 1.0, 0.013000000000000001, 1.0, 1.0, 0.998, 1.0, 1.0, 0.002, 0.998, 0.002, 1.0, 1.0, 1.0, 1.0, 1.0, 1.0, 1.0, 0.0, 0.973, 1.0, 0.9530000000000001, 1.0, 0.8925000000000001, 0.9195, 0.17400000000000002, 0.201, 1.0, 1.0, 1.0, 1.0, 0.0, 0.0, 0.0, 0.0, 1.0, 1.0, 1.0, 0.24, 1.0, 1.0, 0.968, 1.0, 0.653, 0.653, 0.653, 1.0, 0.2535, 0.2535, 0.7035, 0.10300000000000001, 1.0, 1.0, 1.0, 1.0, 0.0, 1.0, 0.0, 0.0, 1.0, 1.0, 1.0, 0.012, 0.988, 0.988, 1.0, 1.0, 1.0, 0.0, 1.0, 1.0, 1.0, 0.0, 0.0, 1.0, 0.0, 0.0, 0.0, 1.0, 1.0, 0.0, 0.0, 0.0, 1.0, 1.0, 1.0, 1.0, 0.0, 0.0, 0.0, 0.0, 1.0, 1.0, 1.0, 1.0, 0.0, 0.0, 0.0, 0.0, 1.0, 1.0, 1.0, 1.0, 1.0, 1.0, 0.841, 1.0, 1.0, 1.0, 1.0, 1.0, 0.0, 0.0, 0.0, 0.0, 1.0, 1.0, 1.0, 1.0, 1.0, 1.0, 1.0, 0.0, 0.197, 0.0, 0.85, 0.653, 0.803, 0.0, 0.0, 0.0, 0.8525, 0.847, 0.9935, 0.847, 0.28300000000000003, 0.4305, 0.426, 0.426, 1.0, 1.0, 1.0, 1.0, 1.0, 1.0, 1.0, 0.0, 0.798, 1.0, 0.7995, 0.7995, 0.0275, 0.029, 0.2265, 0.1975, 1.0, 1.0, 1.0, 1.0, 0.0, 0.0, 0.0, 0.0, 0.862, 0.854, 0.8595, 0.8955000000000001, 0.045, 0.0005, 0.8695, 0.8505, 1.0, 1.0, 1.0, 0.022, 1.0, 1.0, 1.0, 0.978, 0.28400000000000003, 0.0145, 0.1885, 0.0275, 0.2755, 0.0, 0.0015, 0.013000000000000001, 0.0, 0.0, 0.0, 1.0, 1.0, 0.0, 0.0, 0.0, 1.0, 1.0, 1.0, 1.0, 0.0, 0.0, 0.0, 0.0, 1.0, 1.0, 1.0, 1.0, 1.0, 0.0, 1.0, 0.0, 1.0, 1.0, 1.0, 1.0, 1.0, 1.0, 1.0, 0.0, 1.0, 1.0, 1.0, 0.728, 0.8265, 0.5545, 0.5545, 0.8265, 1.0, 1.0, 1.0, 1.0, 1.0, 1.0, 1.0, 1.0, 1.0, 1.0, 1.0, 0.8715, 0.9365, 0.8695, 0.8695, 0.9365, 0.229, 0.229, 0.229, 0.229, 0.801, 0.03, 0.03, 0.801, 0.0, 0.0, 0.0, 1.0, 1.0, 0.0, 0.0, 0.0, 0.108, 0.114, 0.2315, 0.108, 0.114, 0.07050000000000001, 0.0495, 0.006, 1.0, 1.0, 1.0, 1.0, 0.0, 0.0, 0.0, 0.0, 0.8955000000000001, 0.895, 0.0115, 0.0, 0.883, 0.0, 0.0, 0.0, 1.0, 1.0, 1.0, 1.0, 0.0, 0.0, 0.0, 0.0, 0.902, 0.902, 0.902, 0.678, 0.88, 0.88, 0.902, 0.807, 1.0, 1.0, 1.0, 1.0, 0.0, 0.0, 0.0, 0.0, 1.0, 1.0, 1.0, 1.0, 1.0, 1.0, 1.0, 0.0, 1.0, 1.0, 1.0, 1.0, 0.0, 0.0, 0.0, 0.0, 1.0, 1.0, 1.0, 1.0, 0.008, 0.008, 0.008, 0.008, 1.0, 1.0, 1.0, 1.0, 1.0, 1.0, 1.0, 0.0, 1.0, 1.0, 1.0, 1.0, 1.0, 1.0, 0.6980000000000001, 1.0, 1.0, 1.0, 1.0, 1.0, 0.0, 0.0, 0.0, 0.0, 1.0, 1.0, 1.0, 1.0, 1.0, 1.0, 1.0, 0.0, 0.9530000000000001, 0.9530000000000001, 0.9530000000000001, 1.0, 1.0, 1.0, 0.641, 0.9530000000000001, 1.0, 1.0, 1.0, 1.0, 0.0, 0.0, 0.0, 0.0, 1.0, 1.0, 1.0, 1.0, 1.0, 1.0, 1.0, 1.0, 1.0, 1.0, 1.0, 1.0, 0.0, 0.0, 0.0, 0.0, 1.0, 1.0, 1.0, 1.0, 1.0, 1.0, 1.0, 1.0, 1.0, 1.0, 1.0, 1.0, 0.021500000000000002, 0.021500000000000002, 0.021500000000000002, 0.021500000000000002, 0.021500000000000002, 0.003, 0.02, 0.0095, 0.0095, 0.964, 0.9555, 0.0095, 1.0, 1.0, 1.0, 1.0, 1.0, 1.0, 1.0, 1.0, 1.0, 1.0, 1.0, 1.0, 0.0, 0.0, 0.0, 0.0, 1.0, 1.0, 1.0, 1.0, 0.0, 0.0, 1.0, 1.0, 1.0, 0.873, 0.198, 0.198, 1.0, 1.0, 0.6905, 1.0, 1.0, 1.0, 1.0, 1.0, 1.0, 1.0, 1.0, 0.0, 1.0, 0.999, 0.999, 1.0, 0.0025, 0.0025, 0.0025, 0.0025, 1.0, 1.0, 1.0, 1.0, 1.0, 0.686, 0.314, 0.0, 1.0, 1.0, 1.0, 1.0, 0.524, 0.524, 1.0, 0.47600000000000003, 1.0, 1.0, 1.0, 1.0, 0.008, 0.008, 0.008, 0.008, 0.9935, 0.9935, 0.9775, 0.9935, 0.9935, 0.0225, 0.988, 0.017, 1.0, 1.0, 1.0, 1.0, 0.0725, 0.0725, 0.0725, 0.0725, 0.041, 1.0, 1.0, 0.9590000000000001, 0.041, 0.9590000000000001, 1.0, 0.0, 0.7435, 0.9835, 0.7425, 0.986, 0.7435, 0.7435, 0.256, 0.987, 1.0, 0.005, 1.0, 1.0, 1.0, 0.005, 0.005, 1.0, 1.0, 1.0, 1.0, 1.0, 1.0, 1.0, 1.0, 0.0, 1.0, 1.0, 1.0, 1.0, 0.0, 0.0, 0.0, 0.0, 1.0, 1.0, 1.0, 1.0, 0.0, 0.0, 0.0, 0.0, 0.9705, 0.9705, 0.9145, 1.0, 0.8015, 0.8015, 0.9705, 0.7865, 1.0, 1.0, 1.0, 1.0, 0.0, 0.0, 0.0, 0.0, 1.0, 1.0, 1.0, 1.0, 0.0, 0.0, 0.0, 0.0, 1.0, 1.0, 1.0, 1.0, 0.0, 0.0, 0.0, 0.0, 1.0, 1.0, 1.0, 1.0, 1.0, 1.0, 1.0, 1.0]",-418.5875071169283,843.720363894191,-482.430437669722,964.860875339444,0.01,0.0,2.0794415416798357,1.0,-10.518280500437347,24.21461483122264,0.6334250289943713,"[1.0, 1.0, 1.0, 1.0, 1.0, 0.0, 1.0, 0.0, 1.0, 1.0, 1.0, 1.0, 1.0, 1.0, 1.0, 0.0, 0.0, 0.0, 0.0, 0.0, 0.0, 0.0, 0.0, 0.0, 1.0, 1.0, 1.0, 0.0, 0.0, 0.0, 1.0, 0.0, 0.0, 0.0, 1.0, 1.0, 0.0, 1.0, 1.0, 1.0, 1.0, 1.0, 1.0, 1.0, 0.0, 0.0, 1.0, 1.0, 1.0, 1.0, 1.0, 1.0, 0.0, 0.0, 0.0, 0.0, 1.0, 1.0, 1.0, 1.0, 0.0, 0.0, 0.0, 0.0, 0.0, 0.0, 0.0, 0.0, 0.0, 1.0, 1.0, 0.0, 1.0, 1.0, 1.0, 1.0, 0.0, 0.0, 0.0, 0.0, 1.0, 1.0, 1.0, 1.0, 0.0, 0.0, 0.0, 0.0, 1.0, 1.0, 1.0, 1.0, 1.0, 1.0, 0.0, 1.0, 1.0, 1.0, 1.0, 1.0, 1.0, 1.0, 1.0, 0.0, 1.0, 1.0, 1.0, 1.0, 1.0, 0.0, 1.0, 0.0, 0.0, 1.0, 0.0, 0.0, 1.0, 1.0, 1.0, 0.0, 1.0, 1.0, 0.0, 1.0, 1.0, 0.0, 0.0, 0.0, 1.0, 1.0, 1.0, 0.0, 1.0, 1.0, 1.0, 1.0, 1.0, 1.0, 1.0, 1.0, 0.0, 0.0, 0.0, 0.0, 1.0, 1.0, 1.0, 0.0, 0.0, 0.0, 1.0, 0.0, 0.0, 0.0, 1.0, 0.0, 0.0, 0.0, 0.0, 0.0, 1.0, 1.0, 1.0, 0.0, 0.0, 0.0, 1.0, 0.0, 0.0, 0.0, 0.0, 1.0, 0.0, 0.0, 0.0, 0.0, 0.0, 0.0, 0.0, 1.0, 0.0, 0.0, 0.0, 0.0, 1.0, 1.0, 1.0, 1.0, 0.0, 0.0, 0.0, 0.0, 1.0, 1.0, 1.0, 0.0, 0.0, 0.0, 1.0, 0.0, 1.0, 1.0, 1.0, 1.0, 0.0, 0.0, 0.0, 0.0, 1.0, 1.0, 1.0, 1.0, 0.0, 0.0, 0.0, 0.0, 1.0, 1.0, 1.0, 1.0, 1.0, 1.0, 1.0, 0.0, 0.0, 0.0, 0.0, 0.0, 1.0, 0.0, 0.0, 0.0, 1.0, 1.0, 1.0, 1.0, 1.0, 1.0, 1.0, 1.0, 1.0, 1.0, 1.0, 1.0, 1.0, 1.0, 1.0, 0.0, 0.0, 0.0, 0.0, 0.0, 0.0, 0.0, 0.0, 0.0, 0.0, 1.0, 0.0, 1.0, 0.0, 1.0, 0.0, 1.0, 0.0, 0.0, 0.0, 1.0, 0.0, 0.0, 0.0, 0.0, 1.0, 1.0, 1.0, 0.0, 0.0, 0.0, 1.0, 0.0, 1.0, 1.0, 1.0, 1.0, 1.0, 0.0, 1.0, 0.0, 0.0, 1.0, 1.0, 1.0, 0.0, 0.0, 0.0, 0.0, 1.0, 1.0, 1.0, 0.0, 1.0, 1.0, 1.0, 1.0, 0.0, 1.0, 1.0, 1.0, 0.0, 0.0, 0.0, 0.0, 1.0, 1.0, 1.0, 1.0, 1.0, 1.0, 1.0, 0.0, 1.0, 1.0, 1.0, 1.0, 0.0, 0.0, 0.0, 0.0, 1.0, 1.0, 1.0, 1.0, 0.0, 0.0, 0.0, 0.0, 0.0, 1.0, 0.0, 0.0, 0.0, 0.0, 0.0, 0.0, 1.0, 1.0, 1.0, 1.0, 1.0, 0.0, 1.0, 1.0, 0.0, 0.0, 0.0, 0.0, 0.0, 1.0, 1.0, 0.0, 1.0, 1.0, 1.0, 1.0, 1.0, 0.0, 1.0, 0.0, 1.0, 1.0, 1.0, 1.0, 1.0, 0.0, 1.0, 1.0, 0.0, 0.0, 0.0, 0.0, 0.0, 1.0, 1.0, 0.0, 1.0, 0.0, 0.0, 1.0, 0.0, 0.0, 0.0, 0.0, 1.0, 1.0, 1.0, 0.0, 0.0, 0.0, 1.0, 0.0, 1.0, 1.0, 1.0, 0.0, 0.0, 0.0, 0.0, 0.0, 1.0, 1.0, 1.0, 1.0, 1.0, 1.0, 1.0, 0.0, 0.0, 0.0, 0.0, 0.0, 0.0, 0.0, 0.0, 0.0, 1.0, 0.0, 1.0, 0.0, 0.0, 0.0, 0.0, 0.0, 1.0, 1.0, 1.0, 1.0, 1.0, 1.0, 1.0, 0.0, 1.0, 1.0, 1.0, 1.0, 1.0, 1.0, 0.0, 1.0, 1.0, 1.0, 1.0, 1.0, 0.0, 0.0, 0.0, 0.0, 1.0, 1.0, 1.0, 1.0, 1.0, 1.0, 1.0, 0.0, 0.0, 1.0, 1.0, 1.0, 0.0, 0.0, 0.0, 0.0, 1.0, 1.0, 1.0, 1.0, 0.0, 0.0, 0.0, 0.0, 1.0, 0.0, 1.0, 0.0, 0.0, 0.0, 0.0, 0.0, 1.0, 1.0, 1.0, 1.0, 1.0, 0.0, 1.0, 0.0, 1.0, 1.0, 1.0, 0.0, 1.0, 1.0, 0.0, 1.0, 1.0, 1.0, 1.0, 1.0, 0.0, 0.0, 0.0, 0.0, 0.0, 0.0, 0.0, 0.0, 0.0, 1.0, 0.0, 0.0, 1.0, 1.0, 1.0, 1.0, 0.0, 0.0, 0.0, 0.0, 0.0, 0.0, 0.0, 0.0, 0.0, 0.0, 0.0, 0.0, 1.0, 0.0, 1.0, 0.0, 0.0, 0.0, 0.0, 0.0, 1.0, 1.0, 0.0, 0.0, 1.0, 1.0, 1.0, 1.0, 1.0, 1.0, 1.0, 1.0, 1.0, 1.0, 1.0, 1.0, 1.0, 1.0, 1.0, 1.0, 1.0, 0.0, 1.0, 1.0, 0.0, 1.0, 0.0, 1.0, 0.0, 1.0, 0.0, 0.0, 1.0, 1.0, 1.0, 1.0, 0.0, 0.0, 1.0, 0.0, 1.0, 1.0, 1.0, 1.0, 0.0, 0.0, 0.0, 0.0, 0.0, 0.0, 0.0, 1.0, 0.0, 0.0, 0.0, 0.0, 1.0, 1.0, 1.0, 1.0, 0.0, 0.0, 0.0, 0.0, 0.0, 1.0, 1.0, 1.0, 0.0, 1.0, 1.0, 0.0, 1.0, 1.0, 1.0, 1.0, 0.0, 0.0, 0.0, 0.0, 1.0, 0.0, 1.0, 1.0, 1.0, 0.0, 0.0, 1.0, 1.0, 1.0, 1.0, 1.0, 1.0, 1.0, 1.0, 0.0, 0.0, 1.0, 1.0, 1.0, 1.0, 1.0, 0.0, 0.0, 1.0, 1.0, 1.0, 1.0, 0.0, 0.0, 0.0, 0.0, 1.0, 1.0, 1.0, 0.0, 0.0, 0.0, 1.0, 0.0, 1.0, 1.0, 1.0, 1.0, 0.0, 0.0, 0.0, 0.0, 0.0, 0.0, 0.0, 0.0, 0.0, 0.0, 0.0, 0.0, 0.0, 1.0, 0.0, 1.0, 0.0, 1.0, 1.0, 0.0, 1.0, 1.0, 1.0, 1.0, 1.0, 0.0, 0.0, 1.0]",-318.3726801373107,643.2907099349558,0.01,0.0,-5.545177444479562,2.0794415416798357,11.090354888959125,1.0,-10.518280500437347,-16.635532333438686,24.21461483122264,33.27106466687737,0.6173530694834558,"[1.0, 1.0, 1.0, 1.0, 1.0, 0.0, 1.0, 0.0, 1.0, 1.0, 1.0, 1.0, 1.0, 1.0, 1.0, 0.0, 0.0, 0.0, 0.0, 0.0, 0.0, 0.0, 0.0, 0.0, 1.0, 1.0, 1.0, 0.0, 0.0, 0.0, 1.0, 0.0, 0.0, 0.0, 1.0, 1.0, 0.0, 1.0, 1.0, 1.0, 0.0, 0.0, 0.0, 0.0, 0.0, 0.0, 0.0, 0.0, 1.0, 1.0, 1.0, 1.0, 0.0, 0.0, 0.0, 0.0, 1.0, 1.0, 1.0, 1.0, 0.0, 0.0, 0.0, 0.0, 0.0, 0.0, 0.0, 0.0, 0.0, 1.0, 1.0, 0.0, 0.0, 0.0, 0.0, 1.0, 0.0, 0.0, 0.0, 0.0, 1.0, 1.0, 1.0, 1.0, 0.0, 0.0, 0.0, 0.0, 0.0, 0.0, 0.0, 0.0, 1.0, 1.0, 0.0, 1.0, 1.0, 1.0, 1.0, 1.0, 1.0, 1.0, 1.0, 0.0, 1.0, 1.0, 1.0, 1.0, 1.0, 0.0, 1.0, 0.0, 0.0, 1.0, 0.0, 0.0, 1.0, 1.0, 1.0, 0.0, 1.0, 1.0, 0.0, 1.0, 1.0, 0.0, 0.0, 0.0, 1.0, 1.0, 1.0, 0.0, 1.0, 1.0, 1.0, 1.0, 1.0, 1.0, 1.0, 1.0, 0.0, 0.0, 0.0, 0.0, 1.0, 1.0, 1.0, 0.0, 0.0, 0.0, 1.0, 0.0, 0.0, 0.0, 1.0, 0.0, 0.0, 0.0, 0.0, 0.0, 1.0, 1.0, 1.0, 0.0, 0.0, 0.0, 1.0, 0.0, 0.0, 0.0, 0.0, 1.0, 0.0, 0.0, 0.0, 0.0, 0.0, 0.0, 0.0, 1.0, 0.0, 0.0, 0.0, 0.0, 1.0, 1.0, 1.0, 1.0, 0.0, 0.0, 0.0, 0.0, 1.0, 1.0, 1.0, 0.0, 0.0, 0.0, 1.0, 0.0, 1.0, 1.0, 1.0, 1.0, 0.0, 0.0, 0.0, 0.0, 1.0, 1.0, 1.0, 1.0, 0.0, 0.0, 0.0, 0.0, 1.0, 1.0, 1.0, 1.0, 1.0, 1.0, 1.0, 0.0, 0.0, 0.0, 0.0, 0.0, 1.0, 0.0, 0.0, 0.0, 1.0, 1.0, 1.0, 1.0, 1.0, 1.0, 1.0, 1.0, 1.0, 1.0, 1.0, 1.0, 1.0, 1.0, 1.0, 0.0, 0.0, 0.0, 0.0, 0.0, 0.0, 0.0, 0.0, 0.0, 0.0, 1.0, 0.0, 1.0, 0.0, 1.0, 0.0, 1.0, 0.0, 0.0, 0.0, 1.0, 0.0, 0.0, 0.0, 0.0, 1.0, 1.0, 1.0, 0.0, 0.0, 0.0, 1.0, 0.0, 1.0, 1.0, 1.0, 1.0, 1.0, 0.0, 1.0, 0.0, 0.0, 1.0, 1.0, 1.0, 0.0, 0.0, 0.0, 0.0, 1.0, 1.0, 1.0, 0.0, 1.0, 1.0, 1.0, 1.0, 0.0, 1.0, 1.0, 1.0, 0.0, 0.0, 0.0, 0.0, 1.0, 1.0, 1.0, 1.0, 1.0, 1.0, 1.0, 0.0, 1.0, 1.0, 1.0, 1.0, 0.0, 0.0, 0.0, 0.0, 1.0, 1.0, 1.0, 1.0, 0.0, 0.0, 0.0, 0.0, 0.0, 1.0, 0.0, 0.0, 0.0, 0.0, 0.0, 0.0, 0.0, 0.0, 0.0, 0.0, 0.0, 0.0, 0.0, 0.0, 1.0, 0.0, 1.0, 1.0, 1.0, 0.0, 0.0, 1.0, 1.0, 1.0, 1.0, 1.0, 1.0, 0.0, 1.0, 0.0, 1.0, 1.0, 1.0, 1.0, 1.0, 0.0, 1.0, 1.0, 0.0, 0.0, 0.0, 0.0, 0.0, 1.0, 1.0, 0.0, 1.0, 0.0, 0.0, 1.0, 0.0, 0.0, 0.0, 0.0, 1.0, 1.0, 1.0, 0.0, 0.0, 0.0, 1.0, 0.0, 1.0, 1.0, 1.0, 0.0, 0.0, 0.0, 0.0, 0.0, 1.0, 1.0, 1.0, 1.0, 1.0, 1.0, 1.0, 0.0, 0.0, 0.0, 0.0, 0.0, 0.0, 0.0, 0.0, 0.0, 1.0, 0.0, 1.0, 0.0, 0.0, 0.0, 0.0, 0.0, 1.0, 1.0, 1.0, 1.0, 1.0, 1.0, 1.0, 0.0, 1.0, 1.0, 1.0, 1.0, 1.0, 1.0, 0.0, 1.0, 1.0, 1.0, 1.0, 1.0, 0.0, 0.0, 0.0, 0.0, 1.0, 1.0, 1.0, 1.0, 1.0, 1.0, 1.0, 0.0, 0.0, 1.0, 1.0, 1.0, 0.0, 0.0, 0.0, 0.0, 1.0, 1.0, 1.0, 1.0, 0.0, 0.0, 0.0, 0.0, 1.0, 0.0, 1.0, 0.0, 0.0, 0.0, 0.0, 0.0, 1.0, 1.0, 1.0, 1.0, 1.0, 0.0, 1.0, 0.0, 1.0, 1.0, 1.0, 0.0, 1.0, 1.0, 0.0, 1.0, 1.0, 1.0, 1.0, 1.0, 0.0, 0.0, 0.0, 0.0, 0.0, 0.0, 0.0, 0.0, 0.0, 1.0, 0.0, 0.0, 1.0, 1.0, 1.0, 1.0, 0.0, 0.0, 0.0, 0.0, 0.0, 0.0, 0.0, 0.0, 0.0, 0.0, 0.0, 0.0, 1.0, 0.0, 1.0, 0.0, 0.0, 0.0, 0.0, 0.0, 1.0, 1.0, 0.0, 0.0, 1.0, 1.0, 1.0, 1.0, 1.0, 1.0, 1.0, 1.0, 1.0, 1.0, 1.0, 1.0, 1.0, 1.0, 1.0, 1.0, 1.0, 0.0, 1.0, 1.0, 0.0, 1.0, 0.0, 1.0, 0.0, 1.0, 0.0, 0.0, 1.0, 1.0, 1.0, 1.0, 0.0, 0.0, 1.0, 0.0, 1.0, 1.0, 1.0, 1.0, 0.0, 0.0, 0.0, 0.0, 0.0, 0.0, 0.0, 1.0, 0.0, 0.0, 0.0, 0.0, 1.0, 1.0, 1.0, 1.0, 0.0, 0.0, 0.0, 0.0, 0.0, 1.0, 1.0, 1.0, 0.0, 1.0, 1.0, 0.0, 1.0, 1.0, 1.0, 1.0, 0.0, 0.0, 0.0, 0.0, 1.0, 0.0, 1.0, 1.0, 1.0, 0.0, 0.0, 1.0, 1.0, 1.0, 1.0, 1.0, 1.0, 1.0, 1.0, 0.0, 0.0, 0.0, 1.0, 0.0, 0.0, 1.0, 0.0, 0.0, 1.0, 1.0, 1.0, 1.0, 0.0, 0.0, 0.0, 0.0, 1.0, 1.0, 1.0, 0.0, 0.0, 0.0, 1.0, 0.0, 1.0, 1.0, 1.0, 1.0, 0.0, 0.0, 0.0, 0.0, 0.0, 0.0, 0.0, 0.0, 0.0, 0.0, 0.0, 0.0, 0.0, 1.0, 0.0, 1.0, 0.0, 1.0, 1.0, 0.0, 1.0, 1.0, 1.0, 1.0, 1.0, 0.0, 0.0, 1.0]",-311.9759791000219,630.4973078603782,-482.430437669722,964.860875339444,1.9575785093610467,-5.292505905349744,-5.545177444479562,12.664453352379324,11.090354888959125,1.9577903091754996,-15.87770930018325,-16.635532333438686,34.933472430714446,33.27106466687737,1.0908740239314543,"[0.0, 0.0, 1.0, 0.0, 0.0, 0.0, 0.0, 0.0, 1.0, 1.0, 1.0, 1.0, 0.877, 0.877, 0.877, 0.0, 1.0, 0.259, 1.0, 1.0, 0.8015, 0.0, 0.259, 1.0, 1.0, 1.0, 1.0, 1.0, 1.0, 1.0, 1.0, 0.0, 0.0, 0.0, 1.0, 0.0, 0.0, 0.0, 1.0, 0.0, 0.0, 0.0, 1.0, 0.0, 0.0, 0.0, 1.0, 0.0, 0.0, 0.0, 0.0, 0.0775, 0.0, 0.0, 0.1635, 0.47100000000000003, 1.0, 1.0, 1.0, 1.0, 0.0, 0.0, 0.0, 0.0, 0.0, 0.0, 0.0, 0.0, 0.0, 0.0, 0.0, 0.0, 1.0, 1.0, 1.0, 1.0, 1.0, 1.0, 1.0, 0.0, 1.0, 1.0, 1.0, 1.0, 0.0, 0.0, 0.0, 0.0, 0.0, 0.0, 0.0, 0.0, 0.0, 0.113, 0.113, 0.0, 0.0, 0.0, 0.0, 1.0, 0.0, 0.0, 0.0, 0.0, 1.0, 1.0, 1.0, 1.0, 0.0, 0.0, 0.0, 0.0, 0.9995, 1.0, 1.0, 0.663, 1.0, 1.0, 1.0, 0.353, 1.0, 1.0, 1.0, 1.0, 0.082, 0.082, 0.0, 0.0, 0.973, 1.0, 0.7655000000000001, 0.605, 0.973, 1.0, 1.0, 0.368, 0.0, 0.0, 1.0, 0.0, 1.0, 0.0, 1.0, 0.0, 1.0, 1.0, 1.0, 1.0, 0.0, 0.0, 1.0, 0.0, 1.0, 1.0, 1.0, 1.0, 0.0, 0.9465, 0.0, 0.0, 0.666, 1.0, 0.666, 0.666, 0.0, 0.0, 0.7975, 0.0, 0.0, 0.9430000000000001, 0.0, 1.0, 1.0, 0.0, 0.0, 0.0, 0.0, 1.0, 0.0, 0.0, 0.0, 0.0, 0.0, 0.0, 1.0, 1.0, 1.0, 1.0, 0.0, 0.0, 0.0, 0.0, 1.0, 1.0, 1.0, 1.0, 1.0, 1.0, 1.0, 0.0005, 1.0, 1.0, 1.0, 1.0, 1.0, 1.0, 0.0, 1.0, 1.0, 1.0, 1.0, 1.0, 0.0, 0.0, 0.0, 0.0, 1.0, 1.0, 1.0, 1.0, 1.0, 1.0, 1.0, 0.0, 1.0, 0.0, 1.0, 0.0, 0.0, 0.0, 0.0, 0.0, 0.0, 1.0, 0.0, 1.0, 0.0, 1.0, 0.0, 1.0, 1.0, 1.0, 1.0, 1.0, 1.0, 1.0, 1.0, 0.0, 1.0, 0.0, 1.0, 1.0, 1.0, 0.0, 0.0, 1.0, 1.0, 1.0, 1.0, 1.0, 1.0, 1.0, 1.0, 1.0, 0.0, 0.9580000000000001, 0.0, 0.0, 0.0, 0.0, 0.0045000000000000005, 0.0, 0.0, 0.0, 0.0, 0.0, 0.0, 0.0, 0.0, 1.0, 0.0, 0.0, 0.0005, 0.0, 0.0, 0.0, 0.0, 0.0, 0.0, 1.0, 0.0, 0.0, 0.0, 0.0, 0.0, 0.0, 1.0, 1.0, 1.0, 0.001, 0.001, 0.001, 1.0, 0.0, 0.0, 0.0, 0.6225, 0.0, 0.0, 0.0, 0.0, 0.0, 1.0, 1.0, 1.0, 1.0, 0.0, 0.0, 0.0, 0.0, 0.0, 0.0, 0.0, 0.0, 0.0, 0.0, 0.0, 0.0, 1.0, 1.0, 1.0, 1.0, 1.0, 1.0, 1.0, 0.0, 0.0, 0.0, 0.0, 1.0, 0.0, 0.0, 1.0, 0.0, 1.0, 1.0, 1.0, 1.0, 0.0, 0.0, 0.0, 0.0, 0.0, 1.0, 0.0, 0.0, 1.0, 0.0, 0.0, 1.0, 1.0, 1.0, 1.0, 1.0, 0.0, 0.0, 0.0, 0.0, 1.0, 1.0, 1.0, 1.0, 1.0, 0.0, 1.0, 1.0, 0.0, 0.0005, 0.0, 0.0, 0.0, 0.38, 0.0, 0.0, 1.0, 1.0, 1.0, 1.0, 0.0, 0.0, 0.0, 0.0, 1.0, 1.0, 1.0, 0.999, 1.0, 1.0, 1.0, 0.0195, 1.0, 1.0, 1.0, 1.0, 0.0, 0.0, 0.0, 0.0, 0.0, 0.6285000000000001, 0.0, 0.328, 0.0, 0.0, 0.6285000000000001, 0.0, 0.0, 0.0, 0.0, 0.0, 0.0, 0.0, 0.0, 1.0, 1.0, 1.0, 1.0, 1.0, 0.0, 0.0, 0.0, 0.0, 1.0, 1.0, 1.0, 1.0, 1.0, 1.0, 1.0, 0.0, 1.0, 1.0, 1.0, 1.0, 1.0, 1.0, 0.0375, 1.0, 1.0, 1.0, 1.0, 1.0, 0.0, 0.0, 0.0, 0.0, 1.0, 1.0, 1.0, 1.0, 1.0, 1.0, 1.0, 0.0, 1.0, 1.0, 1.0, 1.0, 1.0, 1.0, 0.0, 1.0, 1.0, 1.0, 1.0, 1.0, 0.0, 0.0, 0.0, 0.0, 1.0, 1.0, 1.0, 1.0, 1.0, 1.0, 1.0, 1.0, 0.0, 0.0, 0.4395, 0.0, 0.0, 0.0, 0.001, 1.0, 0.0, 0.0, 0.0, 0.0, 0.0, 0.0, 0.0, 0.0, 1.0, 1.0, 1.0, 0.0, 1.0, 0.0, 0.0, 1.0, 0.0, 0.0, 1.0, 1.0, 1.0, 0.0, 0.0, 0.0, 0.0, 0.0, 0.0, 0.0, 0.0, 0.0, 0.0, 0.0, 1.0, 1.0, 1.0, 1.0, 0.0, 0.0, 0.0, 0.0, 0.0, 0.0, 0.0, 0.0, 0.0, 1.0, 0.0, 0.0, 1.0, 1.0, 1.0, 1.0, 0.0, 0.4945, 0.0, 0.0, 1.0, 1.0, 1.0, 1.0, 0.0, 0.0, 1.0, 1.0, 1.0, 1.0, 1.0, 1.0, 0.0, 0.0, 0.0, 0.0, 1.0, 1.0, 1.0, 1.0, 1.0, 0.704, 0.296, 0.0, 1.0, 1.0, 1.0, 1.0, 0.0, 0.0, 1.0, 1.0, 1.0, 1.0, 1.0, 1.0, 0.0, 0.0, 0.0, 0.0, 0.006, 1.0, 0.006, 0.708, 0.298, 1.0, 0.298, 1.0, 1.0, 1.0, 1.0, 1.0, 0.0, 0.0, 0.0, 0.0, 1.0, 0.0, 1.0, 1.0, 1.0, 0.0, 0.0, 1.0, 0.0, 1.0, 1.0, 1.0, 0.0, 0.0, 0.0, 0.0, 1.0, 0.224, 1.0, 1.0, 0.776, 0.0, 0.224, 1.0, 1.0, 1.0, 1.0, 1.0, 0.0, 0.0, 0.0, 0.0, 1.0, 1.0, 0.0, 1.0, 1.0, 1.0, 0.0, 1.0, 1.0, 1.0, 1.0, 1.0, 0.0, 0.0, 0.0, 0.0, 1.0, 1.0, 1.0, 1.0, 1.0, 1.0, 1.0, 0.0, 1.0, 1.0, 1.0, 1.0, 0.0, 0.0, 0.0, 0.0, 0.0, 0.0, 0.0, 0.0, 0.0, 0.0, 0.0, 0.0, 1.0, 0.4865, 1.0, 1.0, 1.0, 0.0075, 0.4865, 1.0, 0.0225, 0.0, 0.0, 0.9775, 0.0, 0.0, 0.0, 0.0]",-419.18595103414617,844.9172517286268,-482.430437669722,964.860875339444,0.01,0.0,-5.545177444479562,2.0794415416798357,11.090354888959125,1.0,-10.518280500437347,-16.635532333438686,24.21461483122264,33.27106466687737,0.5787520451143159,"[1.0, 1.0, 1.0, 1.0, 1.0, 0.0, 1.0, 0.0, 1.0, 1.0, 1.0, 1.0, 1.0, 1.0, 1.0, 0.0, 0.0, 0.0, 0.0, 0.0, 0.0, 0.0, 0.0, 0.0, 1.0, 1.0, 1.0, 1.0, 0.0, 0.0, 1.0, 0.0, 0.0, 0.0, 0.0, 0.0, 0.0, 1.0, 0.0, 0.0, 0.0, 0.0, 0.0, 0.0, 0.0, 0.0, 0.0, 0.0, 1.0, 1.0, 1.0, 1.0, 0.0, 0.0, 0.0, 0.0, 1.0, 1.0, 1.0, 1.0, 0.0, 0.0, 0.0, 0.0, 0.0, 0.0, 0.0, 0.0, 0.0, 1.0, 1.0, 0.0, 1.0, 1.0, 1.0, 1.0, 0.0, 0.0, 0.0, 0.0, 1.0, 1.0, 1.0, 1.0, 0.0, 0.0, 0.0, 0.0, 0.0, 0.0, 0.0, 0.0, 0.0, 0.0, 0.0, 0.0, 1.0, 1.0, 1.0, 1.0, 1.0, 1.0, 1.0, 0.0, 1.0, 1.0, 1.0, 1.0, 1.0, 0.0, 1.0, 0.0, 0.0, 1.0, 0.0, 0.0, 1.0, 1.0, 1.0, 0.0, 1.0, 1.0, 0.0, 1.0, 1.0, 0.0, 0.0, 0.0, 1.0, 1.0, 1.0, 0.0, 1.0, 1.0, 1.0, 1.0, 1.0, 1.0, 1.0, 1.0, 0.0, 0.0, 0.0, 0.0, 1.0, 1.0, 1.0, 0.0, 0.0, 0.0, 1.0, 0.0, 0.0, 0.0, 1.0, 0.0, 0.0, 0.0, 0.0, 0.0, 1.0, 1.0, 1.0, 0.0, 0.0, 0.0, 1.0, 0.0, 0.0, 0.0, 0.0, 1.0, 0.0, 0.0, 0.0, 0.0, 0.0, 0.0, 0.0, 1.0, 0.0, 0.0, 0.0, 0.0, 1.0, 1.0, 1.0, 1.0, 0.0, 0.0, 0.0, 0.0, 1.0, 1.0, 1.0, 0.0, 0.0, 0.0, 1.0, 0.0, 1.0, 1.0, 1.0, 1.0, 0.0, 0.0, 0.0, 0.0, 1.0, 1.0, 1.0, 1.0, 0.0, 0.0, 0.0, 0.0, 1.0, 1.0, 1.0, 1.0, 1.0, 1.0, 1.0, 0.0, 0.0, 0.0, 0.0, 0.0, 1.0, 0.0, 0.0, 0.0, 1.0, 1.0, 1.0, 1.0, 1.0, 1.0, 1.0, 1.0, 1.0, 1.0, 1.0, 1.0, 1.0, 1.0, 1.0, 0.0, 0.0, 0.0, 0.0, 0.0, 0.0, 0.0, 0.0, 0.0, 0.0, 1.0, 0.0, 1.0, 0.0, 1.0, 0.0, 1.0, 0.0, 0.0, 0.0, 1.0, 0.0, 0.0, 0.0, 0.0, 1.0, 1.0, 1.0, 0.0, 0.0, 0.0, 1.0, 0.0, 0.0, 0.0, 1.0, 0.0, 0.0, 0.0, 0.0, 0.0, 0.0, 1.0, 1.0, 1.0, 0.0, 0.0, 0.0, 0.0, 1.0, 1.0, 1.0, 0.0, 1.0, 1.0, 1.0, 1.0, 0.0, 0.0, 1.0, 0.0, 0.0, 0.0, 0.0, 0.0, 1.0, 1.0, 1.0, 1.0, 1.0, 1.0, 1.0, 0.0, 1.0, 1.0, 1.0, 1.0, 0.0, 0.0, 0.0, 0.0, 1.0, 1.0, 1.0, 1.0, 0.0, 0.0, 0.0, 0.0, 0.0, 1.0, 0.0, 0.0, 0.0, 0.0, 0.0, 0.0, 0.0, 0.0, 0.0, 0.0, 0.0, 0.0, 0.0, 0.0, 0.0, 0.0, 0.0, 0.0, 0.0, 0.0, 0.0, 0.0, 1.0, 1.0, 0.0, 1.0, 1.0, 0.0, 1.0, 0.0, 1.0, 1.0, 1.0, 1.0, 1.0, 0.0, 1.0, 1.0, 0.0, 0.0, 0.0, 0.0, 0.0, 1.0, 1.0, 0.0, 1.0, 0.0, 0.0, 1.0, 0.0, 0.0, 0.0, 0.0, 1.0, 1.0, 1.0, 0.0, 0.0, 0.0, 1.0, 0.0, 1.0, 1.0, 1.0, 0.0, 0.0, 0.0, 0.0, 0.0, 1.0, 1.0, 1.0, 1.0, 1.0, 1.0, 1.0, 0.0, 0.0, 0.0, 0.0, 0.0, 0.0, 0.0, 0.0, 0.0, 1.0, 0.0, 1.0, 0.0, 0.0, 0.0, 0.0, 0.0, 1.0, 1.0, 1.0, 1.0, 1.0, 1.0, 1.0, 0.0, 1.0, 1.0, 1.0, 1.0, 1.0, 1.0, 0.0, 1.0, 1.0, 1.0, 1.0, 1.0, 0.0, 0.0, 0.0, 0.0, 1.0, 1.0, 1.0, 1.0, 1.0, 1.0, 1.0, 0.0, 0.0, 1.0, 1.0, 1.0, 0.0, 0.0, 0.0, 0.0, 1.0, 1.0, 1.0, 1.0, 0.0, 0.0, 0.0, 0.0, 1.0, 0.0, 1.0, 0.0, 0.0, 0.0, 0.0, 0.0, 1.0, 1.0, 1.0, 1.0, 1.0, 0.0, 1.0, 0.0, 1.0, 1.0, 1.0, 0.0, 1.0, 1.0, 0.0, 1.0, 1.0, 1.0, 1.0, 1.0, 0.0, 0.0, 0.0, 0.0, 0.0, 0.0, 0.0, 0.0, 0.0, 0.0, 0.0, 0.0, 1.0, 1.0, 1.0, 1.0, 0.0, 0.0, 0.0, 0.0, 0.0, 0.0, 0.0, 0.0, 0.0, 0.0, 0.0, 0.0, 0.0, 0.0, 0.0, 0.0, 0.0, 0.0, 0.0, 0.0, 1.0, 1.0, 0.0, 0.0, 1.0, 1.0, 1.0, 1.0, 1.0, 1.0, 1.0, 1.0, 1.0, 1.0, 1.0, 1.0, 1.0, 1.0, 1.0, 1.0, 1.0, 0.0, 1.0, 1.0, 0.0, 1.0, 0.0, 1.0, 0.0, 1.0, 0.0, 0.0, 1.0, 1.0, 1.0, 1.0, 0.0, 0.0, 1.0, 0.0, 1.0, 1.0, 1.0, 1.0, 0.0, 0.0, 0.0, 0.0, 0.0, 0.0, 0.0, 1.0, 0.0, 0.0, 0.0, 0.0, 1.0, 1.0, 1.0, 1.0, 0.0, 0.0, 0.0, 0.0, 0.0, 1.0, 1.0, 1.0, 0.0, 1.0, 1.0, 0.0, 1.0, 1.0, 1.0, 1.0, 0.0, 0.0, 0.0, 0.0, 1.0, 0.0, 1.0, 1.0, 1.0, 0.0, 0.0, 1.0, 1.0, 1.0, 1.0, 1.0, 1.0, 1.0, 1.0, 0.0, 0.0, 1.0, 1.0, 1.0, 1.0, 1.0, 0.0, 0.0, 1.0, 1.0, 1.0, 1.0, 0.0, 0.0, 0.0, 0.0, 1.0, 1.0, 1.0, 0.0, 0.0, 0.0, 1.0, 0.0, 1.0, 1.0, 1.0, 1.0, 0.0, 0.0, 0.0, 0.0, 0.0, 0.0, 0.0, 0.0, 0.0, 0.0, 0.0, 0.0, 0.0, 0.0, 1.0, 1.0, 0.0, 0.0, 0.0, 0.0, 1.0, 1.0, 1.0, 1.0, 1.0, 0.0, 0.0, 1.0]",-295.2442605392121,597.0338707387587,-482.430437669722,964.860875339444,5.985630608597671,-16.55210228104839,36.28225839244473,1.2846122460949685,-433.45128860920846,873.4479268787513,False,True,True,False,True,0.8333333333333334,0.5,0.9166666666666666,1.0,0.9166666666666666,1.0,0.75,0.625,0.9166666666666666,1.0,0.6666666666666666,0.375,"Z.exists(lambda x1: Z.lequal(x1,2,'size'),X)","Z.atleast(lambda x1: Z.and_operator(Z.equal(x1,'blue','colour'),Z.equal(x1,1,'size')),1,X)","Z.exists(lambda x1: Z.equal(x1,'blue','colour'),X)","Z.atleast(lambda x1: Z.and_operator(Z.equal(x1,'blue','colour'),Z.equal(x1,1,'size')),1,X)",0.5,1.0,1.0,0.625,1.0,0.7083333333333334,0.6982758620689655,0.6867816091954023,0.6954022988505747,0.6925287356321839,5.241379310344827,0,0,0,0,0,0
26,33,65,0LZMn,oim2MThVnPjmiu2OAABB,Upsilon,none are upright,"[True, True, True, True, False, False, False, False]","[True, True, True, True, False, False, False, False]",1.0,1.0,"There must be at least one cone of any size, shape, or color turned on its side in either direction. There must not be a cone of any size, shape, or color standing up. ",[['x1']],"Z.forall(lambda x1: Z.not_operator(Z.equal(x1,'upright','orientation')),X)",#NAME?,"[{'ids': [0, 1, 2], 'colours': ['red', 'red', 'blue'], 'sizes': [3, 3, 1], 'xpos': [1.1024586689016458, 0.13102648597492728, 4.250041242566628], 'ypos': [3.819862021604243, 3.3178674818839577, 3.8474172757652845], 'rotations': [3.8064446042534543, 4.4575878426325115, 1.2121899680575183], 'orientations': ['strange', 'strange', 'lhs'], 'contact': [[0, 1], [1, 0], [2]], 'grounded': ['yes', 'no', 'yes'], 'follow_rule': True}, {'ids': [0], 'colours': ['blue'], 'sizes': [3], 'xpos': [4.333287242041295], 'ypos': [3.653482127167072], 'rotations': [1.246422544182539], 'orientations': ['lhs'], 'contact': [[0]], 'grounded': ['yes'], 'follow_rule': True}, {'ids': [0], 'colours': ['blue'], 'sizes': [3], 'xpos': [3.8594105980539317], 'ypos': [4.124682254841984], 'rotations': [3.143429423087867], 'orientations': ['upright'], 'contact': [[0]], 'grounded': ['yes'], 'follow_rule': False}, {'ids': [0], 'colours': ['green'], 'sizes': [3], 'xpos': [4.694624962098615], 'ypos': [3.650612676649954], 'rotations': [5.039153830020096], 'orientations': ['rhs'], 'contact': [[0]], 'grounded': ['yes'], 'follow_rule': True}, {'ids': [0, 1], 'colours': ['green', 'red'], 'sizes': [3, 3], 'xpos': [1.130505234360522, 4.895461472475442], 'ypos': [3.6538395172546276, 4.12375074187723], 'rotations': [-1.247063403016858, 3.1426216542504704], 'orientations': ['rhs', 'upright'], 'contact': [[0], [1]], 'grounded': ['yes', 'yes'], 'follow_rule': False}, {'ids': [0, 1], 'colours': ['red', 'green'], 'sizes': [3, 3], 'xpos': [5.581603835351204, 1.6502808938783382], 'ypos': [3.650304013798536, 3.6541688824280456], 'rotations': [1.2437129464179484, 5.035258335703299], 'orientations': ['lhs', 'rhs'], 'contact': [[0], [1]], 'grounded': ['yes', 'yes'], 'follow_rule': True}, {'ids': [0, 1], 'colours': ['red', 'blue'], 'sizes': [3, 2], 'xpos': [4.044154129556641, 2.209130493239641], 'ypos': [4.124449346512927, 3.7473163769955975], 'rotations': [3.1442785277985834, 1.2329723679877915], 'orientations': ['upright', 'lhs'], 'contact': [[0], [1]], 'grounded': ['yes', 'yes'], 'follow_rule': False}, {'ids': [0], 'colours': ['green'], 'sizes': [3], 'xpos': [5.0126770712847835], 'ypos': [4.123861772910403], 'rotations': [3.1405459905668147], 'orientations': ['upright'], 'contact': [[0]], 'grounded': ['yes'], 'follow_rule': False}, {'ids': [0, 1, 2, 3, 4, 5], 'colours': ['red', 'green', 'green', 'red', 'red', 'green'], 'sizes': [3, 3, 3, 1, 3, 1], 'xpos': [4.04539932046708, 6.25367104406576, 1.31220887489158, 2.54397206141056, 5.03680142626962, 2.83313903630872], 'ypos': [3.68714653723475, 3.68793264237984, 3.68536700039956, 3.87290072175348, 3.71647947714512, 3.32290442001056], 'rotations': [1.24459422608336, 1.24522470760537, 5.03721490711028, 4.41693289260746, 2.04844681297516, 1.27753534246253], 'contact': [[0, 4, 3], 1, 2, [3, 0, 5], [4, 0], [5, 3]], 'grounded': ['yes', 'yes', 'yes', 'yes', 'yes', 'no']}, {'ids': [0, 1, 2, 3], 'colours': ['green', 'red', 'blue', 'red'], 'sizes': [1, 3, 2, 2], 'xpos': [3.91130904169482, 5.46428515532996, 6.02804597253327, 2.75909465803677], 'ypos': [3.88039857557471, 3.68809661044642, 3.83039687351375, 3.76829024369344], 'rotations': [1.21554845923219, 5.037860999749, 2.523398913166, 4.53015371920961], 'contact': [{'V1': [0, 3], 'V2': [1, 2], 'V3': [2, 1], 'V4': [3, 0]}], 'grounded': ['yes', 'yes', 'no', 'yes']}, {'ids': [0, 1], 'colours': ['red', 'red'], 'sizes': [1, 1], 'xpos': [2.66334600794472, 1.80432622054734], 'ypos': [3.88090170709236, 3.87778384307705], 'rotations': [1.21239198245414, 4.35415315781273], 'contact': [{'V1': [0, 1], 'V2': [1, 0]}], 'grounded': ['yes', 'yes']}, {'ids': [0, 1, 2, 3, 4], 'colours': ['red', 'red', 'blue', 'blue', 'green'], 'sizes': [3, 3, 1, 1, 1], 'xpos': [1.85360354206331, 4.53707158711655, 2.22962536171588, 3.31491059447484, 3.75418292003644], 'ypos': [3.68810486672765, 3.68793278435064, 3.60822662705904, 3.84556069624473, 3.52884365217974], 'rotations': [5.03784882313905, 1.24522475821424, 2.57929284346434, 1.86403082200312, 2.07051561191284], 'contact': [[0, 3, 2], [1, 4, 3], [2, 0], [3, 0, 1, 4], [4, 1, 3]], 'grounded': ['yes', 'yes', 'no', 'no', 'no']}, {'ids': [0, 1, 2, 3, 4, 5, 6], 'colours': ['red', 'green', 'red', 'red', 'green', 'green', 'red'], 'sizes': [1, 3, 2, 3, 3, 2, 2], 'xpos': [3.25946614949676, 2.44588297516233, 5.88127197371132, 4.16563349275137, 0.72362012303879, 2.368329881437, 7.02789960687692], 'ypos': [3.95518911276486, 3.68824247585198, 4.15744335942523, 4.15757462621801, 3.67646349730594, 3.64875460383896, 3.78297829877943], 'rotations': [3.90055989251386, 1.24543827105161, 3.14018849938784, 3.14209271550925, 4.46919423935855, 4.5928664481854, 5.04768654725134], 'contact': [[0, 5], [1, 5, 4], 2, 3, [4, 1], [5, 0, 1], 6], 'grounded': ['yes', 'yes', 'yes', 'yes', 'yes', 'no', 'yes']}, {'ids': [0, 1, 2, 3, 4], 'colours': ['red', 'blue', 'green', 'green', 'red'], 'sizes': [2, 1, 3, 3, 3], 'xpos': [1.81709153920562, 5.97480057561886, 3.31338082383512, 4.38059628007586, 6.61025661823443], 'ypos': [3.77963548478066, 4.15709914239659, 4.15857486018002, 4.1579783197977, 3.68443952609824], 'rotations': [1.2339014812192, 3.13995537974587, 3.14125891347883, 3.1426763466907, 5.03874238310661], 'contact': [{'V1': 0, 'V2': 1, 'V3': 2, 'V4': 3, 'V5': 4}], 'grounded': ['yes', 'yes', 'yes', 'yes', 'yes']}, {'ids': [0, 1, 2, 3, 4], 'colours': ['red', 'red', 'red', 'green', 'red'], 'sizes': [2, 3, 1, 3, 3], 'xpos': [3.73841073372075, 3.73677173096754, 2.76148516662288, 4.77214062348621, 4.69143283396105], 'ypos': [4.16009367569396, 4.14643505860911, 4.15849207519273, 4.15973417931752, 3.17867488361144], 'rotations': [3.13742681162325, 3.12687131684704, 3.14631730814226, 3.13796262321945, 2.12453024265947], 'contact': [[0, 1], [1, 0, 4], 2, [3, 4], [4, 1, 3]], 'grounded': ['yes', 'no', 'yes', 'yes', 'no']}, {'ids': [0, 1], 'colours': ['blue', 'red'], 'sizes': [1, 3], 'xpos': [4.12725264721393, 2.49227679939128], 'ypos': [4.15816511179978, 3.68449947257032], 'rotations': [3.13776634013453, 5.03835652479557], 'contact': [{'V1': 0, 'V2': 1}], 'grounded': ['yes', 'yes']}]","[True, True, True, True, False, False, False, False]","[True, True, True, True, True, True, True, True]","[False, False, False, False, False, False, False, False]","[False, False, False, False, False, False, False, False]","[True, True, True, True, False, False, False, False]","[True, True, True, True, True, True, True, True]","[False, False, False, False, False, False, False, False]","[False, False, False, False, False, False, False, False]",0.0,0.0,0.0,0.0,1.0,1.0,1.0,1.0,0.0,0.0,0.0,0.0,0.0,0.0,0.01,0.0,-5.545177444479562,2.0794415416798357,11.090354888959125,0.01,0.0,-5.545177444479562,2.0794415416798357,11.090354888959125,1.0502311195665048,"[1.0, 1.0, 1.0, 1.0, 1.0, 0.0, 1.0, 0.0, 1.0, 1.0, 1.0, 1.0, 1.0, 1.0, 1.0, 0.0135, 0.9530000000000001, 0.092, 0.5895, 0.5895, 1.0, 0.0, 0.0, 0.861, 1.0, 1.0, 1.0, 0.2925, 0.999, 0.999, 1.0, 0.7155, 0.0, 0.0, 1.0, 0.0, 0.0, 0.0, 1.0, 0.0, 0.0, 0.0, 1.0, 0.0, 0.0, 0.0, 1.0, 0.0, 1.0, 1.0, 1.0, 1.0, 0.0, 0.0, 0.0, 0.0, 1.0, 1.0, 1.0, 1.0, 0.935, 0.935, 0.935, 0.935, 1.0, 1.0, 1.0, 1.0, 0.0, 1.0, 0.0, 0.0, 0.0, 1.0, 1.0, 1.0, 1.0, 1.0, 1.0, 1.0, 1.0, 1.0, 1.0, 1.0, 0.0935, 0.0935, 0.0935, 0.0935, 1.0, 1.0, 1.0, 1.0, 1.0, 1.0, 1.0, 1.0, 1.0, 1.0, 1.0, 1.0, 1.0, 1.0, 1.0, 0.013000000000000001, 1.0, 1.0, 0.998, 1.0, 1.0, 0.002, 0.998, 0.002, 1.0, 1.0, 1.0, 1.0, 1.0, 1.0, 1.0, 0.0, 0.973, 1.0, 0.9530000000000001, 1.0, 0.8925000000000001, 0.9195, 0.17400000000000002, 0.201, 1.0, 1.0, 1.0, 1.0, 0.0, 0.0, 0.0, 0.0, 1.0, 1.0, 1.0, 0.24, 1.0, 1.0, 0.968, 1.0, 0.653, 0.653, 0.653, 1.0, 0.2535, 0.2535, 0.7035, 0.10300000000000001, 1.0, 1.0, 1.0, 1.0, 0.0, 1.0, 0.0, 0.0, 1.0, 1.0, 1.0, 0.012, 0.988, 0.988, 1.0, 1.0, 1.0, 0.0, 1.0, 1.0, 1.0, 0.0, 0.0, 1.0, 0.0, 0.0, 0.0, 1.0, 1.0, 0.0, 0.0, 0.0, 1.0, 1.0, 1.0, 1.0, 0.0, 0.0, 0.0, 0.0, 1.0, 1.0, 1.0, 1.0, 0.0, 0.0, 0.0, 0.0, 1.0, 1.0, 1.0, 1.0, 1.0, 1.0, 0.841, 1.0, 1.0, 1.0, 1.0, 1.0, 0.0, 0.0, 0.0, 0.0, 1.0, 1.0, 1.0, 1.0, 1.0, 1.0, 1.0, 0.0, 0.197, 0.0, 0.85, 0.653, 0.803, 0.0, 0.0, 0.0, 0.8525, 0.847, 0.9935, 0.847, 0.28300000000000003, 0.4305, 0.426, 0.426, 1.0, 1.0, 1.0, 1.0, 1.0, 1.0, 1.0, 0.0, 0.798, 1.0, 0.7995, 0.7995, 0.0275, 0.029, 0.2265, 0.1975, 1.0, 1.0, 1.0, 1.0, 0.0, 0.0, 0.0, 0.0, 0.862, 0.854, 0.8595, 0.8955000000000001, 0.045, 0.0005, 0.8695, 0.8505, 1.0, 1.0, 1.0, 0.022, 1.0, 1.0, 1.0, 0.978, 0.28400000000000003, 0.0145, 0.1885, 0.0275, 0.2755, 0.0, 0.0015, 0.013000000000000001, 0.0, 0.0, 0.0, 1.0, 1.0, 0.0, 0.0, 0.0, 1.0, 1.0, 1.0, 1.0, 0.0, 0.0, 0.0, 0.0, 1.0, 1.0, 1.0, 1.0, 1.0, 0.0, 1.0, 0.0, 1.0, 1.0, 1.0, 1.0, 1.0, 1.0, 1.0, 0.0, 1.0, 1.0, 1.0, 0.728, 0.8265, 0.5545, 0.5545, 0.8265, 1.0, 1.0, 1.0, 1.0, 1.0, 1.0, 1.0, 1.0, 1.0, 1.0, 1.0, 0.8715, 0.9365, 0.8695, 0.8695, 0.9365, 0.229, 0.229, 0.229, 0.229, 0.801, 0.03, 0.03, 0.801, 0.0, 0.0, 0.0, 1.0, 1.0, 0.0, 0.0, 0.0, 0.108, 0.114, 0.2315, 0.108, 0.114, 0.07050000000000001, 0.0495, 0.006, 1.0, 1.0, 1.0, 1.0, 0.0, 0.0, 0.0, 0.0, 0.8955000000000001, 0.895, 0.0115, 0.0, 0.883, 0.0, 0.0, 0.0, 1.0, 1.0, 1.0, 1.0, 0.0, 0.0, 0.0, 0.0, 0.902, 0.902, 0.902, 0.678, 0.88, 0.88, 0.902, 0.807, 1.0, 1.0, 1.0, 1.0, 0.0, 0.0, 0.0, 0.0, 1.0, 1.0, 1.0, 1.0, 1.0, 1.0, 1.0, 0.0, 1.0, 1.0, 1.0, 1.0, 0.0, 0.0, 0.0, 0.0, 1.0, 1.0, 1.0, 1.0, 0.008, 0.008, 0.008, 0.008, 1.0, 1.0, 1.0, 1.0, 1.0, 1.0, 1.0, 0.0, 1.0, 1.0, 1.0, 1.0, 1.0, 1.0, 0.6980000000000001, 1.0, 1.0, 1.0, 1.0, 1.0, 0.0, 0.0, 0.0, 0.0, 1.0, 1.0, 1.0, 1.0, 1.0, 1.0, 1.0, 0.0, 0.9530000000000001, 0.9530000000000001, 0.9530000000000001, 1.0, 1.0, 1.0, 0.641, 0.9530000000000001, 1.0, 1.0, 1.0, 1.0, 0.0, 0.0, 0.0, 0.0, 1.0, 1.0, 1.0, 1.0, 1.0, 1.0, 1.0, 1.0, 1.0, 1.0, 1.0, 1.0, 0.0, 0.0, 0.0, 0.0, 1.0, 1.0, 1.0, 1.0, 1.0, 1.0, 1.0, 1.0, 1.0, 1.0, 1.0, 1.0, 0.021500000000000002, 0.021500000000000002, 0.021500000000000002, 0.021500000000000002, 0.021500000000000002, 0.003, 0.02, 0.0095, 0.0095, 0.964, 0.9555, 0.0095, 1.0, 1.0, 1.0, 1.0, 1.0, 1.0, 1.0, 1.0, 1.0, 1.0, 1.0, 1.0, 0.0, 0.0, 0.0, 0.0, 1.0, 1.0, 1.0, 1.0, 0.0, 0.0, 1.0, 1.0, 1.0, 0.873, 0.198, 0.198, 1.0, 1.0, 0.6905, 1.0, 1.0, 1.0, 1.0, 1.0, 1.0, 1.0, 1.0, 0.0, 1.0, 0.999, 0.999, 1.0, 0.0025, 0.0025, 0.0025, 0.0025, 1.0, 1.0, 1.0, 1.0, 1.0, 0.686, 0.314, 0.0, 1.0, 1.0, 1.0, 1.0, 0.524, 0.524, 1.0, 0.47600000000000003, 1.0, 1.0, 1.0, 1.0, 0.008, 0.008, 0.008, 0.008, 0.9935, 0.9935, 0.9775, 0.9935, 0.9935, 0.0225, 0.988, 0.017, 1.0, 1.0, 1.0, 1.0, 0.0725, 0.0725, 0.0725, 0.0725, 0.041, 1.0, 1.0, 0.9590000000000001, 0.041, 0.9590000000000001, 1.0, 0.0, 0.7435, 0.9835, 0.7425, 0.986, 0.7435, 0.7435, 0.256, 0.987, 1.0, 0.005, 1.0, 1.0, 1.0, 0.005, 0.005, 1.0, 1.0, 1.0, 1.0, 1.0, 1.0, 1.0, 1.0, 0.0, 1.0, 1.0, 1.0, 1.0, 0.0, 0.0, 0.0, 0.0, 1.0, 1.0, 1.0, 1.0, 0.0, 0.0, 0.0, 0.0, 0.9705, 0.9705, 0.9145, 1.0, 0.8015, 0.8015, 0.9705, 0.7865, 1.0, 1.0, 1.0, 1.0, 0.0, 0.0, 0.0, 0.0, 1.0, 1.0, 1.0, 1.0, 0.0, 0.0, 0.0, 0.0, 1.0, 1.0, 1.0, 1.0, 0.0, 0.0, 0.0, 0.0, 1.0, 1.0, 1.0, 1.0, 1.0, 1.0, 1.0, 1.0]",-418.5875071169283,843.720363894191,-482.430437669722,964.860875339444,0.01,0.0,2.0794415416798357,0.01,0.0,2.0794415416798357,0.6334250289943713,"[1.0, 1.0, 1.0, 1.0, 1.0, 0.0, 1.0, 0.0, 1.0, 1.0, 1.0, 1.0, 1.0, 1.0, 1.0, 0.0, 0.0, 0.0, 0.0, 0.0, 0.0, 0.0, 0.0, 0.0, 1.0, 1.0, 1.0, 0.0, 0.0, 0.0, 1.0, 0.0, 0.0, 0.0, 1.0, 1.0, 0.0, 1.0, 1.0, 1.0, 1.0, 1.0, 1.0, 1.0, 0.0, 0.0, 1.0, 1.0, 1.0, 1.0, 1.0, 1.0, 0.0, 0.0, 0.0, 0.0, 1.0, 1.0, 1.0, 1.0, 0.0, 0.0, 0.0, 0.0, 0.0, 0.0, 0.0, 0.0, 0.0, 1.0, 1.0, 0.0, 1.0, 1.0, 1.0, 1.0, 0.0, 0.0, 0.0, 0.0, 1.0, 1.0, 1.0, 1.0, 0.0, 0.0, 0.0, 0.0, 1.0, 1.0, 1.0, 1.0, 1.0, 1.0, 0.0, 1.0, 1.0, 1.0, 1.0, 1.0, 1.0, 1.0, 1.0, 0.0, 1.0, 1.0, 1.0, 1.0, 1.0, 0.0, 1.0, 0.0, 0.0, 1.0, 0.0, 0.0, 1.0, 1.0, 1.0, 0.0, 1.0, 1.0, 0.0, 1.0, 1.0, 0.0, 0.0, 0.0, 1.0, 1.0, 1.0, 0.0, 1.0, 1.0, 1.0, 1.0, 1.0, 1.0, 1.0, 1.0, 0.0, 0.0, 0.0, 0.0, 1.0, 1.0, 1.0, 0.0, 0.0, 0.0, 1.0, 0.0, 0.0, 0.0, 1.0, 0.0, 0.0, 0.0, 0.0, 0.0, 1.0, 1.0, 1.0, 0.0, 0.0, 0.0, 1.0, 0.0, 0.0, 0.0, 0.0, 1.0, 0.0, 0.0, 0.0, 0.0, 0.0, 0.0, 0.0, 1.0, 0.0, 0.0, 0.0, 0.0, 1.0, 1.0, 1.0, 1.0, 0.0, 0.0, 0.0, 0.0, 1.0, 1.0, 1.0, 0.0, 0.0, 0.0, 1.0, 0.0, 1.0, 1.0, 1.0, 1.0, 0.0, 0.0, 0.0, 0.0, 1.0, 1.0, 1.0, 1.0, 0.0, 0.0, 0.0, 0.0, 1.0, 1.0, 1.0, 1.0, 1.0, 1.0, 1.0, 0.0, 0.0, 0.0, 0.0, 0.0, 1.0, 0.0, 0.0, 0.0, 1.0, 1.0, 1.0, 1.0, 1.0, 1.0, 1.0, 1.0, 1.0, 1.0, 1.0, 1.0, 1.0, 1.0, 1.0, 0.0, 0.0, 0.0, 0.0, 0.0, 0.0, 0.0, 0.0, 0.0, 0.0, 1.0, 0.0, 1.0, 0.0, 1.0, 0.0, 1.0, 0.0, 0.0, 0.0, 1.0, 0.0, 0.0, 0.0, 0.0, 1.0, 1.0, 1.0, 0.0, 0.0, 0.0, 1.0, 0.0, 1.0, 1.0, 1.0, 1.0, 1.0, 0.0, 1.0, 0.0, 0.0, 1.0, 1.0, 1.0, 0.0, 0.0, 0.0, 0.0, 1.0, 1.0, 1.0, 0.0, 1.0, 1.0, 1.0, 1.0, 0.0, 1.0, 1.0, 1.0, 0.0, 0.0, 0.0, 0.0, 1.0, 1.0, 1.0, 1.0, 1.0, 1.0, 1.0, 0.0, 1.0, 1.0, 1.0, 1.0, 0.0, 0.0, 0.0, 0.0, 1.0, 1.0, 1.0, 1.0, 0.0, 0.0, 0.0, 0.0, 0.0, 1.0, 0.0, 0.0, 0.0, 0.0, 0.0, 0.0, 1.0, 1.0, 1.0, 1.0, 1.0, 0.0, 1.0, 1.0, 0.0, 0.0, 0.0, 0.0, 0.0, 1.0, 1.0, 0.0, 1.0, 1.0, 1.0, 1.0, 1.0, 0.0, 1.0, 0.0, 1.0, 1.0, 1.0, 1.0, 1.0, 0.0, 1.0, 1.0, 0.0, 0.0, 0.0, 0.0, 0.0, 1.0, 1.0, 0.0, 1.0, 0.0, 0.0, 1.0, 0.0, 0.0, 0.0, 0.0, 1.0, 1.0, 1.0, 0.0, 0.0, 0.0, 1.0, 0.0, 1.0, 1.0, 1.0, 0.0, 0.0, 0.0, 0.0, 0.0, 1.0, 1.0, 1.0, 1.0, 1.0, 1.0, 1.0, 0.0, 0.0, 0.0, 0.0, 0.0, 0.0, 0.0, 0.0, 0.0, 1.0, 0.0, 1.0, 0.0, 0.0, 0.0, 0.0, 0.0, 1.0, 1.0, 1.0, 1.0, 1.0, 1.0, 1.0, 0.0, 1.0, 1.0, 1.0, 1.0, 1.0, 1.0, 0.0, 1.0, 1.0, 1.0, 1.0, 1.0, 0.0, 0.0, 0.0, 0.0, 1.0, 1.0, 1.0, 1.0, 1.0, 1.0, 1.0, 0.0, 0.0, 1.0, 1.0, 1.0, 0.0, 0.0, 0.0, 0.0, 1.0, 1.0, 1.0, 1.0, 0.0, 0.0, 0.0, 0.0, 1.0, 0.0, 1.0, 0.0, 0.0, 0.0, 0.0, 0.0, 1.0, 1.0, 1.0, 1.0, 1.0, 0.0, 1.0, 0.0, 1.0, 1.0, 1.0, 0.0, 1.0, 1.0, 0.0, 1.0, 1.0, 1.0, 1.0, 1.0, 0.0, 0.0, 0.0, 0.0, 0.0, 0.0, 0.0, 0.0, 0.0, 1.0, 0.0, 0.0, 1.0, 1.0, 1.0, 1.0, 0.0, 0.0, 0.0, 0.0, 0.0, 0.0, 0.0, 0.0, 0.0, 0.0, 0.0, 0.0, 1.0, 0.0, 1.0, 0.0, 0.0, 0.0, 0.0, 0.0, 1.0, 1.0, 0.0, 0.0, 1.0, 1.0, 1.0, 1.0, 1.0, 1.0, 1.0, 1.0, 1.0, 1.0, 1.0, 1.0, 1.0, 1.0, 1.0, 1.0, 1.0, 0.0, 1.0, 1.0, 0.0, 1.0, 0.0, 1.0, 0.0, 1.0, 0.0, 0.0, 1.0, 1.0, 1.0, 1.0, 0.0, 0.0, 1.0, 0.0, 1.0, 1.0, 1.0, 1.0, 0.0, 0.0, 0.0, 0.0, 0.0, 0.0, 0.0, 1.0, 0.0, 0.0, 0.0, 0.0, 1.0, 1.0, 1.0, 1.0, 0.0, 0.0, 0.0, 0.0, 0.0, 1.0, 1.0, 1.0, 0.0, 1.0, 1.0, 0.0, 1.0, 1.0, 1.0, 1.0, 0.0, 0.0, 0.0, 0.0, 1.0, 0.0, 1.0, 1.0, 1.0, 0.0, 0.0, 1.0, 1.0, 1.0, 1.0, 1.0, 1.0, 1.0, 1.0, 0.0, 0.0, 1.0, 1.0, 1.0, 1.0, 1.0, 0.0, 0.0, 1.0, 1.0, 1.0, 1.0, 0.0, 0.0, 0.0, 0.0, 1.0, 1.0, 1.0, 0.0, 0.0, 0.0, 1.0, 0.0, 1.0, 1.0, 1.0, 1.0, 0.0, 0.0, 0.0, 0.0, 0.0, 0.0, 0.0, 0.0, 0.0, 0.0, 0.0, 0.0, 0.0, 1.0, 0.0, 1.0, 0.0, 1.0, 1.0, 0.0, 1.0, 1.0, 1.0, 1.0, 1.0, 0.0, 0.0, 1.0]",-318.3726801373107,643.2907099349558,0.01,0.0,-5.545177444479562,2.0794415416798357,11.090354888959125,0.01,0.0,-5.545177444479562,2.0794415416798357,11.090354888959125,0.6173530694834558,"[1.0, 1.0, 1.0, 1.0, 1.0, 0.0, 1.0, 0.0, 1.0, 1.0, 1.0, 1.0, 1.0, 1.0, 1.0, 0.0, 0.0, 0.0, 0.0, 0.0, 0.0, 0.0, 0.0, 0.0, 1.0, 1.0, 1.0, 0.0, 0.0, 0.0, 1.0, 0.0, 0.0, 0.0, 1.0, 1.0, 0.0, 1.0, 1.0, 1.0, 0.0, 0.0, 0.0, 0.0, 0.0, 0.0, 0.0, 0.0, 1.0, 1.0, 1.0, 1.0, 0.0, 0.0, 0.0, 0.0, 1.0, 1.0, 1.0, 1.0, 0.0, 0.0, 0.0, 0.0, 0.0, 0.0, 0.0, 0.0, 0.0, 1.0, 1.0, 0.0, 0.0, 0.0, 0.0, 1.0, 0.0, 0.0, 0.0, 0.0, 1.0, 1.0, 1.0, 1.0, 0.0, 0.0, 0.0, 0.0, 0.0, 0.0, 0.0, 0.0, 1.0, 1.0, 0.0, 1.0, 1.0, 1.0, 1.0, 1.0, 1.0, 1.0, 1.0, 0.0, 1.0, 1.0, 1.0, 1.0, 1.0, 0.0, 1.0, 0.0, 0.0, 1.0, 0.0, 0.0, 1.0, 1.0, 1.0, 0.0, 1.0, 1.0, 0.0, 1.0, 1.0, 0.0, 0.0, 0.0, 1.0, 1.0, 1.0, 0.0, 1.0, 1.0, 1.0, 1.0, 1.0, 1.0, 1.0, 1.0, 0.0, 0.0, 0.0, 0.0, 1.0, 1.0, 1.0, 0.0, 0.0, 0.0, 1.0, 0.0, 0.0, 0.0, 1.0, 0.0, 0.0, 0.0, 0.0, 0.0, 1.0, 1.0, 1.0, 0.0, 0.0, 0.0, 1.0, 0.0, 0.0, 0.0, 0.0, 1.0, 0.0, 0.0, 0.0, 0.0, 0.0, 0.0, 0.0, 1.0, 0.0, 0.0, 0.0, 0.0, 1.0, 1.0, 1.0, 1.0, 0.0, 0.0, 0.0, 0.0, 1.0, 1.0, 1.0, 0.0, 0.0, 0.0, 1.0, 0.0, 1.0, 1.0, 1.0, 1.0, 0.0, 0.0, 0.0, 0.0, 1.0, 1.0, 1.0, 1.0, 0.0, 0.0, 0.0, 0.0, 1.0, 1.0, 1.0, 1.0, 1.0, 1.0, 1.0, 0.0, 0.0, 0.0, 0.0, 0.0, 1.0, 0.0, 0.0, 0.0, 1.0, 1.0, 1.0, 1.0, 1.0, 1.0, 1.0, 1.0, 1.0, 1.0, 1.0, 1.0, 1.0, 1.0, 1.0, 0.0, 0.0, 0.0, 0.0, 0.0, 0.0, 0.0, 0.0, 0.0, 0.0, 1.0, 0.0, 1.0, 0.0, 1.0, 0.0, 1.0, 0.0, 0.0, 0.0, 1.0, 0.0, 0.0, 0.0, 0.0, 1.0, 1.0, 1.0, 0.0, 0.0, 0.0, 1.0, 0.0, 1.0, 1.0, 1.0, 1.0, 1.0, 0.0, 1.0, 0.0, 0.0, 1.0, 1.0, 1.0, 0.0, 0.0, 0.0, 0.0, 1.0, 1.0, 1.0, 0.0, 1.0, 1.0, 1.0, 1.0, 0.0, 1.0, 1.0, 1.0, 0.0, 0.0, 0.0, 0.0, 1.0, 1.0, 1.0, 1.0, 1.0, 1.0, 1.0, 0.0, 1.0, 1.0, 1.0, 1.0, 0.0, 0.0, 0.0, 0.0, 1.0, 1.0, 1.0, 1.0, 0.0, 0.0, 0.0, 0.0, 0.0, 1.0, 0.0, 0.0, 0.0, 0.0, 0.0, 0.0, 0.0, 0.0, 0.0, 0.0, 0.0, 0.0, 0.0, 0.0, 1.0, 0.0, 1.0, 1.0, 1.0, 0.0, 0.0, 1.0, 1.0, 1.0, 1.0, 1.0, 1.0, 0.0, 1.0, 0.0, 1.0, 1.0, 1.0, 1.0, 1.0, 0.0, 1.0, 1.0, 0.0, 0.0, 0.0, 0.0, 0.0, 1.0, 1.0, 0.0, 1.0, 0.0, 0.0, 1.0, 0.0, 0.0, 0.0, 0.0, 1.0, 1.0, 1.0, 0.0, 0.0, 0.0, 1.0, 0.0, 1.0, 1.0, 1.0, 0.0, 0.0, 0.0, 0.0, 0.0, 1.0, 1.0, 1.0, 1.0, 1.0, 1.0, 1.0, 0.0, 0.0, 0.0, 0.0, 0.0, 0.0, 0.0, 0.0, 0.0, 1.0, 0.0, 1.0, 0.0, 0.0, 0.0, 0.0, 0.0, 1.0, 1.0, 1.0, 1.0, 1.0, 1.0, 1.0, 0.0, 1.0, 1.0, 1.0, 1.0, 1.0, 1.0, 0.0, 1.0, 1.0, 1.0, 1.0, 1.0, 0.0, 0.0, 0.0, 0.0, 1.0, 1.0, 1.0, 1.0, 1.0, 1.0, 1.0, 0.0, 0.0, 1.0, 1.0, 1.0, 0.0, 0.0, 0.0, 0.0, 1.0, 1.0, 1.0, 1.0, 0.0, 0.0, 0.0, 0.0, 1.0, 0.0, 1.0, 0.0, 0.0, 0.0, 0.0, 0.0, 1.0, 1.0, 1.0, 1.0, 1.0, 0.0, 1.0, 0.0, 1.0, 1.0, 1.0, 0.0, 1.0, 1.0, 0.0, 1.0, 1.0, 1.0, 1.0, 1.0, 0.0, 0.0, 0.0, 0.0, 0.0, 0.0, 0.0, 0.0, 0.0, 1.0, 0.0, 0.0, 1.0, 1.0, 1.0, 1.0, 0.0, 0.0, 0.0, 0.0, 0.0, 0.0, 0.0, 0.0, 0.0, 0.0, 0.0, 0.0, 1.0, 0.0, 1.0, 0.0, 0.0, 0.0, 0.0, 0.0, 1.0, 1.0, 0.0, 0.0, 1.0, 1.0, 1.0, 1.0, 1.0, 1.0, 1.0, 1.0, 1.0, 1.0, 1.0, 1.0, 1.0, 1.0, 1.0, 1.0, 1.0, 0.0, 1.0, 1.0, 0.0, 1.0, 0.0, 1.0, 0.0, 1.0, 0.0, 0.0, 1.0, 1.0, 1.0, 1.0, 0.0, 0.0, 1.0, 0.0, 1.0, 1.0, 1.0, 1.0, 0.0, 0.0, 0.0, 0.0, 0.0, 0.0, 0.0, 1.0, 0.0, 0.0, 0.0, 0.0, 1.0, 1.0, 1.0, 1.0, 0.0, 0.0, 0.0, 0.0, 0.0, 1.0, 1.0, 1.0, 0.0, 1.0, 1.0, 0.0, 1.0, 1.0, 1.0, 1.0, 0.0, 0.0, 0.0, 0.0, 1.0, 0.0, 1.0, 1.0, 1.0, 0.0, 0.0, 1.0, 1.0, 1.0, 1.0, 1.0, 1.0, 1.0, 1.0, 0.0, 0.0, 0.0, 1.0, 0.0, 0.0, 1.0, 0.0, 0.0, 1.0, 1.0, 1.0, 1.0, 0.0, 0.0, 0.0, 0.0, 1.0, 1.0, 1.0, 0.0, 0.0, 0.0, 1.0, 0.0, 1.0, 1.0, 1.0, 1.0, 0.0, 0.0, 0.0, 0.0, 0.0, 0.0, 0.0, 0.0, 0.0, 0.0, 0.0, 0.0, 0.0, 1.0, 0.0, 1.0, 0.0, 1.0, 1.0, 0.0, 1.0, 1.0, 1.0, 1.0, 1.0, 0.0, 0.0, 1.0]",-311.9759791000219,630.4973078603782,-482.430437669722,964.860875339444,0.01,0.0,-5.545177444479562,2.0794415416798357,11.090354888959125,0.01,0.0,-5.545177444479562,2.0794415416798357,11.090354888959125,1.0908740239314543,"[0.0, 0.0, 1.0, 0.0, 0.0, 0.0, 0.0, 0.0, 1.0, 1.0, 1.0, 1.0, 0.877, 0.877, 0.877, 0.0, 1.0, 0.259, 1.0, 1.0, 0.8015, 0.0, 0.259, 1.0, 1.0, 1.0, 1.0, 1.0, 1.0, 1.0, 1.0, 0.0, 0.0, 0.0, 1.0, 0.0, 0.0, 0.0, 1.0, 0.0, 0.0, 0.0, 1.0, 0.0, 0.0, 0.0, 1.0, 0.0, 0.0, 0.0, 0.0, 0.0775, 0.0, 0.0, 0.1635, 0.47100000000000003, 1.0, 1.0, 1.0, 1.0, 0.0, 0.0, 0.0, 0.0, 0.0, 0.0, 0.0, 0.0, 0.0, 0.0, 0.0, 0.0, 1.0, 1.0, 1.0, 1.0, 1.0, 1.0, 1.0, 0.0, 1.0, 1.0, 1.0, 1.0, 0.0, 0.0, 0.0, 0.0, 0.0, 0.0, 0.0, 0.0, 0.0, 0.113, 0.113, 0.0, 0.0, 0.0, 0.0, 1.0, 0.0, 0.0, 0.0, 0.0, 1.0, 1.0, 1.0, 1.0, 0.0, 0.0, 0.0, 0.0, 0.9995, 1.0, 1.0, 0.663, 1.0, 1.0, 1.0, 0.353, 1.0, 1.0, 1.0, 1.0, 0.082, 0.082, 0.0, 0.0, 0.973, 1.0, 0.7655000000000001, 0.605, 0.973, 1.0, 1.0, 0.368, 0.0, 0.0, 1.0, 0.0, 1.0, 0.0, 1.0, 0.0, 1.0, 1.0, 1.0, 1.0, 0.0, 0.0, 1.0, 0.0, 1.0, 1.0, 1.0, 1.0, 0.0, 0.9465, 0.0, 0.0, 0.666, 1.0, 0.666, 0.666, 0.0, 0.0, 0.7975, 0.0, 0.0, 0.9430000000000001, 0.0, 1.0, 1.0, 0.0, 0.0, 0.0, 0.0, 1.0, 0.0, 0.0, 0.0, 0.0, 0.0, 0.0, 1.0, 1.0, 1.0, 1.0, 0.0, 0.0, 0.0, 0.0, 1.0, 1.0, 1.0, 1.0, 1.0, 1.0, 1.0, 0.0005, 1.0, 1.0, 1.0, 1.0, 1.0, 1.0, 0.0, 1.0, 1.0, 1.0, 1.0, 1.0, 0.0, 0.0, 0.0, 0.0, 1.0, 1.0, 1.0, 1.0, 1.0, 1.0, 1.0, 0.0, 1.0, 0.0, 1.0, 0.0, 0.0, 0.0, 0.0, 0.0, 0.0, 1.0, 0.0, 1.0, 0.0, 1.0, 0.0, 1.0, 1.0, 1.0, 1.0, 1.0, 1.0, 1.0, 1.0, 0.0, 1.0, 0.0, 1.0, 1.0, 1.0, 0.0, 0.0, 1.0, 1.0, 1.0, 1.0, 1.0, 1.0, 1.0, 1.0, 1.0, 0.0, 0.9580000000000001, 0.0, 0.0, 0.0, 0.0, 0.0045000000000000005, 0.0, 0.0, 0.0, 0.0, 0.0, 0.0, 0.0, 0.0, 1.0, 0.0, 0.0, 0.0005, 0.0, 0.0, 0.0, 0.0, 0.0, 0.0, 1.0, 0.0, 0.0, 0.0, 0.0, 0.0, 0.0, 1.0, 1.0, 1.0, 0.001, 0.001, 0.001, 1.0, 0.0, 0.0, 0.0, 0.6225, 0.0, 0.0, 0.0, 0.0, 0.0, 1.0, 1.0, 1.0, 1.0, 0.0, 0.0, 0.0, 0.0, 0.0, 0.0, 0.0, 0.0, 0.0, 0.0, 0.0, 0.0, 1.0, 1.0, 1.0, 1.0, 1.0, 1.0, 1.0, 0.0, 0.0, 0.0, 0.0, 1.0, 0.0, 0.0, 1.0, 0.0, 1.0, 1.0, 1.0, 1.0, 0.0, 0.0, 0.0, 0.0, 0.0, 1.0, 0.0, 0.0, 1.0, 0.0, 0.0, 1.0, 1.0, 1.0, 1.0, 1.0, 0.0, 0.0, 0.0, 0.0, 1.0, 1.0, 1.0, 1.0, 1.0, 0.0, 1.0, 1.0, 0.0, 0.0005, 0.0, 0.0, 0.0, 0.38, 0.0, 0.0, 1.0, 1.0, 1.0, 1.0, 0.0, 0.0, 0.0, 0.0, 1.0, 1.0, 1.0, 0.999, 1.0, 1.0, 1.0, 0.0195, 1.0, 1.0, 1.0, 1.0, 0.0, 0.0, 0.0, 0.0, 0.0, 0.6285000000000001, 0.0, 0.328, 0.0, 0.0, 0.6285000000000001, 0.0, 0.0, 0.0, 0.0, 0.0, 0.0, 0.0, 0.0, 1.0, 1.0, 1.0, 1.0, 1.0, 0.0, 0.0, 0.0, 0.0, 1.0, 1.0, 1.0, 1.0, 1.0, 1.0, 1.0, 0.0, 1.0, 1.0, 1.0, 1.0, 1.0, 1.0, 0.0375, 1.0, 1.0, 1.0, 1.0, 1.0, 0.0, 0.0, 0.0, 0.0, 1.0, 1.0, 1.0, 1.0, 1.0, 1.0, 1.0, 0.0, 1.0, 1.0, 1.0, 1.0, 1.0, 1.0, 0.0, 1.0, 1.0, 1.0, 1.0, 1.0, 0.0, 0.0, 0.0, 0.0, 1.0, 1.0, 1.0, 1.0, 1.0, 1.0, 1.0, 1.0, 0.0, 0.0, 0.4395, 0.0, 0.0, 0.0, 0.001, 1.0, 0.0, 0.0, 0.0, 0.0, 0.0, 0.0, 0.0, 0.0, 1.0, 1.0, 1.0, 0.0, 1.0, 0.0, 0.0, 1.0, 0.0, 0.0, 1.0, 1.0, 1.0, 0.0, 0.0, 0.0, 0.0, 0.0, 0.0, 0.0, 0.0, 0.0, 0.0, 0.0, 1.0, 1.0, 1.0, 1.0, 0.0, 0.0, 0.0, 0.0, 0.0, 0.0, 0.0, 0.0, 0.0, 1.0, 0.0, 0.0, 1.0, 1.0, 1.0, 1.0, 0.0, 0.4945, 0.0, 0.0, 1.0, 1.0, 1.0, 1.0, 0.0, 0.0, 1.0, 1.0, 1.0, 1.0, 1.0, 1.0, 0.0, 0.0, 0.0, 0.0, 1.0, 1.0, 1.0, 1.0, 1.0, 0.704, 0.296, 0.0, 1.0, 1.0, 1.0, 1.0, 0.0, 0.0, 1.0, 1.0, 1.0, 1.0, 1.0, 1.0, 0.0, 0.0, 0.0, 0.0, 0.006, 1.0, 0.006, 0.708, 0.298, 1.0, 0.298, 1.0, 1.0, 1.0, 1.0, 1.0, 0.0, 0.0, 0.0, 0.0, 1.0, 0.0, 1.0, 1.0, 1.0, 0.0, 0.0, 1.0, 0.0, 1.0, 1.0, 1.0, 0.0, 0.0, 0.0, 0.0, 1.0, 0.224, 1.0, 1.0, 0.776, 0.0, 0.224, 1.0, 1.0, 1.0, 1.0, 1.0, 0.0, 0.0, 0.0, 0.0, 1.0, 1.0, 0.0, 1.0, 1.0, 1.0, 0.0, 1.0, 1.0, 1.0, 1.0, 1.0, 0.0, 0.0, 0.0, 0.0, 1.0, 1.0, 1.0, 1.0, 1.0, 1.0, 1.0, 0.0, 1.0, 1.0, 1.0, 1.0, 0.0, 0.0, 0.0, 0.0, 0.0, 0.0, 0.0, 0.0, 0.0, 0.0, 0.0, 0.0, 1.0, 0.4865, 1.0, 1.0, 1.0, 0.0075, 0.4865, 1.0, 0.0225, 0.0, 0.0, 0.9775, 0.0, 0.0, 0.0, 0.0]",-419.18595103414617,844.9172517286268,-482.430437669722,964.860875339444,0.01,0.0,-5.545177444479562,2.0794415416798357,11.090354888959125,0.01,0.0,-5.545177444479562,2.0794415416798357,11.090354888959125,0.5787520451143159,"[1.0, 1.0, 1.0, 1.0, 1.0, 0.0, 1.0, 0.0, 1.0, 1.0, 1.0, 1.0, 1.0, 1.0, 1.0, 0.0, 0.0, 0.0, 0.0, 0.0, 0.0, 0.0, 0.0, 0.0, 1.0, 1.0, 1.0, 1.0, 0.0, 0.0, 1.0, 0.0, 0.0, 0.0, 0.0, 0.0, 0.0, 1.0, 0.0, 0.0, 0.0, 0.0, 0.0, 0.0, 0.0, 0.0, 0.0, 0.0, 1.0, 1.0, 1.0, 1.0, 0.0, 0.0, 0.0, 0.0, 1.0, 1.0, 1.0, 1.0, 0.0, 0.0, 0.0, 0.0, 0.0, 0.0, 0.0, 0.0, 0.0, 1.0, 1.0, 0.0, 1.0, 1.0, 1.0, 1.0, 0.0, 0.0, 0.0, 0.0, 1.0, 1.0, 1.0, 1.0, 0.0, 0.0, 0.0, 0.0, 0.0, 0.0, 0.0, 0.0, 0.0, 0.0, 0.0, 0.0, 1.0, 1.0, 1.0, 1.0, 1.0, 1.0, 1.0, 0.0, 1.0, 1.0, 1.0, 1.0, 1.0, 0.0, 1.0, 0.0, 0.0, 1.0, 0.0, 0.0, 1.0, 1.0, 1.0, 0.0, 1.0, 1.0, 0.0, 1.0, 1.0, 0.0, 0.0, 0.0, 1.0, 1.0, 1.0, 0.0, 1.0, 1.0, 1.0, 1.0, 1.0, 1.0, 1.0, 1.0, 0.0, 0.0, 0.0, 0.0, 1.0, 1.0, 1.0, 0.0, 0.0, 0.0, 1.0, 0.0, 0.0, 0.0, 1.0, 0.0, 0.0, 0.0, 0.0, 0.0, 1.0, 1.0, 1.0, 0.0, 0.0, 0.0, 1.0, 0.0, 0.0, 0.0, 0.0, 1.0, 0.0, 0.0, 0.0, 0.0, 0.0, 0.0, 0.0, 1.0, 0.0, 0.0, 0.0, 0.0, 1.0, 1.0, 1.0, 1.0, 0.0, 0.0, 0.0, 0.0, 1.0, 1.0, 1.0, 0.0, 0.0, 0.0, 1.0, 0.0, 1.0, 1.0, 1.0, 1.0, 0.0, 0.0, 0.0, 0.0, 1.0, 1.0, 1.0, 1.0, 0.0, 0.0, 0.0, 0.0, 1.0, 1.0, 1.0, 1.0, 1.0, 1.0, 1.0, 0.0, 0.0, 0.0, 0.0, 0.0, 1.0, 0.0, 0.0, 0.0, 1.0, 1.0, 1.0, 1.0, 1.0, 1.0, 1.0, 1.0, 1.0, 1.0, 1.0, 1.0, 1.0, 1.0, 1.0, 0.0, 0.0, 0.0, 0.0, 0.0, 0.0, 0.0, 0.0, 0.0, 0.0, 1.0, 0.0, 1.0, 0.0, 1.0, 0.0, 1.0, 0.0, 0.0, 0.0, 1.0, 0.0, 0.0, 0.0, 0.0, 1.0, 1.0, 1.0, 0.0, 0.0, 0.0, 1.0, 0.0, 0.0, 0.0, 1.0, 0.0, 0.0, 0.0, 0.0, 0.0, 0.0, 1.0, 1.0, 1.0, 0.0, 0.0, 0.0, 0.0, 1.0, 1.0, 1.0, 0.0, 1.0, 1.0, 1.0, 1.0, 0.0, 0.0, 1.0, 0.0, 0.0, 0.0, 0.0, 0.0, 1.0, 1.0, 1.0, 1.0, 1.0, 1.0, 1.0, 0.0, 1.0, 1.0, 1.0, 1.0, 0.0, 0.0, 0.0, 0.0, 1.0, 1.0, 1.0, 1.0, 0.0, 0.0, 0.0, 0.0, 0.0, 1.0, 0.0, 0.0, 0.0, 0.0, 0.0, 0.0, 0.0, 0.0, 0.0, 0.0, 0.0, 0.0, 0.0, 0.0, 0.0, 0.0, 0.0, 0.0, 0.0, 0.0, 0.0, 0.0, 1.0, 1.0, 0.0, 1.0, 1.0, 0.0, 1.0, 0.0, 1.0, 1.0, 1.0, 1.0, 1.0, 0.0, 1.0, 1.0, 0.0, 0.0, 0.0, 0.0, 0.0, 1.0, 1.0, 0.0, 1.0, 0.0, 0.0, 1.0, 0.0, 0.0, 0.0, 0.0, 1.0, 1.0, 1.0, 0.0, 0.0, 0.0, 1.0, 0.0, 1.0, 1.0, 1.0, 0.0, 0.0, 0.0, 0.0, 0.0, 1.0, 1.0, 1.0, 1.0, 1.0, 1.0, 1.0, 0.0, 0.0, 0.0, 0.0, 0.0, 0.0, 0.0, 0.0, 0.0, 1.0, 0.0, 1.0, 0.0, 0.0, 0.0, 0.0, 0.0, 1.0, 1.0, 1.0, 1.0, 1.0, 1.0, 1.0, 0.0, 1.0, 1.0, 1.0, 1.0, 1.0, 1.0, 0.0, 1.0, 1.0, 1.0, 1.0, 1.0, 0.0, 0.0, 0.0, 0.0, 1.0, 1.0, 1.0, 1.0, 1.0, 1.0, 1.0, 0.0, 0.0, 1.0, 1.0, 1.0, 0.0, 0.0, 0.0, 0.0, 1.0, 1.0, 1.0, 1.0, 0.0, 0.0, 0.0, 0.0, 1.0, 0.0, 1.0, 0.0, 0.0, 0.0, 0.0, 0.0, 1.0, 1.0, 1.0, 1.0, 1.0, 0.0, 1.0, 0.0, 1.0, 1.0, 1.0, 0.0, 1.0, 1.0, 0.0, 1.0, 1.0, 1.0, 1.0, 1.0, 0.0, 0.0, 0.0, 0.0, 0.0, 0.0, 0.0, 0.0, 0.0, 0.0, 0.0, 0.0, 1.0, 1.0, 1.0, 1.0, 0.0, 0.0, 0.0, 0.0, 0.0, 0.0, 0.0, 0.0, 0.0, 0.0, 0.0, 0.0, 0.0, 0.0, 0.0, 0.0, 0.0, 0.0, 0.0, 0.0, 1.0, 1.0, 0.0, 0.0, 1.0, 1.0, 1.0, 1.0, 1.0, 1.0, 1.0, 1.0, 1.0, 1.0, 1.0, 1.0, 1.0, 1.0, 1.0, 1.0, 1.0, 0.0, 1.0, 1.0, 0.0, 1.0, 0.0, 1.0, 0.0, 1.0, 0.0, 0.0, 1.0, 1.0, 1.0, 1.0, 0.0, 0.0, 1.0, 0.0, 1.0, 1.0, 1.0, 1.0, 0.0, 0.0, 0.0, 0.0, 0.0, 0.0, 0.0, 1.0, 0.0, 0.0, 0.0, 0.0, 1.0, 1.0, 1.0, 1.0, 0.0, 0.0, 0.0, 0.0, 0.0, 1.0, 1.0, 1.0, 0.0, 1.0, 1.0, 0.0, 1.0, 1.0, 1.0, 1.0, 0.0, 0.0, 0.0, 0.0, 1.0, 0.0, 1.0, 1.0, 1.0, 0.0, 0.0, 1.0, 1.0, 1.0, 1.0, 1.0, 1.0, 1.0, 1.0, 0.0, 0.0, 1.0, 1.0, 1.0, 1.0, 1.0, 0.0, 0.0, 1.0, 1.0, 1.0, 1.0, 0.0, 0.0, 0.0, 0.0, 1.0, 1.0, 1.0, 0.0, 0.0, 0.0, 1.0, 0.0, 1.0, 1.0, 1.0, 1.0, 0.0, 0.0, 0.0, 0.0, 0.0, 0.0, 0.0, 0.0, 0.0, 0.0, 0.0, 0.0, 0.0, 0.0, 1.0, 1.0, 0.0, 0.0, 0.0, 0.0, 1.0, 1.0, 1.0, 1.0, 1.0, 0.0, 0.0, 1.0]",-295.2442605392121,597.0338707387587,-482.430437669722,964.860875339444,0.01,0.0,2.0794415416798357,1.2846122460949685,-433.45128860920846,873.4479268787513,True,True,True,True,True,1.0,1.0,1.0,1.0,1.0,1.0,1.0,1.0,1.0,1.0,1.0,1.0,"Z.forall(lambda x1: Z.not_operator(Z.equal(x1,'upright','orientation')),X)","Z.forall(lambda x1: Z.not_operator(Z.equal(x1,'upright','orientation')),X)","Z.forall(lambda x1: Z.not_operator(Z.equal(x1,'upright','orientation')),X)","Z.forall(lambda x1: Z.not_operator(Z.equal(x1,'upright','orientation')),X)",1.0,0.875,1.0,1.0,1.0,0.7083333333333334,0.6982758620689655,0.6867816091954023,0.6954022988505747,0.6925287356321839,5.241379310344827,2000,0,0,1,2000,1
27,36,70,qTF57,aY3043wGsEt2gN1KAABI,Iota,one is blue,"[True, True, True, True, True, True, True, False]","[True, True, True, True, True, True, True, False]",0.625,0.625,There needs to be a blue triangle.,[['x1']],"Z.exists(lambda x1: Z.equal(x1,'blue','colour'),X)",There must be at least one blue triangle,"[{'ids': [0, 1, 2], 'colours': ['blue', 'green', 'red'], 'sizes': [2, 1, 3], 'xpos': [2.2833923467255732, 6.76926557046708, 3.3669703336145718], 'ypos': [4.127690184310035, 4.128333333333334, 3.717295476888299], 'rotations': [3.1399847803387497, 3.1415926535897927, 2.1765458583575734], 'orientations': ['upright', 'upright', 'strange'], 'contact': [[0, 2], [1], [2, 0]], 'grounded': ['yes', 'yes', 'yes'], 'follow_rule': True}, {'ids': [0, 1], 'colours': ['blue', 'green'], 'sizes': [2, 2], 'xpos': [1.8884875059038746, 6.522437216374925], 'ypos': [4.124014419191229, 4.124355867746856], 'rotations': [3.139968071037676, 3.1390733192512688], 'orientations': ['upright', 'upright'], 'contact': [[0], [1]], 'grounded': ['yes', 'yes'], 'follow_rule': True}, {'ids': [0, 1], 'colours': ['blue', 'red'], 'sizes': [2, 3], 'xpos': [4.833513580332448, 6.104060845603381], 'ypos': [4.124249048564546, 3.678101982427844], 'rotations': [3.143415574113769, 2.0417646465316976], 'orientations': ['upright', 'strange'], 'contact': [[0, 1], [1, 0]], 'grounded': ['yes', 'yes'], 'follow_rule': True}, {'ids': [0, 1], 'colours': ['green', 'red'], 'sizes': [3, 3], 'xpos': [1.931256190148162, 3.6555028677026375], 'ypos': [4.124734258110357, 4.1248332170140225], 'rotations': [3.1405187410309128, 3.142353985211643], 'orientations': ['upright', 'upright'], 'contact': [[0], [1]], 'grounded': ['yes', 'yes'], 'follow_rule': False}, {'ids': [0], 'colours': ['blue'], 'sizes': [3], 'xpos': [3.3911079273371367], 'ypos': [3.6517879909125943], 'rotations': [1.246023421897569], 'orientations': ['lhs'], 'contact': [[0]], 'grounded': ['yes'], 'follow_rule': True}, {'ids': [0, 1, 2], 'colours': ['blue', 'green', 'red'], 'sizes': [1, 1, 1], 'xpos': [1.0361232712536974, 3.885422019939946, 1.6456212376565509], 'ypos': [4.124893906144463, 3.8430777367719164, 4.124224025414312], 'rotations': [3.148540111607225, 1.2093322825993216, 3.144026917945633], 'orientations': ['upright', 'lhs', 'upright'], 'contact': [[0], [1], [2]], 'grounded': ['yes', 'yes', 'yes'], 'follow_rule': True}, {'ids': [0, 1], 'colours': ['green', 'red'], 'sizes': [3, 3], 'xpos': [1.2842935359403842, 2.7409092923235514], 'ypos': [3.6543940336586833, 3.653922111405097], 'rotations': [1.246086426999945, 1.2479009721293208], 'orientations': ['lhs', 'lhs'], 'contact': [[0], [1]], 'grounded': ['yes', 'yes'], 'follow_rule': False}, {'ids': [0, 1, 2, 3, 4, 5], 'colours': ['green', 'red', 'red', 'red', 'green', 'green'], 'sizes': [2, 3, 2, 1, 1, 3], 'xpos': [4.7143827451881, 2.9411748663799164, 6.965819122500469, 3.7442577882511534, 3.904324576957867, 5.28202980639942], 'ypos': [4.124147355423319, 4.1246827911809385, 4.123846741395996, 4.0963035903002005, 3.772994067978132, 3.6519725768537423], 'rotations': [3.139216150943297, 3.1426921587015353, 3.140317291917474, 3.0347547967469777, 4.2400223049196715, 5.038073290586147], 'orientations': ['upright', 'upright', 'upright', 'upright', 'strange', 'rhs'], 'contact': [[0, 5, 4], [1, 3], [2], [3, 1, 4], [4, 0, 3], [5, 0]], 'grounded': ['yes', 'yes', 'yes', 'yes', 'no', 'yes'], 'follow_rule': False}, {'ids': [0, 1, 2, 3, 4], 'colours': ['red', 'green', 'red', 'blue', 'green'], 'sizes': [3, 1, 1, 2, 3], 'xpos': [5.12691938557365, 5.11503131679493, 4.23727953775697, 6.19519140108846, 3.42148978150856], 'ypos': [4.16166666682932, 3.21450769513128, 4.15833270210236, 3.780270212316, 4.15777826181353], 'rotations': [3.14159265356107, 3.17396503839037, 3.13596899439433, 5.0484168782327, 3.14163950292034], 'contact': [[0, 1], [1, 0], 2, 3, 4], 'grounded': ['yes', 'no', 'yes', 'yes', 'yes']}, {'ids': [0, 1, 2, 3], 'colours': ['green', 'green', 'red', 'blue'], 'sizes': [1, 3, 1, 2], 'xpos': [1.95640316882102, 3.82119006463636, 5.49466900932729, 4.94512429018313], 'ypos': [4.1575463669092, 3.68793264237984, 3.88075060909874, 3.82370041726639], 'rotations': [3.14042586215534, 5.03796059957422, 5.07099533912214, 4.13396592888911], 'contact': [0, 1, [2, 3], [3, 2]], 'grounded': ['yes', 'yes', 'yes', 'yes']}, {'ids': [0, 1, 2, 3, 4], 'colours': ['red', 'blue', 'red', 'green', 'green'], 'sizes': [3, 1, 2, 2, 1], 'xpos': [6.01871423256697, 2.01992789098242, 4.13597794449854, 0.774406281828649, 4.80555851531279], 'ypos': [3.68393205570556, 4.15898574652681, 4.15794140291817, 3.77979942907755, 3.98725786368743], 'rotations': [1.24414891831718, 3.14156263599238, 3.14292046357041, 5.04964608195148, 2.53998237313469], 'contact': [[0, 4], 1, 2, 3, [4, 0]], 'grounded': ['yes', 'yes', 'yes', 'yes', 'yes']}, {'ids': [0, 1], 'colours': ['blue', 'green'], 'sizes': [1, 2], 'xpos': [1.67047327443096, 4.46813203908946], 'ypos': [4.15694705663294, 4.15819949787589], 'rotations': [3.14214596161258, 3.14225319301416], 'contact': [{'V1': 0, 'V2': 1}], 'grounded': ['yes', 'yes']}, {'ids': [0, 1, 2, 3, 4], 'colours': ['blue', 'blue', 'red', 'blue', 'red'], 'sizes': [1, 1, 3, 2, 3], 'xpos': [2.9749447690173, 1.59038636414738, 1.89943344290003, 0.742265142690783, 5.82945571924824], 'ypos': [4.14706432996679, 4.15682792868204, 3.68436535365509, 3.87793736870491, 4.15825788448378], 'rotations': [3.19018443917557, 3.14127258207092, 4.38185242264156, 2.36758036264438, 3.14223131257379], 'contact': [[0, 2], 1, [2, 0], 3, 4], 'grounded': ['yes', 'yes', 'yes', 'yes', 'yes']}, {'ids': [0, 1, 2, 3, 4], 'colours': ['blue', 'blue', 'red', 'red', 'blue'], 'sizes': [1, 1, 2, 3, 2], 'xpos': [3.86710801315826, 0.780465760873674, 4.72248955423569, 3.06295468416754, 7.04671297081929], 'ypos': [4.1448491118357, 4.15796013032216, 4.15793209798963, 3.75002575259372, 4.15761808534214], 'rotations': [3.19364501547634, 3.14186836777695, 3.13970081999877, 4.09252896570911, 3.14406240189392], 'contact': [[0, 3], 1, 2, [3, 0], 4], 'grounded': ['yes', 'yes', 'yes', 'yes', 'yes']}, {'ids': [0, 1, 2, 3], 'colours': ['blue', 'green', 'blue', 'red'], 'sizes': [1, 2, 1, 3], 'xpos': [0.414928997162714, 1.7723984589512, 5.75738502777065, 6.08770777718876], 'ypos': [4.15743978227501, 4.15711897749998, 3.88075060909862, 3.89628768750355], 'rotations': [3.14447951863788, 3.14010156096646, 5.07099533912207, 3.69409526653564], 'contact': [0, 1, [2, 3], [3, 2]], 'grounded': ['yes', 'yes', 'yes', 'yes']}, {'ids': [0, 1, 2, 3, 4], 'colours': ['green', 'red', 'green', 'green', 'red'], 'sizes': [2, 2, 3, 3, 2], 'xpos': [1.30426887924571, 1.8868098606311, 6.83333126813548, 2.79429839111229, 3.83407517131883], 'ypos': [3.78000391300947, 4.15881602818333, 3.73307814239637, 4.15736329550291, 4.15804254736289], 'rotations': [1.23253748876037, 3.14240000646429, 4.1567939442383, 3.14166932108615, 3.1439673324419], 'contact': [0, [1, 3], 2, [3, 1], 4], 'grounded': ['yes', 'yes', 'yes', 'yes', 'yes']}]","[True, True, True, True, True, True, True, False]","[True, True, True, True, True, True, True, True]","[False, False, False, False, False, False, False, False]","[False, False, False, False, False, False, False, False]","[True, True, True, True, True, True, True, False]","[True, True, True, True, True, True, True, True]","[False, False, False, False, False, False, False, False]","[False, False, False, False, False, False, False, False]",0.0,0.0,0.0,0.0,1.0,1.0,0.625,0.625,0.0,0.0,0.0,0.0,0.0,0.0,0.01,0.0,-5.545177444479562,2.0794415416798357,11.090354888959125,0.4889319913236418,-10.958471605584474,-16.635532333438686,25.094997041516894,33.27106466687737,1.0502311195665048,"[1.0, 1.0, 1.0, 1.0, 1.0, 0.0, 1.0, 0.0, 1.0, 1.0, 1.0, 1.0, 1.0, 1.0, 1.0, 0.0135, 0.9530000000000001, 0.092, 0.5895, 0.5895, 1.0, 0.0, 0.0, 0.861, 1.0, 1.0, 1.0, 0.2925, 0.999, 0.999, 1.0, 0.7155, 0.0, 0.0, 1.0, 0.0, 0.0, 0.0, 1.0, 0.0, 0.0, 0.0, 1.0, 0.0, 0.0, 0.0, 1.0, 0.0, 1.0, 1.0, 1.0, 1.0, 0.0, 0.0, 0.0, 0.0, 1.0, 1.0, 1.0, 1.0, 0.935, 0.935, 0.935, 0.935, 1.0, 1.0, 1.0, 1.0, 0.0, 1.0, 0.0, 0.0, 0.0, 1.0, 1.0, 1.0, 1.0, 1.0, 1.0, 1.0, 1.0, 1.0, 1.0, 1.0, 0.0935, 0.0935, 0.0935, 0.0935, 1.0, 1.0, 1.0, 1.0, 1.0, 1.0, 1.0, 1.0, 1.0, 1.0, 1.0, 1.0, 1.0, 1.0, 1.0, 0.013000000000000001, 1.0, 1.0, 0.998, 1.0, 1.0, 0.002, 0.998, 0.002, 1.0, 1.0, 1.0, 1.0, 1.0, 1.0, 1.0, 0.0, 0.973, 1.0, 0.9530000000000001, 1.0, 0.8925000000000001, 0.9195, 0.17400000000000002, 0.201, 1.0, 1.0, 1.0, 1.0, 0.0, 0.0, 0.0, 0.0, 1.0, 1.0, 1.0, 0.24, 1.0, 1.0, 0.968, 1.0, 0.653, 0.653, 0.653, 1.0, 0.2535, 0.2535, 0.7035, 0.10300000000000001, 1.0, 1.0, 1.0, 1.0, 0.0, 1.0, 0.0, 0.0, 1.0, 1.0, 1.0, 0.012, 0.988, 0.988, 1.0, 1.0, 1.0, 0.0, 1.0, 1.0, 1.0, 0.0, 0.0, 1.0, 0.0, 0.0, 0.0, 1.0, 1.0, 0.0, 0.0, 0.0, 1.0, 1.0, 1.0, 1.0, 0.0, 0.0, 0.0, 0.0, 1.0, 1.0, 1.0, 1.0, 0.0, 0.0, 0.0, 0.0, 1.0, 1.0, 1.0, 1.0, 1.0, 1.0, 0.841, 1.0, 1.0, 1.0, 1.0, 1.0, 0.0, 0.0, 0.0, 0.0, 1.0, 1.0, 1.0, 1.0, 1.0, 1.0, 1.0, 0.0, 0.197, 0.0, 0.85, 0.653, 0.803, 0.0, 0.0, 0.0, 0.8525, 0.847, 0.9935, 0.847, 0.28300000000000003, 0.4305, 0.426, 0.426, 1.0, 1.0, 1.0, 1.0, 1.0, 1.0, 1.0, 0.0, 0.798, 1.0, 0.7995, 0.7995, 0.0275, 0.029, 0.2265, 0.1975, 1.0, 1.0, 1.0, 1.0, 0.0, 0.0, 0.0, 0.0, 0.862, 0.854, 0.8595, 0.8955000000000001, 0.045, 0.0005, 0.8695, 0.8505, 1.0, 1.0, 1.0, 0.022, 1.0, 1.0, 1.0, 0.978, 0.28400000000000003, 0.0145, 0.1885, 0.0275, 0.2755, 0.0, 0.0015, 0.013000000000000001, 0.0, 0.0, 0.0, 1.0, 1.0, 0.0, 0.0, 0.0, 1.0, 1.0, 1.0, 1.0, 0.0, 0.0, 0.0, 0.0, 1.0, 1.0, 1.0, 1.0, 1.0, 0.0, 1.0, 0.0, 1.0, 1.0, 1.0, 1.0, 1.0, 1.0, 1.0, 0.0, 1.0, 1.0, 1.0, 0.728, 0.8265, 0.5545, 0.5545, 0.8265, 1.0, 1.0, 1.0, 1.0, 1.0, 1.0, 1.0, 1.0, 1.0, 1.0, 1.0, 0.8715, 0.9365, 0.8695, 0.8695, 0.9365, 0.229, 0.229, 0.229, 0.229, 0.801, 0.03, 0.03, 0.801, 0.0, 0.0, 0.0, 1.0, 1.0, 0.0, 0.0, 0.0, 0.108, 0.114, 0.2315, 0.108, 0.114, 0.07050000000000001, 0.0495, 0.006, 1.0, 1.0, 1.0, 1.0, 0.0, 0.0, 0.0, 0.0, 0.8955000000000001, 0.895, 0.0115, 0.0, 0.883, 0.0, 0.0, 0.0, 1.0, 1.0, 1.0, 1.0, 0.0, 0.0, 0.0, 0.0, 0.902, 0.902, 0.902, 0.678, 0.88, 0.88, 0.902, 0.807, 1.0, 1.0, 1.0, 1.0, 0.0, 0.0, 0.0, 0.0, 1.0, 1.0, 1.0, 1.0, 1.0, 1.0, 1.0, 0.0, 1.0, 1.0, 1.0, 1.0, 0.0, 0.0, 0.0, 0.0, 1.0, 1.0, 1.0, 1.0, 0.008, 0.008, 0.008, 0.008, 1.0, 1.0, 1.0, 1.0, 1.0, 1.0, 1.0, 0.0, 1.0, 1.0, 1.0, 1.0, 1.0, 1.0, 0.6980000000000001, 1.0, 1.0, 1.0, 1.0, 1.0, 0.0, 0.0, 0.0, 0.0, 1.0, 1.0, 1.0, 1.0, 1.0, 1.0, 1.0, 0.0, 0.9530000000000001, 0.9530000000000001, 0.9530000000000001, 1.0, 1.0, 1.0, 0.641, 0.9530000000000001, 1.0, 1.0, 1.0, 1.0, 0.0, 0.0, 0.0, 0.0, 1.0, 1.0, 1.0, 1.0, 1.0, 1.0, 1.0, 1.0, 1.0, 1.0, 1.0, 1.0, 0.0, 0.0, 0.0, 0.0, 1.0, 1.0, 1.0, 1.0, 1.0, 1.0, 1.0, 1.0, 1.0, 1.0, 1.0, 1.0, 0.021500000000000002, 0.021500000000000002, 0.021500000000000002, 0.021500000000000002, 0.021500000000000002, 0.003, 0.02, 0.0095, 0.0095, 0.964, 0.9555, 0.0095, 1.0, 1.0, 1.0, 1.0, 1.0, 1.0, 1.0, 1.0, 1.0, 1.0, 1.0, 1.0, 0.0, 0.0, 0.0, 0.0, 1.0, 1.0, 1.0, 1.0, 0.0, 0.0, 1.0, 1.0, 1.0, 0.873, 0.198, 0.198, 1.0, 1.0, 0.6905, 1.0, 1.0, 1.0, 1.0, 1.0, 1.0, 1.0, 1.0, 0.0, 1.0, 0.999, 0.999, 1.0, 0.0025, 0.0025, 0.0025, 0.0025, 1.0, 1.0, 1.0, 1.0, 1.0, 0.686, 0.314, 0.0, 1.0, 1.0, 1.0, 1.0, 0.524, 0.524, 1.0, 0.47600000000000003, 1.0, 1.0, 1.0, 1.0, 0.008, 0.008, 0.008, 0.008, 0.9935, 0.9935, 0.9775, 0.9935, 0.9935, 0.0225, 0.988, 0.017, 1.0, 1.0, 1.0, 1.0, 0.0725, 0.0725, 0.0725, 0.0725, 0.041, 1.0, 1.0, 0.9590000000000001, 0.041, 0.9590000000000001, 1.0, 0.0, 0.7435, 0.9835, 0.7425, 0.986, 0.7435, 0.7435, 0.256, 0.987, 1.0, 0.005, 1.0, 1.0, 1.0, 0.005, 0.005, 1.0, 1.0, 1.0, 1.0, 1.0, 1.0, 1.0, 1.0, 0.0, 1.0, 1.0, 1.0, 1.0, 0.0, 0.0, 0.0, 0.0, 1.0, 1.0, 1.0, 1.0, 0.0, 0.0, 0.0, 0.0, 0.9705, 0.9705, 0.9145, 1.0, 0.8015, 0.8015, 0.9705, 0.7865, 1.0, 1.0, 1.0, 1.0, 0.0, 0.0, 0.0, 0.0, 1.0, 1.0, 1.0, 1.0, 0.0, 0.0, 0.0, 0.0, 1.0, 1.0, 1.0, 1.0, 0.0, 0.0, 0.0, 0.0, 1.0, 1.0, 1.0, 1.0, 1.0, 1.0, 1.0, 1.0]",-418.5875071169283,843.720363894191,-482.430437669722,964.860875339444,0.01,0.0,2.0794415416798357,1.0,-12.518280500437347,28.21461483122264,0.6334250289943713,"[1.0, 1.0, 1.0, 1.0, 1.0, 0.0, 1.0, 0.0, 1.0, 1.0, 1.0, 1.0, 1.0, 1.0, 1.0, 0.0, 0.0, 0.0, 0.0, 0.0, 0.0, 0.0, 0.0, 0.0, 1.0, 1.0, 1.0, 0.0, 0.0, 0.0, 1.0, 0.0, 0.0, 0.0, 1.0, 1.0, 0.0, 1.0, 1.0, 1.0, 1.0, 1.0, 1.0, 1.0, 0.0, 0.0, 1.0, 1.0, 1.0, 1.0, 1.0, 1.0, 0.0, 0.0, 0.0, 0.0, 1.0, 1.0, 1.0, 1.0, 0.0, 0.0, 0.0, 0.0, 0.0, 0.0, 0.0, 0.0, 0.0, 1.0, 1.0, 0.0, 1.0, 1.0, 1.0, 1.0, 0.0, 0.0, 0.0, 0.0, 1.0, 1.0, 1.0, 1.0, 0.0, 0.0, 0.0, 0.0, 1.0, 1.0, 1.0, 1.0, 1.0, 1.0, 0.0, 1.0, 1.0, 1.0, 1.0, 1.0, 1.0, 1.0, 1.0, 0.0, 1.0, 1.0, 1.0, 1.0, 1.0, 0.0, 1.0, 0.0, 0.0, 1.0, 0.0, 0.0, 1.0, 1.0, 1.0, 0.0, 1.0, 1.0, 0.0, 1.0, 1.0, 0.0, 0.0, 0.0, 1.0, 1.0, 1.0, 0.0, 1.0, 1.0, 1.0, 1.0, 1.0, 1.0, 1.0, 1.0, 0.0, 0.0, 0.0, 0.0, 1.0, 1.0, 1.0, 0.0, 0.0, 0.0, 1.0, 0.0, 0.0, 0.0, 1.0, 0.0, 0.0, 0.0, 0.0, 0.0, 1.0, 1.0, 1.0, 0.0, 0.0, 0.0, 1.0, 0.0, 0.0, 0.0, 0.0, 1.0, 0.0, 0.0, 0.0, 0.0, 0.0, 0.0, 0.0, 1.0, 0.0, 0.0, 0.0, 0.0, 1.0, 1.0, 1.0, 1.0, 0.0, 0.0, 0.0, 0.0, 1.0, 1.0, 1.0, 0.0, 0.0, 0.0, 1.0, 0.0, 1.0, 1.0, 1.0, 1.0, 0.0, 0.0, 0.0, 0.0, 1.0, 1.0, 1.0, 1.0, 0.0, 0.0, 0.0, 0.0, 1.0, 1.0, 1.0, 1.0, 1.0, 1.0, 1.0, 0.0, 0.0, 0.0, 0.0, 0.0, 1.0, 0.0, 0.0, 0.0, 1.0, 1.0, 1.0, 1.0, 1.0, 1.0, 1.0, 1.0, 1.0, 1.0, 1.0, 1.0, 1.0, 1.0, 1.0, 0.0, 0.0, 0.0, 0.0, 0.0, 0.0, 0.0, 0.0, 0.0, 0.0, 1.0, 0.0, 1.0, 0.0, 1.0, 0.0, 1.0, 0.0, 0.0, 0.0, 1.0, 0.0, 0.0, 0.0, 0.0, 1.0, 1.0, 1.0, 0.0, 0.0, 0.0, 1.0, 0.0, 1.0, 1.0, 1.0, 1.0, 1.0, 0.0, 1.0, 0.0, 0.0, 1.0, 1.0, 1.0, 0.0, 0.0, 0.0, 0.0, 1.0, 1.0, 1.0, 0.0, 1.0, 1.0, 1.0, 1.0, 0.0, 1.0, 1.0, 1.0, 0.0, 0.0, 0.0, 0.0, 1.0, 1.0, 1.0, 1.0, 1.0, 1.0, 1.0, 0.0, 1.0, 1.0, 1.0, 1.0, 0.0, 0.0, 0.0, 0.0, 1.0, 1.0, 1.0, 1.0, 0.0, 0.0, 0.0, 0.0, 0.0, 1.0, 0.0, 0.0, 0.0, 0.0, 0.0, 0.0, 1.0, 1.0, 1.0, 1.0, 1.0, 0.0, 1.0, 1.0, 0.0, 0.0, 0.0, 0.0, 0.0, 1.0, 1.0, 0.0, 1.0, 1.0, 1.0, 1.0, 1.0, 0.0, 1.0, 0.0, 1.0, 1.0, 1.0, 1.0, 1.0, 0.0, 1.0, 1.0, 0.0, 0.0, 0.0, 0.0, 0.0, 1.0, 1.0, 0.0, 1.0, 0.0, 0.0, 1.0, 0.0, 0.0, 0.0, 0.0, 1.0, 1.0, 1.0, 0.0, 0.0, 0.0, 1.0, 0.0, 1.0, 1.0, 1.0, 0.0, 0.0, 0.0, 0.0, 0.0, 1.0, 1.0, 1.0, 1.0, 1.0, 1.0, 1.0, 0.0, 0.0, 0.0, 0.0, 0.0, 0.0, 0.0, 0.0, 0.0, 1.0, 0.0, 1.0, 0.0, 0.0, 0.0, 0.0, 0.0, 1.0, 1.0, 1.0, 1.0, 1.0, 1.0, 1.0, 0.0, 1.0, 1.0, 1.0, 1.0, 1.0, 1.0, 0.0, 1.0, 1.0, 1.0, 1.0, 1.0, 0.0, 0.0, 0.0, 0.0, 1.0, 1.0, 1.0, 1.0, 1.0, 1.0, 1.0, 0.0, 0.0, 1.0, 1.0, 1.0, 0.0, 0.0, 0.0, 0.0, 1.0, 1.0, 1.0, 1.0, 0.0, 0.0, 0.0, 0.0, 1.0, 0.0, 1.0, 0.0, 0.0, 0.0, 0.0, 0.0, 1.0, 1.0, 1.0, 1.0, 1.0, 0.0, 1.0, 0.0, 1.0, 1.0, 1.0, 0.0, 1.0, 1.0, 0.0, 1.0, 1.0, 1.0, 1.0, 1.0, 0.0, 0.0, 0.0, 0.0, 0.0, 0.0, 0.0, 0.0, 0.0, 1.0, 0.0, 0.0, 1.0, 1.0, 1.0, 1.0, 0.0, 0.0, 0.0, 0.0, 0.0, 0.0, 0.0, 0.0, 0.0, 0.0, 0.0, 0.0, 1.0, 0.0, 1.0, 0.0, 0.0, 0.0, 0.0, 0.0, 1.0, 1.0, 0.0, 0.0, 1.0, 1.0, 1.0, 1.0, 1.0, 1.0, 1.0, 1.0, 1.0, 1.0, 1.0, 1.0, 1.0, 1.0, 1.0, 1.0, 1.0, 0.0, 1.0, 1.0, 0.0, 1.0, 0.0, 1.0, 0.0, 1.0, 0.0, 0.0, 1.0, 1.0, 1.0, 1.0, 0.0, 0.0, 1.0, 0.0, 1.0, 1.0, 1.0, 1.0, 0.0, 0.0, 0.0, 0.0, 0.0, 0.0, 0.0, 1.0, 0.0, 0.0, 0.0, 0.0, 1.0, 1.0, 1.0, 1.0, 0.0, 0.0, 0.0, 0.0, 0.0, 1.0, 1.0, 1.0, 0.0, 1.0, 1.0, 0.0, 1.0, 1.0, 1.0, 1.0, 0.0, 0.0, 0.0, 0.0, 1.0, 0.0, 1.0, 1.0, 1.0, 0.0, 0.0, 1.0, 1.0, 1.0, 1.0, 1.0, 1.0, 1.0, 1.0, 0.0, 0.0, 1.0, 1.0, 1.0, 1.0, 1.0, 0.0, 0.0, 1.0, 1.0, 1.0, 1.0, 0.0, 0.0, 0.0, 0.0, 1.0, 1.0, 1.0, 0.0, 0.0, 0.0, 1.0, 0.0, 1.0, 1.0, 1.0, 1.0, 0.0, 0.0, 0.0, 0.0, 0.0, 0.0, 0.0, 0.0, 0.0, 0.0, 0.0, 0.0, 0.0, 1.0, 0.0, 1.0, 0.0, 1.0, 1.0, 0.0, 1.0, 1.0, 1.0, 1.0, 1.0, 0.0, 0.0, 1.0]",-318.3726801373107,643.2907099349558,0.01,0.0,-5.545177444479562,2.0794415416798357,11.090354888959125,1.0,-12.518280500437347,-16.635532333438686,28.21461483122264,33.27106466687737,0.6173530694834558,"[1.0, 1.0, 1.0, 1.0, 1.0, 0.0, 1.0, 0.0, 1.0, 1.0, 1.0, 1.0, 1.0, 1.0, 1.0, 0.0, 0.0, 0.0, 0.0, 0.0, 0.0, 0.0, 0.0, 0.0, 1.0, 1.0, 1.0, 0.0, 0.0, 0.0, 1.0, 0.0, 0.0, 0.0, 1.0, 1.0, 0.0, 1.0, 1.0, 1.0, 0.0, 0.0, 0.0, 0.0, 0.0, 0.0, 0.0, 0.0, 1.0, 1.0, 1.0, 1.0, 0.0, 0.0, 0.0, 0.0, 1.0, 1.0, 1.0, 1.0, 0.0, 0.0, 0.0, 0.0, 0.0, 0.0, 0.0, 0.0, 0.0, 1.0, 1.0, 0.0, 0.0, 0.0, 0.0, 1.0, 0.0, 0.0, 0.0, 0.0, 1.0, 1.0, 1.0, 1.0, 0.0, 0.0, 0.0, 0.0, 0.0, 0.0, 0.0, 0.0, 1.0, 1.0, 0.0, 1.0, 1.0, 1.0, 1.0, 1.0, 1.0, 1.0, 1.0, 0.0, 1.0, 1.0, 1.0, 1.0, 1.0, 0.0, 1.0, 0.0, 0.0, 1.0, 0.0, 0.0, 1.0, 1.0, 1.0, 0.0, 1.0, 1.0, 0.0, 1.0, 1.0, 0.0, 0.0, 0.0, 1.0, 1.0, 1.0, 0.0, 1.0, 1.0, 1.0, 1.0, 1.0, 1.0, 1.0, 1.0, 0.0, 0.0, 0.0, 0.0, 1.0, 1.0, 1.0, 0.0, 0.0, 0.0, 1.0, 0.0, 0.0, 0.0, 1.0, 0.0, 0.0, 0.0, 0.0, 0.0, 1.0, 1.0, 1.0, 0.0, 0.0, 0.0, 1.0, 0.0, 0.0, 0.0, 0.0, 1.0, 0.0, 0.0, 0.0, 0.0, 0.0, 0.0, 0.0, 1.0, 0.0, 0.0, 0.0, 0.0, 1.0, 1.0, 1.0, 1.0, 0.0, 0.0, 0.0, 0.0, 1.0, 1.0, 1.0, 0.0, 0.0, 0.0, 1.0, 0.0, 1.0, 1.0, 1.0, 1.0, 0.0, 0.0, 0.0, 0.0, 1.0, 1.0, 1.0, 1.0, 0.0, 0.0, 0.0, 0.0, 1.0, 1.0, 1.0, 1.0, 1.0, 1.0, 1.0, 0.0, 0.0, 0.0, 0.0, 0.0, 1.0, 0.0, 0.0, 0.0, 1.0, 1.0, 1.0, 1.0, 1.0, 1.0, 1.0, 1.0, 1.0, 1.0, 1.0, 1.0, 1.0, 1.0, 1.0, 0.0, 0.0, 0.0, 0.0, 0.0, 0.0, 0.0, 0.0, 0.0, 0.0, 1.0, 0.0, 1.0, 0.0, 1.0, 0.0, 1.0, 0.0, 0.0, 0.0, 1.0, 0.0, 0.0, 0.0, 0.0, 1.0, 1.0, 1.0, 0.0, 0.0, 0.0, 1.0, 0.0, 1.0, 1.0, 1.0, 1.0, 1.0, 0.0, 1.0, 0.0, 0.0, 1.0, 1.0, 1.0, 0.0, 0.0, 0.0, 0.0, 1.0, 1.0, 1.0, 0.0, 1.0, 1.0, 1.0, 1.0, 0.0, 1.0, 1.0, 1.0, 0.0, 0.0, 0.0, 0.0, 1.0, 1.0, 1.0, 1.0, 1.0, 1.0, 1.0, 0.0, 1.0, 1.0, 1.0, 1.0, 0.0, 0.0, 0.0, 0.0, 1.0, 1.0, 1.0, 1.0, 0.0, 0.0, 0.0, 0.0, 0.0, 1.0, 0.0, 0.0, 0.0, 0.0, 0.0, 0.0, 0.0, 0.0, 0.0, 0.0, 0.0, 0.0, 0.0, 0.0, 1.0, 0.0, 1.0, 1.0, 1.0, 0.0, 0.0, 1.0, 1.0, 1.0, 1.0, 1.0, 1.0, 0.0, 1.0, 0.0, 1.0, 1.0, 1.0, 1.0, 1.0, 0.0, 1.0, 1.0, 0.0, 0.0, 0.0, 0.0, 0.0, 1.0, 1.0, 0.0, 1.0, 0.0, 0.0, 1.0, 0.0, 0.0, 0.0, 0.0, 1.0, 1.0, 1.0, 0.0, 0.0, 0.0, 1.0, 0.0, 1.0, 1.0, 1.0, 0.0, 0.0, 0.0, 0.0, 0.0, 1.0, 1.0, 1.0, 1.0, 1.0, 1.0, 1.0, 0.0, 0.0, 0.0, 0.0, 0.0, 0.0, 0.0, 0.0, 0.0, 1.0, 0.0, 1.0, 0.0, 0.0, 0.0, 0.0, 0.0, 1.0, 1.0, 1.0, 1.0, 1.0, 1.0, 1.0, 0.0, 1.0, 1.0, 1.0, 1.0, 1.0, 1.0, 0.0, 1.0, 1.0, 1.0, 1.0, 1.0, 0.0, 0.0, 0.0, 0.0, 1.0, 1.0, 1.0, 1.0, 1.0, 1.0, 1.0, 0.0, 0.0, 1.0, 1.0, 1.0, 0.0, 0.0, 0.0, 0.0, 1.0, 1.0, 1.0, 1.0, 0.0, 0.0, 0.0, 0.0, 1.0, 0.0, 1.0, 0.0, 0.0, 0.0, 0.0, 0.0, 1.0, 1.0, 1.0, 1.0, 1.0, 0.0, 1.0, 0.0, 1.0, 1.0, 1.0, 0.0, 1.0, 1.0, 0.0, 1.0, 1.0, 1.0, 1.0, 1.0, 0.0, 0.0, 0.0, 0.0, 0.0, 0.0, 0.0, 0.0, 0.0, 1.0, 0.0, 0.0, 1.0, 1.0, 1.0, 1.0, 0.0, 0.0, 0.0, 0.0, 0.0, 0.0, 0.0, 0.0, 0.0, 0.0, 0.0, 0.0, 1.0, 0.0, 1.0, 0.0, 0.0, 0.0, 0.0, 0.0, 1.0, 1.0, 0.0, 0.0, 1.0, 1.0, 1.0, 1.0, 1.0, 1.0, 1.0, 1.0, 1.0, 1.0, 1.0, 1.0, 1.0, 1.0, 1.0, 1.0, 1.0, 0.0, 1.0, 1.0, 0.0, 1.0, 0.0, 1.0, 0.0, 1.0, 0.0, 0.0, 1.0, 1.0, 1.0, 1.0, 0.0, 0.0, 1.0, 0.0, 1.0, 1.0, 1.0, 1.0, 0.0, 0.0, 0.0, 0.0, 0.0, 0.0, 0.0, 1.0, 0.0, 0.0, 0.0, 0.0, 1.0, 1.0, 1.0, 1.0, 0.0, 0.0, 0.0, 0.0, 0.0, 1.0, 1.0, 1.0, 0.0, 1.0, 1.0, 0.0, 1.0, 1.0, 1.0, 1.0, 0.0, 0.0, 0.0, 0.0, 1.0, 0.0, 1.0, 1.0, 1.0, 0.0, 0.0, 1.0, 1.0, 1.0, 1.0, 1.0, 1.0, 1.0, 1.0, 0.0, 0.0, 0.0, 1.0, 0.0, 0.0, 1.0, 0.0, 0.0, 1.0, 1.0, 1.0, 1.0, 0.0, 0.0, 0.0, 0.0, 1.0, 1.0, 1.0, 0.0, 0.0, 0.0, 1.0, 0.0, 1.0, 1.0, 1.0, 1.0, 0.0, 0.0, 0.0, 0.0, 0.0, 0.0, 0.0, 0.0, 0.0, 0.0, 0.0, 0.0, 0.0, 1.0, 0.0, 1.0, 0.0, 1.0, 1.0, 0.0, 1.0, 1.0, 1.0, 1.0, 1.0, 0.0, 0.0, 1.0]",-311.9759791000219,630.4973078603782,-482.430437669722,964.860875339444,0.01,0.0,-5.545177444479562,2.0794415416798357,11.090354888959125,1.4426940648172804,-15.276340039076096,-16.635532333438686,33.73073390850014,33.27106466687737,1.0908740239314543,"[0.0, 0.0, 1.0, 0.0, 0.0, 0.0, 0.0, 0.0, 1.0, 1.0, 1.0, 1.0, 0.877, 0.877, 0.877, 0.0, 1.0, 0.259, 1.0, 1.0, 0.8015, 0.0, 0.259, 1.0, 1.0, 1.0, 1.0, 1.0, 1.0, 1.0, 1.0, 0.0, 0.0, 0.0, 1.0, 0.0, 0.0, 0.0, 1.0, 0.0, 0.0, 0.0, 1.0, 0.0, 0.0, 0.0, 1.0, 0.0, 0.0, 0.0, 0.0, 0.0775, 0.0, 0.0, 0.1635, 0.47100000000000003, 1.0, 1.0, 1.0, 1.0, 0.0, 0.0, 0.0, 0.0, 0.0, 0.0, 0.0, 0.0, 0.0, 0.0, 0.0, 0.0, 1.0, 1.0, 1.0, 1.0, 1.0, 1.0, 1.0, 0.0, 1.0, 1.0, 1.0, 1.0, 0.0, 0.0, 0.0, 0.0, 0.0, 0.0, 0.0, 0.0, 0.0, 0.113, 0.113, 0.0, 0.0, 0.0, 0.0, 1.0, 0.0, 0.0, 0.0, 0.0, 1.0, 1.0, 1.0, 1.0, 0.0, 0.0, 0.0, 0.0, 0.9995, 1.0, 1.0, 0.663, 1.0, 1.0, 1.0, 0.353, 1.0, 1.0, 1.0, 1.0, 0.082, 0.082, 0.0, 0.0, 0.973, 1.0, 0.7655000000000001, 0.605, 0.973, 1.0, 1.0, 0.368, 0.0, 0.0, 1.0, 0.0, 1.0, 0.0, 1.0, 0.0, 1.0, 1.0, 1.0, 1.0, 0.0, 0.0, 1.0, 0.0, 1.0, 1.0, 1.0, 1.0, 0.0, 0.9465, 0.0, 0.0, 0.666, 1.0, 0.666, 0.666, 0.0, 0.0, 0.7975, 0.0, 0.0, 0.9430000000000001, 0.0, 1.0, 1.0, 0.0, 0.0, 0.0, 0.0, 1.0, 0.0, 0.0, 0.0, 0.0, 0.0, 0.0, 1.0, 1.0, 1.0, 1.0, 0.0, 0.0, 0.0, 0.0, 1.0, 1.0, 1.0, 1.0, 1.0, 1.0, 1.0, 0.0005, 1.0, 1.0, 1.0, 1.0, 1.0, 1.0, 0.0, 1.0, 1.0, 1.0, 1.0, 1.0, 0.0, 0.0, 0.0, 0.0, 1.0, 1.0, 1.0, 1.0, 1.0, 1.0, 1.0, 0.0, 1.0, 0.0, 1.0, 0.0, 0.0, 0.0, 0.0, 0.0, 0.0, 1.0, 0.0, 1.0, 0.0, 1.0, 0.0, 1.0, 1.0, 1.0, 1.0, 1.0, 1.0, 1.0, 1.0, 0.0, 1.0, 0.0, 1.0, 1.0, 1.0, 0.0, 0.0, 1.0, 1.0, 1.0, 1.0, 1.0, 1.0, 1.0, 1.0, 1.0, 0.0, 0.9580000000000001, 0.0, 0.0, 0.0, 0.0, 0.0045000000000000005, 0.0, 0.0, 0.0, 0.0, 0.0, 0.0, 0.0, 0.0, 1.0, 0.0, 0.0, 0.0005, 0.0, 0.0, 0.0, 0.0, 0.0, 0.0, 1.0, 0.0, 0.0, 0.0, 0.0, 0.0, 0.0, 1.0, 1.0, 1.0, 0.001, 0.001, 0.001, 1.0, 0.0, 0.0, 0.0, 0.6225, 0.0, 0.0, 0.0, 0.0, 0.0, 1.0, 1.0, 1.0, 1.0, 0.0, 0.0, 0.0, 0.0, 0.0, 0.0, 0.0, 0.0, 0.0, 0.0, 0.0, 0.0, 1.0, 1.0, 1.0, 1.0, 1.0, 1.0, 1.0, 0.0, 0.0, 0.0, 0.0, 1.0, 0.0, 0.0, 1.0, 0.0, 1.0, 1.0, 1.0, 1.0, 0.0, 0.0, 0.0, 0.0, 0.0, 1.0, 0.0, 0.0, 1.0, 0.0, 0.0, 1.0, 1.0, 1.0, 1.0, 1.0, 0.0, 0.0, 0.0, 0.0, 1.0, 1.0, 1.0, 1.0, 1.0, 0.0, 1.0, 1.0, 0.0, 0.0005, 0.0, 0.0, 0.0, 0.38, 0.0, 0.0, 1.0, 1.0, 1.0, 1.0, 0.0, 0.0, 0.0, 0.0, 1.0, 1.0, 1.0, 0.999, 1.0, 1.0, 1.0, 0.0195, 1.0, 1.0, 1.0, 1.0, 0.0, 0.0, 0.0, 0.0, 0.0, 0.6285000000000001, 0.0, 0.328, 0.0, 0.0, 0.6285000000000001, 0.0, 0.0, 0.0, 0.0, 0.0, 0.0, 0.0, 0.0, 1.0, 1.0, 1.0, 1.0, 1.0, 0.0, 0.0, 0.0, 0.0, 1.0, 1.0, 1.0, 1.0, 1.0, 1.0, 1.0, 0.0, 1.0, 1.0, 1.0, 1.0, 1.0, 1.0, 0.0375, 1.0, 1.0, 1.0, 1.0, 1.0, 0.0, 0.0, 0.0, 0.0, 1.0, 1.0, 1.0, 1.0, 1.0, 1.0, 1.0, 0.0, 1.0, 1.0, 1.0, 1.0, 1.0, 1.0, 0.0, 1.0, 1.0, 1.0, 1.0, 1.0, 0.0, 0.0, 0.0, 0.0, 1.0, 1.0, 1.0, 1.0, 1.0, 1.0, 1.0, 1.0, 0.0, 0.0, 0.4395, 0.0, 0.0, 0.0, 0.001, 1.0, 0.0, 0.0, 0.0, 0.0, 0.0, 0.0, 0.0, 0.0, 1.0, 1.0, 1.0, 0.0, 1.0, 0.0, 0.0, 1.0, 0.0, 0.0, 1.0, 1.0, 1.0, 0.0, 0.0, 0.0, 0.0, 0.0, 0.0, 0.0, 0.0, 0.0, 0.0, 0.0, 1.0, 1.0, 1.0, 1.0, 0.0, 0.0, 0.0, 0.0, 0.0, 0.0, 0.0, 0.0, 0.0, 1.0, 0.0, 0.0, 1.0, 1.0, 1.0, 1.0, 0.0, 0.4945, 0.0, 0.0, 1.0, 1.0, 1.0, 1.0, 0.0, 0.0, 1.0, 1.0, 1.0, 1.0, 1.0, 1.0, 0.0, 0.0, 0.0, 0.0, 1.0, 1.0, 1.0, 1.0, 1.0, 0.704, 0.296, 0.0, 1.0, 1.0, 1.0, 1.0, 0.0, 0.0, 1.0, 1.0, 1.0, 1.0, 1.0, 1.0, 0.0, 0.0, 0.0, 0.0, 0.006, 1.0, 0.006, 0.708, 0.298, 1.0, 0.298, 1.0, 1.0, 1.0, 1.0, 1.0, 0.0, 0.0, 0.0, 0.0, 1.0, 0.0, 1.0, 1.0, 1.0, 0.0, 0.0, 1.0, 0.0, 1.0, 1.0, 1.0, 0.0, 0.0, 0.0, 0.0, 1.0, 0.224, 1.0, 1.0, 0.776, 0.0, 0.224, 1.0, 1.0, 1.0, 1.0, 1.0, 0.0, 0.0, 0.0, 0.0, 1.0, 1.0, 0.0, 1.0, 1.0, 1.0, 0.0, 1.0, 1.0, 1.0, 1.0, 1.0, 0.0, 0.0, 0.0, 0.0, 1.0, 1.0, 1.0, 1.0, 1.0, 1.0, 1.0, 0.0, 1.0, 1.0, 1.0, 1.0, 0.0, 0.0, 0.0, 0.0, 0.0, 0.0, 0.0, 0.0, 0.0, 0.0, 0.0, 0.0, 1.0, 0.4865, 1.0, 1.0, 1.0, 0.0075, 0.4865, 1.0, 0.0225, 0.0, 0.0, 0.9775, 0.0, 0.0, 0.0, 0.0]",-419.18595103414617,844.9172517286268,-482.430437669722,964.860875339444,0.01,0.0,-5.545177444479562,2.0794415416798357,11.090354888959125,1.0,-12.518280500437347,-16.635532333438686,28.21461483122264,33.27106466687737,0.5787520451143159,"[1.0, 1.0, 1.0, 1.0, 1.0, 0.0, 1.0, 0.0, 1.0, 1.0, 1.0, 1.0, 1.0, 1.0, 1.0, 0.0, 0.0, 0.0, 0.0, 0.0, 0.0, 0.0, 0.0, 0.0, 1.0, 1.0, 1.0, 1.0, 0.0, 0.0, 1.0, 0.0, 0.0, 0.0, 0.0, 0.0, 0.0, 1.0, 0.0, 0.0, 0.0, 0.0, 0.0, 0.0, 0.0, 0.0, 0.0, 0.0, 1.0, 1.0, 1.0, 1.0, 0.0, 0.0, 0.0, 0.0, 1.0, 1.0, 1.0, 1.0, 0.0, 0.0, 0.0, 0.0, 0.0, 0.0, 0.0, 0.0, 0.0, 1.0, 1.0, 0.0, 1.0, 1.0, 1.0, 1.0, 0.0, 0.0, 0.0, 0.0, 1.0, 1.0, 1.0, 1.0, 0.0, 0.0, 0.0, 0.0, 0.0, 0.0, 0.0, 0.0, 0.0, 0.0, 0.0, 0.0, 1.0, 1.0, 1.0, 1.0, 1.0, 1.0, 1.0, 0.0, 1.0, 1.0, 1.0, 1.0, 1.0, 0.0, 1.0, 0.0, 0.0, 1.0, 0.0, 0.0, 1.0, 1.0, 1.0, 0.0, 1.0, 1.0, 0.0, 1.0, 1.0, 0.0, 0.0, 0.0, 1.0, 1.0, 1.0, 0.0, 1.0, 1.0, 1.0, 1.0, 1.0, 1.0, 1.0, 1.0, 0.0, 0.0, 0.0, 0.0, 1.0, 1.0, 1.0, 0.0, 0.0, 0.0, 1.0, 0.0, 0.0, 0.0, 1.0, 0.0, 0.0, 0.0, 0.0, 0.0, 1.0, 1.0, 1.0, 0.0, 0.0, 0.0, 1.0, 0.0, 0.0, 0.0, 0.0, 1.0, 0.0, 0.0, 0.0, 0.0, 0.0, 0.0, 0.0, 1.0, 0.0, 0.0, 0.0, 0.0, 1.0, 1.0, 1.0, 1.0, 0.0, 0.0, 0.0, 0.0, 1.0, 1.0, 1.0, 0.0, 0.0, 0.0, 1.0, 0.0, 1.0, 1.0, 1.0, 1.0, 0.0, 0.0, 0.0, 0.0, 1.0, 1.0, 1.0, 1.0, 0.0, 0.0, 0.0, 0.0, 1.0, 1.0, 1.0, 1.0, 1.0, 1.0, 1.0, 0.0, 0.0, 0.0, 0.0, 0.0, 1.0, 0.0, 0.0, 0.0, 1.0, 1.0, 1.0, 1.0, 1.0, 1.0, 1.0, 1.0, 1.0, 1.0, 1.0, 1.0, 1.0, 1.0, 1.0, 0.0, 0.0, 0.0, 0.0, 0.0, 0.0, 0.0, 0.0, 0.0, 0.0, 1.0, 0.0, 1.0, 0.0, 1.0, 0.0, 1.0, 0.0, 0.0, 0.0, 1.0, 0.0, 0.0, 0.0, 0.0, 1.0, 1.0, 1.0, 0.0, 0.0, 0.0, 1.0, 0.0, 0.0, 0.0, 1.0, 0.0, 0.0, 0.0, 0.0, 0.0, 0.0, 1.0, 1.0, 1.0, 0.0, 0.0, 0.0, 0.0, 1.0, 1.0, 1.0, 0.0, 1.0, 1.0, 1.0, 1.0, 0.0, 0.0, 1.0, 0.0, 0.0, 0.0, 0.0, 0.0, 1.0, 1.0, 1.0, 1.0, 1.0, 1.0, 1.0, 0.0, 1.0, 1.0, 1.0, 1.0, 0.0, 0.0, 0.0, 0.0, 1.0, 1.0, 1.0, 1.0, 0.0, 0.0, 0.0, 0.0, 0.0, 1.0, 0.0, 0.0, 0.0, 0.0, 0.0, 0.0, 0.0, 0.0, 0.0, 0.0, 0.0, 0.0, 0.0, 0.0, 0.0, 0.0, 0.0, 0.0, 0.0, 0.0, 0.0, 0.0, 1.0, 1.0, 0.0, 1.0, 1.0, 0.0, 1.0, 0.0, 1.0, 1.0, 1.0, 1.0, 1.0, 0.0, 1.0, 1.0, 0.0, 0.0, 0.0, 0.0, 0.0, 1.0, 1.0, 0.0, 1.0, 0.0, 0.0, 1.0, 0.0, 0.0, 0.0, 0.0, 1.0, 1.0, 1.0, 0.0, 0.0, 0.0, 1.0, 0.0, 1.0, 1.0, 1.0, 0.0, 0.0, 0.0, 0.0, 0.0, 1.0, 1.0, 1.0, 1.0, 1.0, 1.0, 1.0, 0.0, 0.0, 0.0, 0.0, 0.0, 0.0, 0.0, 0.0, 0.0, 1.0, 0.0, 1.0, 0.0, 0.0, 0.0, 0.0, 0.0, 1.0, 1.0, 1.0, 1.0, 1.0, 1.0, 1.0, 0.0, 1.0, 1.0, 1.0, 1.0, 1.0, 1.0, 0.0, 1.0, 1.0, 1.0, 1.0, 1.0, 0.0, 0.0, 0.0, 0.0, 1.0, 1.0, 1.0, 1.0, 1.0, 1.0, 1.0, 0.0, 0.0, 1.0, 1.0, 1.0, 0.0, 0.0, 0.0, 0.0, 1.0, 1.0, 1.0, 1.0, 0.0, 0.0, 0.0, 0.0, 1.0, 0.0, 1.0, 0.0, 0.0, 0.0, 0.0, 0.0, 1.0, 1.0, 1.0, 1.0, 1.0, 0.0, 1.0, 0.0, 1.0, 1.0, 1.0, 0.0, 1.0, 1.0, 0.0, 1.0, 1.0, 1.0, 1.0, 1.0, 0.0, 0.0, 0.0, 0.0, 0.0, 0.0, 0.0, 0.0, 0.0, 0.0, 0.0, 0.0, 1.0, 1.0, 1.0, 1.0, 0.0, 0.0, 0.0, 0.0, 0.0, 0.0, 0.0, 0.0, 0.0, 0.0, 0.0, 0.0, 0.0, 0.0, 0.0, 0.0, 0.0, 0.0, 0.0, 0.0, 1.0, 1.0, 0.0, 0.0, 1.0, 1.0, 1.0, 1.0, 1.0, 1.0, 1.0, 1.0, 1.0, 1.0, 1.0, 1.0, 1.0, 1.0, 1.0, 1.0, 1.0, 0.0, 1.0, 1.0, 0.0, 1.0, 0.0, 1.0, 0.0, 1.0, 0.0, 0.0, 1.0, 1.0, 1.0, 1.0, 0.0, 0.0, 1.0, 0.0, 1.0, 1.0, 1.0, 1.0, 0.0, 0.0, 0.0, 0.0, 0.0, 0.0, 0.0, 1.0, 0.0, 0.0, 0.0, 0.0, 1.0, 1.0, 1.0, 1.0, 0.0, 0.0, 0.0, 0.0, 0.0, 1.0, 1.0, 1.0, 0.0, 1.0, 1.0, 0.0, 1.0, 1.0, 1.0, 1.0, 0.0, 0.0, 0.0, 0.0, 1.0, 0.0, 1.0, 1.0, 1.0, 0.0, 0.0, 1.0, 1.0, 1.0, 1.0, 1.0, 1.0, 1.0, 1.0, 0.0, 0.0, 1.0, 1.0, 1.0, 1.0, 1.0, 0.0, 0.0, 1.0, 1.0, 1.0, 1.0, 0.0, 0.0, 0.0, 0.0, 1.0, 1.0, 1.0, 0.0, 0.0, 0.0, 1.0, 0.0, 1.0, 1.0, 1.0, 1.0, 0.0, 0.0, 0.0, 0.0, 0.0, 0.0, 0.0, 0.0, 0.0, 0.0, 0.0, 0.0, 0.0, 0.0, 1.0, 1.0, 0.0, 0.0, 0.0, 0.0, 1.0, 1.0, 1.0, 1.0, 1.0, 0.0, 0.0, 1.0]",-295.2442605392121,597.0338707387587,-482.430437669722,964.860875339444,1.4426940648172804,-15.276340039076096,33.73073390850014,1.2846122460949685,-433.45128860920846,873.4479268787513,True,True,True,False,True,0.75,0.625,0.5,0.625,0.5,0.625,0.625,0.625,0.5,0.625,0.625,0.625,"Z.exists(lambda x1: Z.equal(x1,'blue','colour'),X)","Z.exists(lambda x1: Z.equal(x1,'blue','colour'),X)","Z.exists(lambda x1: Z.equal(x1,'blue','colour'),X)","Z.exists(lambda x1: Z.equal(x1,'blue','colour'),X)",0.625,0.625,0.625,0.625,0.625,0.7083333333333334,0.6982758620689655,0.6867816091954023,0.6954022988505747,0.6925287356321839,5.241379310344827,0,0,0,0,0,0
28,37,72,qTF57,aY3043wGsEt2gN1KAABI,Omega,all are blue OR small,"[False, False, True, True, True, True, False, True]","[False, False, True, True, True, True, False, True]",0.375,0.375,There need to be two small triangles,[['x1']],"Z.exactly(lambda x1: Z.equal(x1,1,'size'),2,X)",There needs to be two small triangles,"[{'ids': [0, 1, 2], 'colours': ['green', 'blue', 'green'], 'sizes': [1, 2, 1], 'xpos': [0.36959413505621275, 3.3555395866775566, 2.6478519224999433], 'ypos': [4.111666666666668, 4.111646661557346, 4.107683490415345], 'rotations': [3.141592653589794, 3.141570133408743, 3.145070980983599], 'orientations': ['upright', 'upright', 'upright'], 'contact': [[0], [1, 2], [2, 1]], 'grounded': ['yes', 'yes', 'yes'], 'follow_rule': True}, {'ids': [0, 1], 'colours': ['blue', 'red'], 'sizes': [1, 1], 'xpos': [4.25970797857414, 1.2370555236964753], 'ypos': [3.829985955788761, 4.108396551759016], 'rotations': [5.065533285101258, 3.1431962136794693], 'orientations': ['rhs', 'upright'], 'contact': [[0], [1]], 'grounded': ['yes', 'yes'], 'follow_rule': True}, {'ids': [0, 1], 'colours': ['green', 'red'], 'sizes': [1, 1], 'xpos': [5.951624368471002, 0.3808424869639437], 'ypos': [3.8260834785283246, 4.107993871354723], 'rotations': [1.2112527753376543, 3.143664416821113], 'orientations': ['lhs', 'upright'], 'contact': [[0], [1]], 'grounded': ['yes', 'yes'], 'follow_rule': True}, {'ids': [0, 1], 'colours': ['blue', 'red'], 'sizes': [3, 3], 'xpos': [6.227109942331006, 2.6905968673969545], 'ypos': [4.108209833650955, 4.108055595496578], 'rotations': [3.14051222992785, 3.1428255570050814], 'orientations': ['upright', 'upright'], 'contact': [[0], [1]], 'grounded': ['yes', 'yes'], 'follow_rule': False}, {'ids': [0, 1, 2], 'colours': ['green', 'red', 'blue'], 'sizes': [2, 2, 2], 'xpos': [4.643532473077661, 6.951770207269936, 6.237791969534339], 'ypos': [3.7333359400321817, 3.729685884865349, 4.107541114413566], 'rotations': [5.0499130240195536, 5.051154519625624, 3.1427748140818013], 'orientations': ['rhs', 'rhs', 'upright'], 'contact': [[0], [1], [2]], 'grounded': ['yes', 'yes', 'yes'], 'follow_rule': False}, {'ids': [0, 1, 2], 'colours': ['blue', 'red', 'green'], 'sizes': [3, 3, 3], 'xpos': [6.201452552481609, 2.2553233650763596, 0.4942107684050833], 'ypos': [4.10703723040771, 3.633722775413942, 4.008133852246783], 'rotations': [3.1412007500566506, 1.2431444481122227, 3.3481021599626857], 'orientations': ['upright', 'lhs', 'upright'], 'contact': [[0], [1, 2], [2, 1]], 'grounded': ['yes', 'yes', 'yes'], 'follow_rule': False}, {'ids': [0, 1], 'colours': ['green', 'red'], 'sizes': [1, 2], 'xpos': [4.171477509956878, 0.5971001716373291], 'ypos': [3.8304830069890317, 4.107776148709151], 'rotations': [5.068435887440665, 3.1409216561089712], 'orientations': ['rhs', 'upright'], 'contact': [[0], [1]], 'grounded': ['yes', 'yes'], 'follow_rule': False}, {'ids': [0, 1], 'colours': ['green', 'red'], 'sizes': [1, 1], 'xpos': [3.7609703783584463, 0.5961789924586578], 'ypos': [3.8269428938738446, 3.816057664620686], 'rotations': [5.0713056281523095, 4.959941317761917], 'orientations': ['rhs', 'rhs'], 'contact': [[0], [1]], 'grounded': ['yes', 'yes'], 'follow_rule': True}, {'ids': [0], 'colours': ['red'], 'sizes': [1], 'xpos': [0.980966455584144], 'ypos': [4.15692217898732], 'rotations': [3.14075602080225], 'contact': [{'V1': 0}], 'grounded': ['yes']}, {'ids': [0, 1], 'colours': ['blue', 'blue'], 'sizes': [2, 2], 'xpos': [5.53919900438758, 1.65854079923742], 'ypos': [4.15829751656101, 4.15751198256046], 'rotations': [3.14294469336728, 3.13947439604659], 'contact': [{'V1': 0, 'V2': 1}], 'grounded': ['yes', 'yes']}, {'ids': [0, 1, 2], 'colours': ['blue', 'red', 'blue'], 'sizes': [1, 1, 1], 'xpos': [2.91233558185412, 3.62676822308812, 1.29792616640764], 'ypos': [4.1571699418337, 4.15734457821355, 3.87855314146574], 'rotations': [3.14061931424498, 3.14080979983927, 1.21335141178178], 'contact': [{'V1': 0, 'V2': 1, 'V3': 2}], 'grounded': ['yes', 'yes', 'yes']}, {'ids': [0, 1, 2, 3], 'colours': ['blue', 'red', 'blue', 'green'], 'sizes': [1, 1, 2, 1], 'xpos': [2.95609825059217, 3.96209693679724, 2.2390687716568, 6.71224095289635], 'ypos': [4.15768622476784, 4.15787716497594, 4.15807459370596, 3.87670727460735], 'rotations': [3.13919121672235, 3.14161554480523, 3.13998936351093, 5.07284064751327], 'contact': [{'V1': 0, 'V2': 1, 'V3': 2, 'V4': 3}], 'grounded': ['yes', 'yes', 'yes', 'yes']}, {'ids': [0, 1, 2], 'colours': ['green', 'red', 'red'], 'sizes': [1, 3, 1], 'xpos': [1.21736009446034, 6.88866095105911, 4.29219484852988], 'ypos': [4.15714834736316, 4.15848443530156, 4.15761681621936], 'rotations': [3.14148035908309, 3.14030543965137, 3.14298105798337], 'contact': [{'V1': 0, 'V2': 1, 'V3': 2}], 'grounded': ['yes', 'yes', 'yes']}, {'ids': [0, 1, 2, 3, 4], 'colours': ['green', 'blue', 'green', 'red', 'red'], 'sizes': [2, 2, 2, 2, 3], 'xpos': [3.83090657832267, 2.38910717821051, 3.54259339814947, 1.00881638670343, 0.483372753490727], 'ypos': [4.15913936320131, 4.15701392299474, 3.77761038379749, 3.76166694023043, 3.53535261859211], 'rotations': [3.13980420303635, 3.14077430032494, 1.87848516525718, 1.57196158476873, 2.81423018257197], 'contact': [[0, 2], [1, 2], [2, 0, 1], [3, 4], [4, 3]], 'grounded': ['yes', 'yes', 'yes', 'yes', 'no']}, {'ids': [0, 1, 2], 'colours': ['red', 'blue', 'green'], 'sizes': [2, 2, 2], 'xpos': [6.08097769326034, 5.78861976198164, 1.25011232086784], 'ypos': [3.78458058527285, 4.1039571708585, 3.7795894526631], 'rotations': [5.04856954343186, 3.00593527717321, 5.05105310034866], 'contact': [[0, 1], [1, 0], 2], 'grounded': ['yes', 'yes', 'yes']}, {'ids': [0, 1, 2, 3], 'colours': ['red', 'green', 'red', 'red'], 'sizes': [2, 2, 2, 1], 'xpos': [4.475106476545, 0.413561660061233, 6.37662276433712, 5.00296952327856], 'ypos': [4.1607559072369, 4.15829244701068, 3.77944860362373, 3.87681059949227], 'rotations': [3.14176346787067, 3.1433043689908, 5.0514105380658, 5.07138540402654], 'contact': [{'V1': 0, 'V2': 1, 'V3': 2, 'V4': 3}], 'grounded': ['yes', 'yes', 'yes', 'yes']}]","[False, True, True, False, False, False, False, False]","[True, False, True, False, False, False, True, False]","[False, False, False, True, True, True, False, True]","[False, True, False, False, False, False, False, False]","[False, True, True, False, True, False, False, False]","[True, False, True, False, True, False, True, False]","[False, False, False, True, False, True, False, True]","[False, True, False, False, False, False, False, False]",-0.375,-0.25,0.0,0.125,0.375,0.5,0.25,0.25,0.125,0.125,0.0,-0.125,0.625,0.5,1.1376555924239307,-5.070579832856387,-5.545177444479562,12.22060120739261,11.090354888959125,0.4889319913236418,-10.958471605584474,-16.635532333438686,25.094997041516894,33.27106466687737,1.0502311195665048,"[1.0, 1.0, 1.0, 1.0, 1.0, 0.0, 1.0, 0.0, 1.0, 1.0, 1.0, 1.0, 1.0, 1.0, 1.0, 0.0135, 0.9530000000000001, 0.092, 0.5895, 0.5895, 1.0, 0.0, 0.0, 0.861, 1.0, 1.0, 1.0, 0.2925, 0.999, 0.999, 1.0, 0.7155, 0.0, 0.0, 1.0, 0.0, 0.0, 0.0, 1.0, 0.0, 0.0, 0.0, 1.0, 0.0, 0.0, 0.0, 1.0, 0.0, 1.0, 1.0, 1.0, 1.0, 0.0, 0.0, 0.0, 0.0, 1.0, 1.0, 1.0, 1.0, 0.935, 0.935, 0.935, 0.935, 1.0, 1.0, 1.0, 1.0, 0.0, 1.0, 0.0, 0.0, 0.0, 1.0, 1.0, 1.0, 1.0, 1.0, 1.0, 1.0, 1.0, 1.0, 1.0, 1.0, 0.0935, 0.0935, 0.0935, 0.0935, 1.0, 1.0, 1.0, 1.0, 1.0, 1.0, 1.0, 1.0, 1.0, 1.0, 1.0, 1.0, 1.0, 1.0, 1.0, 0.013000000000000001, 1.0, 1.0, 0.998, 1.0, 1.0, 0.002, 0.998, 0.002, 1.0, 1.0, 1.0, 1.0, 1.0, 1.0, 1.0, 0.0, 0.973, 1.0, 0.9530000000000001, 1.0, 0.8925000000000001, 0.9195, 0.17400000000000002, 0.201, 1.0, 1.0, 1.0, 1.0, 0.0, 0.0, 0.0, 0.0, 1.0, 1.0, 1.0, 0.24, 1.0, 1.0, 0.968, 1.0, 0.653, 0.653, 0.653, 1.0, 0.2535, 0.2535, 0.7035, 0.10300000000000001, 1.0, 1.0, 1.0, 1.0, 0.0, 1.0, 0.0, 0.0, 1.0, 1.0, 1.0, 0.012, 0.988, 0.988, 1.0, 1.0, 1.0, 0.0, 1.0, 1.0, 1.0, 0.0, 0.0, 1.0, 0.0, 0.0, 0.0, 1.0, 1.0, 0.0, 0.0, 0.0, 1.0, 1.0, 1.0, 1.0, 0.0, 0.0, 0.0, 0.0, 1.0, 1.0, 1.0, 1.0, 0.0, 0.0, 0.0, 0.0, 1.0, 1.0, 1.0, 1.0, 1.0, 1.0, 0.841, 1.0, 1.0, 1.0, 1.0, 1.0, 0.0, 0.0, 0.0, 0.0, 1.0, 1.0, 1.0, 1.0, 1.0, 1.0, 1.0, 0.0, 0.197, 0.0, 0.85, 0.653, 0.803, 0.0, 0.0, 0.0, 0.8525, 0.847, 0.9935, 0.847, 0.28300000000000003, 0.4305, 0.426, 0.426, 1.0, 1.0, 1.0, 1.0, 1.0, 1.0, 1.0, 0.0, 0.798, 1.0, 0.7995, 0.7995, 0.0275, 0.029, 0.2265, 0.1975, 1.0, 1.0, 1.0, 1.0, 0.0, 0.0, 0.0, 0.0, 0.862, 0.854, 0.8595, 0.8955000000000001, 0.045, 0.0005, 0.8695, 0.8505, 1.0, 1.0, 1.0, 0.022, 1.0, 1.0, 1.0, 0.978, 0.28400000000000003, 0.0145, 0.1885, 0.0275, 0.2755, 0.0, 0.0015, 0.013000000000000001, 0.0, 0.0, 0.0, 1.0, 1.0, 0.0, 0.0, 0.0, 1.0, 1.0, 1.0, 1.0, 0.0, 0.0, 0.0, 0.0, 1.0, 1.0, 1.0, 1.0, 1.0, 0.0, 1.0, 0.0, 1.0, 1.0, 1.0, 1.0, 1.0, 1.0, 1.0, 0.0, 1.0, 1.0, 1.0, 0.728, 0.8265, 0.5545, 0.5545, 0.8265, 1.0, 1.0, 1.0, 1.0, 1.0, 1.0, 1.0, 1.0, 1.0, 1.0, 1.0, 0.8715, 0.9365, 0.8695, 0.8695, 0.9365, 0.229, 0.229, 0.229, 0.229, 0.801, 0.03, 0.03, 0.801, 0.0, 0.0, 0.0, 1.0, 1.0, 0.0, 0.0, 0.0, 0.108, 0.114, 0.2315, 0.108, 0.114, 0.07050000000000001, 0.0495, 0.006, 1.0, 1.0, 1.0, 1.0, 0.0, 0.0, 0.0, 0.0, 0.8955000000000001, 0.895, 0.0115, 0.0, 0.883, 0.0, 0.0, 0.0, 1.0, 1.0, 1.0, 1.0, 0.0, 0.0, 0.0, 0.0, 0.902, 0.902, 0.902, 0.678, 0.88, 0.88, 0.902, 0.807, 1.0, 1.0, 1.0, 1.0, 0.0, 0.0, 0.0, 0.0, 1.0, 1.0, 1.0, 1.0, 1.0, 1.0, 1.0, 0.0, 1.0, 1.0, 1.0, 1.0, 0.0, 0.0, 0.0, 0.0, 1.0, 1.0, 1.0, 1.0, 0.008, 0.008, 0.008, 0.008, 1.0, 1.0, 1.0, 1.0, 1.0, 1.0, 1.0, 0.0, 1.0, 1.0, 1.0, 1.0, 1.0, 1.0, 0.6980000000000001, 1.0, 1.0, 1.0, 1.0, 1.0, 0.0, 0.0, 0.0, 0.0, 1.0, 1.0, 1.0, 1.0, 1.0, 1.0, 1.0, 0.0, 0.9530000000000001, 0.9530000000000001, 0.9530000000000001, 1.0, 1.0, 1.0, 0.641, 0.9530000000000001, 1.0, 1.0, 1.0, 1.0, 0.0, 0.0, 0.0, 0.0, 1.0, 1.0, 1.0, 1.0, 1.0, 1.0, 1.0, 1.0, 1.0, 1.0, 1.0, 1.0, 0.0, 0.0, 0.0, 0.0, 1.0, 1.0, 1.0, 1.0, 1.0, 1.0, 1.0, 1.0, 1.0, 1.0, 1.0, 1.0, 0.021500000000000002, 0.021500000000000002, 0.021500000000000002, 0.021500000000000002, 0.021500000000000002, 0.003, 0.02, 0.0095, 0.0095, 0.964, 0.9555, 0.0095, 1.0, 1.0, 1.0, 1.0, 1.0, 1.0, 1.0, 1.0, 1.0, 1.0, 1.0, 1.0, 0.0, 0.0, 0.0, 0.0, 1.0, 1.0, 1.0, 1.0, 0.0, 0.0, 1.0, 1.0, 1.0, 0.873, 0.198, 0.198, 1.0, 1.0, 0.6905, 1.0, 1.0, 1.0, 1.0, 1.0, 1.0, 1.0, 1.0, 0.0, 1.0, 0.999, 0.999, 1.0, 0.0025, 0.0025, 0.0025, 0.0025, 1.0, 1.0, 1.0, 1.0, 1.0, 0.686, 0.314, 0.0, 1.0, 1.0, 1.0, 1.0, 0.524, 0.524, 1.0, 0.47600000000000003, 1.0, 1.0, 1.0, 1.0, 0.008, 0.008, 0.008, 0.008, 0.9935, 0.9935, 0.9775, 0.9935, 0.9935, 0.0225, 0.988, 0.017, 1.0, 1.0, 1.0, 1.0, 0.0725, 0.0725, 0.0725, 0.0725, 0.041, 1.0, 1.0, 0.9590000000000001, 0.041, 0.9590000000000001, 1.0, 0.0, 0.7435, 0.9835, 0.7425, 0.986, 0.7435, 0.7435, 0.256, 0.987, 1.0, 0.005, 1.0, 1.0, 1.0, 0.005, 0.005, 1.0, 1.0, 1.0, 1.0, 1.0, 1.0, 1.0, 1.0, 0.0, 1.0, 1.0, 1.0, 1.0, 0.0, 0.0, 0.0, 0.0, 1.0, 1.0, 1.0, 1.0, 0.0, 0.0, 0.0, 0.0, 0.9705, 0.9705, 0.9145, 1.0, 0.8015, 0.8015, 0.9705, 0.7865, 1.0, 1.0, 1.0, 1.0, 0.0, 0.0, 0.0, 0.0, 1.0, 1.0, 1.0, 1.0, 0.0, 0.0, 0.0, 0.0, 1.0, 1.0, 1.0, 1.0, 0.0, 0.0, 0.0, 0.0, 1.0, 1.0, 1.0, 1.0, 1.0, 1.0, 1.0, 1.0]",-418.5875071169283,843.720363894191,-482.430437669722,964.860875339444,67.14643343005883,-5.545399238629768,13.170240018939372,1.0,-12.518280500437347,28.21461483122264,0.6334250289943713,"[1.0, 1.0, 1.0, 1.0, 1.0, 0.0, 1.0, 0.0, 1.0, 1.0, 1.0, 1.0, 1.0, 1.0, 1.0, 0.0, 0.0, 0.0, 0.0, 0.0, 0.0, 0.0, 0.0, 0.0, 1.0, 1.0, 1.0, 0.0, 0.0, 0.0, 1.0, 0.0, 0.0, 0.0, 1.0, 1.0, 0.0, 1.0, 1.0, 1.0, 1.0, 1.0, 1.0, 1.0, 0.0, 0.0, 1.0, 1.0, 1.0, 1.0, 1.0, 1.0, 0.0, 0.0, 0.0, 0.0, 1.0, 1.0, 1.0, 1.0, 0.0, 0.0, 0.0, 0.0, 0.0, 0.0, 0.0, 0.0, 0.0, 1.0, 1.0, 0.0, 1.0, 1.0, 1.0, 1.0, 0.0, 0.0, 0.0, 0.0, 1.0, 1.0, 1.0, 1.0, 0.0, 0.0, 0.0, 0.0, 1.0, 1.0, 1.0, 1.0, 1.0, 1.0, 0.0, 1.0, 1.0, 1.0, 1.0, 1.0, 1.0, 1.0, 1.0, 0.0, 1.0, 1.0, 1.0, 1.0, 1.0, 0.0, 1.0, 0.0, 0.0, 1.0, 0.0, 0.0, 1.0, 1.0, 1.0, 0.0, 1.0, 1.0, 0.0, 1.0, 1.0, 0.0, 0.0, 0.0, 1.0, 1.0, 1.0, 0.0, 1.0, 1.0, 1.0, 1.0, 1.0, 1.0, 1.0, 1.0, 0.0, 0.0, 0.0, 0.0, 1.0, 1.0, 1.0, 0.0, 0.0, 0.0, 1.0, 0.0, 0.0, 0.0, 1.0, 0.0, 0.0, 0.0, 0.0, 0.0, 1.0, 1.0, 1.0, 0.0, 0.0, 0.0, 1.0, 0.0, 0.0, 0.0, 0.0, 1.0, 0.0, 0.0, 0.0, 0.0, 0.0, 0.0, 0.0, 1.0, 0.0, 0.0, 0.0, 0.0, 1.0, 1.0, 1.0, 1.0, 0.0, 0.0, 0.0, 0.0, 1.0, 1.0, 1.0, 0.0, 0.0, 0.0, 1.0, 0.0, 1.0, 1.0, 1.0, 1.0, 0.0, 0.0, 0.0, 0.0, 1.0, 1.0, 1.0, 1.0, 0.0, 0.0, 0.0, 0.0, 1.0, 1.0, 1.0, 1.0, 1.0, 1.0, 1.0, 0.0, 0.0, 0.0, 0.0, 0.0, 1.0, 0.0, 0.0, 0.0, 1.0, 1.0, 1.0, 1.0, 1.0, 1.0, 1.0, 1.0, 1.0, 1.0, 1.0, 1.0, 1.0, 1.0, 1.0, 0.0, 0.0, 0.0, 0.0, 0.0, 0.0, 0.0, 0.0, 0.0, 0.0, 1.0, 0.0, 1.0, 0.0, 1.0, 0.0, 1.0, 0.0, 0.0, 0.0, 1.0, 0.0, 0.0, 0.0, 0.0, 1.0, 1.0, 1.0, 0.0, 0.0, 0.0, 1.0, 0.0, 1.0, 1.0, 1.0, 1.0, 1.0, 0.0, 1.0, 0.0, 0.0, 1.0, 1.0, 1.0, 0.0, 0.0, 0.0, 0.0, 1.0, 1.0, 1.0, 0.0, 1.0, 1.0, 1.0, 1.0, 0.0, 1.0, 1.0, 1.0, 0.0, 0.0, 0.0, 0.0, 1.0, 1.0, 1.0, 1.0, 1.0, 1.0, 1.0, 0.0, 1.0, 1.0, 1.0, 1.0, 0.0, 0.0, 0.0, 0.0, 1.0, 1.0, 1.0, 1.0, 0.0, 0.0, 0.0, 0.0, 0.0, 1.0, 0.0, 0.0, 0.0, 0.0, 0.0, 0.0, 1.0, 1.0, 1.0, 1.0, 1.0, 0.0, 1.0, 1.0, 0.0, 0.0, 0.0, 0.0, 0.0, 1.0, 1.0, 0.0, 1.0, 1.0, 1.0, 1.0, 1.0, 0.0, 1.0, 0.0, 1.0, 1.0, 1.0, 1.0, 1.0, 0.0, 1.0, 1.0, 0.0, 0.0, 0.0, 0.0, 0.0, 1.0, 1.0, 0.0, 1.0, 0.0, 0.0, 1.0, 0.0, 0.0, 0.0, 0.0, 1.0, 1.0, 1.0, 0.0, 0.0, 0.0, 1.0, 0.0, 1.0, 1.0, 1.0, 0.0, 0.0, 0.0, 0.0, 0.0, 1.0, 1.0, 1.0, 1.0, 1.0, 1.0, 1.0, 0.0, 0.0, 0.0, 0.0, 0.0, 0.0, 0.0, 0.0, 0.0, 1.0, 0.0, 1.0, 0.0, 0.0, 0.0, 0.0, 0.0, 1.0, 1.0, 1.0, 1.0, 1.0, 1.0, 1.0, 0.0, 1.0, 1.0, 1.0, 1.0, 1.0, 1.0, 0.0, 1.0, 1.0, 1.0, 1.0, 1.0, 0.0, 0.0, 0.0, 0.0, 1.0, 1.0, 1.0, 1.0, 1.0, 1.0, 1.0, 0.0, 0.0, 1.0, 1.0, 1.0, 0.0, 0.0, 0.0, 0.0, 1.0, 1.0, 1.0, 1.0, 0.0, 0.0, 0.0, 0.0, 1.0, 0.0, 1.0, 0.0, 0.0, 0.0, 0.0, 0.0, 1.0, 1.0, 1.0, 1.0, 1.0, 0.0, 1.0, 0.0, 1.0, 1.0, 1.0, 0.0, 1.0, 1.0, 0.0, 1.0, 1.0, 1.0, 1.0, 1.0, 0.0, 0.0, 0.0, 0.0, 0.0, 0.0, 0.0, 0.0, 0.0, 1.0, 0.0, 0.0, 1.0, 1.0, 1.0, 1.0, 0.0, 0.0, 0.0, 0.0, 0.0, 0.0, 0.0, 0.0, 0.0, 0.0, 0.0, 0.0, 1.0, 0.0, 1.0, 0.0, 0.0, 0.0, 0.0, 0.0, 1.0, 1.0, 0.0, 0.0, 1.0, 1.0, 1.0, 1.0, 1.0, 1.0, 1.0, 1.0, 1.0, 1.0, 1.0, 1.0, 1.0, 1.0, 1.0, 1.0, 1.0, 0.0, 1.0, 1.0, 0.0, 1.0, 0.0, 1.0, 0.0, 1.0, 0.0, 0.0, 1.0, 1.0, 1.0, 1.0, 0.0, 0.0, 1.0, 0.0, 1.0, 1.0, 1.0, 1.0, 0.0, 0.0, 0.0, 0.0, 0.0, 0.0, 0.0, 1.0, 0.0, 0.0, 0.0, 0.0, 1.0, 1.0, 1.0, 1.0, 0.0, 0.0, 0.0, 0.0, 0.0, 1.0, 1.0, 1.0, 0.0, 1.0, 1.0, 0.0, 1.0, 1.0, 1.0, 1.0, 0.0, 0.0, 0.0, 0.0, 1.0, 0.0, 1.0, 1.0, 1.0, 0.0, 0.0, 1.0, 1.0, 1.0, 1.0, 1.0, 1.0, 1.0, 1.0, 0.0, 0.0, 1.0, 1.0, 1.0, 1.0, 1.0, 0.0, 0.0, 1.0, 1.0, 1.0, 1.0, 0.0, 0.0, 0.0, 0.0, 1.0, 1.0, 1.0, 0.0, 0.0, 0.0, 1.0, 0.0, 1.0, 1.0, 1.0, 1.0, 0.0, 0.0, 0.0, 0.0, 0.0, 0.0, 0.0, 0.0, 0.0, 0.0, 0.0, 0.0, 0.0, 1.0, 0.0, 1.0, 0.0, 1.0, 1.0, 0.0, 1.0, 1.0, 1.0, 1.0, 1.0, 0.0, 0.0, 1.0]",-318.3726801373107,643.2907099349558,67.14643343005883,-5.545399238629768,-5.545177444479562,13.170240018939372,11.090354888959125,1.0,-12.518280500437347,-16.635532333438686,28.21461483122264,33.27106466687737,0.6173530694834558,"[1.0, 1.0, 1.0, 1.0, 1.0, 0.0, 1.0, 0.0, 1.0, 1.0, 1.0, 1.0, 1.0, 1.0, 1.0, 0.0, 0.0, 0.0, 0.0, 0.0, 0.0, 0.0, 0.0, 0.0, 1.0, 1.0, 1.0, 0.0, 0.0, 0.0, 1.0, 0.0, 0.0, 0.0, 1.0, 1.0, 0.0, 1.0, 1.0, 1.0, 0.0, 0.0, 0.0, 0.0, 0.0, 0.0, 0.0, 0.0, 1.0, 1.0, 1.0, 1.0, 0.0, 0.0, 0.0, 0.0, 1.0, 1.0, 1.0, 1.0, 0.0, 0.0, 0.0, 0.0, 0.0, 0.0, 0.0, 0.0, 0.0, 1.0, 1.0, 0.0, 0.0, 0.0, 0.0, 1.0, 0.0, 0.0, 0.0, 0.0, 1.0, 1.0, 1.0, 1.0, 0.0, 0.0, 0.0, 0.0, 0.0, 0.0, 0.0, 0.0, 1.0, 1.0, 0.0, 1.0, 1.0, 1.0, 1.0, 1.0, 1.0, 1.0, 1.0, 0.0, 1.0, 1.0, 1.0, 1.0, 1.0, 0.0, 1.0, 0.0, 0.0, 1.0, 0.0, 0.0, 1.0, 1.0, 1.0, 0.0, 1.0, 1.0, 0.0, 1.0, 1.0, 0.0, 0.0, 0.0, 1.0, 1.0, 1.0, 0.0, 1.0, 1.0, 1.0, 1.0, 1.0, 1.0, 1.0, 1.0, 0.0, 0.0, 0.0, 0.0, 1.0, 1.0, 1.0, 0.0, 0.0, 0.0, 1.0, 0.0, 0.0, 0.0, 1.0, 0.0, 0.0, 0.0, 0.0, 0.0, 1.0, 1.0, 1.0, 0.0, 0.0, 0.0, 1.0, 0.0, 0.0, 0.0, 0.0, 1.0, 0.0, 0.0, 0.0, 0.0, 0.0, 0.0, 0.0, 1.0, 0.0, 0.0, 0.0, 0.0, 1.0, 1.0, 1.0, 1.0, 0.0, 0.0, 0.0, 0.0, 1.0, 1.0, 1.0, 0.0, 0.0, 0.0, 1.0, 0.0, 1.0, 1.0, 1.0, 1.0, 0.0, 0.0, 0.0, 0.0, 1.0, 1.0, 1.0, 1.0, 0.0, 0.0, 0.0, 0.0, 1.0, 1.0, 1.0, 1.0, 1.0, 1.0, 1.0, 0.0, 0.0, 0.0, 0.0, 0.0, 1.0, 0.0, 0.0, 0.0, 1.0, 1.0, 1.0, 1.0, 1.0, 1.0, 1.0, 1.0, 1.0, 1.0, 1.0, 1.0, 1.0, 1.0, 1.0, 0.0, 0.0, 0.0, 0.0, 0.0, 0.0, 0.0, 0.0, 0.0, 0.0, 1.0, 0.0, 1.0, 0.0, 1.0, 0.0, 1.0, 0.0, 0.0, 0.0, 1.0, 0.0, 0.0, 0.0, 0.0, 1.0, 1.0, 1.0, 0.0, 0.0, 0.0, 1.0, 0.0, 1.0, 1.0, 1.0, 1.0, 1.0, 0.0, 1.0, 0.0, 0.0, 1.0, 1.0, 1.0, 0.0, 0.0, 0.0, 0.0, 1.0, 1.0, 1.0, 0.0, 1.0, 1.0, 1.0, 1.0, 0.0, 1.0, 1.0, 1.0, 0.0, 0.0, 0.0, 0.0, 1.0, 1.0, 1.0, 1.0, 1.0, 1.0, 1.0, 0.0, 1.0, 1.0, 1.0, 1.0, 0.0, 0.0, 0.0, 0.0, 1.0, 1.0, 1.0, 1.0, 0.0, 0.0, 0.0, 0.0, 0.0, 1.0, 0.0, 0.0, 0.0, 0.0, 0.0, 0.0, 0.0, 0.0, 0.0, 0.0, 0.0, 0.0, 0.0, 0.0, 1.0, 0.0, 1.0, 1.0, 1.0, 0.0, 0.0, 1.0, 1.0, 1.0, 1.0, 1.0, 1.0, 0.0, 1.0, 0.0, 1.0, 1.0, 1.0, 1.0, 1.0, 0.0, 1.0, 1.0, 0.0, 0.0, 0.0, 0.0, 0.0, 1.0, 1.0, 0.0, 1.0, 0.0, 0.0, 1.0, 0.0, 0.0, 0.0, 0.0, 1.0, 1.0, 1.0, 0.0, 0.0, 0.0, 1.0, 0.0, 1.0, 1.0, 1.0, 0.0, 0.0, 0.0, 0.0, 0.0, 1.0, 1.0, 1.0, 1.0, 1.0, 1.0, 1.0, 0.0, 0.0, 0.0, 0.0, 0.0, 0.0, 0.0, 0.0, 0.0, 1.0, 0.0, 1.0, 0.0, 0.0, 0.0, 0.0, 0.0, 1.0, 1.0, 1.0, 1.0, 1.0, 1.0, 1.0, 0.0, 1.0, 1.0, 1.0, 1.0, 1.0, 1.0, 0.0, 1.0, 1.0, 1.0, 1.0, 1.0, 0.0, 0.0, 0.0, 0.0, 1.0, 1.0, 1.0, 1.0, 1.0, 1.0, 1.0, 0.0, 0.0, 1.0, 1.0, 1.0, 0.0, 0.0, 0.0, 0.0, 1.0, 1.0, 1.0, 1.0, 0.0, 0.0, 0.0, 0.0, 1.0, 0.0, 1.0, 0.0, 0.0, 0.0, 0.0, 0.0, 1.0, 1.0, 1.0, 1.0, 1.0, 0.0, 1.0, 0.0, 1.0, 1.0, 1.0, 0.0, 1.0, 1.0, 0.0, 1.0, 1.0, 1.0, 1.0, 1.0, 0.0, 0.0, 0.0, 0.0, 0.0, 0.0, 0.0, 0.0, 0.0, 1.0, 0.0, 0.0, 1.0, 1.0, 1.0, 1.0, 0.0, 0.0, 0.0, 0.0, 0.0, 0.0, 0.0, 0.0, 0.0, 0.0, 0.0, 0.0, 1.0, 0.0, 1.0, 0.0, 0.0, 0.0, 0.0, 0.0, 1.0, 1.0, 0.0, 0.0, 1.0, 1.0, 1.0, 1.0, 1.0, 1.0, 1.0, 1.0, 1.0, 1.0, 1.0, 1.0, 1.0, 1.0, 1.0, 1.0, 1.0, 0.0, 1.0, 1.0, 0.0, 1.0, 0.0, 1.0, 0.0, 1.0, 0.0, 0.0, 1.0, 1.0, 1.0, 1.0, 0.0, 0.0, 1.0, 0.0, 1.0, 1.0, 1.0, 1.0, 0.0, 0.0, 0.0, 0.0, 0.0, 0.0, 0.0, 1.0, 0.0, 0.0, 0.0, 0.0, 1.0, 1.0, 1.0, 1.0, 0.0, 0.0, 0.0, 0.0, 0.0, 1.0, 1.0, 1.0, 0.0, 1.0, 1.0, 0.0, 1.0, 1.0, 1.0, 1.0, 0.0, 0.0, 0.0, 0.0, 1.0, 0.0, 1.0, 1.0, 1.0, 0.0, 0.0, 1.0, 1.0, 1.0, 1.0, 1.0, 1.0, 1.0, 1.0, 0.0, 0.0, 0.0, 1.0, 0.0, 0.0, 1.0, 0.0, 0.0, 1.0, 1.0, 1.0, 1.0, 0.0, 0.0, 0.0, 0.0, 1.0, 1.0, 1.0, 0.0, 0.0, 0.0, 1.0, 0.0, 1.0, 1.0, 1.0, 1.0, 0.0, 0.0, 0.0, 0.0, 0.0, 0.0, 0.0, 0.0, 0.0, 0.0, 0.0, 0.0, 0.0, 1.0, 0.0, 1.0, 0.0, 1.0, 1.0, 0.0, 1.0, 1.0, 1.0, 1.0, 1.0, 0.0, 0.0, 1.0]",-311.9759791000219,630.4973078603782,-482.430437669722,964.860875339444,343.33311073133416,-5.548098551098384,-5.545177444479562,13.175638643876605,11.090354888959125,1.4426940648172804,-15.276340039076096,-16.635532333438686,33.73073390850014,33.27106466687737,1.0908740239314543,"[0.0, 0.0, 1.0, 0.0, 0.0, 0.0, 0.0, 0.0, 1.0, 1.0, 1.0, 1.0, 0.877, 0.877, 0.877, 0.0, 1.0, 0.259, 1.0, 1.0, 0.8015, 0.0, 0.259, 1.0, 1.0, 1.0, 1.0, 1.0, 1.0, 1.0, 1.0, 0.0, 0.0, 0.0, 1.0, 0.0, 0.0, 0.0, 1.0, 0.0, 0.0, 0.0, 1.0, 0.0, 0.0, 0.0, 1.0, 0.0, 0.0, 0.0, 0.0, 0.0775, 0.0, 0.0, 0.1635, 0.47100000000000003, 1.0, 1.0, 1.0, 1.0, 0.0, 0.0, 0.0, 0.0, 0.0, 0.0, 0.0, 0.0, 0.0, 0.0, 0.0, 0.0, 1.0, 1.0, 1.0, 1.0, 1.0, 1.0, 1.0, 0.0, 1.0, 1.0, 1.0, 1.0, 0.0, 0.0, 0.0, 0.0, 0.0, 0.0, 0.0, 0.0, 0.0, 0.113, 0.113, 0.0, 0.0, 0.0, 0.0, 1.0, 0.0, 0.0, 0.0, 0.0, 1.0, 1.0, 1.0, 1.0, 0.0, 0.0, 0.0, 0.0, 0.9995, 1.0, 1.0, 0.663, 1.0, 1.0, 1.0, 0.353, 1.0, 1.0, 1.0, 1.0, 0.082, 0.082, 0.0, 0.0, 0.973, 1.0, 0.7655000000000001, 0.605, 0.973, 1.0, 1.0, 0.368, 0.0, 0.0, 1.0, 0.0, 1.0, 0.0, 1.0, 0.0, 1.0, 1.0, 1.0, 1.0, 0.0, 0.0, 1.0, 0.0, 1.0, 1.0, 1.0, 1.0, 0.0, 0.9465, 0.0, 0.0, 0.666, 1.0, 0.666, 0.666, 0.0, 0.0, 0.7975, 0.0, 0.0, 0.9430000000000001, 0.0, 1.0, 1.0, 0.0, 0.0, 0.0, 0.0, 1.0, 0.0, 0.0, 0.0, 0.0, 0.0, 0.0, 1.0, 1.0, 1.0, 1.0, 0.0, 0.0, 0.0, 0.0, 1.0, 1.0, 1.0, 1.0, 1.0, 1.0, 1.0, 0.0005, 1.0, 1.0, 1.0, 1.0, 1.0, 1.0, 0.0, 1.0, 1.0, 1.0, 1.0, 1.0, 0.0, 0.0, 0.0, 0.0, 1.0, 1.0, 1.0, 1.0, 1.0, 1.0, 1.0, 0.0, 1.0, 0.0, 1.0, 0.0, 0.0, 0.0, 0.0, 0.0, 0.0, 1.0, 0.0, 1.0, 0.0, 1.0, 0.0, 1.0, 1.0, 1.0, 1.0, 1.0, 1.0, 1.0, 1.0, 0.0, 1.0, 0.0, 1.0, 1.0, 1.0, 0.0, 0.0, 1.0, 1.0, 1.0, 1.0, 1.0, 1.0, 1.0, 1.0, 1.0, 0.0, 0.9580000000000001, 0.0, 0.0, 0.0, 0.0, 0.0045000000000000005, 0.0, 0.0, 0.0, 0.0, 0.0, 0.0, 0.0, 0.0, 1.0, 0.0, 0.0, 0.0005, 0.0, 0.0, 0.0, 0.0, 0.0, 0.0, 1.0, 0.0, 0.0, 0.0, 0.0, 0.0, 0.0, 1.0, 1.0, 1.0, 0.001, 0.001, 0.001, 1.0, 0.0, 0.0, 0.0, 0.6225, 0.0, 0.0, 0.0, 0.0, 0.0, 1.0, 1.0, 1.0, 1.0, 0.0, 0.0, 0.0, 0.0, 0.0, 0.0, 0.0, 0.0, 0.0, 0.0, 0.0, 0.0, 1.0, 1.0, 1.0, 1.0, 1.0, 1.0, 1.0, 0.0, 0.0, 0.0, 0.0, 1.0, 0.0, 0.0, 1.0, 0.0, 1.0, 1.0, 1.0, 1.0, 0.0, 0.0, 0.0, 0.0, 0.0, 1.0, 0.0, 0.0, 1.0, 0.0, 0.0, 1.0, 1.0, 1.0, 1.0, 1.0, 0.0, 0.0, 0.0, 0.0, 1.0, 1.0, 1.0, 1.0, 1.0, 0.0, 1.0, 1.0, 0.0, 0.0005, 0.0, 0.0, 0.0, 0.38, 0.0, 0.0, 1.0, 1.0, 1.0, 1.0, 0.0, 0.0, 0.0, 0.0, 1.0, 1.0, 1.0, 0.999, 1.0, 1.0, 1.0, 0.0195, 1.0, 1.0, 1.0, 1.0, 0.0, 0.0, 0.0, 0.0, 0.0, 0.6285000000000001, 0.0, 0.328, 0.0, 0.0, 0.6285000000000001, 0.0, 0.0, 0.0, 0.0, 0.0, 0.0, 0.0, 0.0, 1.0, 1.0, 1.0, 1.0, 1.0, 0.0, 0.0, 0.0, 0.0, 1.0, 1.0, 1.0, 1.0, 1.0, 1.0, 1.0, 0.0, 1.0, 1.0, 1.0, 1.0, 1.0, 1.0, 0.0375, 1.0, 1.0, 1.0, 1.0, 1.0, 0.0, 0.0, 0.0, 0.0, 1.0, 1.0, 1.0, 1.0, 1.0, 1.0, 1.0, 0.0, 1.0, 1.0, 1.0, 1.0, 1.0, 1.0, 0.0, 1.0, 1.0, 1.0, 1.0, 1.0, 0.0, 0.0, 0.0, 0.0, 1.0, 1.0, 1.0, 1.0, 1.0, 1.0, 1.0, 1.0, 0.0, 0.0, 0.4395, 0.0, 0.0, 0.0, 0.001, 1.0, 0.0, 0.0, 0.0, 0.0, 0.0, 0.0, 0.0, 0.0, 1.0, 1.0, 1.0, 0.0, 1.0, 0.0, 0.0, 1.0, 0.0, 0.0, 1.0, 1.0, 1.0, 0.0, 0.0, 0.0, 0.0, 0.0, 0.0, 0.0, 0.0, 0.0, 0.0, 0.0, 1.0, 1.0, 1.0, 1.0, 0.0, 0.0, 0.0, 0.0, 0.0, 0.0, 0.0, 0.0, 0.0, 1.0, 0.0, 0.0, 1.0, 1.0, 1.0, 1.0, 0.0, 0.4945, 0.0, 0.0, 1.0, 1.0, 1.0, 1.0, 0.0, 0.0, 1.0, 1.0, 1.0, 1.0, 1.0, 1.0, 0.0, 0.0, 0.0, 0.0, 1.0, 1.0, 1.0, 1.0, 1.0, 0.704, 0.296, 0.0, 1.0, 1.0, 1.0, 1.0, 0.0, 0.0, 1.0, 1.0, 1.0, 1.0, 1.0, 1.0, 0.0, 0.0, 0.0, 0.0, 0.006, 1.0, 0.006, 0.708, 0.298, 1.0, 0.298, 1.0, 1.0, 1.0, 1.0, 1.0, 0.0, 0.0, 0.0, 0.0, 1.0, 0.0, 1.0, 1.0, 1.0, 0.0, 0.0, 1.0, 0.0, 1.0, 1.0, 1.0, 0.0, 0.0, 0.0, 0.0, 1.0, 0.224, 1.0, 1.0, 0.776, 0.0, 0.224, 1.0, 1.0, 1.0, 1.0, 1.0, 0.0, 0.0, 0.0, 0.0, 1.0, 1.0, 0.0, 1.0, 1.0, 1.0, 0.0, 1.0, 1.0, 1.0, 1.0, 1.0, 0.0, 0.0, 0.0, 0.0, 1.0, 1.0, 1.0, 1.0, 1.0, 1.0, 1.0, 0.0, 1.0, 1.0, 1.0, 1.0, 0.0, 0.0, 0.0, 0.0, 0.0, 0.0, 0.0, 0.0, 0.0, 0.0, 0.0, 0.0, 1.0, 0.4865, 1.0, 1.0, 1.0, 0.0075, 0.4865, 1.0, 0.0225, 0.0, 0.0, 0.9775, 0.0, 0.0, 0.0, 0.0]",-419.18595103414617,844.9172517286268,-482.430437669722,964.860875339444,67.14643343005883,-5.545399238629768,-5.545177444479562,13.170240018939372,11.090354888959125,1.0,-12.518280500437347,-16.635532333438686,28.21461483122264,33.27106466687737,0.5787520451143159,"[1.0, 1.0, 1.0, 1.0, 1.0, 0.0, 1.0, 0.0, 1.0, 1.0, 1.0, 1.0, 1.0, 1.0, 1.0, 0.0, 0.0, 0.0, 0.0, 0.0, 0.0, 0.0, 0.0, 0.0, 1.0, 1.0, 1.0, 1.0, 0.0, 0.0, 1.0, 0.0, 0.0, 0.0, 0.0, 0.0, 0.0, 1.0, 0.0, 0.0, 0.0, 0.0, 0.0, 0.0, 0.0, 0.0, 0.0, 0.0, 1.0, 1.0, 1.0, 1.0, 0.0, 0.0, 0.0, 0.0, 1.0, 1.0, 1.0, 1.0, 0.0, 0.0, 0.0, 0.0, 0.0, 0.0, 0.0, 0.0, 0.0, 1.0, 1.0, 0.0, 1.0, 1.0, 1.0, 1.0, 0.0, 0.0, 0.0, 0.0, 1.0, 1.0, 1.0, 1.0, 0.0, 0.0, 0.0, 0.0, 0.0, 0.0, 0.0, 0.0, 0.0, 0.0, 0.0, 0.0, 1.0, 1.0, 1.0, 1.0, 1.0, 1.0, 1.0, 0.0, 1.0, 1.0, 1.0, 1.0, 1.0, 0.0, 1.0, 0.0, 0.0, 1.0, 0.0, 0.0, 1.0, 1.0, 1.0, 0.0, 1.0, 1.0, 0.0, 1.0, 1.0, 0.0, 0.0, 0.0, 1.0, 1.0, 1.0, 0.0, 1.0, 1.0, 1.0, 1.0, 1.0, 1.0, 1.0, 1.0, 0.0, 0.0, 0.0, 0.0, 1.0, 1.0, 1.0, 0.0, 0.0, 0.0, 1.0, 0.0, 0.0, 0.0, 1.0, 0.0, 0.0, 0.0, 0.0, 0.0, 1.0, 1.0, 1.0, 0.0, 0.0, 0.0, 1.0, 0.0, 0.0, 0.0, 0.0, 1.0, 0.0, 0.0, 0.0, 0.0, 0.0, 0.0, 0.0, 1.0, 0.0, 0.0, 0.0, 0.0, 1.0, 1.0, 1.0, 1.0, 0.0, 0.0, 0.0, 0.0, 1.0, 1.0, 1.0, 0.0, 0.0, 0.0, 1.0, 0.0, 1.0, 1.0, 1.0, 1.0, 0.0, 0.0, 0.0, 0.0, 1.0, 1.0, 1.0, 1.0, 0.0, 0.0, 0.0, 0.0, 1.0, 1.0, 1.0, 1.0, 1.0, 1.0, 1.0, 0.0, 0.0, 0.0, 0.0, 0.0, 1.0, 0.0, 0.0, 0.0, 1.0, 1.0, 1.0, 1.0, 1.0, 1.0, 1.0, 1.0, 1.0, 1.0, 1.0, 1.0, 1.0, 1.0, 1.0, 0.0, 0.0, 0.0, 0.0, 0.0, 0.0, 0.0, 0.0, 0.0, 0.0, 1.0, 0.0, 1.0, 0.0, 1.0, 0.0, 1.0, 0.0, 0.0, 0.0, 1.0, 0.0, 0.0, 0.0, 0.0, 1.0, 1.0, 1.0, 0.0, 0.0, 0.0, 1.0, 0.0, 0.0, 0.0, 1.0, 0.0, 0.0, 0.0, 0.0, 0.0, 0.0, 1.0, 1.0, 1.0, 0.0, 0.0, 0.0, 0.0, 1.0, 1.0, 1.0, 0.0, 1.0, 1.0, 1.0, 1.0, 0.0, 0.0, 1.0, 0.0, 0.0, 0.0, 0.0, 0.0, 1.0, 1.0, 1.0, 1.0, 1.0, 1.0, 1.0, 0.0, 1.0, 1.0, 1.0, 1.0, 0.0, 0.0, 0.0, 0.0, 1.0, 1.0, 1.0, 1.0, 0.0, 0.0, 0.0, 0.0, 0.0, 1.0, 0.0, 0.0, 0.0, 0.0, 0.0, 0.0, 0.0, 0.0, 0.0, 0.0, 0.0, 0.0, 0.0, 0.0, 0.0, 0.0, 0.0, 0.0, 0.0, 0.0, 0.0, 0.0, 1.0, 1.0, 0.0, 1.0, 1.0, 0.0, 1.0, 0.0, 1.0, 1.0, 1.0, 1.0, 1.0, 0.0, 1.0, 1.0, 0.0, 0.0, 0.0, 0.0, 0.0, 1.0, 1.0, 0.0, 1.0, 0.0, 0.0, 1.0, 0.0, 0.0, 0.0, 0.0, 1.0, 1.0, 1.0, 0.0, 0.0, 0.0, 1.0, 0.0, 1.0, 1.0, 1.0, 0.0, 0.0, 0.0, 0.0, 0.0, 1.0, 1.0, 1.0, 1.0, 1.0, 1.0, 1.0, 0.0, 0.0, 0.0, 0.0, 0.0, 0.0, 0.0, 0.0, 0.0, 1.0, 0.0, 1.0, 0.0, 0.0, 0.0, 0.0, 0.0, 1.0, 1.0, 1.0, 1.0, 1.0, 1.0, 1.0, 0.0, 1.0, 1.0, 1.0, 1.0, 1.0, 1.0, 0.0, 1.0, 1.0, 1.0, 1.0, 1.0, 0.0, 0.0, 0.0, 0.0, 1.0, 1.0, 1.0, 1.0, 1.0, 1.0, 1.0, 0.0, 0.0, 1.0, 1.0, 1.0, 0.0, 0.0, 0.0, 0.0, 1.0, 1.0, 1.0, 1.0, 0.0, 0.0, 0.0, 0.0, 1.0, 0.0, 1.0, 0.0, 0.0, 0.0, 0.0, 0.0, 1.0, 1.0, 1.0, 1.0, 1.0, 0.0, 1.0, 0.0, 1.0, 1.0, 1.0, 0.0, 1.0, 1.0, 0.0, 1.0, 1.0, 1.0, 1.0, 1.0, 0.0, 0.0, 0.0, 0.0, 0.0, 0.0, 0.0, 0.0, 0.0, 0.0, 0.0, 0.0, 1.0, 1.0, 1.0, 1.0, 0.0, 0.0, 0.0, 0.0, 0.0, 0.0, 0.0, 0.0, 0.0, 0.0, 0.0, 0.0, 0.0, 0.0, 0.0, 0.0, 0.0, 0.0, 0.0, 0.0, 1.0, 1.0, 0.0, 0.0, 1.0, 1.0, 1.0, 1.0, 1.0, 1.0, 1.0, 1.0, 1.0, 1.0, 1.0, 1.0, 1.0, 1.0, 1.0, 1.0, 1.0, 0.0, 1.0, 1.0, 0.0, 1.0, 0.0, 1.0, 0.0, 1.0, 0.0, 0.0, 1.0, 1.0, 1.0, 1.0, 0.0, 0.0, 1.0, 0.0, 1.0, 1.0, 1.0, 1.0, 0.0, 0.0, 0.0, 0.0, 0.0, 0.0, 0.0, 1.0, 0.0, 0.0, 0.0, 0.0, 1.0, 1.0, 1.0, 1.0, 0.0, 0.0, 0.0, 0.0, 0.0, 1.0, 1.0, 1.0, 0.0, 1.0, 1.0, 0.0, 1.0, 1.0, 1.0, 1.0, 0.0, 0.0, 0.0, 0.0, 1.0, 0.0, 1.0, 1.0, 1.0, 0.0, 0.0, 1.0, 1.0, 1.0, 1.0, 1.0, 1.0, 1.0, 1.0, 0.0, 0.0, 1.0, 1.0, 1.0, 1.0, 1.0, 0.0, 0.0, 1.0, 1.0, 1.0, 1.0, 0.0, 0.0, 0.0, 0.0, 1.0, 1.0, 1.0, 0.0, 0.0, 0.0, 1.0, 0.0, 1.0, 1.0, 1.0, 1.0, 0.0, 0.0, 0.0, 0.0, 0.0, 0.0, 0.0, 0.0, 0.0, 0.0, 0.0, 0.0, 0.0, 0.0, 1.0, 1.0, 0.0, 0.0, 0.0, 0.0, 1.0, 1.0, 1.0, 1.0, 1.0, 0.0, 0.0, 1.0]",-295.2442605392121,597.0338707387587,-482.430437669722,964.860875339444,1.4426940648172804,-15.276340039076096,33.73073390850014,1.2846122460949685,-433.45128860920846,873.4479268787513,True,True,True,False,True,0.75,0.625,0.5,0.375,0.5,0.375,0.625,0.75,0.5,0.375,0.625,0.75,"Z.atleast(lambda x1: Z.less(x1,2,'size'),2,X)","Z.exactly(lambda x1: Z.equal(x1,1,'size'),2,X)","Z.forall(lambda x1: Z.lequal(x1,1,'size'),X)","Z.exactly(lambda x1: Z.equal(x1,1,'size'),2,X)",0.625,0.25,0.375,0.75,0.375,0.7083333333333334,0.6982758620689655,0.6867816091954023,0.6954022988505747,0.6925287356321839,5.241379310344827,0,0,0,0,0,0
29,38,74,qTF57,aY3043wGsEt2gN1KAABI,Upsilon,none are upright,"[True, True, True, True, True, True, False, True]","[True, True, True, True, True, True, False, True]",0.625,0.625,There needs o be a triangle on its side.,[['x1']],"Z.exists(lambda x1: Z.not_operator(Z.equal(x1,'upright','orientation')),X)",There needs to be a triangle on its side,"[{'ids': [0, 1, 2], 'colours': ['red', 'red', 'blue'], 'sizes': [3, 3, 1], 'xpos': [1.1125726085251009, 0.13458663287360662, 4.2500411668069225], 'ypos': [3.806101846157989, 3.3131963303991006, 3.8307506090986188], 'rotations': [3.79907961998331, 4.450222858362394, 1.2121899680575183], 'orientations': ['strange', 'strange', 'lhs'], 'contact': [[0, 1], [1, 0], [2]], 'grounded': ['yes', 'no', 'yes'], 'follow_rule': True}, {'ids': [0], 'colours': ['blue'], 'sizes': [1], 'xpos': [4.218433803272208], 'ypos': [3.8299868053777115], 'rotations': [1.219141506429389], 'orientations': ['lhs'], 'contact': [[0]], 'grounded': ['yes'], 'follow_rule': True}, {'ids': [0, 1], 'colours': ['red', 'red'], 'sizes': [3, 3], 'xpos': [0.16777253341859477, 1.5847550577433536], 'ypos': [3.6371707104248037, 3.6373985633142882], 'rotations': [5.036005876813677, 5.034604354172758], 'orientations': ['rhs', 'rhs'], 'contact': [[0], [1]], 'grounded': ['yes', 'yes'], 'follow_rule': True}, {'ids': [0, 1], 'colours': ['red', 'red'], 'sizes': [2, 3], 'xpos': [3.9036434737695225, 5.963486422419097], 'ypos': [4.108010780959764, 4.107970271667439], 'rotations': [3.143001950305068, 3.1392009633619677], 'orientations': ['upright', 'upright'], 'contact': [[0], [1]], 'grounded': ['yes', 'yes'], 'follow_rule': False}, {'ids': [0], 'colours': ['green'], 'sizes': [3], 'xpos': [5.605045049246298], 'ypos': [3.633907847154854], 'rotations': [5.039183764757072], 'orientations': ['rhs'], 'contact': [[0]], 'grounded': ['yes'], 'follow_rule': True}, {'ids': [0], 'colours': ['blue'], 'sizes': [1], 'xpos': [3.4832002921828082], 'ypos': [4.108279459167343], 'rotations': [3.142534337963386], 'orientations': ['upright'], 'contact': [[0]], 'grounded': ['yes'], 'follow_rule': False}, {'ids': [0], 'colours': ['green'], 'sizes': [1], 'xpos': [1.7189065565462371], 'ypos': [3.8291181815671114], 'rotations': [1.217400773728805], 'orientations': ['lhs'], 'contact': [[0]], 'grounded': ['yes'], 'follow_rule': True}, {'ids': [0], 'colours': ['blue'], 'sizes': [2], 'xpos': [4.542751048408116], 'ypos': [3.730561775407014], 'rotations': [1.2332425066452783], 'orientations': ['lhs'], 'contact': [[0]], 'grounded': ['yes'], 'follow_rule': True}, {'ids': [0, 1, 2, 3, 4, 5], 'colours': ['red', 'green', 'green', 'red', 'red', 'green'], 'sizes': [3, 3, 3, 1, 3, 1], 'xpos': [4.04539932046708, 6.25367104406576, 1.31220887489158, 2.54397206141056, 5.03680142626962, 2.83313903630872], 'ypos': [3.68714653723475, 3.68793264237984, 3.68536700039956, 3.87290072175348, 3.71647947714512, 3.32290442001056], 'rotations': [1.24459422608336, 1.24522470760537, 5.03721490711028, 4.41693289260746, 2.04844681297516, 1.27753534246253], 'contact': [[0, 4, 3], 1, 2, [3, 0, 5], [4, 0], [5, 3]], 'grounded': ['yes', 'yes', 'yes', 'yes', 'yes', 'no']}, {'ids': [0, 1, 2, 3], 'colours': ['green', 'red', 'blue', 'red'], 'sizes': [1, 3, 2, 2], 'xpos': [3.91130904169482, 5.46428515532996, 6.02804597253327, 2.75909465803677], 'ypos': [3.88039857557471, 3.68809661044642, 3.83039687351375, 3.76829024369344], 'rotations': [1.21554845923219, 5.037860999749, 2.523398913166, 4.53015371920961], 'contact': [{'V1': [0, 3], 'V2': [1, 2], 'V3': [2, 1], 'V4': [3, 0]}], 'grounded': ['yes', 'yes', 'no', 'yes']}, {'ids': [0, 1], 'colours': ['red', 'red'], 'sizes': [1, 1], 'xpos': [2.66334600794472, 1.80432622054734], 'ypos': [3.88090170709236, 3.87778384307705], 'rotations': [1.21239198245414, 4.35415315781273], 'contact': [{'V1': [0, 1], 'V2': [1, 0]}], 'grounded': ['yes', 'yes']}, {'ids': [0, 1, 2, 3, 4], 'colours': ['red', 'red', 'blue', 'blue', 'green'], 'sizes': [3, 3, 1, 1, 1], 'xpos': [1.85360354206331, 4.53707158711655, 2.22962536171588, 3.31491059447484, 3.75418292003644], 'ypos': [3.68810486672765, 3.68793278435064, 3.60822662705904, 3.84556069624473, 3.52884365217974], 'rotations': [5.03784882313905, 1.24522475821424, 2.57929284346434, 1.86403082200312, 2.07051561191284], 'contact': [[0, 3, 2], [1, 4, 3], [2, 0], [3, 0, 1, 4], [4, 1, 3]], 'grounded': ['yes', 'yes', 'no', 'no', 'no']}, {'ids': [0, 1, 2, 3, 4, 5, 6], 'colours': ['red', 'green', 'red', 'red', 'green', 'green', 'red'], 'sizes': [1, 3, 2, 3, 3, 2, 2], 'xpos': [3.25946614949676, 2.44588297516233, 5.88127197371132, 4.16563349275137, 0.72362012303879, 2.368329881437, 7.02789960687692], 'ypos': [3.95518911276486, 3.68824247585198, 4.15744335942523, 4.15757462621801, 3.67646349730594, 3.64875460383896, 3.78297829877943], 'rotations': [3.90055989251386, 1.24543827105161, 3.14018849938784, 3.14209271550925, 4.46919423935855, 4.5928664481854, 5.04768654725134], 'contact': [[0, 5], [1, 5, 4], 2, 3, [4, 1], [5, 0, 1], 6], 'grounded': ['yes', 'yes', 'yes', 'yes', 'yes', 'no', 'yes']}, {'ids': [0, 1, 2, 3, 4], 'colours': ['red', 'blue', 'green', 'green', 'red'], 'sizes': [2, 1, 3, 3, 3], 'xpos': [1.81709153920562, 5.97480057561886, 3.31338082383512, 4.38059628007586, 6.61025661823443], 'ypos': [3.77963548478066, 4.15709914239659, 4.15857486018002, 4.1579783197977, 3.68443952609824], 'rotations': [1.2339014812192, 3.13995537974587, 3.14125891347883, 3.1426763466907, 5.03874238310661], 'contact': [{'V1': 0, 'V2': 1, 'V3': 2, 'V4': 3, 'V5': 4}], 'grounded': ['yes', 'yes', 'yes', 'yes', 'yes']}, {'ids': [0, 1, 2, 3, 4], 'colours': ['red', 'red', 'red', 'green', 'red'], 'sizes': [2, 3, 1, 3, 3], 'xpos': [3.73841073372075, 3.73677173096754, 2.76148516662288, 4.77214062348621, 4.69143283396105], 'ypos': [4.16009367569396, 4.14643505860911, 4.15849207519273, 4.15973417931752, 3.17867488361144], 'rotations': [3.13742681162325, 3.12687131684704, 3.14631730814226, 3.13796262321945, 2.12453024265947], 'contact': [[0, 1], [1, 0, 4], 2, [3, 4], [4, 1, 3]], 'grounded': ['yes', 'no', 'yes', 'yes', 'no']}, {'ids': [0, 1], 'colours': ['blue', 'red'], 'sizes': [1, 3], 'xpos': [4.12725264721393, 2.49227679939128], 'ypos': [4.15816511179978, 3.68449947257032], 'rotations': [3.13776634013453, 5.03835652479557], 'contact': [{'V1': 0, 'V2': 1}], 'grounded': ['yes', 'yes']}]","[False, True, False, True, False, True, False, True]","[False, True, False, True, False, True, True, True]","[True, False, True, False, True, False, False, False]","[False, False, False, False, False, False, False, False]","[False, True, False, True, False, True, False, True]","[False, True, False, True, False, True, True, True]","[True, False, True, False, True, False, False, False]","[False, False, False, False, False, False, False, False]",0.125,0.125,0.0,0.0,0.625,0.625,0.375,0.375,0.25,0.25,0.0,0.0,0.375,0.375,0.42371162287468833,-4.239898478588413,-5.545177444479562,10.559238498856661,11.090354888959125,0.4889319913236418,-10.958471605584474,-16.635532333438686,25.094997041516894,33.27106466687737,1.0502311195665048,"[1.0, 1.0, 1.0, 1.0, 1.0, 0.0, 1.0, 0.0, 1.0, 1.0, 1.0, 1.0, 1.0, 1.0, 1.0, 0.0135, 0.9530000000000001, 0.092, 0.5895, 0.5895, 1.0, 0.0, 0.0, 0.861, 1.0, 1.0, 1.0, 0.2925, 0.999, 0.999, 1.0, 0.7155, 0.0, 0.0, 1.0, 0.0, 0.0, 0.0, 1.0, 0.0, 0.0, 0.0, 1.0, 0.0, 0.0, 0.0, 1.0, 0.0, 1.0, 1.0, 1.0, 1.0, 0.0, 0.0, 0.0, 0.0, 1.0, 1.0, 1.0, 1.0, 0.935, 0.935, 0.935, 0.935, 1.0, 1.0, 1.0, 1.0, 0.0, 1.0, 0.0, 0.0, 0.0, 1.0, 1.0, 1.0, 1.0, 1.0, 1.0, 1.0, 1.0, 1.0, 1.0, 1.0, 0.0935, 0.0935, 0.0935, 0.0935, 1.0, 1.0, 1.0, 1.0, 1.0, 1.0, 1.0, 1.0, 1.0, 1.0, 1.0, 1.0, 1.0, 1.0, 1.0, 0.013000000000000001, 1.0, 1.0, 0.998, 1.0, 1.0, 0.002, 0.998, 0.002, 1.0, 1.0, 1.0, 1.0, 1.0, 1.0, 1.0, 0.0, 0.973, 1.0, 0.9530000000000001, 1.0, 0.8925000000000001, 0.9195, 0.17400000000000002, 0.201, 1.0, 1.0, 1.0, 1.0, 0.0, 0.0, 0.0, 0.0, 1.0, 1.0, 1.0, 0.24, 1.0, 1.0, 0.968, 1.0, 0.653, 0.653, 0.653, 1.0, 0.2535, 0.2535, 0.7035, 0.10300000000000001, 1.0, 1.0, 1.0, 1.0, 0.0, 1.0, 0.0, 0.0, 1.0, 1.0, 1.0, 0.012, 0.988, 0.988, 1.0, 1.0, 1.0, 0.0, 1.0, 1.0, 1.0, 0.0, 0.0, 1.0, 0.0, 0.0, 0.0, 1.0, 1.0, 0.0, 0.0, 0.0, 1.0, 1.0, 1.0, 1.0, 0.0, 0.0, 0.0, 0.0, 1.0, 1.0, 1.0, 1.0, 0.0, 0.0, 0.0, 0.0, 1.0, 1.0, 1.0, 1.0, 1.0, 1.0, 0.841, 1.0, 1.0, 1.0, 1.0, 1.0, 0.0, 0.0, 0.0, 0.0, 1.0, 1.0, 1.0, 1.0, 1.0, 1.0, 1.0, 0.0, 0.197, 0.0, 0.85, 0.653, 0.803, 0.0, 0.0, 0.0, 0.8525, 0.847, 0.9935, 0.847, 0.28300000000000003, 0.4305, 0.426, 0.426, 1.0, 1.0, 1.0, 1.0, 1.0, 1.0, 1.0, 0.0, 0.798, 1.0, 0.7995, 0.7995, 0.0275, 0.029, 0.2265, 0.1975, 1.0, 1.0, 1.0, 1.0, 0.0, 0.0, 0.0, 0.0, 0.862, 0.854, 0.8595, 0.8955000000000001, 0.045, 0.0005, 0.8695, 0.8505, 1.0, 1.0, 1.0, 0.022, 1.0, 1.0, 1.0, 0.978, 0.28400000000000003, 0.0145, 0.1885, 0.0275, 0.2755, 0.0, 0.0015, 0.013000000000000001, 0.0, 0.0, 0.0, 1.0, 1.0, 0.0, 0.0, 0.0, 1.0, 1.0, 1.0, 1.0, 0.0, 0.0, 0.0, 0.0, 1.0, 1.0, 1.0, 1.0, 1.0, 0.0, 1.0, 0.0, 1.0, 1.0, 1.0, 1.0, 1.0, 1.0, 1.0, 0.0, 1.0, 1.0, 1.0, 0.728, 0.8265, 0.5545, 0.5545, 0.8265, 1.0, 1.0, 1.0, 1.0, 1.0, 1.0, 1.0, 1.0, 1.0, 1.0, 1.0, 0.8715, 0.9365, 0.8695, 0.8695, 0.9365, 0.229, 0.229, 0.229, 0.229, 0.801, 0.03, 0.03, 0.801, 0.0, 0.0, 0.0, 1.0, 1.0, 0.0, 0.0, 0.0, 0.108, 0.114, 0.2315, 0.108, 0.114, 0.07050000000000001, 0.0495, 0.006, 1.0, 1.0, 1.0, 1.0, 0.0, 0.0, 0.0, 0.0, 0.8955000000000001, 0.895, 0.0115, 0.0, 0.883, 0.0, 0.0, 0.0, 1.0, 1.0, 1.0, 1.0, 0.0, 0.0, 0.0, 0.0, 0.902, 0.902, 0.902, 0.678, 0.88, 0.88, 0.902, 0.807, 1.0, 1.0, 1.0, 1.0, 0.0, 0.0, 0.0, 0.0, 1.0, 1.0, 1.0, 1.0, 1.0, 1.0, 1.0, 0.0, 1.0, 1.0, 1.0, 1.0, 0.0, 0.0, 0.0, 0.0, 1.0, 1.0, 1.0, 1.0, 0.008, 0.008, 0.008, 0.008, 1.0, 1.0, 1.0, 1.0, 1.0, 1.0, 1.0, 0.0, 1.0, 1.0, 1.0, 1.0, 1.0, 1.0, 0.6980000000000001, 1.0, 1.0, 1.0, 1.0, 1.0, 0.0, 0.0, 0.0, 0.0, 1.0, 1.0, 1.0, 1.0, 1.0, 1.0, 1.0, 0.0, 0.9530000000000001, 0.9530000000000001, 0.9530000000000001, 1.0, 1.0, 1.0, 0.641, 0.9530000000000001, 1.0, 1.0, 1.0, 1.0, 0.0, 0.0, 0.0, 0.0, 1.0, 1.0, 1.0, 1.0, 1.0, 1.0, 1.0, 1.0, 1.0, 1.0, 1.0, 1.0, 0.0, 0.0, 0.0, 0.0, 1.0, 1.0, 1.0, 1.0, 1.0, 1.0, 1.0, 1.0, 1.0, 1.0, 1.0, 1.0, 0.021500000000000002, 0.021500000000000002, 0.021500000000000002, 0.021500000000000002, 0.021500000000000002, 0.003, 0.02, 0.0095, 0.0095, 0.964, 0.9555, 0.0095, 1.0, 1.0, 1.0, 1.0, 1.0, 1.0, 1.0, 1.0, 1.0, 1.0, 1.0, 1.0, 0.0, 0.0, 0.0, 0.0, 1.0, 1.0, 1.0, 1.0, 0.0, 0.0, 1.0, 1.0, 1.0, 0.873, 0.198, 0.198, 1.0, 1.0, 0.6905, 1.0, 1.0, 1.0, 1.0, 1.0, 1.0, 1.0, 1.0, 0.0, 1.0, 0.999, 0.999, 1.0, 0.0025, 0.0025, 0.0025, 0.0025, 1.0, 1.0, 1.0, 1.0, 1.0, 0.686, 0.314, 0.0, 1.0, 1.0, 1.0, 1.0, 0.524, 0.524, 1.0, 0.47600000000000003, 1.0, 1.0, 1.0, 1.0, 0.008, 0.008, 0.008, 0.008, 0.9935, 0.9935, 0.9775, 0.9935, 0.9935, 0.0225, 0.988, 0.017, 1.0, 1.0, 1.0, 1.0, 0.0725, 0.0725, 0.0725, 0.0725, 0.041, 1.0, 1.0, 0.9590000000000001, 0.041, 0.9590000000000001, 1.0, 0.0, 0.7435, 0.9835, 0.7425, 0.986, 0.7435, 0.7435, 0.256, 0.987, 1.0, 0.005, 1.0, 1.0, 1.0, 0.005, 0.005, 1.0, 1.0, 1.0, 1.0, 1.0, 1.0, 1.0, 1.0, 0.0, 1.0, 1.0, 1.0, 1.0, 0.0, 0.0, 0.0, 0.0, 1.0, 1.0, 1.0, 1.0, 0.0, 0.0, 0.0, 0.0, 0.9705, 0.9705, 0.9145, 1.0, 0.8015, 0.8015, 0.9705, 0.7865, 1.0, 1.0, 1.0, 1.0, 0.0, 0.0, 0.0, 0.0, 1.0, 1.0, 1.0, 1.0, 0.0, 0.0, 0.0, 0.0, 1.0, 1.0, 1.0, 1.0, 0.0, 0.0, 0.0, 0.0, 1.0, 1.0, 1.0, 1.0, 1.0, 1.0, 1.0, 1.0]",-418.5875071169283,843.720363894191,-482.430437669722,964.860875339444,1.0,-3.5060935001457825,9.091628541971401,1.0,-12.518280500437347,28.21461483122264,0.6334250289943713,"[1.0, 1.0, 1.0, 1.0, 1.0, 0.0, 1.0, 0.0, 1.0, 1.0, 1.0, 1.0, 1.0, 1.0, 1.0, 0.0, 0.0, 0.0, 0.0, 0.0, 0.0, 0.0, 0.0, 0.0, 1.0, 1.0, 1.0, 0.0, 0.0, 0.0, 1.0, 0.0, 0.0, 0.0, 1.0, 1.0, 0.0, 1.0, 1.0, 1.0, 1.0, 1.0, 1.0, 1.0, 0.0, 0.0, 1.0, 1.0, 1.0, 1.0, 1.0, 1.0, 0.0, 0.0, 0.0, 0.0, 1.0, 1.0, 1.0, 1.0, 0.0, 0.0, 0.0, 0.0, 0.0, 0.0, 0.0, 0.0, 0.0, 1.0, 1.0, 0.0, 1.0, 1.0, 1.0, 1.0, 0.0, 0.0, 0.0, 0.0, 1.0, 1.0, 1.0, 1.0, 0.0, 0.0, 0.0, 0.0, 1.0, 1.0, 1.0, 1.0, 1.0, 1.0, 0.0, 1.0, 1.0, 1.0, 1.0, 1.0, 1.0, 1.0, 1.0, 0.0, 1.0, 1.0, 1.0, 1.0, 1.0, 0.0, 1.0, 0.0, 0.0, 1.0, 0.0, 0.0, 1.0, 1.0, 1.0, 0.0, 1.0, 1.0, 0.0, 1.0, 1.0, 0.0, 0.0, 0.0, 1.0, 1.0, 1.0, 0.0, 1.0, 1.0, 1.0, 1.0, 1.0, 1.0, 1.0, 1.0, 0.0, 0.0, 0.0, 0.0, 1.0, 1.0, 1.0, 0.0, 0.0, 0.0, 1.0, 0.0, 0.0, 0.0, 1.0, 0.0, 0.0, 0.0, 0.0, 0.0, 1.0, 1.0, 1.0, 0.0, 0.0, 0.0, 1.0, 0.0, 0.0, 0.0, 0.0, 1.0, 0.0, 0.0, 0.0, 0.0, 0.0, 0.0, 0.0, 1.0, 0.0, 0.0, 0.0, 0.0, 1.0, 1.0, 1.0, 1.0, 0.0, 0.0, 0.0, 0.0, 1.0, 1.0, 1.0, 0.0, 0.0, 0.0, 1.0, 0.0, 1.0, 1.0, 1.0, 1.0, 0.0, 0.0, 0.0, 0.0, 1.0, 1.0, 1.0, 1.0, 0.0, 0.0, 0.0, 0.0, 1.0, 1.0, 1.0, 1.0, 1.0, 1.0, 1.0, 0.0, 0.0, 0.0, 0.0, 0.0, 1.0, 0.0, 0.0, 0.0, 1.0, 1.0, 1.0, 1.0, 1.0, 1.0, 1.0, 1.0, 1.0, 1.0, 1.0, 1.0, 1.0, 1.0, 1.0, 0.0, 0.0, 0.0, 0.0, 0.0, 0.0, 0.0, 0.0, 0.0, 0.0, 1.0, 0.0, 1.0, 0.0, 1.0, 0.0, 1.0, 0.0, 0.0, 0.0, 1.0, 0.0, 0.0, 0.0, 0.0, 1.0, 1.0, 1.0, 0.0, 0.0, 0.0, 1.0, 0.0, 1.0, 1.0, 1.0, 1.0, 1.0, 0.0, 1.0, 0.0, 0.0, 1.0, 1.0, 1.0, 0.0, 0.0, 0.0, 0.0, 1.0, 1.0, 1.0, 0.0, 1.0, 1.0, 1.0, 1.0, 0.0, 1.0, 1.0, 1.0, 0.0, 0.0, 0.0, 0.0, 1.0, 1.0, 1.0, 1.0, 1.0, 1.0, 1.0, 0.0, 1.0, 1.0, 1.0, 1.0, 0.0, 0.0, 0.0, 0.0, 1.0, 1.0, 1.0, 1.0, 0.0, 0.0, 0.0, 0.0, 0.0, 1.0, 0.0, 0.0, 0.0, 0.0, 0.0, 0.0, 1.0, 1.0, 1.0, 1.0, 1.0, 0.0, 1.0, 1.0, 0.0, 0.0, 0.0, 0.0, 0.0, 1.0, 1.0, 0.0, 1.0, 1.0, 1.0, 1.0, 1.0, 0.0, 1.0, 0.0, 1.0, 1.0, 1.0, 1.0, 1.0, 0.0, 1.0, 1.0, 0.0, 0.0, 0.0, 0.0, 0.0, 1.0, 1.0, 0.0, 1.0, 0.0, 0.0, 1.0, 0.0, 0.0, 0.0, 0.0, 1.0, 1.0, 1.0, 0.0, 0.0, 0.0, 1.0, 0.0, 1.0, 1.0, 1.0, 0.0, 0.0, 0.0, 0.0, 0.0, 1.0, 1.0, 1.0, 1.0, 1.0, 1.0, 1.0, 0.0, 0.0, 0.0, 0.0, 0.0, 0.0, 0.0, 0.0, 0.0, 1.0, 0.0, 1.0, 0.0, 0.0, 0.0, 0.0, 0.0, 1.0, 1.0, 1.0, 1.0, 1.0, 1.0, 1.0, 0.0, 1.0, 1.0, 1.0, 1.0, 1.0, 1.0, 0.0, 1.0, 1.0, 1.0, 1.0, 1.0, 0.0, 0.0, 0.0, 0.0, 1.0, 1.0, 1.0, 1.0, 1.0, 1.0, 1.0, 0.0, 0.0, 1.0, 1.0, 1.0, 0.0, 0.0, 0.0, 0.0, 1.0, 1.0, 1.0, 1.0, 0.0, 0.0, 0.0, 0.0, 1.0, 0.0, 1.0, 0.0, 0.0, 0.0, 0.0, 0.0, 1.0, 1.0, 1.0, 1.0, 1.0, 0.0, 1.0, 0.0, 1.0, 1.0, 1.0, 0.0, 1.0, 1.0, 0.0, 1.0, 1.0, 1.0, 1.0, 1.0, 0.0, 0.0, 0.0, 0.0, 0.0, 0.0, 0.0, 0.0, 0.0, 1.0, 0.0, 0.0, 1.0, 1.0, 1.0, 1.0, 0.0, 0.0, 0.0, 0.0, 0.0, 0.0, 0.0, 0.0, 0.0, 0.0, 0.0, 0.0, 1.0, 0.0, 1.0, 0.0, 0.0, 0.0, 0.0, 0.0, 1.0, 1.0, 0.0, 0.0, 1.0, 1.0, 1.0, 1.0, 1.0, 1.0, 1.0, 1.0, 1.0, 1.0, 1.0, 1.0, 1.0, 1.0, 1.0, 1.0, 1.0, 0.0, 1.0, 1.0, 0.0, 1.0, 0.0, 1.0, 0.0, 1.0, 0.0, 0.0, 1.0, 1.0, 1.0, 1.0, 0.0, 0.0, 1.0, 0.0, 1.0, 1.0, 1.0, 1.0, 0.0, 0.0, 0.0, 0.0, 0.0, 0.0, 0.0, 1.0, 0.0, 0.0, 0.0, 0.0, 1.0, 1.0, 1.0, 1.0, 0.0, 0.0, 0.0, 0.0, 0.0, 1.0, 1.0, 1.0, 0.0, 1.0, 1.0, 0.0, 1.0, 1.0, 1.0, 1.0, 0.0, 0.0, 0.0, 0.0, 1.0, 0.0, 1.0, 1.0, 1.0, 0.0, 0.0, 1.0, 1.0, 1.0, 1.0, 1.0, 1.0, 1.0, 1.0, 0.0, 0.0, 1.0, 1.0, 1.0, 1.0, 1.0, 0.0, 0.0, 1.0, 1.0, 1.0, 1.0, 0.0, 0.0, 0.0, 0.0, 1.0, 1.0, 1.0, 0.0, 0.0, 0.0, 1.0, 0.0, 1.0, 1.0, 1.0, 1.0, 0.0, 0.0, 0.0, 0.0, 0.0, 0.0, 0.0, 0.0, 0.0, 0.0, 0.0, 0.0, 0.0, 1.0, 0.0, 1.0, 0.0, 1.0, 1.0, 0.0, 1.0, 1.0, 1.0, 1.0, 1.0, 0.0, 0.0, 1.0]",-318.3726801373107,643.2907099349558,1.0,-3.5060935001457825,-5.545177444479562,9.091628541971401,11.090354888959125,1.0,-12.518280500437347,-16.635532333438686,28.21461483122264,33.27106466687737,0.6173530694834558,"[1.0, 1.0, 1.0, 1.0, 1.0, 0.0, 1.0, 0.0, 1.0, 1.0, 1.0, 1.0, 1.0, 1.0, 1.0, 0.0, 0.0, 0.0, 0.0, 0.0, 0.0, 0.0, 0.0, 0.0, 1.0, 1.0, 1.0, 0.0, 0.0, 0.0, 1.0, 0.0, 0.0, 0.0, 1.0, 1.0, 0.0, 1.0, 1.0, 1.0, 0.0, 0.0, 0.0, 0.0, 0.0, 0.0, 0.0, 0.0, 1.0, 1.0, 1.0, 1.0, 0.0, 0.0, 0.0, 0.0, 1.0, 1.0, 1.0, 1.0, 0.0, 0.0, 0.0, 0.0, 0.0, 0.0, 0.0, 0.0, 0.0, 1.0, 1.0, 0.0, 0.0, 0.0, 0.0, 1.0, 0.0, 0.0, 0.0, 0.0, 1.0, 1.0, 1.0, 1.0, 0.0, 0.0, 0.0, 0.0, 0.0, 0.0, 0.0, 0.0, 1.0, 1.0, 0.0, 1.0, 1.0, 1.0, 1.0, 1.0, 1.0, 1.0, 1.0, 0.0, 1.0, 1.0, 1.0, 1.0, 1.0, 0.0, 1.0, 0.0, 0.0, 1.0, 0.0, 0.0, 1.0, 1.0, 1.0, 0.0, 1.0, 1.0, 0.0, 1.0, 1.0, 0.0, 0.0, 0.0, 1.0, 1.0, 1.0, 0.0, 1.0, 1.0, 1.0, 1.0, 1.0, 1.0, 1.0, 1.0, 0.0, 0.0, 0.0, 0.0, 1.0, 1.0, 1.0, 0.0, 0.0, 0.0, 1.0, 0.0, 0.0, 0.0, 1.0, 0.0, 0.0, 0.0, 0.0, 0.0, 1.0, 1.0, 1.0, 0.0, 0.0, 0.0, 1.0, 0.0, 0.0, 0.0, 0.0, 1.0, 0.0, 0.0, 0.0, 0.0, 0.0, 0.0, 0.0, 1.0, 0.0, 0.0, 0.0, 0.0, 1.0, 1.0, 1.0, 1.0, 0.0, 0.0, 0.0, 0.0, 1.0, 1.0, 1.0, 0.0, 0.0, 0.0, 1.0, 0.0, 1.0, 1.0, 1.0, 1.0, 0.0, 0.0, 0.0, 0.0, 1.0, 1.0, 1.0, 1.0, 0.0, 0.0, 0.0, 0.0, 1.0, 1.0, 1.0, 1.0, 1.0, 1.0, 1.0, 0.0, 0.0, 0.0, 0.0, 0.0, 1.0, 0.0, 0.0, 0.0, 1.0, 1.0, 1.0, 1.0, 1.0, 1.0, 1.0, 1.0, 1.0, 1.0, 1.0, 1.0, 1.0, 1.0, 1.0, 0.0, 0.0, 0.0, 0.0, 0.0, 0.0, 0.0, 0.0, 0.0, 0.0, 1.0, 0.0, 1.0, 0.0, 1.0, 0.0, 1.0, 0.0, 0.0, 0.0, 1.0, 0.0, 0.0, 0.0, 0.0, 1.0, 1.0, 1.0, 0.0, 0.0, 0.0, 1.0, 0.0, 1.0, 1.0, 1.0, 1.0, 1.0, 0.0, 1.0, 0.0, 0.0, 1.0, 1.0, 1.0, 0.0, 0.0, 0.0, 0.0, 1.0, 1.0, 1.0, 0.0, 1.0, 1.0, 1.0, 1.0, 0.0, 1.0, 1.0, 1.0, 0.0, 0.0, 0.0, 0.0, 1.0, 1.0, 1.0, 1.0, 1.0, 1.0, 1.0, 0.0, 1.0, 1.0, 1.0, 1.0, 0.0, 0.0, 0.0, 0.0, 1.0, 1.0, 1.0, 1.0, 0.0, 0.0, 0.0, 0.0, 0.0, 1.0, 0.0, 0.0, 0.0, 0.0, 0.0, 0.0, 0.0, 0.0, 0.0, 0.0, 0.0, 0.0, 0.0, 0.0, 1.0, 0.0, 1.0, 1.0, 1.0, 0.0, 0.0, 1.0, 1.0, 1.0, 1.0, 1.0, 1.0, 0.0, 1.0, 0.0, 1.0, 1.0, 1.0, 1.0, 1.0, 0.0, 1.0, 1.0, 0.0, 0.0, 0.0, 0.0, 0.0, 1.0, 1.0, 0.0, 1.0, 0.0, 0.0, 1.0, 0.0, 0.0, 0.0, 0.0, 1.0, 1.0, 1.0, 0.0, 0.0, 0.0, 1.0, 0.0, 1.0, 1.0, 1.0, 0.0, 0.0, 0.0, 0.0, 0.0, 1.0, 1.0, 1.0, 1.0, 1.0, 1.0, 1.0, 0.0, 0.0, 0.0, 0.0, 0.0, 0.0, 0.0, 0.0, 0.0, 1.0, 0.0, 1.0, 0.0, 0.0, 0.0, 0.0, 0.0, 1.0, 1.0, 1.0, 1.0, 1.0, 1.0, 1.0, 0.0, 1.0, 1.0, 1.0, 1.0, 1.0, 1.0, 0.0, 1.0, 1.0, 1.0, 1.0, 1.0, 0.0, 0.0, 0.0, 0.0, 1.0, 1.0, 1.0, 1.0, 1.0, 1.0, 1.0, 0.0, 0.0, 1.0, 1.0, 1.0, 0.0, 0.0, 0.0, 0.0, 1.0, 1.0, 1.0, 1.0, 0.0, 0.0, 0.0, 0.0, 1.0, 0.0, 1.0, 0.0, 0.0, 0.0, 0.0, 0.0, 1.0, 1.0, 1.0, 1.0, 1.0, 0.0, 1.0, 0.0, 1.0, 1.0, 1.0, 0.0, 1.0, 1.0, 0.0, 1.0, 1.0, 1.0, 1.0, 1.0, 0.0, 0.0, 0.0, 0.0, 0.0, 0.0, 0.0, 0.0, 0.0, 1.0, 0.0, 0.0, 1.0, 1.0, 1.0, 1.0, 0.0, 0.0, 0.0, 0.0, 0.0, 0.0, 0.0, 0.0, 0.0, 0.0, 0.0, 0.0, 1.0, 0.0, 1.0, 0.0, 0.0, 0.0, 0.0, 0.0, 1.0, 1.0, 0.0, 0.0, 1.0, 1.0, 1.0, 1.0, 1.0, 1.0, 1.0, 1.0, 1.0, 1.0, 1.0, 1.0, 1.0, 1.0, 1.0, 1.0, 1.0, 0.0, 1.0, 1.0, 0.0, 1.0, 0.0, 1.0, 0.0, 1.0, 0.0, 0.0, 1.0, 1.0, 1.0, 1.0, 0.0, 0.0, 1.0, 0.0, 1.0, 1.0, 1.0, 1.0, 0.0, 0.0, 0.0, 0.0, 0.0, 0.0, 0.0, 1.0, 0.0, 0.0, 0.0, 0.0, 1.0, 1.0, 1.0, 1.0, 0.0, 0.0, 0.0, 0.0, 0.0, 1.0, 1.0, 1.0, 0.0, 1.0, 1.0, 0.0, 1.0, 1.0, 1.0, 1.0, 0.0, 0.0, 0.0, 0.0, 1.0, 0.0, 1.0, 1.0, 1.0, 0.0, 0.0, 1.0, 1.0, 1.0, 1.0, 1.0, 1.0, 1.0, 1.0, 0.0, 0.0, 0.0, 1.0, 0.0, 0.0, 1.0, 0.0, 0.0, 1.0, 1.0, 1.0, 1.0, 0.0, 0.0, 0.0, 0.0, 1.0, 1.0, 1.0, 0.0, 0.0, 0.0, 1.0, 0.0, 1.0, 1.0, 1.0, 1.0, 0.0, 0.0, 0.0, 0.0, 0.0, 0.0, 0.0, 0.0, 0.0, 0.0, 0.0, 0.0, 0.0, 1.0, 0.0, 1.0, 0.0, 1.0, 1.0, 0.0, 1.0, 1.0, 1.0, 1.0, 1.0, 0.0, 0.0, 1.0]",-311.9759791000219,630.4973078603782,-482.430437669722,964.860875339444,1.9575791903513533,-5.292505905346584,-5.545177444479562,12.664453352373004,11.090354888959125,1.4426940648172804,-15.276340039076096,-16.635532333438686,33.73073390850014,33.27106466687737,1.0908740239314543,"[0.0, 0.0, 1.0, 0.0, 0.0, 0.0, 0.0, 0.0, 1.0, 1.0, 1.0, 1.0, 0.877, 0.877, 0.877, 0.0, 1.0, 0.259, 1.0, 1.0, 0.8015, 0.0, 0.259, 1.0, 1.0, 1.0, 1.0, 1.0, 1.0, 1.0, 1.0, 0.0, 0.0, 0.0, 1.0, 0.0, 0.0, 0.0, 1.0, 0.0, 0.0, 0.0, 1.0, 0.0, 0.0, 0.0, 1.0, 0.0, 0.0, 0.0, 0.0, 0.0775, 0.0, 0.0, 0.1635, 0.47100000000000003, 1.0, 1.0, 1.0, 1.0, 0.0, 0.0, 0.0, 0.0, 0.0, 0.0, 0.0, 0.0, 0.0, 0.0, 0.0, 0.0, 1.0, 1.0, 1.0, 1.0, 1.0, 1.0, 1.0, 0.0, 1.0, 1.0, 1.0, 1.0, 0.0, 0.0, 0.0, 0.0, 0.0, 0.0, 0.0, 0.0, 0.0, 0.113, 0.113, 0.0, 0.0, 0.0, 0.0, 1.0, 0.0, 0.0, 0.0, 0.0, 1.0, 1.0, 1.0, 1.0, 0.0, 0.0, 0.0, 0.0, 0.9995, 1.0, 1.0, 0.663, 1.0, 1.0, 1.0, 0.353, 1.0, 1.0, 1.0, 1.0, 0.082, 0.082, 0.0, 0.0, 0.973, 1.0, 0.7655000000000001, 0.605, 0.973, 1.0, 1.0, 0.368, 0.0, 0.0, 1.0, 0.0, 1.0, 0.0, 1.0, 0.0, 1.0, 1.0, 1.0, 1.0, 0.0, 0.0, 1.0, 0.0, 1.0, 1.0, 1.0, 1.0, 0.0, 0.9465, 0.0, 0.0, 0.666, 1.0, 0.666, 0.666, 0.0, 0.0, 0.7975, 0.0, 0.0, 0.9430000000000001, 0.0, 1.0, 1.0, 0.0, 0.0, 0.0, 0.0, 1.0, 0.0, 0.0, 0.0, 0.0, 0.0, 0.0, 1.0, 1.0, 1.0, 1.0, 0.0, 0.0, 0.0, 0.0, 1.0, 1.0, 1.0, 1.0, 1.0, 1.0, 1.0, 0.0005, 1.0, 1.0, 1.0, 1.0, 1.0, 1.0, 0.0, 1.0, 1.0, 1.0, 1.0, 1.0, 0.0, 0.0, 0.0, 0.0, 1.0, 1.0, 1.0, 1.0, 1.0, 1.0, 1.0, 0.0, 1.0, 0.0, 1.0, 0.0, 0.0, 0.0, 0.0, 0.0, 0.0, 1.0, 0.0, 1.0, 0.0, 1.0, 0.0, 1.0, 1.0, 1.0, 1.0, 1.0, 1.0, 1.0, 1.0, 0.0, 1.0, 0.0, 1.0, 1.0, 1.0, 0.0, 0.0, 1.0, 1.0, 1.0, 1.0, 1.0, 1.0, 1.0, 1.0, 1.0, 0.0, 0.9580000000000001, 0.0, 0.0, 0.0, 0.0, 0.0045000000000000005, 0.0, 0.0, 0.0, 0.0, 0.0, 0.0, 0.0, 0.0, 1.0, 0.0, 0.0, 0.0005, 0.0, 0.0, 0.0, 0.0, 0.0, 0.0, 1.0, 0.0, 0.0, 0.0, 0.0, 0.0, 0.0, 1.0, 1.0, 1.0, 0.001, 0.001, 0.001, 1.0, 0.0, 0.0, 0.0, 0.6225, 0.0, 0.0, 0.0, 0.0, 0.0, 1.0, 1.0, 1.0, 1.0, 0.0, 0.0, 0.0, 0.0, 0.0, 0.0, 0.0, 0.0, 0.0, 0.0, 0.0, 0.0, 1.0, 1.0, 1.0, 1.0, 1.0, 1.0, 1.0, 0.0, 0.0, 0.0, 0.0, 1.0, 0.0, 0.0, 1.0, 0.0, 1.0, 1.0, 1.0, 1.0, 0.0, 0.0, 0.0, 0.0, 0.0, 1.0, 0.0, 0.0, 1.0, 0.0, 0.0, 1.0, 1.0, 1.0, 1.0, 1.0, 0.0, 0.0, 0.0, 0.0, 1.0, 1.0, 1.0, 1.0, 1.0, 0.0, 1.0, 1.0, 0.0, 0.0005, 0.0, 0.0, 0.0, 0.38, 0.0, 0.0, 1.0, 1.0, 1.0, 1.0, 0.0, 0.0, 0.0, 0.0, 1.0, 1.0, 1.0, 0.999, 1.0, 1.0, 1.0, 0.0195, 1.0, 1.0, 1.0, 1.0, 0.0, 0.0, 0.0, 0.0, 0.0, 0.6285000000000001, 0.0, 0.328, 0.0, 0.0, 0.6285000000000001, 0.0, 0.0, 0.0, 0.0, 0.0, 0.0, 0.0, 0.0, 1.0, 1.0, 1.0, 1.0, 1.0, 0.0, 0.0, 0.0, 0.0, 1.0, 1.0, 1.0, 1.0, 1.0, 1.0, 1.0, 0.0, 1.0, 1.0, 1.0, 1.0, 1.0, 1.0, 0.0375, 1.0, 1.0, 1.0, 1.0, 1.0, 0.0, 0.0, 0.0, 0.0, 1.0, 1.0, 1.0, 1.0, 1.0, 1.0, 1.0, 0.0, 1.0, 1.0, 1.0, 1.0, 1.0, 1.0, 0.0, 1.0, 1.0, 1.0, 1.0, 1.0, 0.0, 0.0, 0.0, 0.0, 1.0, 1.0, 1.0, 1.0, 1.0, 1.0, 1.0, 1.0, 0.0, 0.0, 0.4395, 0.0, 0.0, 0.0, 0.001, 1.0, 0.0, 0.0, 0.0, 0.0, 0.0, 0.0, 0.0, 0.0, 1.0, 1.0, 1.0, 0.0, 1.0, 0.0, 0.0, 1.0, 0.0, 0.0, 1.0, 1.0, 1.0, 0.0, 0.0, 0.0, 0.0, 0.0, 0.0, 0.0, 0.0, 0.0, 0.0, 0.0, 1.0, 1.0, 1.0, 1.0, 0.0, 0.0, 0.0, 0.0, 0.0, 0.0, 0.0, 0.0, 0.0, 1.0, 0.0, 0.0, 1.0, 1.0, 1.0, 1.0, 0.0, 0.4945, 0.0, 0.0, 1.0, 1.0, 1.0, 1.0, 0.0, 0.0, 1.0, 1.0, 1.0, 1.0, 1.0, 1.0, 0.0, 0.0, 0.0, 0.0, 1.0, 1.0, 1.0, 1.0, 1.0, 0.704, 0.296, 0.0, 1.0, 1.0, 1.0, 1.0, 0.0, 0.0, 1.0, 1.0, 1.0, 1.0, 1.0, 1.0, 0.0, 0.0, 0.0, 0.0, 0.006, 1.0, 0.006, 0.708, 0.298, 1.0, 0.298, 1.0, 1.0, 1.0, 1.0, 1.0, 0.0, 0.0, 0.0, 0.0, 1.0, 0.0, 1.0, 1.0, 1.0, 0.0, 0.0, 1.0, 0.0, 1.0, 1.0, 1.0, 0.0, 0.0, 0.0, 0.0, 1.0, 0.224, 1.0, 1.0, 0.776, 0.0, 0.224, 1.0, 1.0, 1.0, 1.0, 1.0, 0.0, 0.0, 0.0, 0.0, 1.0, 1.0, 0.0, 1.0, 1.0, 1.0, 0.0, 1.0, 1.0, 1.0, 1.0, 1.0, 0.0, 0.0, 0.0, 0.0, 1.0, 1.0, 1.0, 1.0, 1.0, 1.0, 1.0, 0.0, 1.0, 1.0, 1.0, 1.0, 0.0, 0.0, 0.0, 0.0, 0.0, 0.0, 0.0, 0.0, 0.0, 0.0, 0.0, 0.0, 1.0, 0.4865, 1.0, 1.0, 1.0, 0.0075, 0.4865, 1.0, 0.0225, 0.0, 0.0, 0.9775, 0.0, 0.0, 0.0, 0.0]",-419.18595103414617,844.9172517286268,-482.430437669722,964.860875339444,1.0,-3.5060935001457825,-5.545177444479562,9.091628541971401,11.090354888959125,1.0,-12.518280500437347,-16.635532333438686,28.21461483122264,33.27106466687737,0.5787520451143159,"[1.0, 1.0, 1.0, 1.0, 1.0, 0.0, 1.0, 0.0, 1.0, 1.0, 1.0, 1.0, 1.0, 1.0, 1.0, 0.0, 0.0, 0.0, 0.0, 0.0, 0.0, 0.0, 0.0, 0.0, 1.0, 1.0, 1.0, 1.0, 0.0, 0.0, 1.0, 0.0, 0.0, 0.0, 0.0, 0.0, 0.0, 1.0, 0.0, 0.0, 0.0, 0.0, 0.0, 0.0, 0.0, 0.0, 0.0, 0.0, 1.0, 1.0, 1.0, 1.0, 0.0, 0.0, 0.0, 0.0, 1.0, 1.0, 1.0, 1.0, 0.0, 0.0, 0.0, 0.0, 0.0, 0.0, 0.0, 0.0, 0.0, 1.0, 1.0, 0.0, 1.0, 1.0, 1.0, 1.0, 0.0, 0.0, 0.0, 0.0, 1.0, 1.0, 1.0, 1.0, 0.0, 0.0, 0.0, 0.0, 0.0, 0.0, 0.0, 0.0, 0.0, 0.0, 0.0, 0.0, 1.0, 1.0, 1.0, 1.0, 1.0, 1.0, 1.0, 0.0, 1.0, 1.0, 1.0, 1.0, 1.0, 0.0, 1.0, 0.0, 0.0, 1.0, 0.0, 0.0, 1.0, 1.0, 1.0, 0.0, 1.0, 1.0, 0.0, 1.0, 1.0, 0.0, 0.0, 0.0, 1.0, 1.0, 1.0, 0.0, 1.0, 1.0, 1.0, 1.0, 1.0, 1.0, 1.0, 1.0, 0.0, 0.0, 0.0, 0.0, 1.0, 1.0, 1.0, 0.0, 0.0, 0.0, 1.0, 0.0, 0.0, 0.0, 1.0, 0.0, 0.0, 0.0, 0.0, 0.0, 1.0, 1.0, 1.0, 0.0, 0.0, 0.0, 1.0, 0.0, 0.0, 0.0, 0.0, 1.0, 0.0, 0.0, 0.0, 0.0, 0.0, 0.0, 0.0, 1.0, 0.0, 0.0, 0.0, 0.0, 1.0, 1.0, 1.0, 1.0, 0.0, 0.0, 0.0, 0.0, 1.0, 1.0, 1.0, 0.0, 0.0, 0.0, 1.0, 0.0, 1.0, 1.0, 1.0, 1.0, 0.0, 0.0, 0.0, 0.0, 1.0, 1.0, 1.0, 1.0, 0.0, 0.0, 0.0, 0.0, 1.0, 1.0, 1.0, 1.0, 1.0, 1.0, 1.0, 0.0, 0.0, 0.0, 0.0, 0.0, 1.0, 0.0, 0.0, 0.0, 1.0, 1.0, 1.0, 1.0, 1.0, 1.0, 1.0, 1.0, 1.0, 1.0, 1.0, 1.0, 1.0, 1.0, 1.0, 0.0, 0.0, 0.0, 0.0, 0.0, 0.0, 0.0, 0.0, 0.0, 0.0, 1.0, 0.0, 1.0, 0.0, 1.0, 0.0, 1.0, 0.0, 0.0, 0.0, 1.0, 0.0, 0.0, 0.0, 0.0, 1.0, 1.0, 1.0, 0.0, 0.0, 0.0, 1.0, 0.0, 0.0, 0.0, 1.0, 0.0, 0.0, 0.0, 0.0, 0.0, 0.0, 1.0, 1.0, 1.0, 0.0, 0.0, 0.0, 0.0, 1.0, 1.0, 1.0, 0.0, 1.0, 1.0, 1.0, 1.0, 0.0, 0.0, 1.0, 0.0, 0.0, 0.0, 0.0, 0.0, 1.0, 1.0, 1.0, 1.0, 1.0, 1.0, 1.0, 0.0, 1.0, 1.0, 1.0, 1.0, 0.0, 0.0, 0.0, 0.0, 1.0, 1.0, 1.0, 1.0, 0.0, 0.0, 0.0, 0.0, 0.0, 1.0, 0.0, 0.0, 0.0, 0.0, 0.0, 0.0, 0.0, 0.0, 0.0, 0.0, 0.0, 0.0, 0.0, 0.0, 0.0, 0.0, 0.0, 0.0, 0.0, 0.0, 0.0, 0.0, 1.0, 1.0, 0.0, 1.0, 1.0, 0.0, 1.0, 0.0, 1.0, 1.0, 1.0, 1.0, 1.0, 0.0, 1.0, 1.0, 0.0, 0.0, 0.0, 0.0, 0.0, 1.0, 1.0, 0.0, 1.0, 0.0, 0.0, 1.0, 0.0, 0.0, 0.0, 0.0, 1.0, 1.0, 1.0, 0.0, 0.0, 0.0, 1.0, 0.0, 1.0, 1.0, 1.0, 0.0, 0.0, 0.0, 0.0, 0.0, 1.0, 1.0, 1.0, 1.0, 1.0, 1.0, 1.0, 0.0, 0.0, 0.0, 0.0, 0.0, 0.0, 0.0, 0.0, 0.0, 1.0, 0.0, 1.0, 0.0, 0.0, 0.0, 0.0, 0.0, 1.0, 1.0, 1.0, 1.0, 1.0, 1.0, 1.0, 0.0, 1.0, 1.0, 1.0, 1.0, 1.0, 1.0, 0.0, 1.0, 1.0, 1.0, 1.0, 1.0, 0.0, 0.0, 0.0, 0.0, 1.0, 1.0, 1.0, 1.0, 1.0, 1.0, 1.0, 0.0, 0.0, 1.0, 1.0, 1.0, 0.0, 0.0, 0.0, 0.0, 1.0, 1.0, 1.0, 1.0, 0.0, 0.0, 0.0, 0.0, 1.0, 0.0, 1.0, 0.0, 0.0, 0.0, 0.0, 0.0, 1.0, 1.0, 1.0, 1.0, 1.0, 0.0, 1.0, 0.0, 1.0, 1.0, 1.0, 0.0, 1.0, 1.0, 0.0, 1.0, 1.0, 1.0, 1.0, 1.0, 0.0, 0.0, 0.0, 0.0, 0.0, 0.0, 0.0, 0.0, 0.0, 0.0, 0.0, 0.0, 1.0, 1.0, 1.0, 1.0, 0.0, 0.0, 0.0, 0.0, 0.0, 0.0, 0.0, 0.0, 0.0, 0.0, 0.0, 0.0, 0.0, 0.0, 0.0, 0.0, 0.0, 0.0, 0.0, 0.0, 1.0, 1.0, 0.0, 0.0, 1.0, 1.0, 1.0, 1.0, 1.0, 1.0, 1.0, 1.0, 1.0, 1.0, 1.0, 1.0, 1.0, 1.0, 1.0, 1.0, 1.0, 0.0, 1.0, 1.0, 0.0, 1.0, 0.0, 1.0, 0.0, 1.0, 0.0, 0.0, 1.0, 1.0, 1.0, 1.0, 0.0, 0.0, 1.0, 0.0, 1.0, 1.0, 1.0, 1.0, 0.0, 0.0, 0.0, 0.0, 0.0, 0.0, 0.0, 1.0, 0.0, 0.0, 0.0, 0.0, 1.0, 1.0, 1.0, 1.0, 0.0, 0.0, 0.0, 0.0, 0.0, 1.0, 1.0, 1.0, 0.0, 1.0, 1.0, 0.0, 1.0, 1.0, 1.0, 1.0, 0.0, 0.0, 0.0, 0.0, 1.0, 0.0, 1.0, 1.0, 1.0, 0.0, 0.0, 1.0, 1.0, 1.0, 1.0, 1.0, 1.0, 1.0, 1.0, 0.0, 0.0, 1.0, 1.0, 1.0, 1.0, 1.0, 0.0, 0.0, 1.0, 1.0, 1.0, 1.0, 0.0, 0.0, 0.0, 0.0, 1.0, 1.0, 1.0, 0.0, 0.0, 0.0, 1.0, 0.0, 1.0, 1.0, 1.0, 1.0, 0.0, 0.0, 0.0, 0.0, 0.0, 0.0, 0.0, 0.0, 0.0, 0.0, 0.0, 0.0, 0.0, 0.0, 1.0, 1.0, 0.0, 0.0, 0.0, 0.0, 1.0, 1.0, 1.0, 1.0, 1.0, 0.0, 0.0, 1.0]",-295.2442605392121,597.0338707387587,-482.430437669722,964.860875339444,1.4426940648172804,-15.276340039076096,33.73073390850014,1.2846122460949685,-433.45128860920846,873.4479268787513,True,True,True,False,True,0.75,1.0,0.5,0.5,0.5,0.5,0.625,0.5,0.5,0.5,0.625,0.5,"Z.forall(lambda x1: Z.exists(lambda x2: Z.not_operator(Z.equal(x1,'upright','orientation')),X),X)","Z.exists(lambda x1: Z.not_operator(Z.equal(x1,'upright','orientation')),X)","Z.exists(lambda x1: Z.equal(x1,'blue','colour'),X)","Z.exists(lambda x1: Z.not_operator(Z.equal(x1,'upright','orientation')),X)",1.0,0.5,0.5,0.5,0.5,0.7083333333333334,0.6982758620689655,0.6867816091954023,0.6954022988505747,0.6925287356321839,5.241379310344827,0,0,0,0,0,0
30,39,75,qTF57,A-8J0T6shEk5TGpmAABH,Iota,one is blue,"[True, True, True, True, True, True, True, False]","[True, True, True, True, True, True, True, False]",0.625,0.625,There must be at least 1 blue cone in order for the scene to emit lota waves.,[['x1']],"Z.atleast(lambda x1: Z.equal(x1,'blue','colour'),1,X)",There must be at least 1 blue cone in order for a scene to emit lota waves.,"[{'ids': [0, 1, 2], 'colours': ['blue', 'green', 'red'], 'sizes': [2, 1, 3], 'xpos': [2.2833923467255732, 6.76926557046708, 3.3669703336145718], 'ypos': [4.127690184310035, 4.128333333333334, 3.717295476888299], 'rotations': [3.1399847803387497, 3.1415926535897927, 2.1765458583575734], 'orientations': ['upright', 'upright', 'strange'], 'contact': [[0, 2], [1], [2, 0]], 'grounded': ['yes', 'yes', 'yes'], 'follow_rule': True}, {'ids': [0, 1], 'colours': ['red', 'red'], 'sizes': [3, 3], 'xpos': [4.7631187598372735, 4.255235144277415], 'ypos': [3.6551408242663825, 3.862059643989941], 'rotations': [1.2456163538130893, 3.4851903254967946], 'orientations': ['lhs', 'upright'], 'contact': [[0, 1], [1, 0]], 'grounded': ['yes', 'no'], 'follow_rule': False}, {'ids': [0], 'colours': ['green'], 'sizes': [1], 'xpos': [6.276642197240763], 'ypos': [3.8434490672327764], 'rotations': [1.2102320403499292], 'orientations': ['lhs'], 'contact': [[0]], 'grounded': ['yes'], 'follow_rule': False}, {'ids': [0], 'colours': ['blue'], 'sizes': [2], 'xpos': [2.059151253959102], 'ypos': [3.747047336066912], 'rotations': [1.2334930673358384], 'orientations': ['lhs'], 'contact': [[0]], 'grounded': ['yes'], 'follow_rule': True}, {'ids': [0], 'colours': ['blue'], 'sizes': [3], 'xpos': [5.101021798729648], 'ypos': [4.12515819617314], 'rotations': [3.1415364389098075], 'orientations': ['upright'], 'contact': [[0]], 'grounded': ['yes'], 'follow_rule': True}, {'ids': [0], 'colours': ['blue'], 'sizes': [1], 'xpos': [4.129792010905962], 'ypos': [3.844058028279783], 'rotations': [1.2108644641829012], 'orientations': ['lhs'], 'contact': [[0]], 'grounded': ['yes'], 'follow_rule': True}, {'ids': [0, 1, 2, 3, 4], 'colours': ['blue', 'green', 'green', 'red', 'red'], 'sizes': [2, 2, 2, 3, 1], 'xpos': [2.117738514737005, 5.187234719427488, 3.6152446827469005, 6.3178095048965845, 2.114588090964177], 'ypos': [4.128027759340593, 4.1249541277652835, 3.7461545869488044, 3.705262336836937, 3.5141815923821165], 'rotations': [3.142463107930103, 3.1407578276214343, 5.0508622488271815, 2.1412950551012275, 3.1524839601538255], 'orientations': ['upright', 'upright', 'rhs', 'strange', 'upright'], 'contact': [[0, 4], [1, 3], [2], [3, 1], [4, 0]], 'grounded': ['yes', 'yes', 'yes', 'yes', 'no'], 'follow_rule': True}, {'ids': [0], 'colours': ['blue'], 'sizes': [2], 'xpos': [0.5123845849414752], 'ypos': [4.124822414421495], 'rotations': [3.1437263632972874], 'orientations': ['upright'], 'contact': [[0]], 'grounded': ['yes'], 'follow_rule': True}, {'ids': [0, 1, 2, 3, 4], 'colours': ['red', 'green', 'red', 'blue', 'green'], 'sizes': [3, 1, 1, 2, 3], 'xpos': [5.12691938557365, 5.11503131679493, 4.23727953775697, 6.19519140108846, 3.42148978150856], 'ypos': [4.16166666682932, 3.21450769513128, 4.15833270210236, 3.780270212316, 4.15777826181353], 'rotations': [3.14159265356107, 3.17396503839037, 3.13596899439433, 5.0484168782327, 3.14163950292034], 'contact': [[0, 1], [1, 0], 2, 3, 4], 'grounded': ['yes', 'no', 'yes', 'yes', 'yes']}, {'ids': [0, 1, 2, 3], 'colours': ['green', 'green', 'red', 'blue'], 'sizes': [1, 3, 1, 2], 'xpos': [1.95640316882102, 3.82119006463636, 5.49466900932729, 4.94512429018313], 'ypos': [4.1575463669092, 3.68793264237984, 3.88075060909874, 3.82370041726639], 'rotations': [3.14042586215534, 5.03796059957422, 5.07099533912214, 4.13396592888911], 'contact': [0, 1, [2, 3], [3, 2]], 'grounded': ['yes', 'yes', 'yes', 'yes']}, {'ids': [0, 1, 2, 3, 4], 'colours': ['red', 'blue', 'red', 'green', 'green'], 'sizes': [3, 1, 2, 2, 1], 'xpos': [6.01871423256697, 2.01992789098242, 4.13597794449854, 0.774406281828649, 4.80555851531279], 'ypos': [3.68393205570556, 4.15898574652681, 4.15794140291817, 3.77979942907755, 3.98725786368743], 'rotations': [1.24414891831718, 3.14156263599238, 3.14292046357041, 5.04964608195148, 2.53998237313469], 'contact': [[0, 4], 1, 2, 3, [4, 0]], 'grounded': ['yes', 'yes', 'yes', 'yes', 'yes']}, {'ids': [0, 1], 'colours': ['blue', 'green'], 'sizes': [1, 2], 'xpos': [1.67047327443096, 4.46813203908946], 'ypos': [4.15694705663294, 4.15819949787589], 'rotations': [3.14214596161258, 3.14225319301416], 'contact': [{'V1': 0, 'V2': 1}], 'grounded': ['yes', 'yes']}, {'ids': [0, 1, 2, 3, 4], 'colours': ['blue', 'blue', 'red', 'blue', 'red'], 'sizes': [1, 1, 3, 2, 3], 'xpos': [2.9749447690173, 1.59038636414738, 1.89943344290003, 0.742265142690783, 5.82945571924824], 'ypos': [4.14706432996679, 4.15682792868204, 3.68436535365509, 3.87793736870491, 4.15825788448378], 'rotations': [3.19018443917557, 3.14127258207092, 4.38185242264156, 2.36758036264438, 3.14223131257379], 'contact': [[0, 2], 1, [2, 0], 3, 4], 'grounded': ['yes', 'yes', 'yes', 'yes', 'yes']}, {'ids': [0, 1, 2, 3, 4], 'colours': ['blue', 'blue', 'red', 'red', 'blue'], 'sizes': [1, 1, 2, 3, 2], 'xpos': [3.86710801315826, 0.780465760873674, 4.72248955423569, 3.06295468416754, 7.04671297081929], 'ypos': [4.1448491118357, 4.15796013032216, 4.15793209798963, 3.75002575259372, 4.15761808534214], 'rotations': [3.19364501547634, 3.14186836777695, 3.13970081999877, 4.09252896570911, 3.14406240189392], 'contact': [[0, 3], 1, 2, [3, 0], 4], 'grounded': ['yes', 'yes', 'yes', 'yes', 'yes']}, {'ids': [0, 1, 2, 3], 'colours': ['blue', 'green', 'blue', 'red'], 'sizes': [1, 2, 1, 3], 'xpos': [0.414928997162714, 1.7723984589512, 5.75738502777065, 6.08770777718876], 'ypos': [4.15743978227501, 4.15711897749998, 3.88075060909862, 3.89628768750355], 'rotations': [3.14447951863788, 3.14010156096646, 5.07099533912207, 3.69409526653564], 'contact': [0, 1, [2, 3], [3, 2]], 'grounded': ['yes', 'yes', 'yes', 'yes']}, {'ids': [0, 1, 2, 3, 4], 'colours': ['green', 'red', 'green', 'green', 'red'], 'sizes': [2, 2, 3, 3, 2], 'xpos': [1.30426887924571, 1.8868098606311, 6.83333126813548, 2.79429839111229, 3.83407517131883], 'ypos': [3.78000391300947, 4.15881602818333, 3.73307814239637, 4.15736329550291, 4.15804254736289], 'rotations': [1.23253748876037, 3.14240000646429, 4.1567939442383, 3.14166932108615, 3.1439673324419], 'contact': [0, [1, 3], 2, [3, 1], 4], 'grounded': ['yes', 'yes', 'yes', 'yes', 'yes']}]","[True, True, True, True, True, True, True, False]","[True, True, True, True, True, True, True, True]","[False, False, False, False, False, False, False, False]","[False, False, False, False, False, False, False, False]","[True, True, True, True, True, True, True, False]","[True, True, True, True, True, True, True, True]","[False, False, False, False, False, False, False, False]","[False, False, False, False, False, False, False, False]",0.0,0.0,0.0,0.0,1.0,1.0,0.625,0.625,0.0,0.0,0.0,0.0,0.0,0.0,0.01,0.0,-5.545177444479562,2.0794415416798357,11.090354888959125,0.8021226947046932,-13.269213994386034,-16.635532333438686,29.716481819120013,33.27106466687737,1.0502311195665048,"[1.0, 1.0, 1.0, 1.0, 1.0, 0.0, 1.0, 0.0, 1.0, 1.0, 1.0, 1.0, 1.0, 1.0, 1.0, 0.0135, 0.9530000000000001, 0.092, 0.5895, 0.5895, 1.0, 0.0, 0.0, 0.861, 1.0, 1.0, 1.0, 0.2925, 0.999, 0.999, 1.0, 0.7155, 0.0, 0.0, 1.0, 0.0, 0.0, 0.0, 1.0, 0.0, 0.0, 0.0, 1.0, 0.0, 0.0, 0.0, 1.0, 0.0, 1.0, 1.0, 1.0, 1.0, 0.0, 0.0, 0.0, 0.0, 1.0, 1.0, 1.0, 1.0, 0.935, 0.935, 0.935, 0.935, 1.0, 1.0, 1.0, 1.0, 0.0, 1.0, 0.0, 0.0, 0.0, 1.0, 1.0, 1.0, 1.0, 1.0, 1.0, 1.0, 1.0, 1.0, 1.0, 1.0, 0.0935, 0.0935, 0.0935, 0.0935, 1.0, 1.0, 1.0, 1.0, 1.0, 1.0, 1.0, 1.0, 1.0, 1.0, 1.0, 1.0, 1.0, 1.0, 1.0, 0.013000000000000001, 1.0, 1.0, 0.998, 1.0, 1.0, 0.002, 0.998, 0.002, 1.0, 1.0, 1.0, 1.0, 1.0, 1.0, 1.0, 0.0, 0.973, 1.0, 0.9530000000000001, 1.0, 0.8925000000000001, 0.9195, 0.17400000000000002, 0.201, 1.0, 1.0, 1.0, 1.0, 0.0, 0.0, 0.0, 0.0, 1.0, 1.0, 1.0, 0.24, 1.0, 1.0, 0.968, 1.0, 0.653, 0.653, 0.653, 1.0, 0.2535, 0.2535, 0.7035, 0.10300000000000001, 1.0, 1.0, 1.0, 1.0, 0.0, 1.0, 0.0, 0.0, 1.0, 1.0, 1.0, 0.012, 0.988, 0.988, 1.0, 1.0, 1.0, 0.0, 1.0, 1.0, 1.0, 0.0, 0.0, 1.0, 0.0, 0.0, 0.0, 1.0, 1.0, 0.0, 0.0, 0.0, 1.0, 1.0, 1.0, 1.0, 0.0, 0.0, 0.0, 0.0, 1.0, 1.0, 1.0, 1.0, 0.0, 0.0, 0.0, 0.0, 1.0, 1.0, 1.0, 1.0, 1.0, 1.0, 0.841, 1.0, 1.0, 1.0, 1.0, 1.0, 0.0, 0.0, 0.0, 0.0, 1.0, 1.0, 1.0, 1.0, 1.0, 1.0, 1.0, 0.0, 0.197, 0.0, 0.85, 0.653, 0.803, 0.0, 0.0, 0.0, 0.8525, 0.847, 0.9935, 0.847, 0.28300000000000003, 0.4305, 0.426, 0.426, 1.0, 1.0, 1.0, 1.0, 1.0, 1.0, 1.0, 0.0, 0.798, 1.0, 0.7995, 0.7995, 0.0275, 0.029, 0.2265, 0.1975, 1.0, 1.0, 1.0, 1.0, 0.0, 0.0, 0.0, 0.0, 0.862, 0.854, 0.8595, 0.8955000000000001, 0.045, 0.0005, 0.8695, 0.8505, 1.0, 1.0, 1.0, 0.022, 1.0, 1.0, 1.0, 0.978, 0.28400000000000003, 0.0145, 0.1885, 0.0275, 0.2755, 0.0, 0.0015, 0.013000000000000001, 0.0, 0.0, 0.0, 1.0, 1.0, 0.0, 0.0, 0.0, 1.0, 1.0, 1.0, 1.0, 0.0, 0.0, 0.0, 0.0, 1.0, 1.0, 1.0, 1.0, 1.0, 0.0, 1.0, 0.0, 1.0, 1.0, 1.0, 1.0, 1.0, 1.0, 1.0, 0.0, 1.0, 1.0, 1.0, 0.728, 0.8265, 0.5545, 0.5545, 0.8265, 1.0, 1.0, 1.0, 1.0, 1.0, 1.0, 1.0, 1.0, 1.0, 1.0, 1.0, 0.8715, 0.9365, 0.8695, 0.8695, 0.9365, 0.229, 0.229, 0.229, 0.229, 0.801, 0.03, 0.03, 0.801, 0.0, 0.0, 0.0, 1.0, 1.0, 0.0, 0.0, 0.0, 0.108, 0.114, 0.2315, 0.108, 0.114, 0.07050000000000001, 0.0495, 0.006, 1.0, 1.0, 1.0, 1.0, 0.0, 0.0, 0.0, 0.0, 0.8955000000000001, 0.895, 0.0115, 0.0, 0.883, 0.0, 0.0, 0.0, 1.0, 1.0, 1.0, 1.0, 0.0, 0.0, 0.0, 0.0, 0.902, 0.902, 0.902, 0.678, 0.88, 0.88, 0.902, 0.807, 1.0, 1.0, 1.0, 1.0, 0.0, 0.0, 0.0, 0.0, 1.0, 1.0, 1.0, 1.0, 1.0, 1.0, 1.0, 0.0, 1.0, 1.0, 1.0, 1.0, 0.0, 0.0, 0.0, 0.0, 1.0, 1.0, 1.0, 1.0, 0.008, 0.008, 0.008, 0.008, 1.0, 1.0, 1.0, 1.0, 1.0, 1.0, 1.0, 0.0, 1.0, 1.0, 1.0, 1.0, 1.0, 1.0, 0.6980000000000001, 1.0, 1.0, 1.0, 1.0, 1.0, 0.0, 0.0, 0.0, 0.0, 1.0, 1.0, 1.0, 1.0, 1.0, 1.0, 1.0, 0.0, 0.9530000000000001, 0.9530000000000001, 0.9530000000000001, 1.0, 1.0, 1.0, 0.641, 0.9530000000000001, 1.0, 1.0, 1.0, 1.0, 0.0, 0.0, 0.0, 0.0, 1.0, 1.0, 1.0, 1.0, 1.0, 1.0, 1.0, 1.0, 1.0, 1.0, 1.0, 1.0, 0.0, 0.0, 0.0, 0.0, 1.0, 1.0, 1.0, 1.0, 1.0, 1.0, 1.0, 1.0, 1.0, 1.0, 1.0, 1.0, 0.021500000000000002, 0.021500000000000002, 0.021500000000000002, 0.021500000000000002, 0.021500000000000002, 0.003, 0.02, 0.0095, 0.0095, 0.964, 0.9555, 0.0095, 1.0, 1.0, 1.0, 1.0, 1.0, 1.0, 1.0, 1.0, 1.0, 1.0, 1.0, 1.0, 0.0, 0.0, 0.0, 0.0, 1.0, 1.0, 1.0, 1.0, 0.0, 0.0, 1.0, 1.0, 1.0, 0.873, 0.198, 0.198, 1.0, 1.0, 0.6905, 1.0, 1.0, 1.0, 1.0, 1.0, 1.0, 1.0, 1.0, 0.0, 1.0, 0.999, 0.999, 1.0, 0.0025, 0.0025, 0.0025, 0.0025, 1.0, 1.0, 1.0, 1.0, 1.0, 0.686, 0.314, 0.0, 1.0, 1.0, 1.0, 1.0, 0.524, 0.524, 1.0, 0.47600000000000003, 1.0, 1.0, 1.0, 1.0, 0.008, 0.008, 0.008, 0.008, 0.9935, 0.9935, 0.9775, 0.9935, 0.9935, 0.0225, 0.988, 0.017, 1.0, 1.0, 1.0, 1.0, 0.0725, 0.0725, 0.0725, 0.0725, 0.041, 1.0, 1.0, 0.9590000000000001, 0.041, 0.9590000000000001, 1.0, 0.0, 0.7435, 0.9835, 0.7425, 0.986, 0.7435, 0.7435, 0.256, 0.987, 1.0, 0.005, 1.0, 1.0, 1.0, 0.005, 0.005, 1.0, 1.0, 1.0, 1.0, 1.0, 1.0, 1.0, 1.0, 0.0, 1.0, 1.0, 1.0, 1.0, 0.0, 0.0, 0.0, 0.0, 1.0, 1.0, 1.0, 1.0, 0.0, 0.0, 0.0, 0.0, 0.9705, 0.9705, 0.9145, 1.0, 0.8015, 0.8015, 0.9705, 0.7865, 1.0, 1.0, 1.0, 1.0, 0.0, 0.0, 0.0, 0.0, 1.0, 1.0, 1.0, 1.0, 0.0, 0.0, 0.0, 0.0, 1.0, 1.0, 1.0, 1.0, 0.0, 0.0, 0.0, 0.0, 1.0, 1.0, 1.0, 1.0, 1.0, 1.0, 1.0, 1.0]",-418.5875071169283,843.720363894191,-482.430437669722,964.860875339444,0.01,0.0,2.0794415416798357,0.5138983426703672,-9.042483870154484,21.263021570656914,0.6334250289943713,"[1.0, 1.0, 1.0, 1.0, 1.0, 0.0, 1.0, 0.0, 1.0, 1.0, 1.0, 1.0, 1.0, 1.0, 1.0, 0.0, 0.0, 0.0, 0.0, 0.0, 0.0, 0.0, 0.0, 0.0, 1.0, 1.0, 1.0, 0.0, 0.0, 0.0, 1.0, 0.0, 0.0, 0.0, 1.0, 1.0, 0.0, 1.0, 1.0, 1.0, 1.0, 1.0, 1.0, 1.0, 0.0, 0.0, 1.0, 1.0, 1.0, 1.0, 1.0, 1.0, 0.0, 0.0, 0.0, 0.0, 1.0, 1.0, 1.0, 1.0, 0.0, 0.0, 0.0, 0.0, 0.0, 0.0, 0.0, 0.0, 0.0, 1.0, 1.0, 0.0, 1.0, 1.0, 1.0, 1.0, 0.0, 0.0, 0.0, 0.0, 1.0, 1.0, 1.0, 1.0, 0.0, 0.0, 0.0, 0.0, 1.0, 1.0, 1.0, 1.0, 1.0, 1.0, 0.0, 1.0, 1.0, 1.0, 1.0, 1.0, 1.0, 1.0, 1.0, 0.0, 1.0, 1.0, 1.0, 1.0, 1.0, 0.0, 1.0, 0.0, 0.0, 1.0, 0.0, 0.0, 1.0, 1.0, 1.0, 0.0, 1.0, 1.0, 0.0, 1.0, 1.0, 0.0, 0.0, 0.0, 1.0, 1.0, 1.0, 0.0, 1.0, 1.0, 1.0, 1.0, 1.0, 1.0, 1.0, 1.0, 0.0, 0.0, 0.0, 0.0, 1.0, 1.0, 1.0, 0.0, 0.0, 0.0, 1.0, 0.0, 0.0, 0.0, 1.0, 0.0, 0.0, 0.0, 0.0, 0.0, 1.0, 1.0, 1.0, 0.0, 0.0, 0.0, 1.0, 0.0, 0.0, 0.0, 0.0, 1.0, 0.0, 0.0, 0.0, 0.0, 0.0, 0.0, 0.0, 1.0, 0.0, 0.0, 0.0, 0.0, 1.0, 1.0, 1.0, 1.0, 0.0, 0.0, 0.0, 0.0, 1.0, 1.0, 1.0, 0.0, 0.0, 0.0, 1.0, 0.0, 1.0, 1.0, 1.0, 1.0, 0.0, 0.0, 0.0, 0.0, 1.0, 1.0, 1.0, 1.0, 0.0, 0.0, 0.0, 0.0, 1.0, 1.0, 1.0, 1.0, 1.0, 1.0, 1.0, 0.0, 0.0, 0.0, 0.0, 0.0, 1.0, 0.0, 0.0, 0.0, 1.0, 1.0, 1.0, 1.0, 1.0, 1.0, 1.0, 1.0, 1.0, 1.0, 1.0, 1.0, 1.0, 1.0, 1.0, 0.0, 0.0, 0.0, 0.0, 0.0, 0.0, 0.0, 0.0, 0.0, 0.0, 1.0, 0.0, 1.0, 0.0, 1.0, 0.0, 1.0, 0.0, 0.0, 0.0, 1.0, 0.0, 0.0, 0.0, 0.0, 1.0, 1.0, 1.0, 0.0, 0.0, 0.0, 1.0, 0.0, 1.0, 1.0, 1.0, 1.0, 1.0, 0.0, 1.0, 0.0, 0.0, 1.0, 1.0, 1.0, 0.0, 0.0, 0.0, 0.0, 1.0, 1.0, 1.0, 0.0, 1.0, 1.0, 1.0, 1.0, 0.0, 1.0, 1.0, 1.0, 0.0, 0.0, 0.0, 0.0, 1.0, 1.0, 1.0, 1.0, 1.0, 1.0, 1.0, 0.0, 1.0, 1.0, 1.0, 1.0, 0.0, 0.0, 0.0, 0.0, 1.0, 1.0, 1.0, 1.0, 0.0, 0.0, 0.0, 0.0, 0.0, 1.0, 0.0, 0.0, 0.0, 0.0, 0.0, 0.0, 1.0, 1.0, 1.0, 1.0, 1.0, 0.0, 1.0, 1.0, 0.0, 0.0, 0.0, 0.0, 0.0, 1.0, 1.0, 0.0, 1.0, 1.0, 1.0, 1.0, 1.0, 0.0, 1.0, 0.0, 1.0, 1.0, 1.0, 1.0, 1.0, 0.0, 1.0, 1.0, 0.0, 0.0, 0.0, 0.0, 0.0, 1.0, 1.0, 0.0, 1.0, 0.0, 0.0, 1.0, 0.0, 0.0, 0.0, 0.0, 1.0, 1.0, 1.0, 0.0, 0.0, 0.0, 1.0, 0.0, 1.0, 1.0, 1.0, 0.0, 0.0, 0.0, 0.0, 0.0, 1.0, 1.0, 1.0, 1.0, 1.0, 1.0, 1.0, 0.0, 0.0, 0.0, 0.0, 0.0, 0.0, 0.0, 0.0, 0.0, 1.0, 0.0, 1.0, 0.0, 0.0, 0.0, 0.0, 0.0, 1.0, 1.0, 1.0, 1.0, 1.0, 1.0, 1.0, 0.0, 1.0, 1.0, 1.0, 1.0, 1.0, 1.0, 0.0, 1.0, 1.0, 1.0, 1.0, 1.0, 0.0, 0.0, 0.0, 0.0, 1.0, 1.0, 1.0, 1.0, 1.0, 1.0, 1.0, 0.0, 0.0, 1.0, 1.0, 1.0, 0.0, 0.0, 0.0, 0.0, 1.0, 1.0, 1.0, 1.0, 0.0, 0.0, 0.0, 0.0, 1.0, 0.0, 1.0, 0.0, 0.0, 0.0, 0.0, 0.0, 1.0, 1.0, 1.0, 1.0, 1.0, 0.0, 1.0, 0.0, 1.0, 1.0, 1.0, 0.0, 1.0, 1.0, 0.0, 1.0, 1.0, 1.0, 1.0, 1.0, 0.0, 0.0, 0.0, 0.0, 0.0, 0.0, 0.0, 0.0, 0.0, 1.0, 0.0, 0.0, 1.0, 1.0, 1.0, 1.0, 0.0, 0.0, 0.0, 0.0, 0.0, 0.0, 0.0, 0.0, 0.0, 0.0, 0.0, 0.0, 1.0, 0.0, 1.0, 0.0, 0.0, 0.0, 0.0, 0.0, 1.0, 1.0, 0.0, 0.0, 1.0, 1.0, 1.0, 1.0, 1.0, 1.0, 1.0, 1.0, 1.0, 1.0, 1.0, 1.0, 1.0, 1.0, 1.0, 1.0, 1.0, 0.0, 1.0, 1.0, 0.0, 1.0, 0.0, 1.0, 0.0, 1.0, 0.0, 0.0, 1.0, 1.0, 1.0, 1.0, 0.0, 0.0, 1.0, 0.0, 1.0, 1.0, 1.0, 1.0, 0.0, 0.0, 0.0, 0.0, 0.0, 0.0, 0.0, 1.0, 0.0, 0.0, 0.0, 0.0, 1.0, 1.0, 1.0, 1.0, 0.0, 0.0, 0.0, 0.0, 0.0, 1.0, 1.0, 1.0, 0.0, 1.0, 1.0, 0.0, 1.0, 1.0, 1.0, 1.0, 0.0, 0.0, 0.0, 0.0, 1.0, 0.0, 1.0, 1.0, 1.0, 0.0, 0.0, 1.0, 1.0, 1.0, 1.0, 1.0, 1.0, 1.0, 1.0, 0.0, 0.0, 1.0, 1.0, 1.0, 1.0, 1.0, 0.0, 0.0, 1.0, 1.0, 1.0, 1.0, 0.0, 0.0, 0.0, 0.0, 1.0, 1.0, 1.0, 0.0, 0.0, 0.0, 1.0, 0.0, 1.0, 1.0, 1.0, 1.0, 0.0, 0.0, 0.0, 0.0, 0.0, 0.0, 0.0, 0.0, 0.0, 0.0, 0.0, 0.0, 0.0, 1.0, 0.0, 1.0, 0.0, 1.0, 1.0, 0.0, 1.0, 1.0, 1.0, 1.0, 1.0, 0.0, 0.0, 1.0]",-318.3726801373107,643.2907099349558,0.01,0.0,-5.545177444479562,2.0794415416798357,11.090354888959125,0.5138983426703672,-9.042483870154484,-16.635532333438686,21.263021570656914,33.27106466687737,0.6173530694834558,"[1.0, 1.0, 1.0, 1.0, 1.0, 0.0, 1.0, 0.0, 1.0, 1.0, 1.0, 1.0, 1.0, 1.0, 1.0, 0.0, 0.0, 0.0, 0.0, 0.0, 0.0, 0.0, 0.0, 0.0, 1.0, 1.0, 1.0, 0.0, 0.0, 0.0, 1.0, 0.0, 0.0, 0.0, 1.0, 1.0, 0.0, 1.0, 1.0, 1.0, 0.0, 0.0, 0.0, 0.0, 0.0, 0.0, 0.0, 0.0, 1.0, 1.0, 1.0, 1.0, 0.0, 0.0, 0.0, 0.0, 1.0, 1.0, 1.0, 1.0, 0.0, 0.0, 0.0, 0.0, 0.0, 0.0, 0.0, 0.0, 0.0, 1.0, 1.0, 0.0, 0.0, 0.0, 0.0, 1.0, 0.0, 0.0, 0.0, 0.0, 1.0, 1.0, 1.0, 1.0, 0.0, 0.0, 0.0, 0.0, 0.0, 0.0, 0.0, 0.0, 1.0, 1.0, 0.0, 1.0, 1.0, 1.0, 1.0, 1.0, 1.0, 1.0, 1.0, 0.0, 1.0, 1.0, 1.0, 1.0, 1.0, 0.0, 1.0, 0.0, 0.0, 1.0, 0.0, 0.0, 1.0, 1.0, 1.0, 0.0, 1.0, 1.0, 0.0, 1.0, 1.0, 0.0, 0.0, 0.0, 1.0, 1.0, 1.0, 0.0, 1.0, 1.0, 1.0, 1.0, 1.0, 1.0, 1.0, 1.0, 0.0, 0.0, 0.0, 0.0, 1.0, 1.0, 1.0, 0.0, 0.0, 0.0, 1.0, 0.0, 0.0, 0.0, 1.0, 0.0, 0.0, 0.0, 0.0, 0.0, 1.0, 1.0, 1.0, 0.0, 0.0, 0.0, 1.0, 0.0, 0.0, 0.0, 0.0, 1.0, 0.0, 0.0, 0.0, 0.0, 0.0, 0.0, 0.0, 1.0, 0.0, 0.0, 0.0, 0.0, 1.0, 1.0, 1.0, 1.0, 0.0, 0.0, 0.0, 0.0, 1.0, 1.0, 1.0, 0.0, 0.0, 0.0, 1.0, 0.0, 1.0, 1.0, 1.0, 1.0, 0.0, 0.0, 0.0, 0.0, 1.0, 1.0, 1.0, 1.0, 0.0, 0.0, 0.0, 0.0, 1.0, 1.0, 1.0, 1.0, 1.0, 1.0, 1.0, 0.0, 0.0, 0.0, 0.0, 0.0, 1.0, 0.0, 0.0, 0.0, 1.0, 1.0, 1.0, 1.0, 1.0, 1.0, 1.0, 1.0, 1.0, 1.0, 1.0, 1.0, 1.0, 1.0, 1.0, 0.0, 0.0, 0.0, 0.0, 0.0, 0.0, 0.0, 0.0, 0.0, 0.0, 1.0, 0.0, 1.0, 0.0, 1.0, 0.0, 1.0, 0.0, 0.0, 0.0, 1.0, 0.0, 0.0, 0.0, 0.0, 1.0, 1.0, 1.0, 0.0, 0.0, 0.0, 1.0, 0.0, 1.0, 1.0, 1.0, 1.0, 1.0, 0.0, 1.0, 0.0, 0.0, 1.0, 1.0, 1.0, 0.0, 0.0, 0.0, 0.0, 1.0, 1.0, 1.0, 0.0, 1.0, 1.0, 1.0, 1.0, 0.0, 1.0, 1.0, 1.0, 0.0, 0.0, 0.0, 0.0, 1.0, 1.0, 1.0, 1.0, 1.0, 1.0, 1.0, 0.0, 1.0, 1.0, 1.0, 1.0, 0.0, 0.0, 0.0, 0.0, 1.0, 1.0, 1.0, 1.0, 0.0, 0.0, 0.0, 0.0, 0.0, 1.0, 0.0, 0.0, 0.0, 0.0, 0.0, 0.0, 0.0, 0.0, 0.0, 0.0, 0.0, 0.0, 0.0, 0.0, 1.0, 0.0, 1.0, 1.0, 1.0, 0.0, 0.0, 1.0, 1.0, 1.0, 1.0, 1.0, 1.0, 0.0, 1.0, 0.0, 1.0, 1.0, 1.0, 1.0, 1.0, 0.0, 1.0, 1.0, 0.0, 0.0, 0.0, 0.0, 0.0, 1.0, 1.0, 0.0, 1.0, 0.0, 0.0, 1.0, 0.0, 0.0, 0.0, 0.0, 1.0, 1.0, 1.0, 0.0, 0.0, 0.0, 1.0, 0.0, 1.0, 1.0, 1.0, 0.0, 0.0, 0.0, 0.0, 0.0, 1.0, 1.0, 1.0, 1.0, 1.0, 1.0, 1.0, 0.0, 0.0, 0.0, 0.0, 0.0, 0.0, 0.0, 0.0, 0.0, 1.0, 0.0, 1.0, 0.0, 0.0, 0.0, 0.0, 0.0, 1.0, 1.0, 1.0, 1.0, 1.0, 1.0, 1.0, 0.0, 1.0, 1.0, 1.0, 1.0, 1.0, 1.0, 0.0, 1.0, 1.0, 1.0, 1.0, 1.0, 0.0, 0.0, 0.0, 0.0, 1.0, 1.0, 1.0, 1.0, 1.0, 1.0, 1.0, 0.0, 0.0, 1.0, 1.0, 1.0, 0.0, 0.0, 0.0, 0.0, 1.0, 1.0, 1.0, 1.0, 0.0, 0.0, 0.0, 0.0, 1.0, 0.0, 1.0, 0.0, 0.0, 0.0, 0.0, 0.0, 1.0, 1.0, 1.0, 1.0, 1.0, 0.0, 1.0, 0.0, 1.0, 1.0, 1.0, 0.0, 1.0, 1.0, 0.0, 1.0, 1.0, 1.0, 1.0, 1.0, 0.0, 0.0, 0.0, 0.0, 0.0, 0.0, 0.0, 0.0, 0.0, 1.0, 0.0, 0.0, 1.0, 1.0, 1.0, 1.0, 0.0, 0.0, 0.0, 0.0, 0.0, 0.0, 0.0, 0.0, 0.0, 0.0, 0.0, 0.0, 1.0, 0.0, 1.0, 0.0, 0.0, 0.0, 0.0, 0.0, 1.0, 1.0, 0.0, 0.0, 1.0, 1.0, 1.0, 1.0, 1.0, 1.0, 1.0, 1.0, 1.0, 1.0, 1.0, 1.0, 1.0, 1.0, 1.0, 1.0, 1.0, 0.0, 1.0, 1.0, 0.0, 1.0, 0.0, 1.0, 0.0, 1.0, 0.0, 0.0, 1.0, 1.0, 1.0, 1.0, 0.0, 0.0, 1.0, 0.0, 1.0, 1.0, 1.0, 1.0, 0.0, 0.0, 0.0, 0.0, 0.0, 0.0, 0.0, 1.0, 0.0, 0.0, 0.0, 0.0, 1.0, 1.0, 1.0, 1.0, 0.0, 0.0, 0.0, 0.0, 0.0, 1.0, 1.0, 1.0, 0.0, 1.0, 1.0, 0.0, 1.0, 1.0, 1.0, 1.0, 0.0, 0.0, 0.0, 0.0, 1.0, 0.0, 1.0, 1.0, 1.0, 0.0, 0.0, 1.0, 1.0, 1.0, 1.0, 1.0, 1.0, 1.0, 1.0, 0.0, 0.0, 0.0, 1.0, 0.0, 0.0, 1.0, 0.0, 0.0, 1.0, 1.0, 1.0, 1.0, 0.0, 0.0, 0.0, 0.0, 1.0, 1.0, 1.0, 0.0, 0.0, 0.0, 1.0, 0.0, 1.0, 1.0, 1.0, 1.0, 0.0, 0.0, 0.0, 0.0, 0.0, 0.0, 0.0, 0.0, 0.0, 0.0, 0.0, 0.0, 0.0, 1.0, 0.0, 1.0, 0.0, 1.0, 1.0, 0.0, 1.0, 1.0, 1.0, 1.0, 1.0, 0.0, 0.0, 1.0]",-311.9759791000219,630.4973078603782,-482.430437669722,964.860875339444,0.01,0.0,-5.545177444479562,2.0794415416798357,11.090354888959125,1.442694391631023,-15.276340039075766,-16.635532333438686,33.73073390849948,33.27106466687737,1.0908740239314543,"[0.0, 0.0, 1.0, 0.0, 0.0, 0.0, 0.0, 0.0, 1.0, 1.0, 1.0, 1.0, 0.877, 0.877, 0.877, 0.0, 1.0, 0.259, 1.0, 1.0, 0.8015, 0.0, 0.259, 1.0, 1.0, 1.0, 1.0, 1.0, 1.0, 1.0, 1.0, 0.0, 0.0, 0.0, 1.0, 0.0, 0.0, 0.0, 1.0, 0.0, 0.0, 0.0, 1.0, 0.0, 0.0, 0.0, 1.0, 0.0, 0.0, 0.0, 0.0, 0.0775, 0.0, 0.0, 0.1635, 0.47100000000000003, 1.0, 1.0, 1.0, 1.0, 0.0, 0.0, 0.0, 0.0, 0.0, 0.0, 0.0, 0.0, 0.0, 0.0, 0.0, 0.0, 1.0, 1.0, 1.0, 1.0, 1.0, 1.0, 1.0, 0.0, 1.0, 1.0, 1.0, 1.0, 0.0, 0.0, 0.0, 0.0, 0.0, 0.0, 0.0, 0.0, 0.0, 0.113, 0.113, 0.0, 0.0, 0.0, 0.0, 1.0, 0.0, 0.0, 0.0, 0.0, 1.0, 1.0, 1.0, 1.0, 0.0, 0.0, 0.0, 0.0, 0.9995, 1.0, 1.0, 0.663, 1.0, 1.0, 1.0, 0.353, 1.0, 1.0, 1.0, 1.0, 0.082, 0.082, 0.0, 0.0, 0.973, 1.0, 0.7655000000000001, 0.605, 0.973, 1.0, 1.0, 0.368, 0.0, 0.0, 1.0, 0.0, 1.0, 0.0, 1.0, 0.0, 1.0, 1.0, 1.0, 1.0, 0.0, 0.0, 1.0, 0.0, 1.0, 1.0, 1.0, 1.0, 0.0, 0.9465, 0.0, 0.0, 0.666, 1.0, 0.666, 0.666, 0.0, 0.0, 0.7975, 0.0, 0.0, 0.9430000000000001, 0.0, 1.0, 1.0, 0.0, 0.0, 0.0, 0.0, 1.0, 0.0, 0.0, 0.0, 0.0, 0.0, 0.0, 1.0, 1.0, 1.0, 1.0, 0.0, 0.0, 0.0, 0.0, 1.0, 1.0, 1.0, 1.0, 1.0, 1.0, 1.0, 0.0005, 1.0, 1.0, 1.0, 1.0, 1.0, 1.0, 0.0, 1.0, 1.0, 1.0, 1.0, 1.0, 0.0, 0.0, 0.0, 0.0, 1.0, 1.0, 1.0, 1.0, 1.0, 1.0, 1.0, 0.0, 1.0, 0.0, 1.0, 0.0, 0.0, 0.0, 0.0, 0.0, 0.0, 1.0, 0.0, 1.0, 0.0, 1.0, 0.0, 1.0, 1.0, 1.0, 1.0, 1.0, 1.0, 1.0, 1.0, 0.0, 1.0, 0.0, 1.0, 1.0, 1.0, 0.0, 0.0, 1.0, 1.0, 1.0, 1.0, 1.0, 1.0, 1.0, 1.0, 1.0, 0.0, 0.9580000000000001, 0.0, 0.0, 0.0, 0.0, 0.0045000000000000005, 0.0, 0.0, 0.0, 0.0, 0.0, 0.0, 0.0, 0.0, 1.0, 0.0, 0.0, 0.0005, 0.0, 0.0, 0.0, 0.0, 0.0, 0.0, 1.0, 0.0, 0.0, 0.0, 0.0, 0.0, 0.0, 1.0, 1.0, 1.0, 0.001, 0.001, 0.001, 1.0, 0.0, 0.0, 0.0, 0.6225, 0.0, 0.0, 0.0, 0.0, 0.0, 1.0, 1.0, 1.0, 1.0, 0.0, 0.0, 0.0, 0.0, 0.0, 0.0, 0.0, 0.0, 0.0, 0.0, 0.0, 0.0, 1.0, 1.0, 1.0, 1.0, 1.0, 1.0, 1.0, 0.0, 0.0, 0.0, 0.0, 1.0, 0.0, 0.0, 1.0, 0.0, 1.0, 1.0, 1.0, 1.0, 0.0, 0.0, 0.0, 0.0, 0.0, 1.0, 0.0, 0.0, 1.0, 0.0, 0.0, 1.0, 1.0, 1.0, 1.0, 1.0, 0.0, 0.0, 0.0, 0.0, 1.0, 1.0, 1.0, 1.0, 1.0, 0.0, 1.0, 1.0, 0.0, 0.0005, 0.0, 0.0, 0.0, 0.38, 0.0, 0.0, 1.0, 1.0, 1.0, 1.0, 0.0, 0.0, 0.0, 0.0, 1.0, 1.0, 1.0, 0.999, 1.0, 1.0, 1.0, 0.0195, 1.0, 1.0, 1.0, 1.0, 0.0, 0.0, 0.0, 0.0, 0.0, 0.6285000000000001, 0.0, 0.328, 0.0, 0.0, 0.6285000000000001, 0.0, 0.0, 0.0, 0.0, 0.0, 0.0, 0.0, 0.0, 1.0, 1.0, 1.0, 1.0, 1.0, 0.0, 0.0, 0.0, 0.0, 1.0, 1.0, 1.0, 1.0, 1.0, 1.0, 1.0, 0.0, 1.0, 1.0, 1.0, 1.0, 1.0, 1.0, 0.0375, 1.0, 1.0, 1.0, 1.0, 1.0, 0.0, 0.0, 0.0, 0.0, 1.0, 1.0, 1.0, 1.0, 1.0, 1.0, 1.0, 0.0, 1.0, 1.0, 1.0, 1.0, 1.0, 1.0, 0.0, 1.0, 1.0, 1.0, 1.0, 1.0, 0.0, 0.0, 0.0, 0.0, 1.0, 1.0, 1.0, 1.0, 1.0, 1.0, 1.0, 1.0, 0.0, 0.0, 0.4395, 0.0, 0.0, 0.0, 0.001, 1.0, 0.0, 0.0, 0.0, 0.0, 0.0, 0.0, 0.0, 0.0, 1.0, 1.0, 1.0, 0.0, 1.0, 0.0, 0.0, 1.0, 0.0, 0.0, 1.0, 1.0, 1.0, 0.0, 0.0, 0.0, 0.0, 0.0, 0.0, 0.0, 0.0, 0.0, 0.0, 0.0, 1.0, 1.0, 1.0, 1.0, 0.0, 0.0, 0.0, 0.0, 0.0, 0.0, 0.0, 0.0, 0.0, 1.0, 0.0, 0.0, 1.0, 1.0, 1.0, 1.0, 0.0, 0.4945, 0.0, 0.0, 1.0, 1.0, 1.0, 1.0, 0.0, 0.0, 1.0, 1.0, 1.0, 1.0, 1.0, 1.0, 0.0, 0.0, 0.0, 0.0, 1.0, 1.0, 1.0, 1.0, 1.0, 0.704, 0.296, 0.0, 1.0, 1.0, 1.0, 1.0, 0.0, 0.0, 1.0, 1.0, 1.0, 1.0, 1.0, 1.0, 0.0, 0.0, 0.0, 0.0, 0.006, 1.0, 0.006, 0.708, 0.298, 1.0, 0.298, 1.0, 1.0, 1.0, 1.0, 1.0, 0.0, 0.0, 0.0, 0.0, 1.0, 0.0, 1.0, 1.0, 1.0, 0.0, 0.0, 1.0, 0.0, 1.0, 1.0, 1.0, 0.0, 0.0, 0.0, 0.0, 1.0, 0.224, 1.0, 1.0, 0.776, 0.0, 0.224, 1.0, 1.0, 1.0, 1.0, 1.0, 0.0, 0.0, 0.0, 0.0, 1.0, 1.0, 0.0, 1.0, 1.0, 1.0, 0.0, 1.0, 1.0, 1.0, 1.0, 1.0, 0.0, 0.0, 0.0, 0.0, 1.0, 1.0, 1.0, 1.0, 1.0, 1.0, 1.0, 0.0, 1.0, 1.0, 1.0, 1.0, 0.0, 0.0, 0.0, 0.0, 0.0, 0.0, 0.0, 0.0, 0.0, 0.0, 0.0, 0.0, 1.0, 0.4865, 1.0, 1.0, 1.0, 0.0075, 0.4865, 1.0, 0.0225, 0.0, 0.0, 0.9775, 0.0, 0.0, 0.0, 0.0]",-419.18595103414617,844.9172517286268,-482.430437669722,964.860875339444,0.01,0.0,-5.545177444479562,2.0794415416798357,11.090354888959125,0.5138983426703672,-9.042483870154484,-16.635532333438686,21.263021570656914,33.27106466687737,0.5787520451143159,"[1.0, 1.0, 1.0, 1.0, 1.0, 0.0, 1.0, 0.0, 1.0, 1.0, 1.0, 1.0, 1.0, 1.0, 1.0, 0.0, 0.0, 0.0, 0.0, 0.0, 0.0, 0.0, 0.0, 0.0, 1.0, 1.0, 1.0, 1.0, 0.0, 0.0, 1.0, 0.0, 0.0, 0.0, 0.0, 0.0, 0.0, 1.0, 0.0, 0.0, 0.0, 0.0, 0.0, 0.0, 0.0, 0.0, 0.0, 0.0, 1.0, 1.0, 1.0, 1.0, 0.0, 0.0, 0.0, 0.0, 1.0, 1.0, 1.0, 1.0, 0.0, 0.0, 0.0, 0.0, 0.0, 0.0, 0.0, 0.0, 0.0, 1.0, 1.0, 0.0, 1.0, 1.0, 1.0, 1.0, 0.0, 0.0, 0.0, 0.0, 1.0, 1.0, 1.0, 1.0, 0.0, 0.0, 0.0, 0.0, 0.0, 0.0, 0.0, 0.0, 0.0, 0.0, 0.0, 0.0, 1.0, 1.0, 1.0, 1.0, 1.0, 1.0, 1.0, 0.0, 1.0, 1.0, 1.0, 1.0, 1.0, 0.0, 1.0, 0.0, 0.0, 1.0, 0.0, 0.0, 1.0, 1.0, 1.0, 0.0, 1.0, 1.0, 0.0, 1.0, 1.0, 0.0, 0.0, 0.0, 1.0, 1.0, 1.0, 0.0, 1.0, 1.0, 1.0, 1.0, 1.0, 1.0, 1.0, 1.0, 0.0, 0.0, 0.0, 0.0, 1.0, 1.0, 1.0, 0.0, 0.0, 0.0, 1.0, 0.0, 0.0, 0.0, 1.0, 0.0, 0.0, 0.0, 0.0, 0.0, 1.0, 1.0, 1.0, 0.0, 0.0, 0.0, 1.0, 0.0, 0.0, 0.0, 0.0, 1.0, 0.0, 0.0, 0.0, 0.0, 0.0, 0.0, 0.0, 1.0, 0.0, 0.0, 0.0, 0.0, 1.0, 1.0, 1.0, 1.0, 0.0, 0.0, 0.0, 0.0, 1.0, 1.0, 1.0, 0.0, 0.0, 0.0, 1.0, 0.0, 1.0, 1.0, 1.0, 1.0, 0.0, 0.0, 0.0, 0.0, 1.0, 1.0, 1.0, 1.0, 0.0, 0.0, 0.0, 0.0, 1.0, 1.0, 1.0, 1.0, 1.0, 1.0, 1.0, 0.0, 0.0, 0.0, 0.0, 0.0, 1.0, 0.0, 0.0, 0.0, 1.0, 1.0, 1.0, 1.0, 1.0, 1.0, 1.0, 1.0, 1.0, 1.0, 1.0, 1.0, 1.0, 1.0, 1.0, 0.0, 0.0, 0.0, 0.0, 0.0, 0.0, 0.0, 0.0, 0.0, 0.0, 1.0, 0.0, 1.0, 0.0, 1.0, 0.0, 1.0, 0.0, 0.0, 0.0, 1.0, 0.0, 0.0, 0.0, 0.0, 1.0, 1.0, 1.0, 0.0, 0.0, 0.0, 1.0, 0.0, 0.0, 0.0, 1.0, 0.0, 0.0, 0.0, 0.0, 0.0, 0.0, 1.0, 1.0, 1.0, 0.0, 0.0, 0.0, 0.0, 1.0, 1.0, 1.0, 0.0, 1.0, 1.0, 1.0, 1.0, 0.0, 0.0, 1.0, 0.0, 0.0, 0.0, 0.0, 0.0, 1.0, 1.0, 1.0, 1.0, 1.0, 1.0, 1.0, 0.0, 1.0, 1.0, 1.0, 1.0, 0.0, 0.0, 0.0, 0.0, 1.0, 1.0, 1.0, 1.0, 0.0, 0.0, 0.0, 0.0, 0.0, 1.0, 0.0, 0.0, 0.0, 0.0, 0.0, 0.0, 0.0, 0.0, 0.0, 0.0, 0.0, 0.0, 0.0, 0.0, 0.0, 0.0, 0.0, 0.0, 0.0, 0.0, 0.0, 0.0, 1.0, 1.0, 0.0, 1.0, 1.0, 0.0, 1.0, 0.0, 1.0, 1.0, 1.0, 1.0, 1.0, 0.0, 1.0, 1.0, 0.0, 0.0, 0.0, 0.0, 0.0, 1.0, 1.0, 0.0, 1.0, 0.0, 0.0, 1.0, 0.0, 0.0, 0.0, 0.0, 1.0, 1.0, 1.0, 0.0, 0.0, 0.0, 1.0, 0.0, 1.0, 1.0, 1.0, 0.0, 0.0, 0.0, 0.0, 0.0, 1.0, 1.0, 1.0, 1.0, 1.0, 1.0, 1.0, 0.0, 0.0, 0.0, 0.0, 0.0, 0.0, 0.0, 0.0, 0.0, 1.0, 0.0, 1.0, 0.0, 0.0, 0.0, 0.0, 0.0, 1.0, 1.0, 1.0, 1.0, 1.0, 1.0, 1.0, 0.0, 1.0, 1.0, 1.0, 1.0, 1.0, 1.0, 0.0, 1.0, 1.0, 1.0, 1.0, 1.0, 0.0, 0.0, 0.0, 0.0, 1.0, 1.0, 1.0, 1.0, 1.0, 1.0, 1.0, 0.0, 0.0, 1.0, 1.0, 1.0, 0.0, 0.0, 0.0, 0.0, 1.0, 1.0, 1.0, 1.0, 0.0, 0.0, 0.0, 0.0, 1.0, 0.0, 1.0, 0.0, 0.0, 0.0, 0.0, 0.0, 1.0, 1.0, 1.0, 1.0, 1.0, 0.0, 1.0, 0.0, 1.0, 1.0, 1.0, 0.0, 1.0, 1.0, 0.0, 1.0, 1.0, 1.0, 1.0, 1.0, 0.0, 0.0, 0.0, 0.0, 0.0, 0.0, 0.0, 0.0, 0.0, 0.0, 0.0, 0.0, 1.0, 1.0, 1.0, 1.0, 0.0, 0.0, 0.0, 0.0, 0.0, 0.0, 0.0, 0.0, 0.0, 0.0, 0.0, 0.0, 0.0, 0.0, 0.0, 0.0, 0.0, 0.0, 0.0, 0.0, 1.0, 1.0, 0.0, 0.0, 1.0, 1.0, 1.0, 1.0, 1.0, 1.0, 1.0, 1.0, 1.0, 1.0, 1.0, 1.0, 1.0, 1.0, 1.0, 1.0, 1.0, 0.0, 1.0, 1.0, 0.0, 1.0, 0.0, 1.0, 0.0, 1.0, 0.0, 0.0, 1.0, 1.0, 1.0, 1.0, 0.0, 0.0, 1.0, 0.0, 1.0, 1.0, 1.0, 1.0, 0.0, 0.0, 0.0, 0.0, 0.0, 0.0, 0.0, 1.0, 0.0, 0.0, 0.0, 0.0, 1.0, 1.0, 1.0, 1.0, 0.0, 0.0, 0.0, 0.0, 0.0, 1.0, 1.0, 1.0, 0.0, 1.0, 1.0, 0.0, 1.0, 1.0, 1.0, 1.0, 0.0, 0.0, 0.0, 0.0, 1.0, 0.0, 1.0, 1.0, 1.0, 0.0, 0.0, 1.0, 1.0, 1.0, 1.0, 1.0, 1.0, 1.0, 1.0, 0.0, 0.0, 1.0, 1.0, 1.0, 1.0, 1.0, 0.0, 0.0, 1.0, 1.0, 1.0, 1.0, 0.0, 0.0, 0.0, 0.0, 1.0, 1.0, 1.0, 0.0, 0.0, 0.0, 1.0, 0.0, 1.0, 1.0, 1.0, 1.0, 0.0, 0.0, 0.0, 0.0, 0.0, 0.0, 0.0, 0.0, 0.0, 0.0, 0.0, 0.0, 0.0, 0.0, 1.0, 1.0, 0.0, 0.0, 0.0, 0.0, 1.0, 1.0, 1.0, 1.0, 1.0, 0.0, 0.0, 1.0]",-295.2442605392121,597.0338707387587,-482.430437669722,964.860875339444,1.1270131401661068,-14.4872940360187,32.15264190238535,1.2846122460949685,-433.45128860920846,873.4479268787513,True,True,True,False,True,0.875,0.625,0.5416666666666666,0.625,0.5416666666666666,0.625,0.5833333333333334,0.625,0.5416666666666666,0.625,0.5416666666666666,0.625,"Z.exists(lambda x1: Z.equal(x1,'blue','colour'),X)","Z.exists(lambda x1: Z.equal(x1,'blue','colour'),X)","Z.exists(lambda x1: Z.equal(x1,'blue','colour'),X)","Z.atleast(lambda x1: Z.equal(x1,'blue','colour'),1,X)",0.625,0.625,0.625,0.625,0.625,0.7083333333333334,0.6982758620689655,0.6867816091954023,0.6954022988505747,0.6925287356321839,5.241379310344827,0,0,0,0,0,0
31,40,77,qTF57,A-8J0T6shEk5TGpmAABH,Omega,all are blue OR small,"[False, True, True, False, False, False, False, False]","[False, True, True, False, True, False, False, False]",0.75,0.625,There must be no more than 2 colors of cones in the scene.,"[['x1'],['x1','x2']]","Z.atmost(lambda x1: Z.exists(lambda x2: Z.not_operator(Z.equal(x1,x2,'colour')),X),2,X)",There must be no more than 2 colors of cones in the scene.,"[{'ids': [0, 1, 2], 'colours': ['green', 'blue', 'green'], 'sizes': [1, 2, 1], 'xpos': [0.36959413505621275, 3.3555395866775566, 2.6478519224999433], 'ypos': [4.111666666666668, 4.111646661557346, 4.107683490415345], 'rotations': [3.141592653589794, 3.141570133408743, 3.145070980983599], 'orientations': ['upright', 'upright', 'upright'], 'contact': [[0], [1, 2], [2, 1]], 'grounded': ['yes', 'yes', 'yes'], 'follow_rule': True}, {'ids': [0], 'colours': ['blue'], 'sizes': [3], 'xpos': [6.57586274938635], 'ypos': [4.10787977252846], 'rotations': [3.1431571604723647], 'orientations': ['upright'], 'contact': [[0]], 'grounded': ['yes'], 'follow_rule': True}, {'ids': [0], 'colours': ['red'], 'sizes': [3], 'xpos': [5.931370061591526], 'ypos': [4.1059387751987515], 'rotations': [3.147853238397925], 'orientations': ['upright'], 'contact': [[0]], 'grounded': ['yes'], 'follow_rule': False}, {'ids': [0], 'colours': ['green'], 'sizes': [3], 'xpos': [5.805331826719694], 'ypos': [4.107691435088317], 'rotations': [3.1406283396891213], 'orientations': ['upright'], 'contact': [[0]], 'grounded': ['yes'], 'follow_rule': False}, {'ids': [0], 'colours': ['blue'], 'sizes': [1], 'xpos': [2.671116151966217], 'ypos': [4.107747863057634], 'rotations': [3.1463240001788164], 'orientations': ['upright'], 'contact': [[0]], 'grounded': ['yes'], 'follow_rule': True}, {'ids': [0, 1, 2], 'colours': ['blue', 'green', 'red'], 'sizes': [2, 2, 2], 'xpos': [5.463414459798797, 6.411503969586961, 4.293933018722657], 'ypos': [4.10935519634138, 4.107742739904861, 3.726015361457005], 'rotations': [3.1453015201430476, 3.1451537716674967, 4.439184296662113], 'orientations': ['upright', 'upright', 'strange'], 'contact': [[0, 2], [1], [2, 0]], 'grounded': ['yes', 'yes', 'yes'], 'follow_rule': False}, {'ids': [0, 1, 2, 3], 'colours': ['blue', 'red', 'green', 'green'], 'sizes': [3, 2, 2, 1], 'xpos': [3.3519819632980257, 5.585681101230495, 5.873262309918426, 4.2321068251589224], 'ypos': [4.110020948939902, 3.635075098384944, 3.734257855956454, 4.107993041750139], 'rotations': [3.138390234894506, 5.0487603071982265, 5.048932493914932, 3.1445293579879743], 'orientations': ['upright', 'rhs', 'rhs', 'upright'], 'contact': [[0], [1, 2], [2, 1], [3]], 'grounded': ['yes', 'no', 'yes', 'yes'], 'follow_rule': False}, {'ids': [0, 1], 'colours': ['blue', 'red'], 'sizes': [2, 1], 'xpos': [3.9264321549391314, 2.2111765067223437], 'ypos': [4.10800534925704, 4.107939347038543], 'rotations': [3.144408920597975, 3.1456857190925076], 'orientations': ['upright', 'upright'], 'contact': [[0], [1]], 'grounded': ['yes', 'yes'], 'follow_rule': True}, {'ids': [0], 'colours': ['red'], 'sizes': [1], 'xpos': [0.980966455584144], 'ypos': [4.15692217898732], 'rotations': [3.14075602080225], 'contact': [{'V1': 0}], 'grounded': ['yes']}, {'ids': [0, 1], 'colours': ['blue', 'blue'], 'sizes': [2, 2], 'xpos': [5.53919900438758, 1.65854079923742], 'ypos': [4.15829751656101, 4.15751198256046], 'rotations': [3.14294469336728, 3.13947439604659], 'contact': [{'V1': 0, 'V2': 1}], 'grounded': ['yes', 'yes']}, {'ids': [0, 1, 2], 'colours': ['blue', 'red', 'blue'], 'sizes': [1, 1, 1], 'xpos': [2.91233558185412, 3.62676822308812, 1.29792616640764], 'ypos': [4.1571699418337, 4.15734457821355, 3.87855314146574], 'rotations': [3.14061931424498, 3.14080979983927, 1.21335141178178], 'contact': [{'V1': 0, 'V2': 1, 'V3': 2}], 'grounded': ['yes', 'yes', 'yes']}, {'ids': [0, 1, 2, 3], 'colours': ['blue', 'red', 'blue', 'green'], 'sizes': [1, 1, 2, 1], 'xpos': [2.95609825059217, 3.96209693679724, 2.2390687716568, 6.71224095289635], 'ypos': [4.15768622476784, 4.15787716497594, 4.15807459370596, 3.87670727460735], 'rotations': [3.13919121672235, 3.14161554480523, 3.13998936351093, 5.07284064751327], 'contact': [{'V1': 0, 'V2': 1, 'V3': 2, 'V4': 3}], 'grounded': ['yes', 'yes', 'yes', 'yes']}, {'ids': [0, 1, 2], 'colours': ['green', 'red', 'red'], 'sizes': [1, 3, 1], 'xpos': [1.21736009446034, 6.88866095105911, 4.29219484852988], 'ypos': [4.15714834736316, 4.15848443530156, 4.15761681621936], 'rotations': [3.14148035908309, 3.14030543965137, 3.14298105798337], 'contact': [{'V1': 0, 'V2': 1, 'V3': 2}], 'grounded': ['yes', 'yes', 'yes']}, {'ids': [0, 1, 2, 3, 4], 'colours': ['green', 'blue', 'green', 'red', 'red'], 'sizes': [2, 2, 2, 2, 3], 'xpos': [3.83090657832267, 2.38910717821051, 3.54259339814947, 1.00881638670343, 0.483372753490727], 'ypos': [4.15913936320131, 4.15701392299474, 3.77761038379749, 3.76166694023043, 3.53535261859211], 'rotations': [3.13980420303635, 3.14077430032494, 1.87848516525718, 1.57196158476873, 2.81423018257197], 'contact': [[0, 2], [1, 2], [2, 0, 1], [3, 4], [4, 3]], 'grounded': ['yes', 'yes', 'yes', 'yes', 'no']}, {'ids': [0, 1, 2], 'colours': ['red', 'blue', 'green'], 'sizes': [2, 2, 2], 'xpos': [6.08097769326034, 5.78861976198164, 1.25011232086784], 'ypos': [3.78458058527285, 4.1039571708585, 3.7795894526631], 'rotations': [5.04856954343186, 3.00593527717321, 5.05105310034866], 'contact': [[0, 1], [1, 0], 2], 'grounded': ['yes', 'yes', 'yes']}, {'ids': [0, 1, 2, 3], 'colours': ['red', 'green', 'red', 'red'], 'sizes': [2, 2, 2, 1], 'xpos': [4.475106476545, 0.413561660061233, 6.37662276433712, 5.00296952327856], 'ypos': [4.1607559072369, 4.15829244701068, 3.77944860362373, 3.87681059949227], 'rotations': [3.14176346787067, 3.1433043689908, 5.0514105380658, 5.07138540402654], 'contact': [{'V1': 0, 'V2': 1, 'V3': 2, 'V4': 3}], 'grounded': ['yes', 'yes', 'yes', 'yes']}]","[False, False, True, True, True, True, False, True]","[True, False, True, False, False, False, True, False]","[False, True, False, False, False, False, False, False]","[False, False, False, True, True, True, False, True]","[False, False, True, True, True, True, False, True]","[True, False, True, False, True, False, True, False]","[False, True, False, False, False, False, False, False]","[False, False, False, True, False, True, False, True]",0.375,0.25,0.125,0.0,0.375,0.5,0.25,0.25,0.5,0.375,0.0,-0.125,0.625,0.5,0.6647398758426019,-4.157665418965433,-5.545177444479562,10.394772379610702,11.090354888959125,0.8021226947046932,-13.269213994386034,-16.635532333438686,29.716481819120013,33.27106466687737,1.0502311195665048,"[1.0, 1.0, 1.0, 1.0, 1.0, 0.0, 1.0, 0.0, 1.0, 1.0, 1.0, 1.0, 1.0, 1.0, 1.0, 0.0135, 0.9530000000000001, 0.092, 0.5895, 0.5895, 1.0, 0.0, 0.0, 0.861, 1.0, 1.0, 1.0, 0.2925, 0.999, 0.999, 1.0, 0.7155, 0.0, 0.0, 1.0, 0.0, 0.0, 0.0, 1.0, 0.0, 0.0, 0.0, 1.0, 0.0, 0.0, 0.0, 1.0, 0.0, 1.0, 1.0, 1.0, 1.0, 0.0, 0.0, 0.0, 0.0, 1.0, 1.0, 1.0, 1.0, 0.935, 0.935, 0.935, 0.935, 1.0, 1.0, 1.0, 1.0, 0.0, 1.0, 0.0, 0.0, 0.0, 1.0, 1.0, 1.0, 1.0, 1.0, 1.0, 1.0, 1.0, 1.0, 1.0, 1.0, 0.0935, 0.0935, 0.0935, 0.0935, 1.0, 1.0, 1.0, 1.0, 1.0, 1.0, 1.0, 1.0, 1.0, 1.0, 1.0, 1.0, 1.0, 1.0, 1.0, 0.013000000000000001, 1.0, 1.0, 0.998, 1.0, 1.0, 0.002, 0.998, 0.002, 1.0, 1.0, 1.0, 1.0, 1.0, 1.0, 1.0, 0.0, 0.973, 1.0, 0.9530000000000001, 1.0, 0.8925000000000001, 0.9195, 0.17400000000000002, 0.201, 1.0, 1.0, 1.0, 1.0, 0.0, 0.0, 0.0, 0.0, 1.0, 1.0, 1.0, 0.24, 1.0, 1.0, 0.968, 1.0, 0.653, 0.653, 0.653, 1.0, 0.2535, 0.2535, 0.7035, 0.10300000000000001, 1.0, 1.0, 1.0, 1.0, 0.0, 1.0, 0.0, 0.0, 1.0, 1.0, 1.0, 0.012, 0.988, 0.988, 1.0, 1.0, 1.0, 0.0, 1.0, 1.0, 1.0, 0.0, 0.0, 1.0, 0.0, 0.0, 0.0, 1.0, 1.0, 0.0, 0.0, 0.0, 1.0, 1.0, 1.0, 1.0, 0.0, 0.0, 0.0, 0.0, 1.0, 1.0, 1.0, 1.0, 0.0, 0.0, 0.0, 0.0, 1.0, 1.0, 1.0, 1.0, 1.0, 1.0, 0.841, 1.0, 1.0, 1.0, 1.0, 1.0, 0.0, 0.0, 0.0, 0.0, 1.0, 1.0, 1.0, 1.0, 1.0, 1.0, 1.0, 0.0, 0.197, 0.0, 0.85, 0.653, 0.803, 0.0, 0.0, 0.0, 0.8525, 0.847, 0.9935, 0.847, 0.28300000000000003, 0.4305, 0.426, 0.426, 1.0, 1.0, 1.0, 1.0, 1.0, 1.0, 1.0, 0.0, 0.798, 1.0, 0.7995, 0.7995, 0.0275, 0.029, 0.2265, 0.1975, 1.0, 1.0, 1.0, 1.0, 0.0, 0.0, 0.0, 0.0, 0.862, 0.854, 0.8595, 0.8955000000000001, 0.045, 0.0005, 0.8695, 0.8505, 1.0, 1.0, 1.0, 0.022, 1.0, 1.0, 1.0, 0.978, 0.28400000000000003, 0.0145, 0.1885, 0.0275, 0.2755, 0.0, 0.0015, 0.013000000000000001, 0.0, 0.0, 0.0, 1.0, 1.0, 0.0, 0.0, 0.0, 1.0, 1.0, 1.0, 1.0, 0.0, 0.0, 0.0, 0.0, 1.0, 1.0, 1.0, 1.0, 1.0, 0.0, 1.0, 0.0, 1.0, 1.0, 1.0, 1.0, 1.0, 1.0, 1.0, 0.0, 1.0, 1.0, 1.0, 0.728, 0.8265, 0.5545, 0.5545, 0.8265, 1.0, 1.0, 1.0, 1.0, 1.0, 1.0, 1.0, 1.0, 1.0, 1.0, 1.0, 0.8715, 0.9365, 0.8695, 0.8695, 0.9365, 0.229, 0.229, 0.229, 0.229, 0.801, 0.03, 0.03, 0.801, 0.0, 0.0, 0.0, 1.0, 1.0, 0.0, 0.0, 0.0, 0.108, 0.114, 0.2315, 0.108, 0.114, 0.07050000000000001, 0.0495, 0.006, 1.0, 1.0, 1.0, 1.0, 0.0, 0.0, 0.0, 0.0, 0.8955000000000001, 0.895, 0.0115, 0.0, 0.883, 0.0, 0.0, 0.0, 1.0, 1.0, 1.0, 1.0, 0.0, 0.0, 0.0, 0.0, 0.902, 0.902, 0.902, 0.678, 0.88, 0.88, 0.902, 0.807, 1.0, 1.0, 1.0, 1.0, 0.0, 0.0, 0.0, 0.0, 1.0, 1.0, 1.0, 1.0, 1.0, 1.0, 1.0, 0.0, 1.0, 1.0, 1.0, 1.0, 0.0, 0.0, 0.0, 0.0, 1.0, 1.0, 1.0, 1.0, 0.008, 0.008, 0.008, 0.008, 1.0, 1.0, 1.0, 1.0, 1.0, 1.0, 1.0, 0.0, 1.0, 1.0, 1.0, 1.0, 1.0, 1.0, 0.6980000000000001, 1.0, 1.0, 1.0, 1.0, 1.0, 0.0, 0.0, 0.0, 0.0, 1.0, 1.0, 1.0, 1.0, 1.0, 1.0, 1.0, 0.0, 0.9530000000000001, 0.9530000000000001, 0.9530000000000001, 1.0, 1.0, 1.0, 0.641, 0.9530000000000001, 1.0, 1.0, 1.0, 1.0, 0.0, 0.0, 0.0, 0.0, 1.0, 1.0, 1.0, 1.0, 1.0, 1.0, 1.0, 1.0, 1.0, 1.0, 1.0, 1.0, 0.0, 0.0, 0.0, 0.0, 1.0, 1.0, 1.0, 1.0, 1.0, 1.0, 1.0, 1.0, 1.0, 1.0, 1.0, 1.0, 0.021500000000000002, 0.021500000000000002, 0.021500000000000002, 0.021500000000000002, 0.021500000000000002, 0.003, 0.02, 0.0095, 0.0095, 0.964, 0.9555, 0.0095, 1.0, 1.0, 1.0, 1.0, 1.0, 1.0, 1.0, 1.0, 1.0, 1.0, 1.0, 1.0, 0.0, 0.0, 0.0, 0.0, 1.0, 1.0, 1.0, 1.0, 0.0, 0.0, 1.0, 1.0, 1.0, 0.873, 0.198, 0.198, 1.0, 1.0, 0.6905, 1.0, 1.0, 1.0, 1.0, 1.0, 1.0, 1.0, 1.0, 0.0, 1.0, 0.999, 0.999, 1.0, 0.0025, 0.0025, 0.0025, 0.0025, 1.0, 1.0, 1.0, 1.0, 1.0, 0.686, 0.314, 0.0, 1.0, 1.0, 1.0, 1.0, 0.524, 0.524, 1.0, 0.47600000000000003, 1.0, 1.0, 1.0, 1.0, 0.008, 0.008, 0.008, 0.008, 0.9935, 0.9935, 0.9775, 0.9935, 0.9935, 0.0225, 0.988, 0.017, 1.0, 1.0, 1.0, 1.0, 0.0725, 0.0725, 0.0725, 0.0725, 0.041, 1.0, 1.0, 0.9590000000000001, 0.041, 0.9590000000000001, 1.0, 0.0, 0.7435, 0.9835, 0.7425, 0.986, 0.7435, 0.7435, 0.256, 0.987, 1.0, 0.005, 1.0, 1.0, 1.0, 0.005, 0.005, 1.0, 1.0, 1.0, 1.0, 1.0, 1.0, 1.0, 1.0, 0.0, 1.0, 1.0, 1.0, 1.0, 0.0, 0.0, 0.0, 0.0, 1.0, 1.0, 1.0, 1.0, 0.0, 0.0, 0.0, 0.0, 0.9705, 0.9705, 0.9145, 1.0, 0.8015, 0.8015, 0.9705, 0.7865, 1.0, 1.0, 1.0, 1.0, 0.0, 0.0, 0.0, 0.0, 1.0, 1.0, 1.0, 1.0, 0.0, 0.0, 0.0, 0.0, 1.0, 1.0, 1.0, 1.0, 0.0, 0.0, 0.0, 0.0, 1.0, 1.0, 1.0, 1.0, 1.0, 1.0, 1.0, 1.0]",-418.5875071169283,843.720363894191,-482.430437669722,964.860875339444,1.9575784417360447,-5.29250590535006,12.664453352379956,0.5138983426703672,-9.042483870154484,21.263021570656914,0.6334250289943713,"[1.0, 1.0, 1.0, 1.0, 1.0, 0.0, 1.0, 0.0, 1.0, 1.0, 1.0, 1.0, 1.0, 1.0, 1.0, 0.0, 0.0, 0.0, 0.0, 0.0, 0.0, 0.0, 0.0, 0.0, 1.0, 1.0, 1.0, 0.0, 0.0, 0.0, 1.0, 0.0, 0.0, 0.0, 1.0, 1.0, 0.0, 1.0, 1.0, 1.0, 1.0, 1.0, 1.0, 1.0, 0.0, 0.0, 1.0, 1.0, 1.0, 1.0, 1.0, 1.0, 0.0, 0.0, 0.0, 0.0, 1.0, 1.0, 1.0, 1.0, 0.0, 0.0, 0.0, 0.0, 0.0, 0.0, 0.0, 0.0, 0.0, 1.0, 1.0, 0.0, 1.0, 1.0, 1.0, 1.0, 0.0, 0.0, 0.0, 0.0, 1.0, 1.0, 1.0, 1.0, 0.0, 0.0, 0.0, 0.0, 1.0, 1.0, 1.0, 1.0, 1.0, 1.0, 0.0, 1.0, 1.0, 1.0, 1.0, 1.0, 1.0, 1.0, 1.0, 0.0, 1.0, 1.0, 1.0, 1.0, 1.0, 0.0, 1.0, 0.0, 0.0, 1.0, 0.0, 0.0, 1.0, 1.0, 1.0, 0.0, 1.0, 1.0, 0.0, 1.0, 1.0, 0.0, 0.0, 0.0, 1.0, 1.0, 1.0, 0.0, 1.0, 1.0, 1.0, 1.0, 1.0, 1.0, 1.0, 1.0, 0.0, 0.0, 0.0, 0.0, 1.0, 1.0, 1.0, 0.0, 0.0, 0.0, 1.0, 0.0, 0.0, 0.0, 1.0, 0.0, 0.0, 0.0, 0.0, 0.0, 1.0, 1.0, 1.0, 0.0, 0.0, 0.0, 1.0, 0.0, 0.0, 0.0, 0.0, 1.0, 0.0, 0.0, 0.0, 0.0, 0.0, 0.0, 0.0, 1.0, 0.0, 0.0, 0.0, 0.0, 1.0, 1.0, 1.0, 1.0, 0.0, 0.0, 0.0, 0.0, 1.0, 1.0, 1.0, 0.0, 0.0, 0.0, 1.0, 0.0, 1.0, 1.0, 1.0, 1.0, 0.0, 0.0, 0.0, 0.0, 1.0, 1.0, 1.0, 1.0, 0.0, 0.0, 0.0, 0.0, 1.0, 1.0, 1.0, 1.0, 1.0, 1.0, 1.0, 0.0, 0.0, 0.0, 0.0, 0.0, 1.0, 0.0, 0.0, 0.0, 1.0, 1.0, 1.0, 1.0, 1.0, 1.0, 1.0, 1.0, 1.0, 1.0, 1.0, 1.0, 1.0, 1.0, 1.0, 0.0, 0.0, 0.0, 0.0, 0.0, 0.0, 0.0, 0.0, 0.0, 0.0, 1.0, 0.0, 1.0, 0.0, 1.0, 0.0, 1.0, 0.0, 0.0, 0.0, 1.0, 0.0, 0.0, 0.0, 0.0, 1.0, 1.0, 1.0, 0.0, 0.0, 0.0, 1.0, 0.0, 1.0, 1.0, 1.0, 1.0, 1.0, 0.0, 1.0, 0.0, 0.0, 1.0, 1.0, 1.0, 0.0, 0.0, 0.0, 0.0, 1.0, 1.0, 1.0, 0.0, 1.0, 1.0, 1.0, 1.0, 0.0, 1.0, 1.0, 1.0, 0.0, 0.0, 0.0, 0.0, 1.0, 1.0, 1.0, 1.0, 1.0, 1.0, 1.0, 0.0, 1.0, 1.0, 1.0, 1.0, 0.0, 0.0, 0.0, 0.0, 1.0, 1.0, 1.0, 1.0, 0.0, 0.0, 0.0, 0.0, 0.0, 1.0, 0.0, 0.0, 0.0, 0.0, 0.0, 0.0, 1.0, 1.0, 1.0, 1.0, 1.0, 0.0, 1.0, 1.0, 0.0, 0.0, 0.0, 0.0, 0.0, 1.0, 1.0, 0.0, 1.0, 1.0, 1.0, 1.0, 1.0, 0.0, 1.0, 0.0, 1.0, 1.0, 1.0, 1.0, 1.0, 0.0, 1.0, 1.0, 0.0, 0.0, 0.0, 0.0, 0.0, 1.0, 1.0, 0.0, 1.0, 0.0, 0.0, 1.0, 0.0, 0.0, 0.0, 0.0, 1.0, 1.0, 1.0, 0.0, 0.0, 0.0, 1.0, 0.0, 1.0, 1.0, 1.0, 0.0, 0.0, 0.0, 0.0, 0.0, 1.0, 1.0, 1.0, 1.0, 1.0, 1.0, 1.0, 0.0, 0.0, 0.0, 0.0, 0.0, 0.0, 0.0, 0.0, 0.0, 1.0, 0.0, 1.0, 0.0, 0.0, 0.0, 0.0, 0.0, 1.0, 1.0, 1.0, 1.0, 1.0, 1.0, 1.0, 0.0, 1.0, 1.0, 1.0, 1.0, 1.0, 1.0, 0.0, 1.0, 1.0, 1.0, 1.0, 1.0, 0.0, 0.0, 0.0, 0.0, 1.0, 1.0, 1.0, 1.0, 1.0, 1.0, 1.0, 0.0, 0.0, 1.0, 1.0, 1.0, 0.0, 0.0, 0.0, 0.0, 1.0, 1.0, 1.0, 1.0, 0.0, 0.0, 0.0, 0.0, 1.0, 0.0, 1.0, 0.0, 0.0, 0.0, 0.0, 0.0, 1.0, 1.0, 1.0, 1.0, 1.0, 0.0, 1.0, 0.0, 1.0, 1.0, 1.0, 0.0, 1.0, 1.0, 0.0, 1.0, 1.0, 1.0, 1.0, 1.0, 0.0, 0.0, 0.0, 0.0, 0.0, 0.0, 0.0, 0.0, 0.0, 1.0, 0.0, 0.0, 1.0, 1.0, 1.0, 1.0, 0.0, 0.0, 0.0, 0.0, 0.0, 0.0, 0.0, 0.0, 0.0, 0.0, 0.0, 0.0, 1.0, 0.0, 1.0, 0.0, 0.0, 0.0, 0.0, 0.0, 1.0, 1.0, 0.0, 0.0, 1.0, 1.0, 1.0, 1.0, 1.0, 1.0, 1.0, 1.0, 1.0, 1.0, 1.0, 1.0, 1.0, 1.0, 1.0, 1.0, 1.0, 0.0, 1.0, 1.0, 0.0, 1.0, 0.0, 1.0, 0.0, 1.0, 0.0, 0.0, 1.0, 1.0, 1.0, 1.0, 0.0, 0.0, 1.0, 0.0, 1.0, 1.0, 1.0, 1.0, 0.0, 0.0, 0.0, 0.0, 0.0, 0.0, 0.0, 1.0, 0.0, 0.0, 0.0, 0.0, 1.0, 1.0, 1.0, 1.0, 0.0, 0.0, 0.0, 0.0, 0.0, 1.0, 1.0, 1.0, 0.0, 1.0, 1.0, 0.0, 1.0, 1.0, 1.0, 1.0, 0.0, 0.0, 0.0, 0.0, 1.0, 0.0, 1.0, 1.0, 1.0, 0.0, 0.0, 1.0, 1.0, 1.0, 1.0, 1.0, 1.0, 1.0, 1.0, 0.0, 0.0, 1.0, 1.0, 1.0, 1.0, 1.0, 0.0, 0.0, 1.0, 1.0, 1.0, 1.0, 0.0, 0.0, 0.0, 0.0, 1.0, 1.0, 1.0, 0.0, 0.0, 0.0, 1.0, 0.0, 1.0, 1.0, 1.0, 1.0, 0.0, 0.0, 0.0, 0.0, 0.0, 0.0, 0.0, 0.0, 0.0, 0.0, 0.0, 0.0, 0.0, 1.0, 0.0, 1.0, 0.0, 1.0, 1.0, 0.0, 1.0, 1.0, 1.0, 1.0, 1.0, 0.0, 0.0, 1.0]",-318.3726801373107,643.2907099349558,1.9575784417360447,-5.29250590535006,-5.545177444479562,12.664453352379956,11.090354888959125,0.5138983426703672,-9.042483870154484,-16.635532333438686,21.263021570656914,33.27106466687737,0.6173530694834558,"[1.0, 1.0, 1.0, 1.0, 1.0, 0.0, 1.0, 0.0, 1.0, 1.0, 1.0, 1.0, 1.0, 1.0, 1.0, 0.0, 0.0, 0.0, 0.0, 0.0, 0.0, 0.0, 0.0, 0.0, 1.0, 1.0, 1.0, 0.0, 0.0, 0.0, 1.0, 0.0, 0.0, 0.0, 1.0, 1.0, 0.0, 1.0, 1.0, 1.0, 0.0, 0.0, 0.0, 0.0, 0.0, 0.0, 0.0, 0.0, 1.0, 1.0, 1.0, 1.0, 0.0, 0.0, 0.0, 0.0, 1.0, 1.0, 1.0, 1.0, 0.0, 0.0, 0.0, 0.0, 0.0, 0.0, 0.0, 0.0, 0.0, 1.0, 1.0, 0.0, 0.0, 0.0, 0.0, 1.0, 0.0, 0.0, 0.0, 0.0, 1.0, 1.0, 1.0, 1.0, 0.0, 0.0, 0.0, 0.0, 0.0, 0.0, 0.0, 0.0, 1.0, 1.0, 0.0, 1.0, 1.0, 1.0, 1.0, 1.0, 1.0, 1.0, 1.0, 0.0, 1.0, 1.0, 1.0, 1.0, 1.0, 0.0, 1.0, 0.0, 0.0, 1.0, 0.0, 0.0, 1.0, 1.0, 1.0, 0.0, 1.0, 1.0, 0.0, 1.0, 1.0, 0.0, 0.0, 0.0, 1.0, 1.0, 1.0, 0.0, 1.0, 1.0, 1.0, 1.0, 1.0, 1.0, 1.0, 1.0, 0.0, 0.0, 0.0, 0.0, 1.0, 1.0, 1.0, 0.0, 0.0, 0.0, 1.0, 0.0, 0.0, 0.0, 1.0, 0.0, 0.0, 0.0, 0.0, 0.0, 1.0, 1.0, 1.0, 0.0, 0.0, 0.0, 1.0, 0.0, 0.0, 0.0, 0.0, 1.0, 0.0, 0.0, 0.0, 0.0, 0.0, 0.0, 0.0, 1.0, 0.0, 0.0, 0.0, 0.0, 1.0, 1.0, 1.0, 1.0, 0.0, 0.0, 0.0, 0.0, 1.0, 1.0, 1.0, 0.0, 0.0, 0.0, 1.0, 0.0, 1.0, 1.0, 1.0, 1.0, 0.0, 0.0, 0.0, 0.0, 1.0, 1.0, 1.0, 1.0, 0.0, 0.0, 0.0, 0.0, 1.0, 1.0, 1.0, 1.0, 1.0, 1.0, 1.0, 0.0, 0.0, 0.0, 0.0, 0.0, 1.0, 0.0, 0.0, 0.0, 1.0, 1.0, 1.0, 1.0, 1.0, 1.0, 1.0, 1.0, 1.0, 1.0, 1.0, 1.0, 1.0, 1.0, 1.0, 0.0, 0.0, 0.0, 0.0, 0.0, 0.0, 0.0, 0.0, 0.0, 0.0, 1.0, 0.0, 1.0, 0.0, 1.0, 0.0, 1.0, 0.0, 0.0, 0.0, 1.0, 0.0, 0.0, 0.0, 0.0, 1.0, 1.0, 1.0, 0.0, 0.0, 0.0, 1.0, 0.0, 1.0, 1.0, 1.0, 1.0, 1.0, 0.0, 1.0, 0.0, 0.0, 1.0, 1.0, 1.0, 0.0, 0.0, 0.0, 0.0, 1.0, 1.0, 1.0, 0.0, 1.0, 1.0, 1.0, 1.0, 0.0, 1.0, 1.0, 1.0, 0.0, 0.0, 0.0, 0.0, 1.0, 1.0, 1.0, 1.0, 1.0, 1.0, 1.0, 0.0, 1.0, 1.0, 1.0, 1.0, 0.0, 0.0, 0.0, 0.0, 1.0, 1.0, 1.0, 1.0, 0.0, 0.0, 0.0, 0.0, 0.0, 1.0, 0.0, 0.0, 0.0, 0.0, 0.0, 0.0, 0.0, 0.0, 0.0, 0.0, 0.0, 0.0, 0.0, 0.0, 1.0, 0.0, 1.0, 1.0, 1.0, 0.0, 0.0, 1.0, 1.0, 1.0, 1.0, 1.0, 1.0, 0.0, 1.0, 0.0, 1.0, 1.0, 1.0, 1.0, 1.0, 0.0, 1.0, 1.0, 0.0, 0.0, 0.0, 0.0, 0.0, 1.0, 1.0, 0.0, 1.0, 0.0, 0.0, 1.0, 0.0, 0.0, 0.0, 0.0, 1.0, 1.0, 1.0, 0.0, 0.0, 0.0, 1.0, 0.0, 1.0, 1.0, 1.0, 0.0, 0.0, 0.0, 0.0, 0.0, 1.0, 1.0, 1.0, 1.0, 1.0, 1.0, 1.0, 0.0, 0.0, 0.0, 0.0, 0.0, 0.0, 0.0, 0.0, 0.0, 1.0, 0.0, 1.0, 0.0, 0.0, 0.0, 0.0, 0.0, 1.0, 1.0, 1.0, 1.0, 1.0, 1.0, 1.0, 0.0, 1.0, 1.0, 1.0, 1.0, 1.0, 1.0, 0.0, 1.0, 1.0, 1.0, 1.0, 1.0, 0.0, 0.0, 0.0, 0.0, 1.0, 1.0, 1.0, 1.0, 1.0, 1.0, 1.0, 0.0, 0.0, 1.0, 1.0, 1.0, 0.0, 0.0, 0.0, 0.0, 1.0, 1.0, 1.0, 1.0, 0.0, 0.0, 0.0, 0.0, 1.0, 0.0, 1.0, 0.0, 0.0, 0.0, 0.0, 0.0, 1.0, 1.0, 1.0, 1.0, 1.0, 0.0, 1.0, 0.0, 1.0, 1.0, 1.0, 0.0, 1.0, 1.0, 0.0, 1.0, 1.0, 1.0, 1.0, 1.0, 0.0, 0.0, 0.0, 0.0, 0.0, 0.0, 0.0, 0.0, 0.0, 1.0, 0.0, 0.0, 1.0, 1.0, 1.0, 1.0, 0.0, 0.0, 0.0, 0.0, 0.0, 0.0, 0.0, 0.0, 0.0, 0.0, 0.0, 0.0, 1.0, 0.0, 1.0, 0.0, 0.0, 0.0, 0.0, 0.0, 1.0, 1.0, 0.0, 0.0, 1.0, 1.0, 1.0, 1.0, 1.0, 1.0, 1.0, 1.0, 1.0, 1.0, 1.0, 1.0, 1.0, 1.0, 1.0, 1.0, 1.0, 0.0, 1.0, 1.0, 0.0, 1.0, 0.0, 1.0, 0.0, 1.0, 0.0, 0.0, 1.0, 1.0, 1.0, 1.0, 0.0, 0.0, 1.0, 0.0, 1.0, 1.0, 1.0, 1.0, 0.0, 0.0, 0.0, 0.0, 0.0, 0.0, 0.0, 1.0, 0.0, 0.0, 0.0, 0.0, 1.0, 1.0, 1.0, 1.0, 0.0, 0.0, 0.0, 0.0, 0.0, 1.0, 1.0, 1.0, 0.0, 1.0, 1.0, 0.0, 1.0, 1.0, 1.0, 1.0, 0.0, 0.0, 0.0, 0.0, 1.0, 0.0, 1.0, 1.0, 1.0, 0.0, 0.0, 1.0, 1.0, 1.0, 1.0, 1.0, 1.0, 1.0, 1.0, 0.0, 0.0, 0.0, 1.0, 0.0, 0.0, 1.0, 0.0, 0.0, 1.0, 1.0, 1.0, 1.0, 0.0, 0.0, 0.0, 0.0, 1.0, 1.0, 1.0, 0.0, 0.0, 0.0, 1.0, 0.0, 1.0, 1.0, 1.0, 1.0, 0.0, 0.0, 0.0, 0.0, 0.0, 0.0, 0.0, 0.0, 0.0, 0.0, 0.0, 0.0, 0.0, 1.0, 0.0, 1.0, 0.0, 1.0, 1.0, 0.0, 1.0, 1.0, 1.0, 1.0, 1.0, 0.0, 0.0, 1.0]",-311.9759791000219,630.4973078603782,-482.430437669722,964.860875339444,67.0347670933848,-5.545399978166575,-5.545177444479562,13.170241498012986,11.090354888959125,1.442694391631023,-15.276340039075766,-16.635532333438686,33.73073390849948,33.27106466687737,1.0908740239314543,"[0.0, 0.0, 1.0, 0.0, 0.0, 0.0, 0.0, 0.0, 1.0, 1.0, 1.0, 1.0, 0.877, 0.877, 0.877, 0.0, 1.0, 0.259, 1.0, 1.0, 0.8015, 0.0, 0.259, 1.0, 1.0, 1.0, 1.0, 1.0, 1.0, 1.0, 1.0, 0.0, 0.0, 0.0, 1.0, 0.0, 0.0, 0.0, 1.0, 0.0, 0.0, 0.0, 1.0, 0.0, 0.0, 0.0, 1.0, 0.0, 0.0, 0.0, 0.0, 0.0775, 0.0, 0.0, 0.1635, 0.47100000000000003, 1.0, 1.0, 1.0, 1.0, 0.0, 0.0, 0.0, 0.0, 0.0, 0.0, 0.0, 0.0, 0.0, 0.0, 0.0, 0.0, 1.0, 1.0, 1.0, 1.0, 1.0, 1.0, 1.0, 0.0, 1.0, 1.0, 1.0, 1.0, 0.0, 0.0, 0.0, 0.0, 0.0, 0.0, 0.0, 0.0, 0.0, 0.113, 0.113, 0.0, 0.0, 0.0, 0.0, 1.0, 0.0, 0.0, 0.0, 0.0, 1.0, 1.0, 1.0, 1.0, 0.0, 0.0, 0.0, 0.0, 0.9995, 1.0, 1.0, 0.663, 1.0, 1.0, 1.0, 0.353, 1.0, 1.0, 1.0, 1.0, 0.082, 0.082, 0.0, 0.0, 0.973, 1.0, 0.7655000000000001, 0.605, 0.973, 1.0, 1.0, 0.368, 0.0, 0.0, 1.0, 0.0, 1.0, 0.0, 1.0, 0.0, 1.0, 1.0, 1.0, 1.0, 0.0, 0.0, 1.0, 0.0, 1.0, 1.0, 1.0, 1.0, 0.0, 0.9465, 0.0, 0.0, 0.666, 1.0, 0.666, 0.666, 0.0, 0.0, 0.7975, 0.0, 0.0, 0.9430000000000001, 0.0, 1.0, 1.0, 0.0, 0.0, 0.0, 0.0, 1.0, 0.0, 0.0, 0.0, 0.0, 0.0, 0.0, 1.0, 1.0, 1.0, 1.0, 0.0, 0.0, 0.0, 0.0, 1.0, 1.0, 1.0, 1.0, 1.0, 1.0, 1.0, 0.0005, 1.0, 1.0, 1.0, 1.0, 1.0, 1.0, 0.0, 1.0, 1.0, 1.0, 1.0, 1.0, 0.0, 0.0, 0.0, 0.0, 1.0, 1.0, 1.0, 1.0, 1.0, 1.0, 1.0, 0.0, 1.0, 0.0, 1.0, 0.0, 0.0, 0.0, 0.0, 0.0, 0.0, 1.0, 0.0, 1.0, 0.0, 1.0, 0.0, 1.0, 1.0, 1.0, 1.0, 1.0, 1.0, 1.0, 1.0, 0.0, 1.0, 0.0, 1.0, 1.0, 1.0, 0.0, 0.0, 1.0, 1.0, 1.0, 1.0, 1.0, 1.0, 1.0, 1.0, 1.0, 0.0, 0.9580000000000001, 0.0, 0.0, 0.0, 0.0, 0.0045000000000000005, 0.0, 0.0, 0.0, 0.0, 0.0, 0.0, 0.0, 0.0, 1.0, 0.0, 0.0, 0.0005, 0.0, 0.0, 0.0, 0.0, 0.0, 0.0, 1.0, 0.0, 0.0, 0.0, 0.0, 0.0, 0.0, 1.0, 1.0, 1.0, 0.001, 0.001, 0.001, 1.0, 0.0, 0.0, 0.0, 0.6225, 0.0, 0.0, 0.0, 0.0, 0.0, 1.0, 1.0, 1.0, 1.0, 0.0, 0.0, 0.0, 0.0, 0.0, 0.0, 0.0, 0.0, 0.0, 0.0, 0.0, 0.0, 1.0, 1.0, 1.0, 1.0, 1.0, 1.0, 1.0, 0.0, 0.0, 0.0, 0.0, 1.0, 0.0, 0.0, 1.0, 0.0, 1.0, 1.0, 1.0, 1.0, 0.0, 0.0, 0.0, 0.0, 0.0, 1.0, 0.0, 0.0, 1.0, 0.0, 0.0, 1.0, 1.0, 1.0, 1.0, 1.0, 0.0, 0.0, 0.0, 0.0, 1.0, 1.0, 1.0, 1.0, 1.0, 0.0, 1.0, 1.0, 0.0, 0.0005, 0.0, 0.0, 0.0, 0.38, 0.0, 0.0, 1.0, 1.0, 1.0, 1.0, 0.0, 0.0, 0.0, 0.0, 1.0, 1.0, 1.0, 0.999, 1.0, 1.0, 1.0, 0.0195, 1.0, 1.0, 1.0, 1.0, 0.0, 0.0, 0.0, 0.0, 0.0, 0.6285000000000001, 0.0, 0.328, 0.0, 0.0, 0.6285000000000001, 0.0, 0.0, 0.0, 0.0, 0.0, 0.0, 0.0, 0.0, 1.0, 1.0, 1.0, 1.0, 1.0, 0.0, 0.0, 0.0, 0.0, 1.0, 1.0, 1.0, 1.0, 1.0, 1.0, 1.0, 0.0, 1.0, 1.0, 1.0, 1.0, 1.0, 1.0, 0.0375, 1.0, 1.0, 1.0, 1.0, 1.0, 0.0, 0.0, 0.0, 0.0, 1.0, 1.0, 1.0, 1.0, 1.0, 1.0, 1.0, 0.0, 1.0, 1.0, 1.0, 1.0, 1.0, 1.0, 0.0, 1.0, 1.0, 1.0, 1.0, 1.0, 0.0, 0.0, 0.0, 0.0, 1.0, 1.0, 1.0, 1.0, 1.0, 1.0, 1.0, 1.0, 0.0, 0.0, 0.4395, 0.0, 0.0, 0.0, 0.001, 1.0, 0.0, 0.0, 0.0, 0.0, 0.0, 0.0, 0.0, 0.0, 1.0, 1.0, 1.0, 0.0, 1.0, 0.0, 0.0, 1.0, 0.0, 0.0, 1.0, 1.0, 1.0, 0.0, 0.0, 0.0, 0.0, 0.0, 0.0, 0.0, 0.0, 0.0, 0.0, 0.0, 1.0, 1.0, 1.0, 1.0, 0.0, 0.0, 0.0, 0.0, 0.0, 0.0, 0.0, 0.0, 0.0, 1.0, 0.0, 0.0, 1.0, 1.0, 1.0, 1.0, 0.0, 0.4945, 0.0, 0.0, 1.0, 1.0, 1.0, 1.0, 0.0, 0.0, 1.0, 1.0, 1.0, 1.0, 1.0, 1.0, 0.0, 0.0, 0.0, 0.0, 1.0, 1.0, 1.0, 1.0, 1.0, 0.704, 0.296, 0.0, 1.0, 1.0, 1.0, 1.0, 0.0, 0.0, 1.0, 1.0, 1.0, 1.0, 1.0, 1.0, 0.0, 0.0, 0.0, 0.0, 0.006, 1.0, 0.006, 0.708, 0.298, 1.0, 0.298, 1.0, 1.0, 1.0, 1.0, 1.0, 0.0, 0.0, 0.0, 0.0, 1.0, 0.0, 1.0, 1.0, 1.0, 0.0, 0.0, 1.0, 0.0, 1.0, 1.0, 1.0, 0.0, 0.0, 0.0, 0.0, 1.0, 0.224, 1.0, 1.0, 0.776, 0.0, 0.224, 1.0, 1.0, 1.0, 1.0, 1.0, 0.0, 0.0, 0.0, 0.0, 1.0, 1.0, 0.0, 1.0, 1.0, 1.0, 0.0, 1.0, 1.0, 1.0, 1.0, 1.0, 0.0, 0.0, 0.0, 0.0, 1.0, 1.0, 1.0, 1.0, 1.0, 1.0, 1.0, 0.0, 1.0, 1.0, 1.0, 1.0, 0.0, 0.0, 0.0, 0.0, 0.0, 0.0, 0.0, 0.0, 0.0, 0.0, 0.0, 0.0, 1.0, 0.4865, 1.0, 1.0, 1.0, 0.0075, 0.4865, 1.0, 0.0225, 0.0, 0.0, 0.9775, 0.0, 0.0, 0.0, 0.0]",-419.18595103414617,844.9172517286268,-482.430437669722,964.860875339444,1.9575784417360447,-5.29250590535006,-5.545177444479562,12.664453352379956,11.090354888959125,0.5138983426703672,-9.042483870154484,-16.635532333438686,21.263021570656914,33.27106466687737,0.5787520451143159,"[1.0, 1.0, 1.0, 1.0, 1.0, 0.0, 1.0, 0.0, 1.0, 1.0, 1.0, 1.0, 1.0, 1.0, 1.0, 0.0, 0.0, 0.0, 0.0, 0.0, 0.0, 0.0, 0.0, 0.0, 1.0, 1.0, 1.0, 1.0, 0.0, 0.0, 1.0, 0.0, 0.0, 0.0, 0.0, 0.0, 0.0, 1.0, 0.0, 0.0, 0.0, 0.0, 0.0, 0.0, 0.0, 0.0, 0.0, 0.0, 1.0, 1.0, 1.0, 1.0, 0.0, 0.0, 0.0, 0.0, 1.0, 1.0, 1.0, 1.0, 0.0, 0.0, 0.0, 0.0, 0.0, 0.0, 0.0, 0.0, 0.0, 1.0, 1.0, 0.0, 1.0, 1.0, 1.0, 1.0, 0.0, 0.0, 0.0, 0.0, 1.0, 1.0, 1.0, 1.0, 0.0, 0.0, 0.0, 0.0, 0.0, 0.0, 0.0, 0.0, 0.0, 0.0, 0.0, 0.0, 1.0, 1.0, 1.0, 1.0, 1.0, 1.0, 1.0, 0.0, 1.0, 1.0, 1.0, 1.0, 1.0, 0.0, 1.0, 0.0, 0.0, 1.0, 0.0, 0.0, 1.0, 1.0, 1.0, 0.0, 1.0, 1.0, 0.0, 1.0, 1.0, 0.0, 0.0, 0.0, 1.0, 1.0, 1.0, 0.0, 1.0, 1.0, 1.0, 1.0, 1.0, 1.0, 1.0, 1.0, 0.0, 0.0, 0.0, 0.0, 1.0, 1.0, 1.0, 0.0, 0.0, 0.0, 1.0, 0.0, 0.0, 0.0, 1.0, 0.0, 0.0, 0.0, 0.0, 0.0, 1.0, 1.0, 1.0, 0.0, 0.0, 0.0, 1.0, 0.0, 0.0, 0.0, 0.0, 1.0, 0.0, 0.0, 0.0, 0.0, 0.0, 0.0, 0.0, 1.0, 0.0, 0.0, 0.0, 0.0, 1.0, 1.0, 1.0, 1.0, 0.0, 0.0, 0.0, 0.0, 1.0, 1.0, 1.0, 0.0, 0.0, 0.0, 1.0, 0.0, 1.0, 1.0, 1.0, 1.0, 0.0, 0.0, 0.0, 0.0, 1.0, 1.0, 1.0, 1.0, 0.0, 0.0, 0.0, 0.0, 1.0, 1.0, 1.0, 1.0, 1.0, 1.0, 1.0, 0.0, 0.0, 0.0, 0.0, 0.0, 1.0, 0.0, 0.0, 0.0, 1.0, 1.0, 1.0, 1.0, 1.0, 1.0, 1.0, 1.0, 1.0, 1.0, 1.0, 1.0, 1.0, 1.0, 1.0, 0.0, 0.0, 0.0, 0.0, 0.0, 0.0, 0.0, 0.0, 0.0, 0.0, 1.0, 0.0, 1.0, 0.0, 1.0, 0.0, 1.0, 0.0, 0.0, 0.0, 1.0, 0.0, 0.0, 0.0, 0.0, 1.0, 1.0, 1.0, 0.0, 0.0, 0.0, 1.0, 0.0, 0.0, 0.0, 1.0, 0.0, 0.0, 0.0, 0.0, 0.0, 0.0, 1.0, 1.0, 1.0, 0.0, 0.0, 0.0, 0.0, 1.0, 1.0, 1.0, 0.0, 1.0, 1.0, 1.0, 1.0, 0.0, 0.0, 1.0, 0.0, 0.0, 0.0, 0.0, 0.0, 1.0, 1.0, 1.0, 1.0, 1.0, 1.0, 1.0, 0.0, 1.0, 1.0, 1.0, 1.0, 0.0, 0.0, 0.0, 0.0, 1.0, 1.0, 1.0, 1.0, 0.0, 0.0, 0.0, 0.0, 0.0, 1.0, 0.0, 0.0, 0.0, 0.0, 0.0, 0.0, 0.0, 0.0, 0.0, 0.0, 0.0, 0.0, 0.0, 0.0, 0.0, 0.0, 0.0, 0.0, 0.0, 0.0, 0.0, 0.0, 1.0, 1.0, 0.0, 1.0, 1.0, 0.0, 1.0, 0.0, 1.0, 1.0, 1.0, 1.0, 1.0, 0.0, 1.0, 1.0, 0.0, 0.0, 0.0, 0.0, 0.0, 1.0, 1.0, 0.0, 1.0, 0.0, 0.0, 1.0, 0.0, 0.0, 0.0, 0.0, 1.0, 1.0, 1.0, 0.0, 0.0, 0.0, 1.0, 0.0, 1.0, 1.0, 1.0, 0.0, 0.0, 0.0, 0.0, 0.0, 1.0, 1.0, 1.0, 1.0, 1.0, 1.0, 1.0, 0.0, 0.0, 0.0, 0.0, 0.0, 0.0, 0.0, 0.0, 0.0, 1.0, 0.0, 1.0, 0.0, 0.0, 0.0, 0.0, 0.0, 1.0, 1.0, 1.0, 1.0, 1.0, 1.0, 1.0, 0.0, 1.0, 1.0, 1.0, 1.0, 1.0, 1.0, 0.0, 1.0, 1.0, 1.0, 1.0, 1.0, 0.0, 0.0, 0.0, 0.0, 1.0, 1.0, 1.0, 1.0, 1.0, 1.0, 1.0, 0.0, 0.0, 1.0, 1.0, 1.0, 0.0, 0.0, 0.0, 0.0, 1.0, 1.0, 1.0, 1.0, 0.0, 0.0, 0.0, 0.0, 1.0, 0.0, 1.0, 0.0, 0.0, 0.0, 0.0, 0.0, 1.0, 1.0, 1.0, 1.0, 1.0, 0.0, 1.0, 0.0, 1.0, 1.0, 1.0, 0.0, 1.0, 1.0, 0.0, 1.0, 1.0, 1.0, 1.0, 1.0, 0.0, 0.0, 0.0, 0.0, 0.0, 0.0, 0.0, 0.0, 0.0, 0.0, 0.0, 0.0, 1.0, 1.0, 1.0, 1.0, 0.0, 0.0, 0.0, 0.0, 0.0, 0.0, 0.0, 0.0, 0.0, 0.0, 0.0, 0.0, 0.0, 0.0, 0.0, 0.0, 0.0, 0.0, 0.0, 0.0, 1.0, 1.0, 0.0, 0.0, 1.0, 1.0, 1.0, 1.0, 1.0, 1.0, 1.0, 1.0, 1.0, 1.0, 1.0, 1.0, 1.0, 1.0, 1.0, 1.0, 1.0, 0.0, 1.0, 1.0, 0.0, 1.0, 0.0, 1.0, 0.0, 1.0, 0.0, 0.0, 1.0, 1.0, 1.0, 1.0, 0.0, 0.0, 1.0, 0.0, 1.0, 1.0, 1.0, 1.0, 0.0, 0.0, 0.0, 0.0, 0.0, 0.0, 0.0, 1.0, 0.0, 0.0, 0.0, 0.0, 1.0, 1.0, 1.0, 1.0, 0.0, 0.0, 0.0, 0.0, 0.0, 1.0, 1.0, 1.0, 0.0, 1.0, 1.0, 0.0, 1.0, 1.0, 1.0, 1.0, 0.0, 0.0, 0.0, 0.0, 1.0, 0.0, 1.0, 1.0, 1.0, 0.0, 0.0, 1.0, 1.0, 1.0, 1.0, 1.0, 1.0, 1.0, 1.0, 0.0, 0.0, 1.0, 1.0, 1.0, 1.0, 1.0, 0.0, 0.0, 1.0, 1.0, 1.0, 1.0, 0.0, 0.0, 0.0, 0.0, 1.0, 1.0, 1.0, 0.0, 0.0, 0.0, 1.0, 0.0, 1.0, 1.0, 1.0, 1.0, 0.0, 0.0, 0.0, 0.0, 0.0, 0.0, 0.0, 0.0, 0.0, 0.0, 0.0, 0.0, 0.0, 0.0, 1.0, 1.0, 0.0, 0.0, 0.0, 0.0, 1.0, 1.0, 1.0, 1.0, 1.0, 0.0, 0.0, 1.0]",-295.2442605392121,597.0338707387587,-482.430437669722,964.860875339444,1.1270131401661068,-14.4872940360187,32.15264190238535,1.2846122460949685,-433.45128860920846,873.4479268787513,True,True,True,False,True,0.875,1.0,0.5416666666666666,0.5,0.5416666666666666,0.5,0.5833333333333334,0.625,0.5416666666666666,0.5,0.5416666666666666,0.375,"Z.forall(lambda x1: Z.or_operator(Z.equal(x1, 'blue','colour'),Z.lequal(x1, 1,'size')),X)","Z.atmost(lambda x1: Z.exists(lambda x2: Z.not_operator(Z.equal(x1,x2,'colour')),X),2,X)","Z.exists(lambda x1: Z.less(x1,2,'size'),X)","Z.atmost(lambda x1: Z.exists(lambda x2: Z.not_operator(Z.equal(x1,x2,'colour')),X),2,X)",1.0,0.625,0.5,0.625,0.5,0.7083333333333334,0.6982758620689655,0.6867816091954023,0.6954022988505747,0.6925287356321839,5.241379310344827,0,0,0,0,0,0
32,41,79,qTF57,A-8J0T6shEk5TGpmAABH,Upsilon,none are upright,"[False, True, False, True, False, True, False, True]","[False, True, False, True, False, True, False, True]",0.5,0.5,There must be at least 1 large cone of any color and no small red cone.,"[['x1'],['x1','x2']]","Z.atleast(lambda x1: Z.forall(lambda x2: Z.and_operator(Z.equal(x1,3,'size'),Z.not_operator(Z.and_operator(Z.equal(x2,'red','colour'),Z.equal(x2,1,'size')))),X),1,X)",There must be at least 1 large cone of any color and no small red cone.,"[{'ids': [0, 1, 2], 'colours': ['red', 'red', 'blue'], 'sizes': [3, 3, 1], 'xpos': [1.112572608525146, 0.13458663287366768, 4.2500411668069225], 'ypos': [3.806101846157971, 3.3131963303990766, 3.8307506090986188], 'rotations': [3.7990796199832952, 4.450222858362352, 1.2121899680575183], 'orientations': ['strange', 'strange', 'lhs'], 'contact': [[0, 1], [1, 0], [2]], 'grounded': ['yes', 'no', 'yes'], 'follow_rule': True}, {'ids': [0], 'colours': ['red'], 'sizes': [3], 'xpos': [6.376270536309767], 'ypos': [3.8075530072245254], 'rotations': [3.7891336474165738], 'orientations': ['strange'], 'contact': [[0]], 'grounded': ['yes'], 'follow_rule': True}, {'ids': [0], 'colours': ['red'], 'sizes': [1], 'xpos': [0.9333579174334892], 'ypos': [4.107713438899587], 'rotations': [3.1415301591951024], 'orientations': ['upright'], 'contact': [[0]], 'grounded': ['yes'], 'follow_rule': False}, {'ids': [0], 'colours': ['red'], 'sizes': [2], 'xpos': [1.998212028787384], 'ypos': [3.729524607255086], 'rotations': [5.050182692675981], 'orientations': ['rhs'], 'contact': [[0]], 'grounded': ['yes'], 'follow_rule': True}, {'ids': [0], 'colours': ['blue'], 'sizes': [3], 'xpos': [3.77474036164637], 'ypos': [3.6345051201507657], 'rotations': [5.038709341630697], 'orientations': ['rhs'], 'contact': [[0]], 'grounded': ['yes'], 'follow_rule': True}, {'ids': [0], 'colours': ['blue'], 'sizes': [2], 'xpos': [6.481748839449763], 'ypos': [4.108462252427411], 'rotations': [3.1425571429483683], 'orientations': ['upright'], 'contact': [[0]], 'grounded': ['yes'], 'follow_rule': False}, {'ids': [0], 'colours': ['green'], 'sizes': [3], 'xpos': [4.997434626090448], 'ypos': [3.6335484405092986], 'rotations': [1.2437323191209966], 'orientations': ['lhs'], 'contact': [[0]], 'grounded': ['yes'], 'follow_rule': True}, {'ids': [0, 1, 2], 'colours': ['blue', 'red', 'green'], 'sizes': [2, 2, 2], 'xpos': [0.48893550391711044, 1.295809774871225, 2.520278901014107], 'ypos': [4.108502544281415, 4.107476812506897, 3.714718074423047], 'rotations': [3.1460312400557067, 3.1394248639925095, 1.7290300306037627], 'orientations': ['upright', 'upright', 'lhs'], 'contact': [[0, 1], [1, 0, 2], [2, 1]], 'grounded': ['yes', 'yes', 'yes'], 'follow_rule': False}, {'ids': [0, 1, 2, 3, 4, 5], 'colours': ['red', 'green', 'green', 'red', 'red', 'green'], 'sizes': [3, 3, 3, 1, 3, 1], 'xpos': [4.04539932046708, 6.25367104406576, 1.31220887489158, 2.54397206141056, 5.03680142626962, 2.83313903630872], 'ypos': [3.68714653723475, 3.68793264237984, 3.68536700039956, 3.87290072175348, 3.71647947714512, 3.32290442001056], 'rotations': [1.24459422608336, 1.24522470760537, 5.03721490711028, 4.41693289260746, 2.04844681297516, 1.27753534246253], 'contact': [[0, 4, 3], 1, 2, [3, 0, 5], [4, 0], [5, 3]], 'grounded': ['yes', 'yes', 'yes', 'yes', 'yes', 'no']}, {'ids': [0, 1, 2, 3], 'colours': ['green', 'red', 'blue', 'red'], 'sizes': [1, 3, 2, 2], 'xpos': [3.91130904169482, 5.46428515532996, 6.02804597253327, 2.75909465803677], 'ypos': [3.88039857557471, 3.68809661044642, 3.83039687351375, 3.76829024369344], 'rotations': [1.21554845923219, 5.037860999749, 2.523398913166, 4.53015371920961], 'contact': [{'V1': [0, 3], 'V2': [1, 2], 'V3': [2, 1], 'V4': [3, 0]}], 'grounded': ['yes', 'yes', 'no', 'yes']}, {'ids': [0, 1], 'colours': ['red', 'red'], 'sizes': [1, 1], 'xpos': [2.66334600794472, 1.80432622054734], 'ypos': [3.88090170709236, 3.87778384307705], 'rotations': [1.21239198245414, 4.35415315781273], 'contact': [{'V1': [0, 1], 'V2': [1, 0]}], 'grounded': ['yes', 'yes']}, {'ids': [0, 1, 2, 3, 4], 'colours': ['red', 'red', 'blue', 'blue', 'green'], 'sizes': [3, 3, 1, 1, 1], 'xpos': [1.85360354206331, 4.53707158711655, 2.22962536171588, 3.31491059447484, 3.75418292003644], 'ypos': [3.68810486672765, 3.68793278435064, 3.60822662705904, 3.84556069624473, 3.52884365217974], 'rotations': [5.03784882313905, 1.24522475821424, 2.57929284346434, 1.86403082200312, 2.07051561191284], 'contact': [[0, 3, 2], [1, 4, 3], [2, 0], [3, 0, 1, 4], [4, 1, 3]], 'grounded': ['yes', 'yes', 'no', 'no', 'no']}, {'ids': [0, 1, 2, 3, 4, 5, 6], 'colours': ['red', 'green', 'red', 'red', 'green', 'green', 'red'], 'sizes': [1, 3, 2, 3, 3, 2, 2], 'xpos': [3.25946614949676, 2.44588297516233, 5.88127197371132, 4.16563349275137, 0.72362012303879, 2.368329881437, 7.02789960687692], 'ypos': [3.95518911276486, 3.68824247585198, 4.15744335942523, 4.15757462621801, 3.67646349730594, 3.64875460383896, 3.78297829877943], 'rotations': [3.90055989251386, 1.24543827105161, 3.14018849938784, 3.14209271550925, 4.46919423935855, 4.5928664481854, 5.04768654725134], 'contact': [[0, 5], [1, 5, 4], 2, 3, [4, 1], [5, 0, 1], 6], 'grounded': ['yes', 'yes', 'yes', 'yes', 'yes', 'no', 'yes']}, {'ids': [0, 1, 2, 3, 4], 'colours': ['red', 'blue', 'green', 'green', 'red'], 'sizes': [2, 1, 3, 3, 3], 'xpos': [1.81709153920562, 5.97480057561886, 3.31338082383512, 4.38059628007586, 6.61025661823443], 'ypos': [3.77963548478066, 4.15709914239659, 4.15857486018002, 4.1579783197977, 3.68443952609824], 'rotations': [1.2339014812192, 3.13995537974587, 3.14125891347883, 3.1426763466907, 5.03874238310661], 'contact': [{'V1': 0, 'V2': 1, 'V3': 2, 'V4': 3, 'V5': 4}], 'grounded': ['yes', 'yes', 'yes', 'yes', 'yes']}, {'ids': [0, 1, 2, 3, 4], 'colours': ['red', 'red', 'red', 'green', 'red'], 'sizes': [2, 3, 1, 3, 3], 'xpos': [3.73841073372075, 3.73677173096754, 2.76148516662288, 4.77214062348621, 4.69143283396105], 'ypos': [4.16009367569396, 4.14643505860911, 4.15849207519273, 4.15973417931752, 3.17867488361144], 'rotations': [3.13742681162325, 3.12687131684704, 3.14631730814226, 3.13796262321945, 2.12453024265947], 'contact': [[0, 1], [1, 0, 4], 2, [3, 4], [4, 1, 3]], 'grounded': ['yes', 'no', 'yes', 'yes', 'no']}, {'ids': [0, 1], 'colours': ['blue', 'red'], 'sizes': [1, 3], 'xpos': [4.12725264721393, 2.49227679939128], 'ypos': [4.15816511179978, 3.68449947257032], 'rotations': [3.13776634013453, 5.03835652479557], 'contact': [{'V1': 0, 'V2': 1}], 'grounded': ['yes', 'yes']}]","[True, True, True, True, True, True, False, True]","[False, True, False, True, False, True, True, True]","[False, False, False, False, False, False, False, False]","[True, False, True, False, True, False, False, False]","[True, True, True, True, True, True, False, True]","[False, True, False, True, False, True, True, True]","[False, False, False, False, False, False, False, False]","[True, False, True, False, True, False, False, False]",-0.125,-0.125,0.0,0.0,0.625,0.625,0.375,0.375,0.125,0.125,0.0,0.0,0.375,0.375,66.91771697671601,-5.545400757336379,-5.545177444479562,13.170243056352595,11.090354888959125,0.8021226947046932,-13.269213994386034,-16.635532333438686,29.716481819120013,33.27106466687737,1.0502311195665048,"[1.0, 1.0, 1.0, 1.0, 1.0, 0.0, 1.0, 0.0, 1.0, 1.0, 1.0, 1.0, 1.0, 1.0, 1.0, 0.0135, 0.9530000000000001, 0.092, 0.5895, 0.5895, 1.0, 0.0, 0.0, 0.861, 1.0, 1.0, 1.0, 0.2925, 0.999, 0.999, 1.0, 0.7155, 0.0, 0.0, 1.0, 0.0, 0.0, 0.0, 1.0, 0.0, 0.0, 0.0, 1.0, 0.0, 0.0, 0.0, 1.0, 0.0, 1.0, 1.0, 1.0, 1.0, 0.0, 0.0, 0.0, 0.0, 1.0, 1.0, 1.0, 1.0, 0.935, 0.935, 0.935, 0.935, 1.0, 1.0, 1.0, 1.0, 0.0, 1.0, 0.0, 0.0, 0.0, 1.0, 1.0, 1.0, 1.0, 1.0, 1.0, 1.0, 1.0, 1.0, 1.0, 1.0, 0.0935, 0.0935, 0.0935, 0.0935, 1.0, 1.0, 1.0, 1.0, 1.0, 1.0, 1.0, 1.0, 1.0, 1.0, 1.0, 1.0, 1.0, 1.0, 1.0, 0.013000000000000001, 1.0, 1.0, 0.998, 1.0, 1.0, 0.002, 0.998, 0.002, 1.0, 1.0, 1.0, 1.0, 1.0, 1.0, 1.0, 0.0, 0.973, 1.0, 0.9530000000000001, 1.0, 0.8925000000000001, 0.9195, 0.17400000000000002, 0.201, 1.0, 1.0, 1.0, 1.0, 0.0, 0.0, 0.0, 0.0, 1.0, 1.0, 1.0, 0.24, 1.0, 1.0, 0.968, 1.0, 0.653, 0.653, 0.653, 1.0, 0.2535, 0.2535, 0.7035, 0.10300000000000001, 1.0, 1.0, 1.0, 1.0, 0.0, 1.0, 0.0, 0.0, 1.0, 1.0, 1.0, 0.012, 0.988, 0.988, 1.0, 1.0, 1.0, 0.0, 1.0, 1.0, 1.0, 0.0, 0.0, 1.0, 0.0, 0.0, 0.0, 1.0, 1.0, 0.0, 0.0, 0.0, 1.0, 1.0, 1.0, 1.0, 0.0, 0.0, 0.0, 0.0, 1.0, 1.0, 1.0, 1.0, 0.0, 0.0, 0.0, 0.0, 1.0, 1.0, 1.0, 1.0, 1.0, 1.0, 0.841, 1.0, 1.0, 1.0, 1.0, 1.0, 0.0, 0.0, 0.0, 0.0, 1.0, 1.0, 1.0, 1.0, 1.0, 1.0, 1.0, 0.0, 0.197, 0.0, 0.85, 0.653, 0.803, 0.0, 0.0, 0.0, 0.8525, 0.847, 0.9935, 0.847, 0.28300000000000003, 0.4305, 0.426, 0.426, 1.0, 1.0, 1.0, 1.0, 1.0, 1.0, 1.0, 0.0, 0.798, 1.0, 0.7995, 0.7995, 0.0275, 0.029, 0.2265, 0.1975, 1.0, 1.0, 1.0, 1.0, 0.0, 0.0, 0.0, 0.0, 0.862, 0.854, 0.8595, 0.8955000000000001, 0.045, 0.0005, 0.8695, 0.8505, 1.0, 1.0, 1.0, 0.022, 1.0, 1.0, 1.0, 0.978, 0.28400000000000003, 0.0145, 0.1885, 0.0275, 0.2755, 0.0, 0.0015, 0.013000000000000001, 0.0, 0.0, 0.0, 1.0, 1.0, 0.0, 0.0, 0.0, 1.0, 1.0, 1.0, 1.0, 0.0, 0.0, 0.0, 0.0, 1.0, 1.0, 1.0, 1.0, 1.0, 0.0, 1.0, 0.0, 1.0, 1.0, 1.0, 1.0, 1.0, 1.0, 1.0, 0.0, 1.0, 1.0, 1.0, 0.728, 0.8265, 0.5545, 0.5545, 0.8265, 1.0, 1.0, 1.0, 1.0, 1.0, 1.0, 1.0, 1.0, 1.0, 1.0, 1.0, 0.8715, 0.9365, 0.8695, 0.8695, 0.9365, 0.229, 0.229, 0.229, 0.229, 0.801, 0.03, 0.03, 0.801, 0.0, 0.0, 0.0, 1.0, 1.0, 0.0, 0.0, 0.0, 0.108, 0.114, 0.2315, 0.108, 0.114, 0.07050000000000001, 0.0495, 0.006, 1.0, 1.0, 1.0, 1.0, 0.0, 0.0, 0.0, 0.0, 0.8955000000000001, 0.895, 0.0115, 0.0, 0.883, 0.0, 0.0, 0.0, 1.0, 1.0, 1.0, 1.0, 0.0, 0.0, 0.0, 0.0, 0.902, 0.902, 0.902, 0.678, 0.88, 0.88, 0.902, 0.807, 1.0, 1.0, 1.0, 1.0, 0.0, 0.0, 0.0, 0.0, 1.0, 1.0, 1.0, 1.0, 1.0, 1.0, 1.0, 0.0, 1.0, 1.0, 1.0, 1.0, 0.0, 0.0, 0.0, 0.0, 1.0, 1.0, 1.0, 1.0, 0.008, 0.008, 0.008, 0.008, 1.0, 1.0, 1.0, 1.0, 1.0, 1.0, 1.0, 0.0, 1.0, 1.0, 1.0, 1.0, 1.0, 1.0, 0.6980000000000001, 1.0, 1.0, 1.0, 1.0, 1.0, 0.0, 0.0, 0.0, 0.0, 1.0, 1.0, 1.0, 1.0, 1.0, 1.0, 1.0, 0.0, 0.9530000000000001, 0.9530000000000001, 0.9530000000000001, 1.0, 1.0, 1.0, 0.641, 0.9530000000000001, 1.0, 1.0, 1.0, 1.0, 0.0, 0.0, 0.0, 0.0, 1.0, 1.0, 1.0, 1.0, 1.0, 1.0, 1.0, 1.0, 1.0, 1.0, 1.0, 1.0, 0.0, 0.0, 0.0, 0.0, 1.0, 1.0, 1.0, 1.0, 1.0, 1.0, 1.0, 1.0, 1.0, 1.0, 1.0, 1.0, 0.021500000000000002, 0.021500000000000002, 0.021500000000000002, 0.021500000000000002, 0.021500000000000002, 0.003, 0.02, 0.0095, 0.0095, 0.964, 0.9555, 0.0095, 1.0, 1.0, 1.0, 1.0, 1.0, 1.0, 1.0, 1.0, 1.0, 1.0, 1.0, 1.0, 0.0, 0.0, 0.0, 0.0, 1.0, 1.0, 1.0, 1.0, 0.0, 0.0, 1.0, 1.0, 1.0, 0.873, 0.198, 0.198, 1.0, 1.0, 0.6905, 1.0, 1.0, 1.0, 1.0, 1.0, 1.0, 1.0, 1.0, 0.0, 1.0, 0.999, 0.999, 1.0, 0.0025, 0.0025, 0.0025, 0.0025, 1.0, 1.0, 1.0, 1.0, 1.0, 0.686, 0.314, 0.0, 1.0, 1.0, 1.0, 1.0, 0.524, 0.524, 1.0, 0.47600000000000003, 1.0, 1.0, 1.0, 1.0, 0.008, 0.008, 0.008, 0.008, 0.9935, 0.9935, 0.9775, 0.9935, 0.9935, 0.0225, 0.988, 0.017, 1.0, 1.0, 1.0, 1.0, 0.0725, 0.0725, 0.0725, 0.0725, 0.041, 1.0, 1.0, 0.9590000000000001, 0.041, 0.9590000000000001, 1.0, 0.0, 0.7435, 0.9835, 0.7425, 0.986, 0.7435, 0.7435, 0.256, 0.987, 1.0, 0.005, 1.0, 1.0, 1.0, 0.005, 0.005, 1.0, 1.0, 1.0, 1.0, 1.0, 1.0, 1.0, 1.0, 0.0, 1.0, 1.0, 1.0, 1.0, 0.0, 0.0, 0.0, 0.0, 1.0, 1.0, 1.0, 1.0, 0.0, 0.0, 0.0, 0.0, 0.9705, 0.9705, 0.9145, 1.0, 0.8015, 0.8015, 0.9705, 0.7865, 1.0, 1.0, 1.0, 1.0, 0.0, 0.0, 0.0, 0.0, 1.0, 1.0, 1.0, 1.0, 0.0, 0.0, 0.0, 0.0, 1.0, 1.0, 1.0, 1.0, 0.0, 0.0, 0.0, 0.0, 1.0, 1.0, 1.0, 1.0, 1.0, 1.0, 1.0, 1.0]",-418.5875071169283,843.720363894191,-482.430437669722,964.860875339444,0.01,0.0,2.0794415416798357,0.5138983426703672,-9.042483870154484,21.263021570656914,0.6334250289943713,"[1.0, 1.0, 1.0, 1.0, 1.0, 0.0, 1.0, 0.0, 1.0, 1.0, 1.0, 1.0, 1.0, 1.0, 1.0, 0.0, 0.0, 0.0, 0.0, 0.0, 0.0, 0.0, 0.0, 0.0, 1.0, 1.0, 1.0, 0.0, 0.0, 0.0, 1.0, 0.0, 0.0, 0.0, 1.0, 1.0, 0.0, 1.0, 1.0, 1.0, 1.0, 1.0, 1.0, 1.0, 0.0, 0.0, 1.0, 1.0, 1.0, 1.0, 1.0, 1.0, 0.0, 0.0, 0.0, 0.0, 1.0, 1.0, 1.0, 1.0, 0.0, 0.0, 0.0, 0.0, 0.0, 0.0, 0.0, 0.0, 0.0, 1.0, 1.0, 0.0, 1.0, 1.0, 1.0, 1.0, 0.0, 0.0, 0.0, 0.0, 1.0, 1.0, 1.0, 1.0, 0.0, 0.0, 0.0, 0.0, 1.0, 1.0, 1.0, 1.0, 1.0, 1.0, 0.0, 1.0, 1.0, 1.0, 1.0, 1.0, 1.0, 1.0, 1.0, 0.0, 1.0, 1.0, 1.0, 1.0, 1.0, 0.0, 1.0, 0.0, 0.0, 1.0, 0.0, 0.0, 1.0, 1.0, 1.0, 0.0, 1.0, 1.0, 0.0, 1.0, 1.0, 0.0, 0.0, 0.0, 1.0, 1.0, 1.0, 0.0, 1.0, 1.0, 1.0, 1.0, 1.0, 1.0, 1.0, 1.0, 0.0, 0.0, 0.0, 0.0, 1.0, 1.0, 1.0, 0.0, 0.0, 0.0, 1.0, 0.0, 0.0, 0.0, 1.0, 0.0, 0.0, 0.0, 0.0, 0.0, 1.0, 1.0, 1.0, 0.0, 0.0, 0.0, 1.0, 0.0, 0.0, 0.0, 0.0, 1.0, 0.0, 0.0, 0.0, 0.0, 0.0, 0.0, 0.0, 1.0, 0.0, 0.0, 0.0, 0.0, 1.0, 1.0, 1.0, 1.0, 0.0, 0.0, 0.0, 0.0, 1.0, 1.0, 1.0, 0.0, 0.0, 0.0, 1.0, 0.0, 1.0, 1.0, 1.0, 1.0, 0.0, 0.0, 0.0, 0.0, 1.0, 1.0, 1.0, 1.0, 0.0, 0.0, 0.0, 0.0, 1.0, 1.0, 1.0, 1.0, 1.0, 1.0, 1.0, 0.0, 0.0, 0.0, 0.0, 0.0, 1.0, 0.0, 0.0, 0.0, 1.0, 1.0, 1.0, 1.0, 1.0, 1.0, 1.0, 1.0, 1.0, 1.0, 1.0, 1.0, 1.0, 1.0, 1.0, 0.0, 0.0, 0.0, 0.0, 0.0, 0.0, 0.0, 0.0, 0.0, 0.0, 1.0, 0.0, 1.0, 0.0, 1.0, 0.0, 1.0, 0.0, 0.0, 0.0, 1.0, 0.0, 0.0, 0.0, 0.0, 1.0, 1.0, 1.0, 0.0, 0.0, 0.0, 1.0, 0.0, 1.0, 1.0, 1.0, 1.0, 1.0, 0.0, 1.0, 0.0, 0.0, 1.0, 1.0, 1.0, 0.0, 0.0, 0.0, 0.0, 1.0, 1.0, 1.0, 0.0, 1.0, 1.0, 1.0, 1.0, 0.0, 1.0, 1.0, 1.0, 0.0, 0.0, 0.0, 0.0, 1.0, 1.0, 1.0, 1.0, 1.0, 1.0, 1.0, 0.0, 1.0, 1.0, 1.0, 1.0, 0.0, 0.0, 0.0, 0.0, 1.0, 1.0, 1.0, 1.0, 0.0, 0.0, 0.0, 0.0, 0.0, 1.0, 0.0, 0.0, 0.0, 0.0, 0.0, 0.0, 1.0, 1.0, 1.0, 1.0, 1.0, 0.0, 1.0, 1.0, 0.0, 0.0, 0.0, 0.0, 0.0, 1.0, 1.0, 0.0, 1.0, 1.0, 1.0, 1.0, 1.0, 0.0, 1.0, 0.0, 1.0, 1.0, 1.0, 1.0, 1.0, 0.0, 1.0, 1.0, 0.0, 0.0, 0.0, 0.0, 0.0, 1.0, 1.0, 0.0, 1.0, 0.0, 0.0, 1.0, 0.0, 0.0, 0.0, 0.0, 1.0, 1.0, 1.0, 0.0, 0.0, 0.0, 1.0, 0.0, 1.0, 1.0, 1.0, 0.0, 0.0, 0.0, 0.0, 0.0, 1.0, 1.0, 1.0, 1.0, 1.0, 1.0, 1.0, 0.0, 0.0, 0.0, 0.0, 0.0, 0.0, 0.0, 0.0, 0.0, 1.0, 0.0, 1.0, 0.0, 0.0, 0.0, 0.0, 0.0, 1.0, 1.0, 1.0, 1.0, 1.0, 1.0, 1.0, 0.0, 1.0, 1.0, 1.0, 1.0, 1.0, 1.0, 0.0, 1.0, 1.0, 1.0, 1.0, 1.0, 0.0, 0.0, 0.0, 0.0, 1.0, 1.0, 1.0, 1.0, 1.0, 1.0, 1.0, 0.0, 0.0, 1.0, 1.0, 1.0, 0.0, 0.0, 0.0, 0.0, 1.0, 1.0, 1.0, 1.0, 0.0, 0.0, 0.0, 0.0, 1.0, 0.0, 1.0, 0.0, 0.0, 0.0, 0.0, 0.0, 1.0, 1.0, 1.0, 1.0, 1.0, 0.0, 1.0, 0.0, 1.0, 1.0, 1.0, 0.0, 1.0, 1.0, 0.0, 1.0, 1.0, 1.0, 1.0, 1.0, 0.0, 0.0, 0.0, 0.0, 0.0, 0.0, 0.0, 0.0, 0.0, 1.0, 0.0, 0.0, 1.0, 1.0, 1.0, 1.0, 0.0, 0.0, 0.0, 0.0, 0.0, 0.0, 0.0, 0.0, 0.0, 0.0, 0.0, 0.0, 1.0, 0.0, 1.0, 0.0, 0.0, 0.0, 0.0, 0.0, 1.0, 1.0, 0.0, 0.0, 1.0, 1.0, 1.0, 1.0, 1.0, 1.0, 1.0, 1.0, 1.0, 1.0, 1.0, 1.0, 1.0, 1.0, 1.0, 1.0, 1.0, 0.0, 1.0, 1.0, 0.0, 1.0, 0.0, 1.0, 0.0, 1.0, 0.0, 0.0, 1.0, 1.0, 1.0, 1.0, 0.0, 0.0, 1.0, 0.0, 1.0, 1.0, 1.0, 1.0, 0.0, 0.0, 0.0, 0.0, 0.0, 0.0, 0.0, 1.0, 0.0, 0.0, 0.0, 0.0, 1.0, 1.0, 1.0, 1.0, 0.0, 0.0, 0.0, 0.0, 0.0, 1.0, 1.0, 1.0, 0.0, 1.0, 1.0, 0.0, 1.0, 1.0, 1.0, 1.0, 0.0, 0.0, 0.0, 0.0, 1.0, 0.0, 1.0, 1.0, 1.0, 0.0, 0.0, 1.0, 1.0, 1.0, 1.0, 1.0, 1.0, 1.0, 1.0, 0.0, 0.0, 1.0, 1.0, 1.0, 1.0, 1.0, 0.0, 0.0, 1.0, 1.0, 1.0, 1.0, 0.0, 0.0, 0.0, 0.0, 1.0, 1.0, 1.0, 0.0, 0.0, 0.0, 1.0, 0.0, 1.0, 1.0, 1.0, 1.0, 0.0, 0.0, 0.0, 0.0, 0.0, 0.0, 0.0, 0.0, 0.0, 0.0, 0.0, 0.0, 0.0, 1.0, 0.0, 1.0, 0.0, 1.0, 1.0, 0.0, 1.0, 1.0, 1.0, 1.0, 1.0, 0.0, 0.0, 1.0]",-318.3726801373107,643.2907099349558,0.01,0.0,-5.545177444479562,2.0794415416798357,11.090354888959125,0.5138983426703672,-9.042483870154484,-16.635532333438686,21.263021570656914,33.27106466687737,0.6173530694834558,"[1.0, 1.0, 1.0, 1.0, 1.0, 0.0, 1.0, 0.0, 1.0, 1.0, 1.0, 1.0, 1.0, 1.0, 1.0, 0.0, 0.0, 0.0, 0.0, 0.0, 0.0, 0.0, 0.0, 0.0, 1.0, 1.0, 1.0, 0.0, 0.0, 0.0, 1.0, 0.0, 0.0, 0.0, 1.0, 1.0, 0.0, 1.0, 1.0, 1.0, 0.0, 0.0, 0.0, 0.0, 0.0, 0.0, 0.0, 0.0, 1.0, 1.0, 1.0, 1.0, 0.0, 0.0, 0.0, 0.0, 1.0, 1.0, 1.0, 1.0, 0.0, 0.0, 0.0, 0.0, 0.0, 0.0, 0.0, 0.0, 0.0, 1.0, 1.0, 0.0, 0.0, 0.0, 0.0, 1.0, 0.0, 0.0, 0.0, 0.0, 1.0, 1.0, 1.0, 1.0, 0.0, 0.0, 0.0, 0.0, 0.0, 0.0, 0.0, 0.0, 1.0, 1.0, 0.0, 1.0, 1.0, 1.0, 1.0, 1.0, 1.0, 1.0, 1.0, 0.0, 1.0, 1.0, 1.0, 1.0, 1.0, 0.0, 1.0, 0.0, 0.0, 1.0, 0.0, 0.0, 1.0, 1.0, 1.0, 0.0, 1.0, 1.0, 0.0, 1.0, 1.0, 0.0, 0.0, 0.0, 1.0, 1.0, 1.0, 0.0, 1.0, 1.0, 1.0, 1.0, 1.0, 1.0, 1.0, 1.0, 0.0, 0.0, 0.0, 0.0, 1.0, 1.0, 1.0, 0.0, 0.0, 0.0, 1.0, 0.0, 0.0, 0.0, 1.0, 0.0, 0.0, 0.0, 0.0, 0.0, 1.0, 1.0, 1.0, 0.0, 0.0, 0.0, 1.0, 0.0, 0.0, 0.0, 0.0, 1.0, 0.0, 0.0, 0.0, 0.0, 0.0, 0.0, 0.0, 1.0, 0.0, 0.0, 0.0, 0.0, 1.0, 1.0, 1.0, 1.0, 0.0, 0.0, 0.0, 0.0, 1.0, 1.0, 1.0, 0.0, 0.0, 0.0, 1.0, 0.0, 1.0, 1.0, 1.0, 1.0, 0.0, 0.0, 0.0, 0.0, 1.0, 1.0, 1.0, 1.0, 0.0, 0.0, 0.0, 0.0, 1.0, 1.0, 1.0, 1.0, 1.0, 1.0, 1.0, 0.0, 0.0, 0.0, 0.0, 0.0, 1.0, 0.0, 0.0, 0.0, 1.0, 1.0, 1.0, 1.0, 1.0, 1.0, 1.0, 1.0, 1.0, 1.0, 1.0, 1.0, 1.0, 1.0, 1.0, 0.0, 0.0, 0.0, 0.0, 0.0, 0.0, 0.0, 0.0, 0.0, 0.0, 1.0, 0.0, 1.0, 0.0, 1.0, 0.0, 1.0, 0.0, 0.0, 0.0, 1.0, 0.0, 0.0, 0.0, 0.0, 1.0, 1.0, 1.0, 0.0, 0.0, 0.0, 1.0, 0.0, 1.0, 1.0, 1.0, 1.0, 1.0, 0.0, 1.0, 0.0, 0.0, 1.0, 1.0, 1.0, 0.0, 0.0, 0.0, 0.0, 1.0, 1.0, 1.0, 0.0, 1.0, 1.0, 1.0, 1.0, 0.0, 1.0, 1.0, 1.0, 0.0, 0.0, 0.0, 0.0, 1.0, 1.0, 1.0, 1.0, 1.0, 1.0, 1.0, 0.0, 1.0, 1.0, 1.0, 1.0, 0.0, 0.0, 0.0, 0.0, 1.0, 1.0, 1.0, 1.0, 0.0, 0.0, 0.0, 0.0, 0.0, 1.0, 0.0, 0.0, 0.0, 0.0, 0.0, 0.0, 0.0, 0.0, 0.0, 0.0, 0.0, 0.0, 0.0, 0.0, 1.0, 0.0, 1.0, 1.0, 1.0, 0.0, 0.0, 1.0, 1.0, 1.0, 1.0, 1.0, 1.0, 0.0, 1.0, 0.0, 1.0, 1.0, 1.0, 1.0, 1.0, 0.0, 1.0, 1.0, 0.0, 0.0, 0.0, 0.0, 0.0, 1.0, 1.0, 0.0, 1.0, 0.0, 0.0, 1.0, 0.0, 0.0, 0.0, 0.0, 1.0, 1.0, 1.0, 0.0, 0.0, 0.0, 1.0, 0.0, 1.0, 1.0, 1.0, 0.0, 0.0, 0.0, 0.0, 0.0, 1.0, 1.0, 1.0, 1.0, 1.0, 1.0, 1.0, 0.0, 0.0, 0.0, 0.0, 0.0, 0.0, 0.0, 0.0, 0.0, 1.0, 0.0, 1.0, 0.0, 0.0, 0.0, 0.0, 0.0, 1.0, 1.0, 1.0, 1.0, 1.0, 1.0, 1.0, 0.0, 1.0, 1.0, 1.0, 1.0, 1.0, 1.0, 0.0, 1.0, 1.0, 1.0, 1.0, 1.0, 0.0, 0.0, 0.0, 0.0, 1.0, 1.0, 1.0, 1.0, 1.0, 1.0, 1.0, 0.0, 0.0, 1.0, 1.0, 1.0, 0.0, 0.0, 0.0, 0.0, 1.0, 1.0, 1.0, 1.0, 0.0, 0.0, 0.0, 0.0, 1.0, 0.0, 1.0, 0.0, 0.0, 0.0, 0.0, 0.0, 1.0, 1.0, 1.0, 1.0, 1.0, 0.0, 1.0, 0.0, 1.0, 1.0, 1.0, 0.0, 1.0, 1.0, 0.0, 1.0, 1.0, 1.0, 1.0, 1.0, 0.0, 0.0, 0.0, 0.0, 0.0, 0.0, 0.0, 0.0, 0.0, 1.0, 0.0, 0.0, 1.0, 1.0, 1.0, 1.0, 0.0, 0.0, 0.0, 0.0, 0.0, 0.0, 0.0, 0.0, 0.0, 0.0, 0.0, 0.0, 1.0, 0.0, 1.0, 0.0, 0.0, 0.0, 0.0, 0.0, 1.0, 1.0, 0.0, 0.0, 1.0, 1.0, 1.0, 1.0, 1.0, 1.0, 1.0, 1.0, 1.0, 1.0, 1.0, 1.0, 1.0, 1.0, 1.0, 1.0, 1.0, 0.0, 1.0, 1.0, 0.0, 1.0, 0.0, 1.0, 0.0, 1.0, 0.0, 0.0, 1.0, 1.0, 1.0, 1.0, 0.0, 0.0, 1.0, 0.0, 1.0, 1.0, 1.0, 1.0, 0.0, 0.0, 0.0, 0.0, 0.0, 0.0, 0.0, 1.0, 0.0, 0.0, 0.0, 0.0, 1.0, 1.0, 1.0, 1.0, 0.0, 0.0, 0.0, 0.0, 0.0, 1.0, 1.0, 1.0, 0.0, 1.0, 1.0, 0.0, 1.0, 1.0, 1.0, 1.0, 0.0, 0.0, 0.0, 0.0, 1.0, 0.0, 1.0, 1.0, 1.0, 0.0, 0.0, 1.0, 1.0, 1.0, 1.0, 1.0, 1.0, 1.0, 1.0, 0.0, 0.0, 0.0, 1.0, 0.0, 0.0, 1.0, 0.0, 0.0, 1.0, 1.0, 1.0, 1.0, 0.0, 0.0, 0.0, 0.0, 1.0, 1.0, 1.0, 0.0, 0.0, 0.0, 1.0, 0.0, 1.0, 1.0, 1.0, 1.0, 0.0, 0.0, 0.0, 0.0, 0.0, 0.0, 0.0, 0.0, 0.0, 0.0, 0.0, 0.0, 0.0, 1.0, 0.0, 1.0, 0.0, 1.0, 1.0, 0.0, 1.0, 1.0, 1.0, 1.0, 1.0, 0.0, 0.0, 1.0]",-311.9759791000219,630.4973078603782,-482.430437669722,964.860875339444,66.97929211649829,-5.545400346938725,-5.545177444479562,13.170242235557286,11.090354888959125,1.442694391631023,-15.276340039075766,-16.635532333438686,33.73073390849948,33.27106466687737,1.0908740239314543,"[0.0, 0.0, 1.0, 0.0, 0.0, 0.0, 0.0, 0.0, 1.0, 1.0, 1.0, 1.0, 0.877, 0.877, 0.877, 0.0, 1.0, 0.259, 1.0, 1.0, 0.8015, 0.0, 0.259, 1.0, 1.0, 1.0, 1.0, 1.0, 1.0, 1.0, 1.0, 0.0, 0.0, 0.0, 1.0, 0.0, 0.0, 0.0, 1.0, 0.0, 0.0, 0.0, 1.0, 0.0, 0.0, 0.0, 1.0, 0.0, 0.0, 0.0, 0.0, 0.0775, 0.0, 0.0, 0.1635, 0.47100000000000003, 1.0, 1.0, 1.0, 1.0, 0.0, 0.0, 0.0, 0.0, 0.0, 0.0, 0.0, 0.0, 0.0, 0.0, 0.0, 0.0, 1.0, 1.0, 1.0, 1.0, 1.0, 1.0, 1.0, 0.0, 1.0, 1.0, 1.0, 1.0, 0.0, 0.0, 0.0, 0.0, 0.0, 0.0, 0.0, 0.0, 0.0, 0.113, 0.113, 0.0, 0.0, 0.0, 0.0, 1.0, 0.0, 0.0, 0.0, 0.0, 1.0, 1.0, 1.0, 1.0, 0.0, 0.0, 0.0, 0.0, 0.9995, 1.0, 1.0, 0.663, 1.0, 1.0, 1.0, 0.353, 1.0, 1.0, 1.0, 1.0, 0.082, 0.082, 0.0, 0.0, 0.973, 1.0, 0.7655000000000001, 0.605, 0.973, 1.0, 1.0, 0.368, 0.0, 0.0, 1.0, 0.0, 1.0, 0.0, 1.0, 0.0, 1.0, 1.0, 1.0, 1.0, 0.0, 0.0, 1.0, 0.0, 1.0, 1.0, 1.0, 1.0, 0.0, 0.9465, 0.0, 0.0, 0.666, 1.0, 0.666, 0.666, 0.0, 0.0, 0.7975, 0.0, 0.0, 0.9430000000000001, 0.0, 1.0, 1.0, 0.0, 0.0, 0.0, 0.0, 1.0, 0.0, 0.0, 0.0, 0.0, 0.0, 0.0, 1.0, 1.0, 1.0, 1.0, 0.0, 0.0, 0.0, 0.0, 1.0, 1.0, 1.0, 1.0, 1.0, 1.0, 1.0, 0.0005, 1.0, 1.0, 1.0, 1.0, 1.0, 1.0, 0.0, 1.0, 1.0, 1.0, 1.0, 1.0, 0.0, 0.0, 0.0, 0.0, 1.0, 1.0, 1.0, 1.0, 1.0, 1.0, 1.0, 0.0, 1.0, 0.0, 1.0, 0.0, 0.0, 0.0, 0.0, 0.0, 0.0, 1.0, 0.0, 1.0, 0.0, 1.0, 0.0, 1.0, 1.0, 1.0, 1.0, 1.0, 1.0, 1.0, 1.0, 0.0, 1.0, 0.0, 1.0, 1.0, 1.0, 0.0, 0.0, 1.0, 1.0, 1.0, 1.0, 1.0, 1.0, 1.0, 1.0, 1.0, 0.0, 0.9580000000000001, 0.0, 0.0, 0.0, 0.0, 0.0045000000000000005, 0.0, 0.0, 0.0, 0.0, 0.0, 0.0, 0.0, 0.0, 1.0, 0.0, 0.0, 0.0005, 0.0, 0.0, 0.0, 0.0, 0.0, 0.0, 1.0, 0.0, 0.0, 0.0, 0.0, 0.0, 0.0, 1.0, 1.0, 1.0, 0.001, 0.001, 0.001, 1.0, 0.0, 0.0, 0.0, 0.6225, 0.0, 0.0, 0.0, 0.0, 0.0, 1.0, 1.0, 1.0, 1.0, 0.0, 0.0, 0.0, 0.0, 0.0, 0.0, 0.0, 0.0, 0.0, 0.0, 0.0, 0.0, 1.0, 1.0, 1.0, 1.0, 1.0, 1.0, 1.0, 0.0, 0.0, 0.0, 0.0, 1.0, 0.0, 0.0, 1.0, 0.0, 1.0, 1.0, 1.0, 1.0, 0.0, 0.0, 0.0, 0.0, 0.0, 1.0, 0.0, 0.0, 1.0, 0.0, 0.0, 1.0, 1.0, 1.0, 1.0, 1.0, 0.0, 0.0, 0.0, 0.0, 1.0, 1.0, 1.0, 1.0, 1.0, 0.0, 1.0, 1.0, 0.0, 0.0005, 0.0, 0.0, 0.0, 0.38, 0.0, 0.0, 1.0, 1.0, 1.0, 1.0, 0.0, 0.0, 0.0, 0.0, 1.0, 1.0, 1.0, 0.999, 1.0, 1.0, 1.0, 0.0195, 1.0, 1.0, 1.0, 1.0, 0.0, 0.0, 0.0, 0.0, 0.0, 0.6285000000000001, 0.0, 0.328, 0.0, 0.0, 0.6285000000000001, 0.0, 0.0, 0.0, 0.0, 0.0, 0.0, 0.0, 0.0, 1.0, 1.0, 1.0, 1.0, 1.0, 0.0, 0.0, 0.0, 0.0, 1.0, 1.0, 1.0, 1.0, 1.0, 1.0, 1.0, 0.0, 1.0, 1.0, 1.0, 1.0, 1.0, 1.0, 0.0375, 1.0, 1.0, 1.0, 1.0, 1.0, 0.0, 0.0, 0.0, 0.0, 1.0, 1.0, 1.0, 1.0, 1.0, 1.0, 1.0, 0.0, 1.0, 1.0, 1.0, 1.0, 1.0, 1.0, 0.0, 1.0, 1.0, 1.0, 1.0, 1.0, 0.0, 0.0, 0.0, 0.0, 1.0, 1.0, 1.0, 1.0, 1.0, 1.0, 1.0, 1.0, 0.0, 0.0, 0.4395, 0.0, 0.0, 0.0, 0.001, 1.0, 0.0, 0.0, 0.0, 0.0, 0.0, 0.0, 0.0, 0.0, 1.0, 1.0, 1.0, 0.0, 1.0, 0.0, 0.0, 1.0, 0.0, 0.0, 1.0, 1.0, 1.0, 0.0, 0.0, 0.0, 0.0, 0.0, 0.0, 0.0, 0.0, 0.0, 0.0, 0.0, 1.0, 1.0, 1.0, 1.0, 0.0, 0.0, 0.0, 0.0, 0.0, 0.0, 0.0, 0.0, 0.0, 1.0, 0.0, 0.0, 1.0, 1.0, 1.0, 1.0, 0.0, 0.4945, 0.0, 0.0, 1.0, 1.0, 1.0, 1.0, 0.0, 0.0, 1.0, 1.0, 1.0, 1.0, 1.0, 1.0, 0.0, 0.0, 0.0, 0.0, 1.0, 1.0, 1.0, 1.0, 1.0, 0.704, 0.296, 0.0, 1.0, 1.0, 1.0, 1.0, 0.0, 0.0, 1.0, 1.0, 1.0, 1.0, 1.0, 1.0, 0.0, 0.0, 0.0, 0.0, 0.006, 1.0, 0.006, 0.708, 0.298, 1.0, 0.298, 1.0, 1.0, 1.0, 1.0, 1.0, 0.0, 0.0, 0.0, 0.0, 1.0, 0.0, 1.0, 1.0, 1.0, 0.0, 0.0, 1.0, 0.0, 1.0, 1.0, 1.0, 0.0, 0.0, 0.0, 0.0, 1.0, 0.224, 1.0, 1.0, 0.776, 0.0, 0.224, 1.0, 1.0, 1.0, 1.0, 1.0, 0.0, 0.0, 0.0, 0.0, 1.0, 1.0, 0.0, 1.0, 1.0, 1.0, 0.0, 1.0, 1.0, 1.0, 1.0, 1.0, 0.0, 0.0, 0.0, 0.0, 1.0, 1.0, 1.0, 1.0, 1.0, 1.0, 1.0, 0.0, 1.0, 1.0, 1.0, 1.0, 0.0, 0.0, 0.0, 0.0, 0.0, 0.0, 0.0, 0.0, 0.0, 0.0, 0.0, 0.0, 1.0, 0.4865, 1.0, 1.0, 1.0, 0.0075, 0.4865, 1.0, 0.0225, 0.0, 0.0, 0.9775, 0.0, 0.0, 0.0, 0.0]",-419.18595103414617,844.9172517286268,-482.430437669722,964.860875339444,0.01,0.0,-5.545177444479562,2.0794415416798357,11.090354888959125,0.5138983426703672,-9.042483870154484,-16.635532333438686,21.263021570656914,33.27106466687737,0.5787520451143159,"[1.0, 1.0, 1.0, 1.0, 1.0, 0.0, 1.0, 0.0, 1.0, 1.0, 1.0, 1.0, 1.0, 1.0, 1.0, 0.0, 0.0, 0.0, 0.0, 0.0, 0.0, 0.0, 0.0, 0.0, 1.0, 1.0, 1.0, 1.0, 0.0, 0.0, 1.0, 0.0, 0.0, 0.0, 0.0, 0.0, 0.0, 1.0, 0.0, 0.0, 0.0, 0.0, 0.0, 0.0, 0.0, 0.0, 0.0, 0.0, 1.0, 1.0, 1.0, 1.0, 0.0, 0.0, 0.0, 0.0, 1.0, 1.0, 1.0, 1.0, 0.0, 0.0, 0.0, 0.0, 0.0, 0.0, 0.0, 0.0, 0.0, 1.0, 1.0, 0.0, 1.0, 1.0, 1.0, 1.0, 0.0, 0.0, 0.0, 0.0, 1.0, 1.0, 1.0, 1.0, 0.0, 0.0, 0.0, 0.0, 0.0, 0.0, 0.0, 0.0, 0.0, 0.0, 0.0, 0.0, 1.0, 1.0, 1.0, 1.0, 1.0, 1.0, 1.0, 0.0, 1.0, 1.0, 1.0, 1.0, 1.0, 0.0, 1.0, 0.0, 0.0, 1.0, 0.0, 0.0, 1.0, 1.0, 1.0, 0.0, 1.0, 1.0, 0.0, 1.0, 1.0, 0.0, 0.0, 0.0, 1.0, 1.0, 1.0, 0.0, 1.0, 1.0, 1.0, 1.0, 1.0, 1.0, 1.0, 1.0, 0.0, 0.0, 0.0, 0.0, 1.0, 1.0, 1.0, 0.0, 0.0, 0.0, 1.0, 0.0, 0.0, 0.0, 1.0, 0.0, 0.0, 0.0, 0.0, 0.0, 1.0, 1.0, 1.0, 0.0, 0.0, 0.0, 1.0, 0.0, 0.0, 0.0, 0.0, 1.0, 0.0, 0.0, 0.0, 0.0, 0.0, 0.0, 0.0, 1.0, 0.0, 0.0, 0.0, 0.0, 1.0, 1.0, 1.0, 1.0, 0.0, 0.0, 0.0, 0.0, 1.0, 1.0, 1.0, 0.0, 0.0, 0.0, 1.0, 0.0, 1.0, 1.0, 1.0, 1.0, 0.0, 0.0, 0.0, 0.0, 1.0, 1.0, 1.0, 1.0, 0.0, 0.0, 0.0, 0.0, 1.0, 1.0, 1.0, 1.0, 1.0, 1.0, 1.0, 0.0, 0.0, 0.0, 0.0, 0.0, 1.0, 0.0, 0.0, 0.0, 1.0, 1.0, 1.0, 1.0, 1.0, 1.0, 1.0, 1.0, 1.0, 1.0, 1.0, 1.0, 1.0, 1.0, 1.0, 0.0, 0.0, 0.0, 0.0, 0.0, 0.0, 0.0, 0.0, 0.0, 0.0, 1.0, 0.0, 1.0, 0.0, 1.0, 0.0, 1.0, 0.0, 0.0, 0.0, 1.0, 0.0, 0.0, 0.0, 0.0, 1.0, 1.0, 1.0, 0.0, 0.0, 0.0, 1.0, 0.0, 0.0, 0.0, 1.0, 0.0, 0.0, 0.0, 0.0, 0.0, 0.0, 1.0, 1.0, 1.0, 0.0, 0.0, 0.0, 0.0, 1.0, 1.0, 1.0, 0.0, 1.0, 1.0, 1.0, 1.0, 0.0, 0.0, 1.0, 0.0, 0.0, 0.0, 0.0, 0.0, 1.0, 1.0, 1.0, 1.0, 1.0, 1.0, 1.0, 0.0, 1.0, 1.0, 1.0, 1.0, 0.0, 0.0, 0.0, 0.0, 1.0, 1.0, 1.0, 1.0, 0.0, 0.0, 0.0, 0.0, 0.0, 1.0, 0.0, 0.0, 0.0, 0.0, 0.0, 0.0, 0.0, 0.0, 0.0, 0.0, 0.0, 0.0, 0.0, 0.0, 0.0, 0.0, 0.0, 0.0, 0.0, 0.0, 0.0, 0.0, 1.0, 1.0, 0.0, 1.0, 1.0, 0.0, 1.0, 0.0, 1.0, 1.0, 1.0, 1.0, 1.0, 0.0, 1.0, 1.0, 0.0, 0.0, 0.0, 0.0, 0.0, 1.0, 1.0, 0.0, 1.0, 0.0, 0.0, 1.0, 0.0, 0.0, 0.0, 0.0, 1.0, 1.0, 1.0, 0.0, 0.0, 0.0, 1.0, 0.0, 1.0, 1.0, 1.0, 0.0, 0.0, 0.0, 0.0, 0.0, 1.0, 1.0, 1.0, 1.0, 1.0, 1.0, 1.0, 0.0, 0.0, 0.0, 0.0, 0.0, 0.0, 0.0, 0.0, 0.0, 1.0, 0.0, 1.0, 0.0, 0.0, 0.0, 0.0, 0.0, 1.0, 1.0, 1.0, 1.0, 1.0, 1.0, 1.0, 0.0, 1.0, 1.0, 1.0, 1.0, 1.0, 1.0, 0.0, 1.0, 1.0, 1.0, 1.0, 1.0, 0.0, 0.0, 0.0, 0.0, 1.0, 1.0, 1.0, 1.0, 1.0, 1.0, 1.0, 0.0, 0.0, 1.0, 1.0, 1.0, 0.0, 0.0, 0.0, 0.0, 1.0, 1.0, 1.0, 1.0, 0.0, 0.0, 0.0, 0.0, 1.0, 0.0, 1.0, 0.0, 0.0, 0.0, 0.0, 0.0, 1.0, 1.0, 1.0, 1.0, 1.0, 0.0, 1.0, 0.0, 1.0, 1.0, 1.0, 0.0, 1.0, 1.0, 0.0, 1.0, 1.0, 1.0, 1.0, 1.0, 0.0, 0.0, 0.0, 0.0, 0.0, 0.0, 0.0, 0.0, 0.0, 0.0, 0.0, 0.0, 1.0, 1.0, 1.0, 1.0, 0.0, 0.0, 0.0, 0.0, 0.0, 0.0, 0.0, 0.0, 0.0, 0.0, 0.0, 0.0, 0.0, 0.0, 0.0, 0.0, 0.0, 0.0, 0.0, 0.0, 1.0, 1.0, 0.0, 0.0, 1.0, 1.0, 1.0, 1.0, 1.0, 1.0, 1.0, 1.0, 1.0, 1.0, 1.0, 1.0, 1.0, 1.0, 1.0, 1.0, 1.0, 0.0, 1.0, 1.0, 0.0, 1.0, 0.0, 1.0, 0.0, 1.0, 0.0, 0.0, 1.0, 1.0, 1.0, 1.0, 0.0, 0.0, 1.0, 0.0, 1.0, 1.0, 1.0, 1.0, 0.0, 0.0, 0.0, 0.0, 0.0, 0.0, 0.0, 1.0, 0.0, 0.0, 0.0, 0.0, 1.0, 1.0, 1.0, 1.0, 0.0, 0.0, 0.0, 0.0, 0.0, 1.0, 1.0, 1.0, 0.0, 1.0, 1.0, 0.0, 1.0, 1.0, 1.0, 1.0, 0.0, 0.0, 0.0, 0.0, 1.0, 0.0, 1.0, 1.0, 1.0, 0.0, 0.0, 1.0, 1.0, 1.0, 1.0, 1.0, 1.0, 1.0, 1.0, 0.0, 0.0, 1.0, 1.0, 1.0, 1.0, 1.0, 0.0, 0.0, 1.0, 1.0, 1.0, 1.0, 0.0, 0.0, 0.0, 0.0, 1.0, 1.0, 1.0, 0.0, 0.0, 0.0, 1.0, 0.0, 1.0, 1.0, 1.0, 1.0, 0.0, 0.0, 0.0, 0.0, 0.0, 0.0, 0.0, 0.0, 0.0, 0.0, 0.0, 0.0, 0.0, 0.0, 1.0, 1.0, 0.0, 0.0, 0.0, 0.0, 1.0, 1.0, 1.0, 1.0, 1.0, 0.0, 0.0, 1.0]",-295.2442605392121,597.0338707387587,-482.430437669722,964.860875339444,1.1270131401661068,-14.4872940360187,32.15264190238535,1.2846122460949685,-433.45128860920846,873.4479268787513,True,True,True,False,True,0.875,1.0,0.5416666666666666,0.5,0.5416666666666666,0.5,0.5833333333333334,0.5,0.5416666666666666,0.5,0.5416666666666666,0.625,"Z.forall(lambda x1: Z.not_operator(Z.equal(x1,'upright','orientation')),X)","Z.atleast(lambda x1: Z.forall(lambda x2: Z.and_operator(Z.equal(x1,3,'size'),Z.not_operator(Z.and_operator(Z.equal(x2,'red','colour'),Z.equal(x2,1,'size')))),X),1,X)","Z.atleast(lambda x1: Z.not_operator(Z.equal(x1,'upright','orientation')),1,X)","Z.atleast(lambda x1: Z.forall(lambda x2: Z.and_operator(Z.equal(x1,3,'size'),Z.not_operator(Z.and_operator(Z.equal(x2,'red','colour'),Z.equal(x2,1,'size')))),X),1,X)",1.0,0.5,0.5,0.5,0.5,0.7083333333333334,0.6982758620689655,0.6867816091954023,0.6954022988505747,0.6925287356321839,5.241379310344827,1791,0,0,0,0,0
33,42,80,GBOn7umXUg,Kh5yAD9GF2sgDjsMAAAz,Omega,all are blue OR small,"[False, True, False, False, False, False, False, False]","[False, False, False, False, False, False, True, False]",0.625,0.375,If a blue cone is larger than a green cone.,"[['x1'],['x1','x2']]","Z.exists(lambda x1: Z.exists(lambda x2: Z.and_operator(Z.and_operator(Z.equal(x1,'blue','colour'),Z.equal(x2,'green','colour')),Z.greater(x1,x2,'size')),X),X)",The blue cone is largest,"[{'ids': [0, 1, 2], 'colours': ['green', 'blue', 'green'], 'sizes': [1, 2, 1], 'xpos': [0.3695943902506767, 3.3550150804889523, 2.7203088242630797], 'ypos': [4.128333333333334, 4.128333333333334, 4.043406777668482], 'rotations': [3.1415926535897936, 3.1415926535897922, 2.8545798207955833], 'orientations': ['upright', 'upright', 'upright'], 'contact': [[0], [1, 2], [2, 1]], 'grounded': ['yes', 'yes', 'yes'], 'follow_rule': True}, {'ids': [0, 1, 2, 3], 'colours': ['blue', 'blue', 'blue', 'green'], 'sizes': [3, 2, 3, 1], 'xpos': [6.6733446776782905, 1.290642402444169, 5.052189911433142, 4.025913836359611], 'ypos': [3.652747155061656, 4.123649024205314, 4.1247603114834535, 4.124376965970721], 'rotations': [5.037179415700709, 3.1417050829109217, 3.1434626297999255, 3.1449132447783725], 'orientations': ['rhs', 'upright', 'upright', 'upright'], 'contact': [[0], [1], [2], [3]], 'grounded': ['yes', 'yes', 'yes', 'yes'], 'follow_rule': True}, {'ids': [0, 1, 2, 3, 4], 'colours': ['red', 'green', 'blue', 'green', 'red'], 'sizes': [3, 2, 1, 1, 2], 'xpos': [1.8264206014880229, 2.6279314710408137, 5.4998433214711655, 1.8160651265761552, 6.613071785584433], 'ypos': [4.127561463226382, 3.9983620969288283, 3.8437493915246232, 3.1798794742230716, 4.125140101017211], 'rotations': [3.140152004130255, 3.465232234682254, 1.211983921615484, 3.1652725787087377, 3.1418867160419865], 'orientations': ['upright', 'upright', 'lhs', 'upright', 'upright'], 'contact': [[0, 3, 1], [1, 0], [2], [3, 0], [4]], 'grounded': ['yes', 'yes', 'yes', 'no', 'yes'], 'follow_rule': False}, {'ids': [0, 1, 2, 3], 'colours': ['blue', 'green', 'red', 'blue'], 'sizes': [3, 2, 1, 1], 'xpos': [5.0862268487225695, 3.6059270740876896, 6.743056219327881, 4.283576404650906], 'ypos': [4.125747090781823, 4.1242695097064015, 4.123946926962722, 4.084988726275685], 'rotations': [3.1452429039504706, 3.1435361801165143, 3.1400913320245265, 3.2748612599845868], 'orientations': ['upright', 'upright', 'upright', 'upright'], 'contact': [[0, 3], [1, 3], [2], [3, 0, 1]], 'grounded': ['yes', 'yes', 'yes', 'yes'], 'follow_rule': False}, {'ids': [0, 1, 2], 'colours': ['blue', 'green', 'red'], 'sizes': [3, 2, 3], 'xpos': [2.652628611606715, 5.920827936653275, 1.641202880200061], 'ypos': [4.1248493255065, 3.746039525756409, 4.124761868056743], 'rotations': [3.139700883633022, 5.050526411857053, 3.1394527460752384], 'orientations': ['upright', 'rhs', 'upright'], 'contact': [[0], [1], [2]], 'grounded': ['yes', 'yes', 'yes'], 'follow_rule': False}, {'ids': [0, 1, 2, 3, 4], 'colours': ['blue', 'green', 'red', 'red', 'green'], 'sizes': [3, 2, 2, 1, 1], 'xpos': [5.196954938105782, 1.3114327680682711, 3.4344250298634966, 4.315755150382335, 3.5276913548009174], 'ypos': [4.124767409026046, 4.124932364219359, 3.750361907749943, 4.123891215579194, 4.0674893294514884], 'rotations': [3.1409826567005266, 3.1383593581314795, 1.237389701597927, 3.139822996432725, 3.3393914216996112], 'orientations': ['upright', 'upright', 'lhs', 'upright', 'upright'], 'contact': [[0], [1], [2, 4], [3], [4, 2]], 'grounded': ['yes', 'yes', 'yes', 'yes', 'yes'], 'follow_rule': False}, {'ids': [0, 1, 2, 3], 'colours': ['blue', 'green', 'green', 'green'], 'sizes': [3, 2, 3, 1], 'xpos': [6.170760535031011, 0.5007308287645742, 1.6452916192313585, 7.07207567827208], 'ypos': [4.1246139290490085, 4.124670826732242, 3.6994435487965767, 4.124502523162642], 'rotations': [3.1438667182923963, 3.138121462831764, 2.124529692590963, 3.1447244290311875], 'orientations': ['upright', 'upright', 'strange', 'upright'], 'contact': [[0], [1, 2], [2, 1], [3]], 'grounded': ['yes', 'yes', 'yes', 'yes'], 'follow_rule': False}, {'ids': [0, 1, 2], 'colours': ['blue', 'red', 'red'], 'sizes': [3, 2, 1], 'xpos': [3.6909816283046593, 1.6855162786642226, 2.5460809402067466], 'ypos': [4.124745974993614, 4.124951452215246, 4.124602840415774], 'rotations': [3.142860622551404, 3.1435192597493793, 3.1443711887033166], 'orientations': ['upright', 'upright', 'upright'], 'contact': [[0], [1], [2]], 'grounded': ['yes', 'yes', 'yes'], 'follow_rule': False}, {'ids': [0], 'colours': ['red'], 'sizes': [1], 'xpos': [0.980966455584144], 'ypos': [4.15692217898732], 'rotations': [3.14075602080225], 'contact': [{'V1': 0}], 'grounded': ['yes']}, {'ids': [0, 1], 'colours': ['blue', 'blue'], 'sizes': [2, 2], 'xpos': [5.53919900438758, 1.65854079923742], 'ypos': [4.15829751656101, 4.15751198256046], 'rotations': [3.14294469336728, 3.13947439604659], 'contact': [{'V1': 0, 'V2': 1}], 'grounded': ['yes', 'yes']}, {'ids': [0, 1, 2], 'colours': ['blue', 'red', 'blue'], 'sizes': [1, 1, 1], 'xpos': [2.91233558185412, 3.62676822308812, 1.29792616640764], 'ypos': [4.1571699418337, 4.15734457821355, 3.87855314146574], 'rotations': [3.14061931424498, 3.14080979983927, 1.21335141178178], 'contact': [{'V1': 0, 'V2': 1, 'V3': 2}], 'grounded': ['yes', 'yes', 'yes']}, {'ids': [0, 1, 2, 3], 'colours': ['blue', 'red', 'blue', 'green'], 'sizes': [1, 1, 2, 1], 'xpos': [2.95609825059217, 3.96209693679724, 2.2390687716568, 6.71224095289635], 'ypos': [4.15768622476784, 4.15787716497594, 4.15807459370596, 3.87670727460735], 'rotations': [3.13919121672235, 3.14161554480523, 3.13998936351093, 5.07284064751327], 'contact': [{'V1': 0, 'V2': 1, 'V3': 2, 'V4': 3}], 'grounded': ['yes', 'yes', 'yes', 'yes']}, {'ids': [0, 1, 2], 'colours': ['green', 'red', 'red'], 'sizes': [1, 3, 1], 'xpos': [1.21736009446034, 6.88866095105911, 4.29219484852988], 'ypos': [4.15714834736316, 4.15848443530156, 4.15761681621936], 'rotations': [3.14148035908309, 3.14030543965137, 3.14298105798337], 'contact': [{'V1': 0, 'V2': 1, 'V3': 2}], 'grounded': ['yes', 'yes', 'yes']}, {'ids': [0, 1, 2, 3, 4], 'colours': ['green', 'blue', 'green', 'red', 'red'], 'sizes': [2, 2, 2, 2, 3], 'xpos': [3.83090657832267, 2.38910717821051, 3.54259339814947, 1.00881638670343, 0.483372753490727], 'ypos': [4.15913936320131, 4.15701392299474, 3.77761038379749, 3.76166694023043, 3.53535261859211], 'rotations': [3.13980420303635, 3.14077430032494, 1.87848516525718, 1.57196158476873, 2.81423018257197], 'contact': [[0, 2], [1, 2], [2, 0, 1], [3, 4], [4, 3]], 'grounded': ['yes', 'yes', 'yes', 'yes', 'no']}, {'ids': [0, 1, 2], 'colours': ['red', 'blue', 'green'], 'sizes': [2, 2, 2], 'xpos': [6.08097769326034, 5.78861976198164, 1.25011232086784], 'ypos': [3.78458058527285, 4.1039571708585, 3.7795894526631], 'rotations': [5.04856954343186, 3.00593527717321, 5.05105310034866], 'contact': [[0, 1], [1, 0], 2], 'grounded': ['yes', 'yes', 'yes']}, {'ids': [0, 1, 2, 3], 'colours': ['red', 'green', 'red', 'red'], 'sizes': [2, 2, 2, 1], 'xpos': [4.475106476545, 0.413561660061233, 6.37662276433712, 5.00296952327856], 'ypos': [4.1607559072369, 4.15829244701068, 3.77944860362373, 3.87681059949227], 'rotations': [3.14176346787067, 3.1433043689908, 5.0514105380658, 5.07138540402654], 'contact': [{'V1': 0, 'V2': 1, 'V3': 2, 'V4': 3}], 'grounded': ['yes', 'yes', 'yes', 'yes']}]","[False, True, False, True, False, False, False, False]","[True, True, True, False, True, True, True, True]","[False, False, False, False, False, False, False, False]","[False, False, False, True, False, False, False, False]","[False, True, False, True, False, False, False, False]","[True, False, True, False, True, True, False, True]","[False, False, False, False, False, False, True, False]","[False, True, False, True, False, False, False, False]",-0.125,-0.375,0.25,0.0,0.875,0.625,0.625,0.375,0.0,0.0,-0.25,0.0,0.125,0.375,277.06611287592295,-5.547093124736687,-5.545177444479562,13.17362779115321,11.090354888959125,1.4637052857883708,-15.612748145548224,-16.635532333438686,34.4035501214444,33.27106466687737,1.0502311195665048,"[1.0, 1.0, 1.0, 1.0, 1.0, 0.0, 1.0, 0.0, 1.0, 1.0, 1.0, 1.0, 1.0, 1.0, 1.0, 0.0135, 0.9530000000000001, 0.092, 0.5895, 0.5895, 1.0, 0.0, 0.0, 0.861, 1.0, 1.0, 1.0, 0.2925, 0.999, 0.999, 1.0, 0.7155, 0.0, 0.0, 1.0, 0.0, 0.0, 0.0, 1.0, 0.0, 0.0, 0.0, 1.0, 0.0, 0.0, 0.0, 1.0, 0.0, 1.0, 1.0, 1.0, 1.0, 0.0, 0.0, 0.0, 0.0, 1.0, 1.0, 1.0, 1.0, 0.935, 0.935, 0.935, 0.935, 1.0, 1.0, 1.0, 1.0, 0.0, 1.0, 0.0, 0.0, 0.0, 1.0, 1.0, 1.0, 1.0, 1.0, 1.0, 1.0, 1.0, 1.0, 1.0, 1.0, 0.0935, 0.0935, 0.0935, 0.0935, 1.0, 1.0, 1.0, 1.0, 1.0, 1.0, 1.0, 1.0, 1.0, 1.0, 1.0, 1.0, 1.0, 1.0, 1.0, 0.013000000000000001, 1.0, 1.0, 0.998, 1.0, 1.0, 0.002, 0.998, 0.002, 1.0, 1.0, 1.0, 1.0, 1.0, 1.0, 1.0, 0.0, 0.973, 1.0, 0.9530000000000001, 1.0, 0.8925000000000001, 0.9195, 0.17400000000000002, 0.201, 1.0, 1.0, 1.0, 1.0, 0.0, 0.0, 0.0, 0.0, 1.0, 1.0, 1.0, 0.24, 1.0, 1.0, 0.968, 1.0, 0.653, 0.653, 0.653, 1.0, 0.2535, 0.2535, 0.7035, 0.10300000000000001, 1.0, 1.0, 1.0, 1.0, 0.0, 1.0, 0.0, 0.0, 1.0, 1.0, 1.0, 0.012, 0.988, 0.988, 1.0, 1.0, 1.0, 0.0, 1.0, 1.0, 1.0, 0.0, 0.0, 1.0, 0.0, 0.0, 0.0, 1.0, 1.0, 0.0, 0.0, 0.0, 1.0, 1.0, 1.0, 1.0, 0.0, 0.0, 0.0, 0.0, 1.0, 1.0, 1.0, 1.0, 0.0, 0.0, 0.0, 0.0, 1.0, 1.0, 1.0, 1.0, 1.0, 1.0, 0.841, 1.0, 1.0, 1.0, 1.0, 1.0, 0.0, 0.0, 0.0, 0.0, 1.0, 1.0, 1.0, 1.0, 1.0, 1.0, 1.0, 0.0, 0.197, 0.0, 0.85, 0.653, 0.803, 0.0, 0.0, 0.0, 0.8525, 0.847, 0.9935, 0.847, 0.28300000000000003, 0.4305, 0.426, 0.426, 1.0, 1.0, 1.0, 1.0, 1.0, 1.0, 1.0, 0.0, 0.798, 1.0, 0.7995, 0.7995, 0.0275, 0.029, 0.2265, 0.1975, 1.0, 1.0, 1.0, 1.0, 0.0, 0.0, 0.0, 0.0, 0.862, 0.854, 0.8595, 0.8955000000000001, 0.045, 0.0005, 0.8695, 0.8505, 1.0, 1.0, 1.0, 0.022, 1.0, 1.0, 1.0, 0.978, 0.28400000000000003, 0.0145, 0.1885, 0.0275, 0.2755, 0.0, 0.0015, 0.013000000000000001, 0.0, 0.0, 0.0, 1.0, 1.0, 0.0, 0.0, 0.0, 1.0, 1.0, 1.0, 1.0, 0.0, 0.0, 0.0, 0.0, 1.0, 1.0, 1.0, 1.0, 1.0, 0.0, 1.0, 0.0, 1.0, 1.0, 1.0, 1.0, 1.0, 1.0, 1.0, 0.0, 1.0, 1.0, 1.0, 0.728, 0.8265, 0.5545, 0.5545, 0.8265, 1.0, 1.0, 1.0, 1.0, 1.0, 1.0, 1.0, 1.0, 1.0, 1.0, 1.0, 0.8715, 0.9365, 0.8695, 0.8695, 0.9365, 0.229, 0.229, 0.229, 0.229, 0.801, 0.03, 0.03, 0.801, 0.0, 0.0, 0.0, 1.0, 1.0, 0.0, 0.0, 0.0, 0.108, 0.114, 0.2315, 0.108, 0.114, 0.07050000000000001, 0.0495, 0.006, 1.0, 1.0, 1.0, 1.0, 0.0, 0.0, 0.0, 0.0, 0.8955000000000001, 0.895, 0.0115, 0.0, 0.883, 0.0, 0.0, 0.0, 1.0, 1.0, 1.0, 1.0, 0.0, 0.0, 0.0, 0.0, 0.902, 0.902, 0.902, 0.678, 0.88, 0.88, 0.902, 0.807, 1.0, 1.0, 1.0, 1.0, 0.0, 0.0, 0.0, 0.0, 1.0, 1.0, 1.0, 1.0, 1.0, 1.0, 1.0, 0.0, 1.0, 1.0, 1.0, 1.0, 0.0, 0.0, 0.0, 0.0, 1.0, 1.0, 1.0, 1.0, 0.008, 0.008, 0.008, 0.008, 1.0, 1.0, 1.0, 1.0, 1.0, 1.0, 1.0, 0.0, 1.0, 1.0, 1.0, 1.0, 1.0, 1.0, 0.6980000000000001, 1.0, 1.0, 1.0, 1.0, 1.0, 0.0, 0.0, 0.0, 0.0, 1.0, 1.0, 1.0, 1.0, 1.0, 1.0, 1.0, 0.0, 0.9530000000000001, 0.9530000000000001, 0.9530000000000001, 1.0, 1.0, 1.0, 0.641, 0.9530000000000001, 1.0, 1.0, 1.0, 1.0, 0.0, 0.0, 0.0, 0.0, 1.0, 1.0, 1.0, 1.0, 1.0, 1.0, 1.0, 1.0, 1.0, 1.0, 1.0, 1.0, 0.0, 0.0, 0.0, 0.0, 1.0, 1.0, 1.0, 1.0, 1.0, 1.0, 1.0, 1.0, 1.0, 1.0, 1.0, 1.0, 0.021500000000000002, 0.021500000000000002, 0.021500000000000002, 0.021500000000000002, 0.021500000000000002, 0.003, 0.02, 0.0095, 0.0095, 0.964, 0.9555, 0.0095, 1.0, 1.0, 1.0, 1.0, 1.0, 1.0, 1.0, 1.0, 1.0, 1.0, 1.0, 1.0, 0.0, 0.0, 0.0, 0.0, 1.0, 1.0, 1.0, 1.0, 0.0, 0.0, 1.0, 1.0, 1.0, 0.873, 0.198, 0.198, 1.0, 1.0, 0.6905, 1.0, 1.0, 1.0, 1.0, 1.0, 1.0, 1.0, 1.0, 0.0, 1.0, 0.999, 0.999, 1.0, 0.0025, 0.0025, 0.0025, 0.0025, 1.0, 1.0, 1.0, 1.0, 1.0, 0.686, 0.314, 0.0, 1.0, 1.0, 1.0, 1.0, 0.524, 0.524, 1.0, 0.47600000000000003, 1.0, 1.0, 1.0, 1.0, 0.008, 0.008, 0.008, 0.008, 0.9935, 0.9935, 0.9775, 0.9935, 0.9935, 0.0225, 0.988, 0.017, 1.0, 1.0, 1.0, 1.0, 0.0725, 0.0725, 0.0725, 0.0725, 0.041, 1.0, 1.0, 0.9590000000000001, 0.041, 0.9590000000000001, 1.0, 0.0, 0.7435, 0.9835, 0.7425, 0.986, 0.7435, 0.7435, 0.256, 0.987, 1.0, 0.005, 1.0, 1.0, 1.0, 0.005, 0.005, 1.0, 1.0, 1.0, 1.0, 1.0, 1.0, 1.0, 1.0, 0.0, 1.0, 1.0, 1.0, 1.0, 0.0, 0.0, 0.0, 0.0, 1.0, 1.0, 1.0, 1.0, 0.0, 0.0, 0.0, 0.0, 0.9705, 0.9705, 0.9145, 1.0, 0.8015, 0.8015, 0.9705, 0.7865, 1.0, 1.0, 1.0, 1.0, 0.0, 0.0, 0.0, 0.0, 1.0, 1.0, 1.0, 1.0, 0.0, 0.0, 0.0, 0.0, 1.0, 1.0, 1.0, 1.0, 0.0, 0.0, 0.0, 0.0, 1.0, 1.0, 1.0, 1.0, 1.0, 1.0, 1.0, 1.0]",-418.5875071169283,843.720363894191,-482.430437669722,964.860875339444,0.9102430717057811,-4.498681156966619,11.076803855613074,98.11310845690176,-16.635843982127522,36.44974179460299,0.6334250289943713,"[1.0, 1.0, 1.0, 1.0, 1.0, 0.0, 1.0, 0.0, 1.0, 1.0, 1.0, 1.0, 1.0, 1.0, 1.0, 0.0, 0.0, 0.0, 0.0, 0.0, 0.0, 0.0, 0.0, 0.0, 1.0, 1.0, 1.0, 0.0, 0.0, 0.0, 1.0, 0.0, 0.0, 0.0, 1.0, 1.0, 0.0, 1.0, 1.0, 1.0, 1.0, 1.0, 1.0, 1.0, 0.0, 0.0, 1.0, 1.0, 1.0, 1.0, 1.0, 1.0, 0.0, 0.0, 0.0, 0.0, 1.0, 1.0, 1.0, 1.0, 0.0, 0.0, 0.0, 0.0, 0.0, 0.0, 0.0, 0.0, 0.0, 1.0, 1.0, 0.0, 1.0, 1.0, 1.0, 1.0, 0.0, 0.0, 0.0, 0.0, 1.0, 1.0, 1.0, 1.0, 0.0, 0.0, 0.0, 0.0, 1.0, 1.0, 1.0, 1.0, 1.0, 1.0, 0.0, 1.0, 1.0, 1.0, 1.0, 1.0, 1.0, 1.0, 1.0, 0.0, 1.0, 1.0, 1.0, 1.0, 1.0, 0.0, 1.0, 0.0, 0.0, 1.0, 0.0, 0.0, 1.0, 1.0, 1.0, 0.0, 1.0, 1.0, 0.0, 1.0, 1.0, 0.0, 0.0, 0.0, 1.0, 1.0, 1.0, 0.0, 1.0, 1.0, 1.0, 1.0, 1.0, 1.0, 1.0, 1.0, 0.0, 0.0, 0.0, 0.0, 1.0, 1.0, 1.0, 0.0, 0.0, 0.0, 1.0, 0.0, 0.0, 0.0, 1.0, 0.0, 0.0, 0.0, 0.0, 0.0, 1.0, 1.0, 1.0, 0.0, 0.0, 0.0, 1.0, 0.0, 0.0, 0.0, 0.0, 1.0, 0.0, 0.0, 0.0, 0.0, 0.0, 0.0, 0.0, 1.0, 0.0, 0.0, 0.0, 0.0, 1.0, 1.0, 1.0, 1.0, 0.0, 0.0, 0.0, 0.0, 1.0, 1.0, 1.0, 0.0, 0.0, 0.0, 1.0, 0.0, 1.0, 1.0, 1.0, 1.0, 0.0, 0.0, 0.0, 0.0, 1.0, 1.0, 1.0, 1.0, 0.0, 0.0, 0.0, 0.0, 1.0, 1.0, 1.0, 1.0, 1.0, 1.0, 1.0, 0.0, 0.0, 0.0, 0.0, 0.0, 1.0, 0.0, 0.0, 0.0, 1.0, 1.0, 1.0, 1.0, 1.0, 1.0, 1.0, 1.0, 1.0, 1.0, 1.0, 1.0, 1.0, 1.0, 1.0, 0.0, 0.0, 0.0, 0.0, 0.0, 0.0, 0.0, 0.0, 0.0, 0.0, 1.0, 0.0, 1.0, 0.0, 1.0, 0.0, 1.0, 0.0, 0.0, 0.0, 1.0, 0.0, 0.0, 0.0, 0.0, 1.0, 1.0, 1.0, 0.0, 0.0, 0.0, 1.0, 0.0, 1.0, 1.0, 1.0, 1.0, 1.0, 0.0, 1.0, 0.0, 0.0, 1.0, 1.0, 1.0, 0.0, 0.0, 0.0, 0.0, 1.0, 1.0, 1.0, 0.0, 1.0, 1.0, 1.0, 1.0, 0.0, 1.0, 1.0, 1.0, 0.0, 0.0, 0.0, 0.0, 1.0, 1.0, 1.0, 1.0, 1.0, 1.0, 1.0, 0.0, 1.0, 1.0, 1.0, 1.0, 0.0, 0.0, 0.0, 0.0, 1.0, 1.0, 1.0, 1.0, 0.0, 0.0, 0.0, 0.0, 0.0, 1.0, 0.0, 0.0, 0.0, 0.0, 0.0, 0.0, 1.0, 1.0, 1.0, 1.0, 1.0, 0.0, 1.0, 1.0, 0.0, 0.0, 0.0, 0.0, 0.0, 1.0, 1.0, 0.0, 1.0, 1.0, 1.0, 1.0, 1.0, 0.0, 1.0, 0.0, 1.0, 1.0, 1.0, 1.0, 1.0, 0.0, 1.0, 1.0, 0.0, 0.0, 0.0, 0.0, 0.0, 1.0, 1.0, 0.0, 1.0, 0.0, 0.0, 1.0, 0.0, 0.0, 0.0, 0.0, 1.0, 1.0, 1.0, 0.0, 0.0, 0.0, 1.0, 0.0, 1.0, 1.0, 1.0, 0.0, 0.0, 0.0, 0.0, 0.0, 1.0, 1.0, 1.0, 1.0, 1.0, 1.0, 1.0, 0.0, 0.0, 0.0, 0.0, 0.0, 0.0, 0.0, 0.0, 0.0, 1.0, 0.0, 1.0, 0.0, 0.0, 0.0, 0.0, 0.0, 1.0, 1.0, 1.0, 1.0, 1.0, 1.0, 1.0, 0.0, 1.0, 1.0, 1.0, 1.0, 1.0, 1.0, 0.0, 1.0, 1.0, 1.0, 1.0, 1.0, 0.0, 0.0, 0.0, 0.0, 1.0, 1.0, 1.0, 1.0, 1.0, 1.0, 1.0, 0.0, 0.0, 1.0, 1.0, 1.0, 0.0, 0.0, 0.0, 0.0, 1.0, 1.0, 1.0, 1.0, 0.0, 0.0, 0.0, 0.0, 1.0, 0.0, 1.0, 0.0, 0.0, 0.0, 0.0, 0.0, 1.0, 1.0, 1.0, 1.0, 1.0, 0.0, 1.0, 0.0, 1.0, 1.0, 1.0, 0.0, 1.0, 1.0, 0.0, 1.0, 1.0, 1.0, 1.0, 1.0, 0.0, 0.0, 0.0, 0.0, 0.0, 0.0, 0.0, 0.0, 0.0, 1.0, 0.0, 0.0, 1.0, 1.0, 1.0, 1.0, 0.0, 0.0, 0.0, 0.0, 0.0, 0.0, 0.0, 0.0, 0.0, 0.0, 0.0, 0.0, 1.0, 0.0, 1.0, 0.0, 0.0, 0.0, 0.0, 0.0, 1.0, 1.0, 0.0, 0.0, 1.0, 1.0, 1.0, 1.0, 1.0, 1.0, 1.0, 1.0, 1.0, 1.0, 1.0, 1.0, 1.0, 1.0, 1.0, 1.0, 1.0, 0.0, 1.0, 1.0, 0.0, 1.0, 0.0, 1.0, 0.0, 1.0, 0.0, 0.0, 1.0, 1.0, 1.0, 1.0, 0.0, 0.0, 1.0, 0.0, 1.0, 1.0, 1.0, 1.0, 0.0, 0.0, 0.0, 0.0, 0.0, 0.0, 0.0, 1.0, 0.0, 0.0, 0.0, 0.0, 1.0, 1.0, 1.0, 1.0, 0.0, 0.0, 0.0, 0.0, 0.0, 1.0, 1.0, 1.0, 0.0, 1.0, 1.0, 0.0, 1.0, 1.0, 1.0, 1.0, 0.0, 0.0, 0.0, 0.0, 1.0, 0.0, 1.0, 1.0, 1.0, 0.0, 0.0, 1.0, 1.0, 1.0, 1.0, 1.0, 1.0, 1.0, 1.0, 0.0, 0.0, 1.0, 1.0, 1.0, 1.0, 1.0, 0.0, 0.0, 1.0, 1.0, 1.0, 1.0, 0.0, 0.0, 0.0, 0.0, 1.0, 1.0, 1.0, 0.0, 0.0, 0.0, 1.0, 0.0, 1.0, 1.0, 1.0, 1.0, 0.0, 0.0, 0.0, 0.0, 0.0, 0.0, 0.0, 0.0, 0.0, 0.0, 0.0, 0.0, 0.0, 1.0, 0.0, 1.0, 0.0, 1.0, 1.0, 0.0, 1.0, 1.0, 1.0, 1.0, 1.0, 0.0, 0.0, 1.0]",-318.3726801373107,643.2907099349558,0.9102430717057811,-4.498681156966619,-5.545177444479562,11.076803855613074,11.090354888959125,98.11310845690176,-16.635843982127522,-16.635532333438686,36.44974179460299,33.27106466687737,0.6173530694834558,"[1.0, 1.0, 1.0, 1.0, 1.0, 0.0, 1.0, 0.0, 1.0, 1.0, 1.0, 1.0, 1.0, 1.0, 1.0, 0.0, 0.0, 0.0, 0.0, 0.0, 0.0, 0.0, 0.0, 0.0, 1.0, 1.0, 1.0, 0.0, 0.0, 0.0, 1.0, 0.0, 0.0, 0.0, 1.0, 1.0, 0.0, 1.0, 1.0, 1.0, 0.0, 0.0, 0.0, 0.0, 0.0, 0.0, 0.0, 0.0, 1.0, 1.0, 1.0, 1.0, 0.0, 0.0, 0.0, 0.0, 1.0, 1.0, 1.0, 1.0, 0.0, 0.0, 0.0, 0.0, 0.0, 0.0, 0.0, 0.0, 0.0, 1.0, 1.0, 0.0, 0.0, 0.0, 0.0, 1.0, 0.0, 0.0, 0.0, 0.0, 1.0, 1.0, 1.0, 1.0, 0.0, 0.0, 0.0, 0.0, 0.0, 0.0, 0.0, 0.0, 1.0, 1.0, 0.0, 1.0, 1.0, 1.0, 1.0, 1.0, 1.0, 1.0, 1.0, 0.0, 1.0, 1.0, 1.0, 1.0, 1.0, 0.0, 1.0, 0.0, 0.0, 1.0, 0.0, 0.0, 1.0, 1.0, 1.0, 0.0, 1.0, 1.0, 0.0, 1.0, 1.0, 0.0, 0.0, 0.0, 1.0, 1.0, 1.0, 0.0, 1.0, 1.0, 1.0, 1.0, 1.0, 1.0, 1.0, 1.0, 0.0, 0.0, 0.0, 0.0, 1.0, 1.0, 1.0, 0.0, 0.0, 0.0, 1.0, 0.0, 0.0, 0.0, 1.0, 0.0, 0.0, 0.0, 0.0, 0.0, 1.0, 1.0, 1.0, 0.0, 0.0, 0.0, 1.0, 0.0, 0.0, 0.0, 0.0, 1.0, 0.0, 0.0, 0.0, 0.0, 0.0, 0.0, 0.0, 1.0, 0.0, 0.0, 0.0, 0.0, 1.0, 1.0, 1.0, 1.0, 0.0, 0.0, 0.0, 0.0, 1.0, 1.0, 1.0, 0.0, 0.0, 0.0, 1.0, 0.0, 1.0, 1.0, 1.0, 1.0, 0.0, 0.0, 0.0, 0.0, 1.0, 1.0, 1.0, 1.0, 0.0, 0.0, 0.0, 0.0, 1.0, 1.0, 1.0, 1.0, 1.0, 1.0, 1.0, 0.0, 0.0, 0.0, 0.0, 0.0, 1.0, 0.0, 0.0, 0.0, 1.0, 1.0, 1.0, 1.0, 1.0, 1.0, 1.0, 1.0, 1.0, 1.0, 1.0, 1.0, 1.0, 1.0, 1.0, 0.0, 0.0, 0.0, 0.0, 0.0, 0.0, 0.0, 0.0, 0.0, 0.0, 1.0, 0.0, 1.0, 0.0, 1.0, 0.0, 1.0, 0.0, 0.0, 0.0, 1.0, 0.0, 0.0, 0.0, 0.0, 1.0, 1.0, 1.0, 0.0, 0.0, 0.0, 1.0, 0.0, 1.0, 1.0, 1.0, 1.0, 1.0, 0.0, 1.0, 0.0, 0.0, 1.0, 1.0, 1.0, 0.0, 0.0, 0.0, 0.0, 1.0, 1.0, 1.0, 0.0, 1.0, 1.0, 1.0, 1.0, 0.0, 1.0, 1.0, 1.0, 0.0, 0.0, 0.0, 0.0, 1.0, 1.0, 1.0, 1.0, 1.0, 1.0, 1.0, 0.0, 1.0, 1.0, 1.0, 1.0, 0.0, 0.0, 0.0, 0.0, 1.0, 1.0, 1.0, 1.0, 0.0, 0.0, 0.0, 0.0, 0.0, 1.0, 0.0, 0.0, 0.0, 0.0, 0.0, 0.0, 0.0, 0.0, 0.0, 0.0, 0.0, 0.0, 0.0, 0.0, 1.0, 0.0, 1.0, 1.0, 1.0, 0.0, 0.0, 1.0, 1.0, 1.0, 1.0, 1.0, 1.0, 0.0, 1.0, 0.0, 1.0, 1.0, 1.0, 1.0, 1.0, 0.0, 1.0, 1.0, 0.0, 0.0, 0.0, 0.0, 0.0, 1.0, 1.0, 0.0, 1.0, 0.0, 0.0, 1.0, 0.0, 0.0, 0.0, 0.0, 1.0, 1.0, 1.0, 0.0, 0.0, 0.0, 1.0, 0.0, 1.0, 1.0, 1.0, 0.0, 0.0, 0.0, 0.0, 0.0, 1.0, 1.0, 1.0, 1.0, 1.0, 1.0, 1.0, 0.0, 0.0, 0.0, 0.0, 0.0, 0.0, 0.0, 0.0, 0.0, 1.0, 0.0, 1.0, 0.0, 0.0, 0.0, 0.0, 0.0, 1.0, 1.0, 1.0, 1.0, 1.0, 1.0, 1.0, 0.0, 1.0, 1.0, 1.0, 1.0, 1.0, 1.0, 0.0, 1.0, 1.0, 1.0, 1.0, 1.0, 0.0, 0.0, 0.0, 0.0, 1.0, 1.0, 1.0, 1.0, 1.0, 1.0, 1.0, 0.0, 0.0, 1.0, 1.0, 1.0, 0.0, 0.0, 0.0, 0.0, 1.0, 1.0, 1.0, 1.0, 0.0, 0.0, 0.0, 0.0, 1.0, 0.0, 1.0, 0.0, 0.0, 0.0, 0.0, 0.0, 1.0, 1.0, 1.0, 1.0, 1.0, 0.0, 1.0, 0.0, 1.0, 1.0, 1.0, 0.0, 1.0, 1.0, 0.0, 1.0, 1.0, 1.0, 1.0, 1.0, 0.0, 0.0, 0.0, 0.0, 0.0, 0.0, 0.0, 0.0, 0.0, 1.0, 0.0, 0.0, 1.0, 1.0, 1.0, 1.0, 0.0, 0.0, 0.0, 0.0, 0.0, 0.0, 0.0, 0.0, 0.0, 0.0, 0.0, 0.0, 1.0, 0.0, 1.0, 0.0, 0.0, 0.0, 0.0, 0.0, 1.0, 1.0, 0.0, 0.0, 1.0, 1.0, 1.0, 1.0, 1.0, 1.0, 1.0, 1.0, 1.0, 1.0, 1.0, 1.0, 1.0, 1.0, 1.0, 1.0, 1.0, 0.0, 1.0, 1.0, 0.0, 1.0, 0.0, 1.0, 0.0, 1.0, 0.0, 0.0, 1.0, 1.0, 1.0, 1.0, 0.0, 0.0, 1.0, 0.0, 1.0, 1.0, 1.0, 1.0, 0.0, 0.0, 0.0, 0.0, 0.0, 0.0, 0.0, 1.0, 0.0, 0.0, 0.0, 0.0, 1.0, 1.0, 1.0, 1.0, 0.0, 0.0, 0.0, 0.0, 0.0, 1.0, 1.0, 1.0, 0.0, 1.0, 1.0, 0.0, 1.0, 1.0, 1.0, 1.0, 0.0, 0.0, 0.0, 0.0, 1.0, 0.0, 1.0, 1.0, 1.0, 0.0, 0.0, 1.0, 1.0, 1.0, 1.0, 1.0, 1.0, 1.0, 1.0, 0.0, 0.0, 0.0, 1.0, 0.0, 0.0, 1.0, 0.0, 0.0, 1.0, 1.0, 1.0, 1.0, 0.0, 0.0, 0.0, 0.0, 1.0, 1.0, 1.0, 0.0, 0.0, 0.0, 1.0, 0.0, 1.0, 1.0, 1.0, 1.0, 0.0, 0.0, 0.0, 0.0, 0.0, 0.0, 0.0, 0.0, 0.0, 0.0, 0.0, 0.0, 0.0, 1.0, 0.0, 1.0, 0.0, 1.0, 1.0, 0.0, 1.0, 1.0, 1.0, 1.0, 1.0, 0.0, 0.0, 1.0]",-311.9759791000219,630.4973078603782,-482.430437669722,964.860875339444,0.8627660253282083,-4.420232367988838,-5.545177444479562,10.919906277657512,11.090354888959125,1.0,-10.45127161076306,-16.635532333438686,24.080597051874065,33.27106466687737,1.0908740239314543,"[0.0, 0.0, 1.0, 0.0, 0.0, 0.0, 0.0, 0.0, 1.0, 1.0, 1.0, 1.0, 0.877, 0.877, 0.877, 0.0, 1.0, 0.259, 1.0, 1.0, 0.8015, 0.0, 0.259, 1.0, 1.0, 1.0, 1.0, 1.0, 1.0, 1.0, 1.0, 0.0, 0.0, 0.0, 1.0, 0.0, 0.0, 0.0, 1.0, 0.0, 0.0, 0.0, 1.0, 0.0, 0.0, 0.0, 1.0, 0.0, 0.0, 0.0, 0.0, 0.0775, 0.0, 0.0, 0.1635, 0.47100000000000003, 1.0, 1.0, 1.0, 1.0, 0.0, 0.0, 0.0, 0.0, 0.0, 0.0, 0.0, 0.0, 0.0, 0.0, 0.0, 0.0, 1.0, 1.0, 1.0, 1.0, 1.0, 1.0, 1.0, 0.0, 1.0, 1.0, 1.0, 1.0, 0.0, 0.0, 0.0, 0.0, 0.0, 0.0, 0.0, 0.0, 0.0, 0.113, 0.113, 0.0, 0.0, 0.0, 0.0, 1.0, 0.0, 0.0, 0.0, 0.0, 1.0, 1.0, 1.0, 1.0, 0.0, 0.0, 0.0, 0.0, 0.9995, 1.0, 1.0, 0.663, 1.0, 1.0, 1.0, 0.353, 1.0, 1.0, 1.0, 1.0, 0.082, 0.082, 0.0, 0.0, 0.973, 1.0, 0.7655000000000001, 0.605, 0.973, 1.0, 1.0, 0.368, 0.0, 0.0, 1.0, 0.0, 1.0, 0.0, 1.0, 0.0, 1.0, 1.0, 1.0, 1.0, 0.0, 0.0, 1.0, 0.0, 1.0, 1.0, 1.0, 1.0, 0.0, 0.9465, 0.0, 0.0, 0.666, 1.0, 0.666, 0.666, 0.0, 0.0, 0.7975, 0.0, 0.0, 0.9430000000000001, 0.0, 1.0, 1.0, 0.0, 0.0, 0.0, 0.0, 1.0, 0.0, 0.0, 0.0, 0.0, 0.0, 0.0, 1.0, 1.0, 1.0, 1.0, 0.0, 0.0, 0.0, 0.0, 1.0, 1.0, 1.0, 1.0, 1.0, 1.0, 1.0, 0.0005, 1.0, 1.0, 1.0, 1.0, 1.0, 1.0, 0.0, 1.0, 1.0, 1.0, 1.0, 1.0, 0.0, 0.0, 0.0, 0.0, 1.0, 1.0, 1.0, 1.0, 1.0, 1.0, 1.0, 0.0, 1.0, 0.0, 1.0, 0.0, 0.0, 0.0, 0.0, 0.0, 0.0, 1.0, 0.0, 1.0, 0.0, 1.0, 0.0, 1.0, 1.0, 1.0, 1.0, 1.0, 1.0, 1.0, 1.0, 0.0, 1.0, 0.0, 1.0, 1.0, 1.0, 0.0, 0.0, 1.0, 1.0, 1.0, 1.0, 1.0, 1.0, 1.0, 1.0, 1.0, 0.0, 0.9580000000000001, 0.0, 0.0, 0.0, 0.0, 0.0045000000000000005, 0.0, 0.0, 0.0, 0.0, 0.0, 0.0, 0.0, 0.0, 1.0, 0.0, 0.0, 0.0005, 0.0, 0.0, 0.0, 0.0, 0.0, 0.0, 1.0, 0.0, 0.0, 0.0, 0.0, 0.0, 0.0, 1.0, 1.0, 1.0, 0.001, 0.001, 0.001, 1.0, 0.0, 0.0, 0.0, 0.6225, 0.0, 0.0, 0.0, 0.0, 0.0, 1.0, 1.0, 1.0, 1.0, 0.0, 0.0, 0.0, 0.0, 0.0, 0.0, 0.0, 0.0, 0.0, 0.0, 0.0, 0.0, 1.0, 1.0, 1.0, 1.0, 1.0, 1.0, 1.0, 0.0, 0.0, 0.0, 0.0, 1.0, 0.0, 0.0, 1.0, 0.0, 1.0, 1.0, 1.0, 1.0, 0.0, 0.0, 0.0, 0.0, 0.0, 1.0, 0.0, 0.0, 1.0, 0.0, 0.0, 1.0, 1.0, 1.0, 1.0, 1.0, 0.0, 0.0, 0.0, 0.0, 1.0, 1.0, 1.0, 1.0, 1.0, 0.0, 1.0, 1.0, 0.0, 0.0005, 0.0, 0.0, 0.0, 0.38, 0.0, 0.0, 1.0, 1.0, 1.0, 1.0, 0.0, 0.0, 0.0, 0.0, 1.0, 1.0, 1.0, 0.999, 1.0, 1.0, 1.0, 0.0195, 1.0, 1.0, 1.0, 1.0, 0.0, 0.0, 0.0, 0.0, 0.0, 0.6285000000000001, 0.0, 0.328, 0.0, 0.0, 0.6285000000000001, 0.0, 0.0, 0.0, 0.0, 0.0, 0.0, 0.0, 0.0, 1.0, 1.0, 1.0, 1.0, 1.0, 0.0, 0.0, 0.0, 0.0, 1.0, 1.0, 1.0, 1.0, 1.0, 1.0, 1.0, 0.0, 1.0, 1.0, 1.0, 1.0, 1.0, 1.0, 0.0375, 1.0, 1.0, 1.0, 1.0, 1.0, 0.0, 0.0, 0.0, 0.0, 1.0, 1.0, 1.0, 1.0, 1.0, 1.0, 1.0, 0.0, 1.0, 1.0, 1.0, 1.0, 1.0, 1.0, 0.0, 1.0, 1.0, 1.0, 1.0, 1.0, 0.0, 0.0, 0.0, 0.0, 1.0, 1.0, 1.0, 1.0, 1.0, 1.0, 1.0, 1.0, 0.0, 0.0, 0.4395, 0.0, 0.0, 0.0, 0.001, 1.0, 0.0, 0.0, 0.0, 0.0, 0.0, 0.0, 0.0, 0.0, 1.0, 1.0, 1.0, 0.0, 1.0, 0.0, 0.0, 1.0, 0.0, 0.0, 1.0, 1.0, 1.0, 0.0, 0.0, 0.0, 0.0, 0.0, 0.0, 0.0, 0.0, 0.0, 0.0, 0.0, 1.0, 1.0, 1.0, 1.0, 0.0, 0.0, 0.0, 0.0, 0.0, 0.0, 0.0, 0.0, 0.0, 1.0, 0.0, 0.0, 1.0, 1.0, 1.0, 1.0, 0.0, 0.4945, 0.0, 0.0, 1.0, 1.0, 1.0, 1.0, 0.0, 0.0, 1.0, 1.0, 1.0, 1.0, 1.0, 1.0, 0.0, 0.0, 0.0, 0.0, 1.0, 1.0, 1.0, 1.0, 1.0, 0.704, 0.296, 0.0, 1.0, 1.0, 1.0, 1.0, 0.0, 0.0, 1.0, 1.0, 1.0, 1.0, 1.0, 1.0, 0.0, 0.0, 0.0, 0.0, 0.006, 1.0, 0.006, 0.708, 0.298, 1.0, 0.298, 1.0, 1.0, 1.0, 1.0, 1.0, 0.0, 0.0, 0.0, 0.0, 1.0, 0.0, 1.0, 1.0, 1.0, 0.0, 0.0, 1.0, 0.0, 1.0, 1.0, 1.0, 0.0, 0.0, 0.0, 0.0, 1.0, 0.224, 1.0, 1.0, 0.776, 0.0, 0.224, 1.0, 1.0, 1.0, 1.0, 1.0, 0.0, 0.0, 0.0, 0.0, 1.0, 1.0, 0.0, 1.0, 1.0, 1.0, 0.0, 1.0, 1.0, 1.0, 1.0, 1.0, 0.0, 0.0, 0.0, 0.0, 1.0, 1.0, 1.0, 1.0, 1.0, 1.0, 1.0, 0.0, 1.0, 1.0, 1.0, 1.0, 0.0, 0.0, 0.0, 0.0, 0.0, 0.0, 0.0, 0.0, 0.0, 0.0, 0.0, 0.0, 1.0, 0.4865, 1.0, 1.0, 1.0, 0.0075, 0.4865, 1.0, 0.0225, 0.0, 0.0, 0.9775, 0.0, 0.0, 0.0, 0.0]",-419.18595103414617,844.9172517286268,-482.430437669722,964.860875339444,0.9102430717057811,-4.498681156966619,-5.545177444479562,11.076803855613074,11.090354888959125,1.9576147719023644,-15.877517715791601,-16.635532333438686,34.93308926193115,33.27106466687737,0.5787520451143159,"[1.0, 1.0, 1.0, 1.0, 1.0, 0.0, 1.0, 0.0, 1.0, 1.0, 1.0, 1.0, 1.0, 1.0, 1.0, 0.0, 0.0, 0.0, 0.0, 0.0, 0.0, 0.0, 0.0, 0.0, 1.0, 1.0, 1.0, 1.0, 0.0, 0.0, 1.0, 0.0, 0.0, 0.0, 0.0, 0.0, 0.0, 1.0, 0.0, 0.0, 0.0, 0.0, 0.0, 0.0, 0.0, 0.0, 0.0, 0.0, 1.0, 1.0, 1.0, 1.0, 0.0, 0.0, 0.0, 0.0, 1.0, 1.0, 1.0, 1.0, 0.0, 0.0, 0.0, 0.0, 0.0, 0.0, 0.0, 0.0, 0.0, 1.0, 1.0, 0.0, 1.0, 1.0, 1.0, 1.0, 0.0, 0.0, 0.0, 0.0, 1.0, 1.0, 1.0, 1.0, 0.0, 0.0, 0.0, 0.0, 0.0, 0.0, 0.0, 0.0, 0.0, 0.0, 0.0, 0.0, 1.0, 1.0, 1.0, 1.0, 1.0, 1.0, 1.0, 0.0, 1.0, 1.0, 1.0, 1.0, 1.0, 0.0, 1.0, 0.0, 0.0, 1.0, 0.0, 0.0, 1.0, 1.0, 1.0, 0.0, 1.0, 1.0, 0.0, 1.0, 1.0, 0.0, 0.0, 0.0, 1.0, 1.0, 1.0, 0.0, 1.0, 1.0, 1.0, 1.0, 1.0, 1.0, 1.0, 1.0, 0.0, 0.0, 0.0, 0.0, 1.0, 1.0, 1.0, 0.0, 0.0, 0.0, 1.0, 0.0, 0.0, 0.0, 1.0, 0.0, 0.0, 0.0, 0.0, 0.0, 1.0, 1.0, 1.0, 0.0, 0.0, 0.0, 1.0, 0.0, 0.0, 0.0, 0.0, 1.0, 0.0, 0.0, 0.0, 0.0, 0.0, 0.0, 0.0, 1.0, 0.0, 0.0, 0.0, 0.0, 1.0, 1.0, 1.0, 1.0, 0.0, 0.0, 0.0, 0.0, 1.0, 1.0, 1.0, 0.0, 0.0, 0.0, 1.0, 0.0, 1.0, 1.0, 1.0, 1.0, 0.0, 0.0, 0.0, 0.0, 1.0, 1.0, 1.0, 1.0, 0.0, 0.0, 0.0, 0.0, 1.0, 1.0, 1.0, 1.0, 1.0, 1.0, 1.0, 0.0, 0.0, 0.0, 0.0, 0.0, 1.0, 0.0, 0.0, 0.0, 1.0, 1.0, 1.0, 1.0, 1.0, 1.0, 1.0, 1.0, 1.0, 1.0, 1.0, 1.0, 1.0, 1.0, 1.0, 0.0, 0.0, 0.0, 0.0, 0.0, 0.0, 0.0, 0.0, 0.0, 0.0, 1.0, 0.0, 1.0, 0.0, 1.0, 0.0, 1.0, 0.0, 0.0, 0.0, 1.0, 0.0, 0.0, 0.0, 0.0, 1.0, 1.0, 1.0, 0.0, 0.0, 0.0, 1.0, 0.0, 0.0, 0.0, 1.0, 0.0, 0.0, 0.0, 0.0, 0.0, 0.0, 1.0, 1.0, 1.0, 0.0, 0.0, 0.0, 0.0, 1.0, 1.0, 1.0, 0.0, 1.0, 1.0, 1.0, 1.0, 0.0, 0.0, 1.0, 0.0, 0.0, 0.0, 0.0, 0.0, 1.0, 1.0, 1.0, 1.0, 1.0, 1.0, 1.0, 0.0, 1.0, 1.0, 1.0, 1.0, 0.0, 0.0, 0.0, 0.0, 1.0, 1.0, 1.0, 1.0, 0.0, 0.0, 0.0, 0.0, 0.0, 1.0, 0.0, 0.0, 0.0, 0.0, 0.0, 0.0, 0.0, 0.0, 0.0, 0.0, 0.0, 0.0, 0.0, 0.0, 0.0, 0.0, 0.0, 0.0, 0.0, 0.0, 0.0, 0.0, 1.0, 1.0, 0.0, 1.0, 1.0, 0.0, 1.0, 0.0, 1.0, 1.0, 1.0, 1.0, 1.0, 0.0, 1.0, 1.0, 0.0, 0.0, 0.0, 0.0, 0.0, 1.0, 1.0, 0.0, 1.0, 0.0, 0.0, 1.0, 0.0, 0.0, 0.0, 0.0, 1.0, 1.0, 1.0, 0.0, 0.0, 0.0, 1.0, 0.0, 1.0, 1.0, 1.0, 0.0, 0.0, 0.0, 0.0, 0.0, 1.0, 1.0, 1.0, 1.0, 1.0, 1.0, 1.0, 0.0, 0.0, 0.0, 0.0, 0.0, 0.0, 0.0, 0.0, 0.0, 1.0, 0.0, 1.0, 0.0, 0.0, 0.0, 0.0, 0.0, 1.0, 1.0, 1.0, 1.0, 1.0, 1.0, 1.0, 0.0, 1.0, 1.0, 1.0, 1.0, 1.0, 1.0, 0.0, 1.0, 1.0, 1.0, 1.0, 1.0, 0.0, 0.0, 0.0, 0.0, 1.0, 1.0, 1.0, 1.0, 1.0, 1.0, 1.0, 0.0, 0.0, 1.0, 1.0, 1.0, 0.0, 0.0, 0.0, 0.0, 1.0, 1.0, 1.0, 1.0, 0.0, 0.0, 0.0, 0.0, 1.0, 0.0, 1.0, 0.0, 0.0, 0.0, 0.0, 0.0, 1.0, 1.0, 1.0, 1.0, 1.0, 0.0, 1.0, 0.0, 1.0, 1.0, 1.0, 0.0, 1.0, 1.0, 0.0, 1.0, 1.0, 1.0, 1.0, 1.0, 0.0, 0.0, 0.0, 0.0, 0.0, 0.0, 0.0, 0.0, 0.0, 0.0, 0.0, 0.0, 1.0, 1.0, 1.0, 1.0, 0.0, 0.0, 0.0, 0.0, 0.0, 0.0, 0.0, 0.0, 0.0, 0.0, 0.0, 0.0, 0.0, 0.0, 0.0, 0.0, 0.0, 0.0, 0.0, 0.0, 1.0, 1.0, 0.0, 0.0, 1.0, 1.0, 1.0, 1.0, 1.0, 1.0, 1.0, 1.0, 1.0, 1.0, 1.0, 1.0, 1.0, 1.0, 1.0, 1.0, 1.0, 0.0, 1.0, 1.0, 0.0, 1.0, 0.0, 1.0, 0.0, 1.0, 0.0, 0.0, 1.0, 1.0, 1.0, 1.0, 0.0, 0.0, 1.0, 0.0, 1.0, 1.0, 1.0, 1.0, 0.0, 0.0, 0.0, 0.0, 0.0, 0.0, 0.0, 1.0, 0.0, 0.0, 0.0, 0.0, 1.0, 1.0, 1.0, 1.0, 0.0, 0.0, 0.0, 0.0, 0.0, 1.0, 1.0, 1.0, 0.0, 1.0, 1.0, 0.0, 1.0, 1.0, 1.0, 1.0, 0.0, 0.0, 0.0, 0.0, 1.0, 0.0, 1.0, 1.0, 1.0, 0.0, 0.0, 1.0, 1.0, 1.0, 1.0, 1.0, 1.0, 1.0, 1.0, 0.0, 0.0, 1.0, 1.0, 1.0, 1.0, 1.0, 0.0, 0.0, 1.0, 1.0, 1.0, 1.0, 0.0, 0.0, 0.0, 0.0, 1.0, 1.0, 1.0, 0.0, 0.0, 0.0, 1.0, 0.0, 1.0, 1.0, 1.0, 1.0, 0.0, 0.0, 0.0, 0.0, 0.0, 0.0, 0.0, 0.0, 0.0, 0.0, 0.0, 0.0, 0.0, 0.0, 1.0, 1.0, 0.0, 0.0, 0.0, 0.0, 1.0, 1.0, 1.0, 1.0, 1.0, 0.0, 0.0, 1.0]",-295.2442605392121,597.0338707387587,-482.430437669722,964.860875339444,1.0,-12.51828050043735,28.214614831222644,1.2846122460949685,-433.45128860920846,873.4479268787513,False,False,False,True,False,0.5416666666666666,0.75,0.7083333333333334,0.625,0.7083333333333334,0.625,0.5,0.625,0.6666666666666666,0.625,0.5833333333333334,0.75,"Z.forall(lambda x1: Z.less(x1,3,'size'),X)","Z.exists(lambda x1: Z.exists(lambda x2: Z.and_operator(Z.and_operator(Z.equal(x1,'blue','colour'),Z.equal(x2,'green','colour')),Z.greater(x1,x2,'size')),X),X)","Z.forall(lambda x1: Z.not_operator(Z.equal(x1,'red','colour')),X)","Z.exists(lambda x1: Z.exists(lambda x2: Z.and_operator(Z.and_operator(Z.equal(x1,'blue','colour'),Z.equal(x2,'green','colour')),Z.greater(x1,x2,'size')),X),X)",0.75,0.625,0.625,0.625,0.625,0.7083333333333334,0.6982758620689655,0.6867816091954023,0.6954022988505747,0.6925287356321839,5.241379310344827,0,0,0,0,0,0
34,43,81,GBOn7umXUg,Kh5yAD9GF2sgDjsMAAAz,Iota,one is blue,"[True, True, True, False, False, False, True, False]","[False, False, False, False, False, False, False, True]",0.75,0.375,There is at least one cone of each color.,"[['x1'],['x1','x2'],['x1','x2','x3']]","Z.exists(lambda x1: Z.exists(lambda x2: Z.exists(lambda x3: Z.and_operator(Z.and_operator(Z.equal(x1,'red','colour'),Z.equal(x2,'blue','colour')),Z.equal(x3,'green','colour')),X),X),X)",There are at least one green cone and one red cone.,"[{'ids': [0, 1, 2], 'colours': ['blue', 'green', 'red'], 'sizes': [2, 1, 3], 'xpos': [2.28088342123163, 6.769544469766659, 3.372663474673711], 'ypos': [4.110743082063755, 4.111666666666668, 3.698505498713978], 'rotations': [3.139283690030875, 3.1415926535897927, 2.1690467008066374], 'orientations': ['upright', 'upright', 'strange'], 'contact': [[0, 2], [1], [2, 0]], 'grounded': ['yes', 'yes', 'yes'], 'follow_rule': True}, {'ids': [0, 1, 2], 'colours': ['red', 'blue', 'green'], 'sizes': [2, 2, 2], 'xpos': [0.4253485015799804, 1.5885781878346312, 6.548770944602743], 'ypos': [4.109289790135451, 3.7236931067646832, 4.108123832408067], 'rotations': [3.1357948062279375, 1.8498468085477686, 3.1435004414580803], 'orientations': ['upright', 'strange', 'upright'], 'contact': [[0, 1], [1, 0], [2]], 'grounded': ['yes', 'yes', 'yes'], 'follow_rule': True}, {'ids': [0, 1, 2], 'colours': ['green', 'red', 'blue'], 'sizes': [2, 3, 2], 'xpos': [4.614672373024252, 5.962977600610232, 2.846735694927475], 'ypos': [3.9988704667838024, 3.62097294556586, 4.107366194907204], 'rotations': [2.8685701566737456, 1.7882868126958125, 3.1393978297533005], 'orientations': ['upright', 'strange', 'upright'], 'contact': [[0, 1], [1, 0], [2]], 'grounded': ['yes', 'yes', 'yes'], 'follow_rule': True}, {'ids': [0, 1, 2], 'colours': ['blue', 'red', 'green'], 'sizes': [2, 3, 3], 'xpos': [2.0916494767406135, 4.7934783338111995, 0.7437660548322998], 'ypos': [4.107930033531118, 3.6338519054645575, 4.108239722557856], 'rotations': [3.143066482902002, 1.243964857582812, 3.1387023448460845], 'orientations': ['upright', 'lhs', 'upright'], 'contact': [[0], [1], [2]], 'grounded': ['yes', 'yes', 'yes'], 'follow_rule': True}, {'ids': [0, 1, 2], 'colours': ['green', 'green', 'green'], 'sizes': [3, 2, 1], 'xpos': [4.504617877289539, 3.5997842505744106, 5.623735866444141], 'ypos': [4.107580251127459, 4.108221690722027, 3.8263026393615895], 'rotations': [3.142393439045664, 3.1422970773016123, 1.208022836610101], 'orientations': ['upright', 'upright', 'lhs'], 'contact': [[0, 2, 1], [1, 0], [2, 0]], 'grounded': ['yes', 'yes', 'yes'], 'follow_rule': False}, {'ids': [0, 1, 2], 'colours': ['blue', 'red', 'green'], 'sizes': [3, 3, 3], 'xpos': [6.179073665158452, 1.3924674256078369, 5.132048786326437], 'ypos': [4.108396493605532, 4.108038549769436, 4.108577584891602], 'rotations': [3.1425954756173593, 3.139633223729781, 3.1421246966386747], 'orientations': ['upright', 'upright', 'upright'], 'contact': [[0], [1], [2]], 'grounded': ['yes', 'yes', 'yes'], 'follow_rule': True}, {'ids': [0, 1, 2], 'colours': ['red', 'green', 'blue'], 'sizes': [2, 3, 2], 'xpos': [6.006347543237123, 5.76960819235229, 3.531797462109196], 'ypos': [3.7341232949149537, 3.8916672721765186, 3.7306882368707694], 'rotations': [1.2341217128778554, 3.588198413746596, 1.2337005960974148], 'orientations': ['lhs', 'upright', 'lhs'], 'contact': [[0, 1], [1, 0], [2]], 'grounded': ['yes', 'yes', 'yes'], 'follow_rule': True}, {'ids': [0, 1, 2], 'colours': ['green', 'blue', 'blue'], 'sizes': [2, 3, 3], 'xpos': [5.907217292566738, 6.819225936390894, 3.408837714246803], 'ypos': [4.107845657504236, 4.1079934829885305, 3.6342200937427993], 'rotations': [3.1430450582134513, 3.143626010781167, 5.037639203237123], 'orientations': ['upright', 'upright', 'rhs'], 'contact': [[0], [1], [2]], 'grounded': ['yes', 'yes', 'yes'], 'follow_rule': False}, {'ids': [0, 1, 2, 3, 4], 'colours': ['red', 'green', 'red', 'blue', 'green'], 'sizes': [3, 1, 1, 2, 3], 'xpos': [5.12691938557365, 5.11503131679493, 4.23727953775697, 6.19519140108846, 3.42148978150856], 'ypos': [4.16166666682932, 3.21450769513128, 4.15833270210236, 3.780270212316, 4.15777826181353], 'rotations': [3.14159265356107, 3.17396503839037, 3.13596899439433, 5.0484168782327, 3.14163950292034], 'contact': [[0, 1], [1, 0], 2, 3, 4], 'grounded': ['yes', 'no', 'yes', 'yes', 'yes']}, {'ids': [0, 1, 2, 3], 'colours': ['green', 'green', 'red', 'blue'], 'sizes': [1, 3, 1, 2], 'xpos': [1.95640316882102, 3.82119006463636, 5.49466900932729, 4.94512429018313], 'ypos': [4.1575463669092, 3.68793264237984, 3.88075060909874, 3.82370041726639], 'rotations': [3.14042586215534, 5.03796059957422, 5.07099533912214, 4.13396592888911], 'contact': [0, 1, [2, 3], [3, 2]], 'grounded': ['yes', 'yes', 'yes', 'yes']}, {'ids': [0, 1, 2, 3, 4], 'colours': ['red', 'blue', 'red', 'green', 'green'], 'sizes': [3, 1, 2, 2, 1], 'xpos': [6.01871423256697, 2.01992789098242, 4.13597794449854, 0.774406281828649, 4.80555851531279], 'ypos': [3.68393205570556, 4.15898574652681, 4.15794140291817, 3.77979942907755, 3.98725786368743], 'rotations': [1.24414891831718, 3.14156263599238, 3.14292046357041, 5.04964608195148, 2.53998237313469], 'contact': [[0, 4], 1, 2, 3, [4, 0]], 'grounded': ['yes', 'yes', 'yes', 'yes', 'yes']}, {'ids': [0, 1], 'colours': ['blue', 'green'], 'sizes': [1, 2], 'xpos': [1.67047327443096, 4.46813203908946], 'ypos': [4.15694705663294, 4.15819949787589], 'rotations': [3.14214596161258, 3.14225319301416], 'contact': [{'V1': 0, 'V2': 1}], 'grounded': ['yes', 'yes']}, {'ids': [0, 1, 2, 3, 4], 'colours': ['blue', 'blue', 'red', 'blue', 'red'], 'sizes': [1, 1, 3, 2, 3], 'xpos': [2.9749447690173, 1.59038636414738, 1.89943344290003, 0.742265142690783, 5.82945571924824], 'ypos': [4.14706432996679, 4.15682792868204, 3.68436535365509, 3.87793736870491, 4.15825788448378], 'rotations': [3.19018443917557, 3.14127258207092, 4.38185242264156, 2.36758036264438, 3.14223131257379], 'contact': [[0, 2], 1, [2, 0], 3, 4], 'grounded': ['yes', 'yes', 'yes', 'yes', 'yes']}, {'ids': [0, 1, 2, 3, 4], 'colours': ['blue', 'blue', 'red', 'red', 'blue'], 'sizes': [1, 1, 2, 3, 2], 'xpos': [3.86710801315826, 0.780465760873674, 4.72248955423569, 3.06295468416754, 7.04671297081929], 'ypos': [4.1448491118357, 4.15796013032216, 4.15793209798963, 3.75002575259372, 4.15761808534214], 'rotations': [3.19364501547634, 3.14186836777695, 3.13970081999877, 4.09252896570911, 3.14406240189392], 'contact': [[0, 3], 1, 2, [3, 0], 4], 'grounded': ['yes', 'yes', 'yes', 'yes', 'yes']}, {'ids': [0, 1, 2, 3], 'colours': ['blue', 'green', 'blue', 'red'], 'sizes': [1, 2, 1, 3], 'xpos': [0.414928997162714, 1.7723984589512, 5.75738502777065, 6.08770777718876], 'ypos': [4.15743978227501, 4.15711897749998, 3.88075060909862, 3.89628768750355], 'rotations': [3.14447951863788, 3.14010156096646, 5.07099533912207, 3.69409526653564], 'contact': [0, 1, [2, 3], [3, 2]], 'grounded': ['yes', 'yes', 'yes', 'yes']}, {'ids': [0, 1, 2, 3, 4], 'colours': ['green', 'red', 'green', 'green', 'red'], 'sizes': [2, 2, 3, 3, 2], 'xpos': [1.30426887924571, 1.8868098606311, 6.83333126813548, 2.79429839111229, 3.83407517131883], 'ypos': [3.78000391300947, 4.15881602818333, 3.73307814239637, 4.15736329550291, 4.15804254736289], 'rotations': [1.23253748876037, 3.14240000646429, 4.1567939442383, 3.14166932108615, 3.1439673324419], 'contact': [0, [1, 3], 2, [3, 1], 4], 'grounded': ['yes', 'yes', 'yes', 'yes', 'yes']}]","[False, False, False, False, False, False, False, True]","[False, False, False, True, True, True, False, False]","[True, True, True, False, False, False, True, False]","[False, False, False, False, False, False, False, True]","[False, False, False, False, False, False, False, True]","[True, True, True, True, True, True, True, True]","[False, False, False, False, False, False, False, False]","[False, False, False, False, False, False, False, False]",0.375,0.0,0.375,0.0,0.375,1.0,0.25,0.375,0.5,0.0,0.0,-0.375,0.625,0.0,1.9144771876727655,-5.286884152535606,-5.545177444479562,12.653209846751048,11.090354888959125,1.4637052857883708,-15.612748145548224,-16.635532333438686,34.4035501214444,33.27106466687737,1.0502311195665048,"[1.0, 1.0, 1.0, 1.0, 1.0, 0.0, 1.0, 0.0, 1.0, 1.0, 1.0, 1.0, 1.0, 1.0, 1.0, 0.0135, 0.9530000000000001, 0.092, 0.5895, 0.5895, 1.0, 0.0, 0.0, 0.861, 1.0, 1.0, 1.0, 0.2925, 0.999, 0.999, 1.0, 0.7155, 0.0, 0.0, 1.0, 0.0, 0.0, 0.0, 1.0, 0.0, 0.0, 0.0, 1.0, 0.0, 0.0, 0.0, 1.0, 0.0, 1.0, 1.0, 1.0, 1.0, 0.0, 0.0, 0.0, 0.0, 1.0, 1.0, 1.0, 1.0, 0.935, 0.935, 0.935, 0.935, 1.0, 1.0, 1.0, 1.0, 0.0, 1.0, 0.0, 0.0, 0.0, 1.0, 1.0, 1.0, 1.0, 1.0, 1.0, 1.0, 1.0, 1.0, 1.0, 1.0, 0.0935, 0.0935, 0.0935, 0.0935, 1.0, 1.0, 1.0, 1.0, 1.0, 1.0, 1.0, 1.0, 1.0, 1.0, 1.0, 1.0, 1.0, 1.0, 1.0, 0.013000000000000001, 1.0, 1.0, 0.998, 1.0, 1.0, 0.002, 0.998, 0.002, 1.0, 1.0, 1.0, 1.0, 1.0, 1.0, 1.0, 0.0, 0.973, 1.0, 0.9530000000000001, 1.0, 0.8925000000000001, 0.9195, 0.17400000000000002, 0.201, 1.0, 1.0, 1.0, 1.0, 0.0, 0.0, 0.0, 0.0, 1.0, 1.0, 1.0, 0.24, 1.0, 1.0, 0.968, 1.0, 0.653, 0.653, 0.653, 1.0, 0.2535, 0.2535, 0.7035, 0.10300000000000001, 1.0, 1.0, 1.0, 1.0, 0.0, 1.0, 0.0, 0.0, 1.0, 1.0, 1.0, 0.012, 0.988, 0.988, 1.0, 1.0, 1.0, 0.0, 1.0, 1.0, 1.0, 0.0, 0.0, 1.0, 0.0, 0.0, 0.0, 1.0, 1.0, 0.0, 0.0, 0.0, 1.0, 1.0, 1.0, 1.0, 0.0, 0.0, 0.0, 0.0, 1.0, 1.0, 1.0, 1.0, 0.0, 0.0, 0.0, 0.0, 1.0, 1.0, 1.0, 1.0, 1.0, 1.0, 0.841, 1.0, 1.0, 1.0, 1.0, 1.0, 0.0, 0.0, 0.0, 0.0, 1.0, 1.0, 1.0, 1.0, 1.0, 1.0, 1.0, 0.0, 0.197, 0.0, 0.85, 0.653, 0.803, 0.0, 0.0, 0.0, 0.8525, 0.847, 0.9935, 0.847, 0.28300000000000003, 0.4305, 0.426, 0.426, 1.0, 1.0, 1.0, 1.0, 1.0, 1.0, 1.0, 0.0, 0.798, 1.0, 0.7995, 0.7995, 0.0275, 0.029, 0.2265, 0.1975, 1.0, 1.0, 1.0, 1.0, 0.0, 0.0, 0.0, 0.0, 0.862, 0.854, 0.8595, 0.8955000000000001, 0.045, 0.0005, 0.8695, 0.8505, 1.0, 1.0, 1.0, 0.022, 1.0, 1.0, 1.0, 0.978, 0.28400000000000003, 0.0145, 0.1885, 0.0275, 0.2755, 0.0, 0.0015, 0.013000000000000001, 0.0, 0.0, 0.0, 1.0, 1.0, 0.0, 0.0, 0.0, 1.0, 1.0, 1.0, 1.0, 0.0, 0.0, 0.0, 0.0, 1.0, 1.0, 1.0, 1.0, 1.0, 0.0, 1.0, 0.0, 1.0, 1.0, 1.0, 1.0, 1.0, 1.0, 1.0, 0.0, 1.0, 1.0, 1.0, 0.728, 0.8265, 0.5545, 0.5545, 0.8265, 1.0, 1.0, 1.0, 1.0, 1.0, 1.0, 1.0, 1.0, 1.0, 1.0, 1.0, 0.8715, 0.9365, 0.8695, 0.8695, 0.9365, 0.229, 0.229, 0.229, 0.229, 0.801, 0.03, 0.03, 0.801, 0.0, 0.0, 0.0, 1.0, 1.0, 0.0, 0.0, 0.0, 0.108, 0.114, 0.2315, 0.108, 0.114, 0.07050000000000001, 0.0495, 0.006, 1.0, 1.0, 1.0, 1.0, 0.0, 0.0, 0.0, 0.0, 0.8955000000000001, 0.895, 0.0115, 0.0, 0.883, 0.0, 0.0, 0.0, 1.0, 1.0, 1.0, 1.0, 0.0, 0.0, 0.0, 0.0, 0.902, 0.902, 0.902, 0.678, 0.88, 0.88, 0.902, 0.807, 1.0, 1.0, 1.0, 1.0, 0.0, 0.0, 0.0, 0.0, 1.0, 1.0, 1.0, 1.0, 1.0, 1.0, 1.0, 0.0, 1.0, 1.0, 1.0, 1.0, 0.0, 0.0, 0.0, 0.0, 1.0, 1.0, 1.0, 1.0, 0.008, 0.008, 0.008, 0.008, 1.0, 1.0, 1.0, 1.0, 1.0, 1.0, 1.0, 0.0, 1.0, 1.0, 1.0, 1.0, 1.0, 1.0, 0.6980000000000001, 1.0, 1.0, 1.0, 1.0, 1.0, 0.0, 0.0, 0.0, 0.0, 1.0, 1.0, 1.0, 1.0, 1.0, 1.0, 1.0, 0.0, 0.9530000000000001, 0.9530000000000001, 0.9530000000000001, 1.0, 1.0, 1.0, 0.641, 0.9530000000000001, 1.0, 1.0, 1.0, 1.0, 0.0, 0.0, 0.0, 0.0, 1.0, 1.0, 1.0, 1.0, 1.0, 1.0, 1.0, 1.0, 1.0, 1.0, 1.0, 1.0, 0.0, 0.0, 0.0, 0.0, 1.0, 1.0, 1.0, 1.0, 1.0, 1.0, 1.0, 1.0, 1.0, 1.0, 1.0, 1.0, 0.021500000000000002, 0.021500000000000002, 0.021500000000000002, 0.021500000000000002, 0.021500000000000002, 0.003, 0.02, 0.0095, 0.0095, 0.964, 0.9555, 0.0095, 1.0, 1.0, 1.0, 1.0, 1.0, 1.0, 1.0, 1.0, 1.0, 1.0, 1.0, 1.0, 0.0, 0.0, 0.0, 0.0, 1.0, 1.0, 1.0, 1.0, 0.0, 0.0, 1.0, 1.0, 1.0, 0.873, 0.198, 0.198, 1.0, 1.0, 0.6905, 1.0, 1.0, 1.0, 1.0, 1.0, 1.0, 1.0, 1.0, 0.0, 1.0, 0.999, 0.999, 1.0, 0.0025, 0.0025, 0.0025, 0.0025, 1.0, 1.0, 1.0, 1.0, 1.0, 0.686, 0.314, 0.0, 1.0, 1.0, 1.0, 1.0, 0.524, 0.524, 1.0, 0.47600000000000003, 1.0, 1.0, 1.0, 1.0, 0.008, 0.008, 0.008, 0.008, 0.9935, 0.9935, 0.9775, 0.9935, 0.9935, 0.0225, 0.988, 0.017, 1.0, 1.0, 1.0, 1.0, 0.0725, 0.0725, 0.0725, 0.0725, 0.041, 1.0, 1.0, 0.9590000000000001, 0.041, 0.9590000000000001, 1.0, 0.0, 0.7435, 0.9835, 0.7425, 0.986, 0.7435, 0.7435, 0.256, 0.987, 1.0, 0.005, 1.0, 1.0, 1.0, 0.005, 0.005, 1.0, 1.0, 1.0, 1.0, 1.0, 1.0, 1.0, 1.0, 0.0, 1.0, 1.0, 1.0, 1.0, 0.0, 0.0, 0.0, 0.0, 1.0, 1.0, 1.0, 1.0, 0.0, 0.0, 0.0, 0.0, 0.9705, 0.9705, 0.9145, 1.0, 0.8015, 0.8015, 0.9705, 0.7865, 1.0, 1.0, 1.0, 1.0, 0.0, 0.0, 0.0, 0.0, 1.0, 1.0, 1.0, 1.0, 0.0, 0.0, 0.0, 0.0, 1.0, 1.0, 1.0, 1.0, 0.0, 0.0, 0.0, 0.0, 1.0, 1.0, 1.0, 1.0, 1.0, 1.0, 1.0, 1.0]",-418.5875071169283,843.720363894191,-482.430437669722,964.860875339444,344.4324661880127,-5.548089200554276,13.175619942788389,98.11310845690176,-16.635843982127522,36.44974179460299,0.6334250289943713,"[1.0, 1.0, 1.0, 1.0, 1.0, 0.0, 1.0, 0.0, 1.0, 1.0, 1.0, 1.0, 1.0, 1.0, 1.0, 0.0, 0.0, 0.0, 0.0, 0.0, 0.0, 0.0, 0.0, 0.0, 1.0, 1.0, 1.0, 0.0, 0.0, 0.0, 1.0, 0.0, 0.0, 0.0, 1.0, 1.0, 0.0, 1.0, 1.0, 1.0, 1.0, 1.0, 1.0, 1.0, 0.0, 0.0, 1.0, 1.0, 1.0, 1.0, 1.0, 1.0, 0.0, 0.0, 0.0, 0.0, 1.0, 1.0, 1.0, 1.0, 0.0, 0.0, 0.0, 0.0, 0.0, 0.0, 0.0, 0.0, 0.0, 1.0, 1.0, 0.0, 1.0, 1.0, 1.0, 1.0, 0.0, 0.0, 0.0, 0.0, 1.0, 1.0, 1.0, 1.0, 0.0, 0.0, 0.0, 0.0, 1.0, 1.0, 1.0, 1.0, 1.0, 1.0, 0.0, 1.0, 1.0, 1.0, 1.0, 1.0, 1.0, 1.0, 1.0, 0.0, 1.0, 1.0, 1.0, 1.0, 1.0, 0.0, 1.0, 0.0, 0.0, 1.0, 0.0, 0.0, 1.0, 1.0, 1.0, 0.0, 1.0, 1.0, 0.0, 1.0, 1.0, 0.0, 0.0, 0.0, 1.0, 1.0, 1.0, 0.0, 1.0, 1.0, 1.0, 1.0, 1.0, 1.0, 1.0, 1.0, 0.0, 0.0, 0.0, 0.0, 1.0, 1.0, 1.0, 0.0, 0.0, 0.0, 1.0, 0.0, 0.0, 0.0, 1.0, 0.0, 0.0, 0.0, 0.0, 0.0, 1.0, 1.0, 1.0, 0.0, 0.0, 0.0, 1.0, 0.0, 0.0, 0.0, 0.0, 1.0, 0.0, 0.0, 0.0, 0.0, 0.0, 0.0, 0.0, 1.0, 0.0, 0.0, 0.0, 0.0, 1.0, 1.0, 1.0, 1.0, 0.0, 0.0, 0.0, 0.0, 1.0, 1.0, 1.0, 0.0, 0.0, 0.0, 1.0, 0.0, 1.0, 1.0, 1.0, 1.0, 0.0, 0.0, 0.0, 0.0, 1.0, 1.0, 1.0, 1.0, 0.0, 0.0, 0.0, 0.0, 1.0, 1.0, 1.0, 1.0, 1.0, 1.0, 1.0, 0.0, 0.0, 0.0, 0.0, 0.0, 1.0, 0.0, 0.0, 0.0, 1.0, 1.0, 1.0, 1.0, 1.0, 1.0, 1.0, 1.0, 1.0, 1.0, 1.0, 1.0, 1.0, 1.0, 1.0, 0.0, 0.0, 0.0, 0.0, 0.0, 0.0, 0.0, 0.0, 0.0, 0.0, 1.0, 0.0, 1.0, 0.0, 1.0, 0.0, 1.0, 0.0, 0.0, 0.0, 1.0, 0.0, 0.0, 0.0, 0.0, 1.0, 1.0, 1.0, 0.0, 0.0, 0.0, 1.0, 0.0, 1.0, 1.0, 1.0, 1.0, 1.0, 0.0, 1.0, 0.0, 0.0, 1.0, 1.0, 1.0, 0.0, 0.0, 0.0, 0.0, 1.0, 1.0, 1.0, 0.0, 1.0, 1.0, 1.0, 1.0, 0.0, 1.0, 1.0, 1.0, 0.0, 0.0, 0.0, 0.0, 1.0, 1.0, 1.0, 1.0, 1.0, 1.0, 1.0, 0.0, 1.0, 1.0, 1.0, 1.0, 0.0, 0.0, 0.0, 0.0, 1.0, 1.0, 1.0, 1.0, 0.0, 0.0, 0.0, 0.0, 0.0, 1.0, 0.0, 0.0, 0.0, 0.0, 0.0, 0.0, 1.0, 1.0, 1.0, 1.0, 1.0, 0.0, 1.0, 1.0, 0.0, 0.0, 0.0, 0.0, 0.0, 1.0, 1.0, 0.0, 1.0, 1.0, 1.0, 1.0, 1.0, 0.0, 1.0, 0.0, 1.0, 1.0, 1.0, 1.0, 1.0, 0.0, 1.0, 1.0, 0.0, 0.0, 0.0, 0.0, 0.0, 1.0, 1.0, 0.0, 1.0, 0.0, 0.0, 1.0, 0.0, 0.0, 0.0, 0.0, 1.0, 1.0, 1.0, 0.0, 0.0, 0.0, 1.0, 0.0, 1.0, 1.0, 1.0, 0.0, 0.0, 0.0, 0.0, 0.0, 1.0, 1.0, 1.0, 1.0, 1.0, 1.0, 1.0, 0.0, 0.0, 0.0, 0.0, 0.0, 0.0, 0.0, 0.0, 0.0, 1.0, 0.0, 1.0, 0.0, 0.0, 0.0, 0.0, 0.0, 1.0, 1.0, 1.0, 1.0, 1.0, 1.0, 1.0, 0.0, 1.0, 1.0, 1.0, 1.0, 1.0, 1.0, 0.0, 1.0, 1.0, 1.0, 1.0, 1.0, 0.0, 0.0, 0.0, 0.0, 1.0, 1.0, 1.0, 1.0, 1.0, 1.0, 1.0, 0.0, 0.0, 1.0, 1.0, 1.0, 0.0, 0.0, 0.0, 0.0, 1.0, 1.0, 1.0, 1.0, 0.0, 0.0, 0.0, 0.0, 1.0, 0.0, 1.0, 0.0, 0.0, 0.0, 0.0, 0.0, 1.0, 1.0, 1.0, 1.0, 1.0, 0.0, 1.0, 0.0, 1.0, 1.0, 1.0, 0.0, 1.0, 1.0, 0.0, 1.0, 1.0, 1.0, 1.0, 1.0, 0.0, 0.0, 0.0, 0.0, 0.0, 0.0, 0.0, 0.0, 0.0, 1.0, 0.0, 0.0, 1.0, 1.0, 1.0, 1.0, 0.0, 0.0, 0.0, 0.0, 0.0, 0.0, 0.0, 0.0, 0.0, 0.0, 0.0, 0.0, 1.0, 0.0, 1.0, 0.0, 0.0, 0.0, 0.0, 0.0, 1.0, 1.0, 0.0, 0.0, 1.0, 1.0, 1.0, 1.0, 1.0, 1.0, 1.0, 1.0, 1.0, 1.0, 1.0, 1.0, 1.0, 1.0, 1.0, 1.0, 1.0, 0.0, 1.0, 1.0, 0.0, 1.0, 0.0, 1.0, 0.0, 1.0, 0.0, 0.0, 1.0, 1.0, 1.0, 1.0, 0.0, 0.0, 1.0, 0.0, 1.0, 1.0, 1.0, 1.0, 0.0, 0.0, 0.0, 0.0, 0.0, 0.0, 0.0, 1.0, 0.0, 0.0, 0.0, 0.0, 1.0, 1.0, 1.0, 1.0, 0.0, 0.0, 0.0, 0.0, 0.0, 1.0, 1.0, 1.0, 0.0, 1.0, 1.0, 0.0, 1.0, 1.0, 1.0, 1.0, 0.0, 0.0, 0.0, 0.0, 1.0, 0.0, 1.0, 1.0, 1.0, 0.0, 0.0, 1.0, 1.0, 1.0, 1.0, 1.0, 1.0, 1.0, 1.0, 0.0, 0.0, 1.0, 1.0, 1.0, 1.0, 1.0, 0.0, 0.0, 1.0, 1.0, 1.0, 1.0, 0.0, 0.0, 0.0, 0.0, 1.0, 1.0, 1.0, 0.0, 0.0, 0.0, 1.0, 0.0, 1.0, 1.0, 1.0, 1.0, 0.0, 0.0, 0.0, 0.0, 0.0, 0.0, 0.0, 0.0, 0.0, 0.0, 0.0, 0.0, 0.0, 1.0, 0.0, 1.0, 0.0, 1.0, 1.0, 0.0, 1.0, 1.0, 1.0, 1.0, 1.0, 0.0, 0.0, 1.0]",-318.3726801373107,643.2907099349558,344.4324661880127,-5.548089200554276,-5.545177444479562,13.175619942788389,11.090354888959125,98.11310845690176,-16.635843982127522,-16.635532333438686,36.44974179460299,33.27106466687737,0.6173530694834558,"[1.0, 1.0, 1.0, 1.0, 1.0, 0.0, 1.0, 0.0, 1.0, 1.0, 1.0, 1.0, 1.0, 1.0, 1.0, 0.0, 0.0, 0.0, 0.0, 0.0, 0.0, 0.0, 0.0, 0.0, 1.0, 1.0, 1.0, 0.0, 0.0, 0.0, 1.0, 0.0, 0.0, 0.0, 1.0, 1.0, 0.0, 1.0, 1.0, 1.0, 0.0, 0.0, 0.0, 0.0, 0.0, 0.0, 0.0, 0.0, 1.0, 1.0, 1.0, 1.0, 0.0, 0.0, 0.0, 0.0, 1.0, 1.0, 1.0, 1.0, 0.0, 0.0, 0.0, 0.0, 0.0, 0.0, 0.0, 0.0, 0.0, 1.0, 1.0, 0.0, 0.0, 0.0, 0.0, 1.0, 0.0, 0.0, 0.0, 0.0, 1.0, 1.0, 1.0, 1.0, 0.0, 0.0, 0.0, 0.0, 0.0, 0.0, 0.0, 0.0, 1.0, 1.0, 0.0, 1.0, 1.0, 1.0, 1.0, 1.0, 1.0, 1.0, 1.0, 0.0, 1.0, 1.0, 1.0, 1.0, 1.0, 0.0, 1.0, 0.0, 0.0, 1.0, 0.0, 0.0, 1.0, 1.0, 1.0, 0.0, 1.0, 1.0, 0.0, 1.0, 1.0, 0.0, 0.0, 0.0, 1.0, 1.0, 1.0, 0.0, 1.0, 1.0, 1.0, 1.0, 1.0, 1.0, 1.0, 1.0, 0.0, 0.0, 0.0, 0.0, 1.0, 1.0, 1.0, 0.0, 0.0, 0.0, 1.0, 0.0, 0.0, 0.0, 1.0, 0.0, 0.0, 0.0, 0.0, 0.0, 1.0, 1.0, 1.0, 0.0, 0.0, 0.0, 1.0, 0.0, 0.0, 0.0, 0.0, 1.0, 0.0, 0.0, 0.0, 0.0, 0.0, 0.0, 0.0, 1.0, 0.0, 0.0, 0.0, 0.0, 1.0, 1.0, 1.0, 1.0, 0.0, 0.0, 0.0, 0.0, 1.0, 1.0, 1.0, 0.0, 0.0, 0.0, 1.0, 0.0, 1.0, 1.0, 1.0, 1.0, 0.0, 0.0, 0.0, 0.0, 1.0, 1.0, 1.0, 1.0, 0.0, 0.0, 0.0, 0.0, 1.0, 1.0, 1.0, 1.0, 1.0, 1.0, 1.0, 0.0, 0.0, 0.0, 0.0, 0.0, 1.0, 0.0, 0.0, 0.0, 1.0, 1.0, 1.0, 1.0, 1.0, 1.0, 1.0, 1.0, 1.0, 1.0, 1.0, 1.0, 1.0, 1.0, 1.0, 0.0, 0.0, 0.0, 0.0, 0.0, 0.0, 0.0, 0.0, 0.0, 0.0, 1.0, 0.0, 1.0, 0.0, 1.0, 0.0, 1.0, 0.0, 0.0, 0.0, 1.0, 0.0, 0.0, 0.0, 0.0, 1.0, 1.0, 1.0, 0.0, 0.0, 0.0, 1.0, 0.0, 1.0, 1.0, 1.0, 1.0, 1.0, 0.0, 1.0, 0.0, 0.0, 1.0, 1.0, 1.0, 0.0, 0.0, 0.0, 0.0, 1.0, 1.0, 1.0, 0.0, 1.0, 1.0, 1.0, 1.0, 0.0, 1.0, 1.0, 1.0, 0.0, 0.0, 0.0, 0.0, 1.0, 1.0, 1.0, 1.0, 1.0, 1.0, 1.0, 0.0, 1.0, 1.0, 1.0, 1.0, 0.0, 0.0, 0.0, 0.0, 1.0, 1.0, 1.0, 1.0, 0.0, 0.0, 0.0, 0.0, 0.0, 1.0, 0.0, 0.0, 0.0, 0.0, 0.0, 0.0, 0.0, 0.0, 0.0, 0.0, 0.0, 0.0, 0.0, 0.0, 1.0, 0.0, 1.0, 1.0, 1.0, 0.0, 0.0, 1.0, 1.0, 1.0, 1.0, 1.0, 1.0, 0.0, 1.0, 0.0, 1.0, 1.0, 1.0, 1.0, 1.0, 0.0, 1.0, 1.0, 0.0, 0.0, 0.0, 0.0, 0.0, 1.0, 1.0, 0.0, 1.0, 0.0, 0.0, 1.0, 0.0, 0.0, 0.0, 0.0, 1.0, 1.0, 1.0, 0.0, 0.0, 0.0, 1.0, 0.0, 1.0, 1.0, 1.0, 0.0, 0.0, 0.0, 0.0, 0.0, 1.0, 1.0, 1.0, 1.0, 1.0, 1.0, 1.0, 0.0, 0.0, 0.0, 0.0, 0.0, 0.0, 0.0, 0.0, 0.0, 1.0, 0.0, 1.0, 0.0, 0.0, 0.0, 0.0, 0.0, 1.0, 1.0, 1.0, 1.0, 1.0, 1.0, 1.0, 0.0, 1.0, 1.0, 1.0, 1.0, 1.0, 1.0, 0.0, 1.0, 1.0, 1.0, 1.0, 1.0, 0.0, 0.0, 0.0, 0.0, 1.0, 1.0, 1.0, 1.0, 1.0, 1.0, 1.0, 0.0, 0.0, 1.0, 1.0, 1.0, 0.0, 0.0, 0.0, 0.0, 1.0, 1.0, 1.0, 1.0, 0.0, 0.0, 0.0, 0.0, 1.0, 0.0, 1.0, 0.0, 0.0, 0.0, 0.0, 0.0, 1.0, 1.0, 1.0, 1.0, 1.0, 0.0, 1.0, 0.0, 1.0, 1.0, 1.0, 0.0, 1.0, 1.0, 0.0, 1.0, 1.0, 1.0, 1.0, 1.0, 0.0, 0.0, 0.0, 0.0, 0.0, 0.0, 0.0, 0.0, 0.0, 1.0, 0.0, 0.0, 1.0, 1.0, 1.0, 1.0, 0.0, 0.0, 0.0, 0.0, 0.0, 0.0, 0.0, 0.0, 0.0, 0.0, 0.0, 0.0, 1.0, 0.0, 1.0, 0.0, 0.0, 0.0, 0.0, 0.0, 1.0, 1.0, 0.0, 0.0, 1.0, 1.0, 1.0, 1.0, 1.0, 1.0, 1.0, 1.0, 1.0, 1.0, 1.0, 1.0, 1.0, 1.0, 1.0, 1.0, 1.0, 0.0, 1.0, 1.0, 0.0, 1.0, 0.0, 1.0, 0.0, 1.0, 0.0, 0.0, 1.0, 1.0, 1.0, 1.0, 0.0, 0.0, 1.0, 0.0, 1.0, 1.0, 1.0, 1.0, 0.0, 0.0, 0.0, 0.0, 0.0, 0.0, 0.0, 1.0, 0.0, 0.0, 0.0, 0.0, 1.0, 1.0, 1.0, 1.0, 0.0, 0.0, 0.0, 0.0, 0.0, 1.0, 1.0, 1.0, 0.0, 1.0, 1.0, 0.0, 1.0, 1.0, 1.0, 1.0, 0.0, 0.0, 0.0, 0.0, 1.0, 0.0, 1.0, 1.0, 1.0, 0.0, 0.0, 1.0, 1.0, 1.0, 1.0, 1.0, 1.0, 1.0, 1.0, 0.0, 0.0, 0.0, 1.0, 0.0, 0.0, 1.0, 0.0, 0.0, 1.0, 1.0, 1.0, 1.0, 0.0, 0.0, 0.0, 0.0, 1.0, 1.0, 1.0, 0.0, 0.0, 0.0, 1.0, 0.0, 1.0, 1.0, 1.0, 1.0, 0.0, 0.0, 0.0, 0.0, 0.0, 0.0, 0.0, 0.0, 0.0, 0.0, 0.0, 0.0, 0.0, 1.0, 0.0, 1.0, 0.0, 1.0, 1.0, 0.0, 1.0, 1.0, 1.0, 1.0, 1.0, 0.0, 0.0, 1.0]",-311.9759791000219,630.4973078603782,-482.430437669722,964.860875339444,0.01,0.0,-5.545177444479562,2.0794415416798357,11.090354888959125,1.0,-10.45127161076306,-16.635532333438686,24.080597051874065,33.27106466687737,1.0908740239314543,"[0.0, 0.0, 1.0, 0.0, 0.0, 0.0, 0.0, 0.0, 1.0, 1.0, 1.0, 1.0, 0.877, 0.877, 0.877, 0.0, 1.0, 0.259, 1.0, 1.0, 0.8015, 0.0, 0.259, 1.0, 1.0, 1.0, 1.0, 1.0, 1.0, 1.0, 1.0, 0.0, 0.0, 0.0, 1.0, 0.0, 0.0, 0.0, 1.0, 0.0, 0.0, 0.0, 1.0, 0.0, 0.0, 0.0, 1.0, 0.0, 0.0, 0.0, 0.0, 0.0775, 0.0, 0.0, 0.1635, 0.47100000000000003, 1.0, 1.0, 1.0, 1.0, 0.0, 0.0, 0.0, 0.0, 0.0, 0.0, 0.0, 0.0, 0.0, 0.0, 0.0, 0.0, 1.0, 1.0, 1.0, 1.0, 1.0, 1.0, 1.0, 0.0, 1.0, 1.0, 1.0, 1.0, 0.0, 0.0, 0.0, 0.0, 0.0, 0.0, 0.0, 0.0, 0.0, 0.113, 0.113, 0.0, 0.0, 0.0, 0.0, 1.0, 0.0, 0.0, 0.0, 0.0, 1.0, 1.0, 1.0, 1.0, 0.0, 0.0, 0.0, 0.0, 0.9995, 1.0, 1.0, 0.663, 1.0, 1.0, 1.0, 0.353, 1.0, 1.0, 1.0, 1.0, 0.082, 0.082, 0.0, 0.0, 0.973, 1.0, 0.7655000000000001, 0.605, 0.973, 1.0, 1.0, 0.368, 0.0, 0.0, 1.0, 0.0, 1.0, 0.0, 1.0, 0.0, 1.0, 1.0, 1.0, 1.0, 0.0, 0.0, 1.0, 0.0, 1.0, 1.0, 1.0, 1.0, 0.0, 0.9465, 0.0, 0.0, 0.666, 1.0, 0.666, 0.666, 0.0, 0.0, 0.7975, 0.0, 0.0, 0.9430000000000001, 0.0, 1.0, 1.0, 0.0, 0.0, 0.0, 0.0, 1.0, 0.0, 0.0, 0.0, 0.0, 0.0, 0.0, 1.0, 1.0, 1.0, 1.0, 0.0, 0.0, 0.0, 0.0, 1.0, 1.0, 1.0, 1.0, 1.0, 1.0, 1.0, 0.0005, 1.0, 1.0, 1.0, 1.0, 1.0, 1.0, 0.0, 1.0, 1.0, 1.0, 1.0, 1.0, 0.0, 0.0, 0.0, 0.0, 1.0, 1.0, 1.0, 1.0, 1.0, 1.0, 1.0, 0.0, 1.0, 0.0, 1.0, 0.0, 0.0, 0.0, 0.0, 0.0, 0.0, 1.0, 0.0, 1.0, 0.0, 1.0, 0.0, 1.0, 1.0, 1.0, 1.0, 1.0, 1.0, 1.0, 1.0, 0.0, 1.0, 0.0, 1.0, 1.0, 1.0, 0.0, 0.0, 1.0, 1.0, 1.0, 1.0, 1.0, 1.0, 1.0, 1.0, 1.0, 0.0, 0.9580000000000001, 0.0, 0.0, 0.0, 0.0, 0.0045000000000000005, 0.0, 0.0, 0.0, 0.0, 0.0, 0.0, 0.0, 0.0, 1.0, 0.0, 0.0, 0.0005, 0.0, 0.0, 0.0, 0.0, 0.0, 0.0, 1.0, 0.0, 0.0, 0.0, 0.0, 0.0, 0.0, 1.0, 1.0, 1.0, 0.001, 0.001, 0.001, 1.0, 0.0, 0.0, 0.0, 0.6225, 0.0, 0.0, 0.0, 0.0, 0.0, 1.0, 1.0, 1.0, 1.0, 0.0, 0.0, 0.0, 0.0, 0.0, 0.0, 0.0, 0.0, 0.0, 0.0, 0.0, 0.0, 1.0, 1.0, 1.0, 1.0, 1.0, 1.0, 1.0, 0.0, 0.0, 0.0, 0.0, 1.0, 0.0, 0.0, 1.0, 0.0, 1.0, 1.0, 1.0, 1.0, 0.0, 0.0, 0.0, 0.0, 0.0, 1.0, 0.0, 0.0, 1.0, 0.0, 0.0, 1.0, 1.0, 1.0, 1.0, 1.0, 0.0, 0.0, 0.0, 0.0, 1.0, 1.0, 1.0, 1.0, 1.0, 0.0, 1.0, 1.0, 0.0, 0.0005, 0.0, 0.0, 0.0, 0.38, 0.0, 0.0, 1.0, 1.0, 1.0, 1.0, 0.0, 0.0, 0.0, 0.0, 1.0, 1.0, 1.0, 0.999, 1.0, 1.0, 1.0, 0.0195, 1.0, 1.0, 1.0, 1.0, 0.0, 0.0, 0.0, 0.0, 0.0, 0.6285000000000001, 0.0, 0.328, 0.0, 0.0, 0.6285000000000001, 0.0, 0.0, 0.0, 0.0, 0.0, 0.0, 0.0, 0.0, 1.0, 1.0, 1.0, 1.0, 1.0, 0.0, 0.0, 0.0, 0.0, 1.0, 1.0, 1.0, 1.0, 1.0, 1.0, 1.0, 0.0, 1.0, 1.0, 1.0, 1.0, 1.0, 1.0, 0.0375, 1.0, 1.0, 1.0, 1.0, 1.0, 0.0, 0.0, 0.0, 0.0, 1.0, 1.0, 1.0, 1.0, 1.0, 1.0, 1.0, 0.0, 1.0, 1.0, 1.0, 1.0, 1.0, 1.0, 0.0, 1.0, 1.0, 1.0, 1.0, 1.0, 0.0, 0.0, 0.0, 0.0, 1.0, 1.0, 1.0, 1.0, 1.0, 1.0, 1.0, 1.0, 0.0, 0.0, 0.4395, 0.0, 0.0, 0.0, 0.001, 1.0, 0.0, 0.0, 0.0, 0.0, 0.0, 0.0, 0.0, 0.0, 1.0, 1.0, 1.0, 0.0, 1.0, 0.0, 0.0, 1.0, 0.0, 0.0, 1.0, 1.0, 1.0, 0.0, 0.0, 0.0, 0.0, 0.0, 0.0, 0.0, 0.0, 0.0, 0.0, 0.0, 1.0, 1.0, 1.0, 1.0, 0.0, 0.0, 0.0, 0.0, 0.0, 0.0, 0.0, 0.0, 0.0, 1.0, 0.0, 0.0, 1.0, 1.0, 1.0, 1.0, 0.0, 0.4945, 0.0, 0.0, 1.0, 1.0, 1.0, 1.0, 0.0, 0.0, 1.0, 1.0, 1.0, 1.0, 1.0, 1.0, 0.0, 0.0, 0.0, 0.0, 1.0, 1.0, 1.0, 1.0, 1.0, 0.704, 0.296, 0.0, 1.0, 1.0, 1.0, 1.0, 0.0, 0.0, 1.0, 1.0, 1.0, 1.0, 1.0, 1.0, 0.0, 0.0, 0.0, 0.0, 0.006, 1.0, 0.006, 0.708, 0.298, 1.0, 0.298, 1.0, 1.0, 1.0, 1.0, 1.0, 0.0, 0.0, 0.0, 0.0, 1.0, 0.0, 1.0, 1.0, 1.0, 0.0, 0.0, 1.0, 0.0, 1.0, 1.0, 1.0, 0.0, 0.0, 0.0, 0.0, 1.0, 0.224, 1.0, 1.0, 0.776, 0.0, 0.224, 1.0, 1.0, 1.0, 1.0, 1.0, 0.0, 0.0, 0.0, 0.0, 1.0, 1.0, 0.0, 1.0, 1.0, 1.0, 0.0, 1.0, 1.0, 1.0, 1.0, 1.0, 0.0, 0.0, 0.0, 0.0, 1.0, 1.0, 1.0, 1.0, 1.0, 1.0, 1.0, 0.0, 1.0, 1.0, 1.0, 1.0, 0.0, 0.0, 0.0, 0.0, 0.0, 0.0, 0.0, 0.0, 0.0, 0.0, 0.0, 0.0, 1.0, 0.4865, 1.0, 1.0, 1.0, 0.0075, 0.4865, 1.0, 0.0225, 0.0, 0.0, 0.9775, 0.0, 0.0, 0.0, 0.0]",-419.18595103414617,844.9172517286268,-482.430437669722,964.860875339444,344.4324661880127,-5.548089200554276,-5.545177444479562,13.175619942788389,11.090354888959125,1.9576147719023644,-15.877517715791601,-16.635532333438686,34.93308926193115,33.27106466687737,0.5787520451143159,"[1.0, 1.0, 1.0, 1.0, 1.0, 0.0, 1.0, 0.0, 1.0, 1.0, 1.0, 1.0, 1.0, 1.0, 1.0, 0.0, 0.0, 0.0, 0.0, 0.0, 0.0, 0.0, 0.0, 0.0, 1.0, 1.0, 1.0, 1.0, 0.0, 0.0, 1.0, 0.0, 0.0, 0.0, 0.0, 0.0, 0.0, 1.0, 0.0, 0.0, 0.0, 0.0, 0.0, 0.0, 0.0, 0.0, 0.0, 0.0, 1.0, 1.0, 1.0, 1.0, 0.0, 0.0, 0.0, 0.0, 1.0, 1.0, 1.0, 1.0, 0.0, 0.0, 0.0, 0.0, 0.0, 0.0, 0.0, 0.0, 0.0, 1.0, 1.0, 0.0, 1.0, 1.0, 1.0, 1.0, 0.0, 0.0, 0.0, 0.0, 1.0, 1.0, 1.0, 1.0, 0.0, 0.0, 0.0, 0.0, 0.0, 0.0, 0.0, 0.0, 0.0, 0.0, 0.0, 0.0, 1.0, 1.0, 1.0, 1.0, 1.0, 1.0, 1.0, 0.0, 1.0, 1.0, 1.0, 1.0, 1.0, 0.0, 1.0, 0.0, 0.0, 1.0, 0.0, 0.0, 1.0, 1.0, 1.0, 0.0, 1.0, 1.0, 0.0, 1.0, 1.0, 0.0, 0.0, 0.0, 1.0, 1.0, 1.0, 0.0, 1.0, 1.0, 1.0, 1.0, 1.0, 1.0, 1.0, 1.0, 0.0, 0.0, 0.0, 0.0, 1.0, 1.0, 1.0, 0.0, 0.0, 0.0, 1.0, 0.0, 0.0, 0.0, 1.0, 0.0, 0.0, 0.0, 0.0, 0.0, 1.0, 1.0, 1.0, 0.0, 0.0, 0.0, 1.0, 0.0, 0.0, 0.0, 0.0, 1.0, 0.0, 0.0, 0.0, 0.0, 0.0, 0.0, 0.0, 1.0, 0.0, 0.0, 0.0, 0.0, 1.0, 1.0, 1.0, 1.0, 0.0, 0.0, 0.0, 0.0, 1.0, 1.0, 1.0, 0.0, 0.0, 0.0, 1.0, 0.0, 1.0, 1.0, 1.0, 1.0, 0.0, 0.0, 0.0, 0.0, 1.0, 1.0, 1.0, 1.0, 0.0, 0.0, 0.0, 0.0, 1.0, 1.0, 1.0, 1.0, 1.0, 1.0, 1.0, 0.0, 0.0, 0.0, 0.0, 0.0, 1.0, 0.0, 0.0, 0.0, 1.0, 1.0, 1.0, 1.0, 1.0, 1.0, 1.0, 1.0, 1.0, 1.0, 1.0, 1.0, 1.0, 1.0, 1.0, 0.0, 0.0, 0.0, 0.0, 0.0, 0.0, 0.0, 0.0, 0.0, 0.0, 1.0, 0.0, 1.0, 0.0, 1.0, 0.0, 1.0, 0.0, 0.0, 0.0, 1.0, 0.0, 0.0, 0.0, 0.0, 1.0, 1.0, 1.0, 0.0, 0.0, 0.0, 1.0, 0.0, 0.0, 0.0, 1.0, 0.0, 0.0, 0.0, 0.0, 0.0, 0.0, 1.0, 1.0, 1.0, 0.0, 0.0, 0.0, 0.0, 1.0, 1.0, 1.0, 0.0, 1.0, 1.0, 1.0, 1.0, 0.0, 0.0, 1.0, 0.0, 0.0, 0.0, 0.0, 0.0, 1.0, 1.0, 1.0, 1.0, 1.0, 1.0, 1.0, 0.0, 1.0, 1.0, 1.0, 1.0, 0.0, 0.0, 0.0, 0.0, 1.0, 1.0, 1.0, 1.0, 0.0, 0.0, 0.0, 0.0, 0.0, 1.0, 0.0, 0.0, 0.0, 0.0, 0.0, 0.0, 0.0, 0.0, 0.0, 0.0, 0.0, 0.0, 0.0, 0.0, 0.0, 0.0, 0.0, 0.0, 0.0, 0.0, 0.0, 0.0, 1.0, 1.0, 0.0, 1.0, 1.0, 0.0, 1.0, 0.0, 1.0, 1.0, 1.0, 1.0, 1.0, 0.0, 1.0, 1.0, 0.0, 0.0, 0.0, 0.0, 0.0, 1.0, 1.0, 0.0, 1.0, 0.0, 0.0, 1.0, 0.0, 0.0, 0.0, 0.0, 1.0, 1.0, 1.0, 0.0, 0.0, 0.0, 1.0, 0.0, 1.0, 1.0, 1.0, 0.0, 0.0, 0.0, 0.0, 0.0, 1.0, 1.0, 1.0, 1.0, 1.0, 1.0, 1.0, 0.0, 0.0, 0.0, 0.0, 0.0, 0.0, 0.0, 0.0, 0.0, 1.0, 0.0, 1.0, 0.0, 0.0, 0.0, 0.0, 0.0, 1.0, 1.0, 1.0, 1.0, 1.0, 1.0, 1.0, 0.0, 1.0, 1.0, 1.0, 1.0, 1.0, 1.0, 0.0, 1.0, 1.0, 1.0, 1.0, 1.0, 0.0, 0.0, 0.0, 0.0, 1.0, 1.0, 1.0, 1.0, 1.0, 1.0, 1.0, 0.0, 0.0, 1.0, 1.0, 1.0, 0.0, 0.0, 0.0, 0.0, 1.0, 1.0, 1.0, 1.0, 0.0, 0.0, 0.0, 0.0, 1.0, 0.0, 1.0, 0.0, 0.0, 0.0, 0.0, 0.0, 1.0, 1.0, 1.0, 1.0, 1.0, 0.0, 1.0, 0.0, 1.0, 1.0, 1.0, 0.0, 1.0, 1.0, 0.0, 1.0, 1.0, 1.0, 1.0, 1.0, 0.0, 0.0, 0.0, 0.0, 0.0, 0.0, 0.0, 0.0, 0.0, 0.0, 0.0, 0.0, 1.0, 1.0, 1.0, 1.0, 0.0, 0.0, 0.0, 0.0, 0.0, 0.0, 0.0, 0.0, 0.0, 0.0, 0.0, 0.0, 0.0, 0.0, 0.0, 0.0, 0.0, 0.0, 0.0, 0.0, 1.0, 1.0, 0.0, 0.0, 1.0, 1.0, 1.0, 1.0, 1.0, 1.0, 1.0, 1.0, 1.0, 1.0, 1.0, 1.0, 1.0, 1.0, 1.0, 1.0, 1.0, 0.0, 1.0, 1.0, 0.0, 1.0, 0.0, 1.0, 0.0, 1.0, 0.0, 0.0, 1.0, 1.0, 1.0, 1.0, 0.0, 0.0, 1.0, 0.0, 1.0, 1.0, 1.0, 1.0, 0.0, 0.0, 0.0, 0.0, 0.0, 0.0, 0.0, 1.0, 0.0, 0.0, 0.0, 0.0, 1.0, 1.0, 1.0, 1.0, 0.0, 0.0, 0.0, 0.0, 0.0, 1.0, 1.0, 1.0, 0.0, 1.0, 1.0, 0.0, 1.0, 1.0, 1.0, 1.0, 0.0, 0.0, 0.0, 0.0, 1.0, 0.0, 1.0, 1.0, 1.0, 0.0, 0.0, 1.0, 1.0, 1.0, 1.0, 1.0, 1.0, 1.0, 1.0, 0.0, 0.0, 1.0, 1.0, 1.0, 1.0, 1.0, 0.0, 0.0, 1.0, 1.0, 1.0, 1.0, 0.0, 0.0, 0.0, 0.0, 1.0, 1.0, 1.0, 0.0, 0.0, 0.0, 1.0, 0.0, 1.0, 1.0, 1.0, 1.0, 0.0, 0.0, 0.0, 0.0, 0.0, 0.0, 0.0, 0.0, 0.0, 0.0, 0.0, 0.0, 0.0, 0.0, 1.0, 1.0, 0.0, 0.0, 0.0, 0.0, 1.0, 1.0, 1.0, 1.0, 1.0, 0.0, 0.0, 1.0]",-295.2442605392121,597.0338707387587,-482.430437669722,964.860875339444,1.0,-12.51828050043735,28.214614831222644,1.2846122460949685,-433.45128860920846,873.4479268787513,False,False,False,True,False,0.5416666666666666,0.375,0.7083333333333334,0.75,0.7083333333333334,0.75,0.5,0.375,0.6666666666666666,0.75,0.5833333333333334,0.375,"Z.exists(lambda x1: Z.equal(x1,'red','colour'),X)","Z.exists(lambda x1: Z.exists(lambda x2: Z.exists(lambda x3: Z.and_operator(Z.and_operator(Z.equal(x1,'red','colour'),Z.equal(x2,'blue','colour')),Z.equal(x3,'green','colour')),X),X),X)","Z.forall(lambda x1: Z.grequal(x1,2,'size'),X)","Z.exists(lambda x1: Z.exists(lambda x2: Z.exists(lambda x3: Z.and_operator(Z.and_operator(Z.equal(x1,'red','colour'),Z.equal(x2,'blue','colour')),Z.equal(x3,'green','colour')),X),X),X)",0.375,0.75,0.75,0.375,0.75,0.7083333333333334,0.6982758620689655,0.6867816091954023,0.6954022988505747,0.6925287356321839,5.241379310344827,0,0,0,0,0,0
35,44,84,GBOn7umXUg,Kh5yAD9GF2sgDjsMAAAz,Upsilon,none are upright,"[False, False, True, False, False, False, False, False]","[True, False, False, False, False, False, False, False]",0.625,0.625,There are two red cones touching each other and pointed the same direction.,"[['x1'],['x1','x2']]","Z.exists(lambda x1: Z.exists(lambda x2: Z.and_operator(Z.and_operator(Z.equal(x1,'red','colour'),Z.equal(x2,'red','colour')),Z.and_operator(Z.hor_operator(x1,x2,'contact'),Z.equal(x1,x2,'orientation'))),X),X)",There are at least two red cones touching.,"[{'ids': [0, 1, 2], 'colours': ['red', 'red', 'blue'], 'sizes': [3, 3, 1], 'xpos': [1.1125715824855462, 0.13458518613532477, 4.250041166808267], 'ypos': [3.8061024007347735, 3.313197238243011, 3.8307506091090904], 'rotations': [3.799079755822365, 4.4502236730410365, 1.2121899680690036], 'orientations': ['strange', 'strange', 'lhs'], 'contact': [[0, 1], [1, 0], [2]], 'grounded': ['yes', 'no', 'yes'], 'follow_rule': True}, {'ids': [0, 1, 2, 3], 'colours': ['blue', 'blue', 'blue', 'blue'], 'sizes': [1, 2, 3, 2], 'xpos': [6.6669664788747225, 2.7465570722026755, 0.4434416717144333, 1.9409846803449304], 'ypos': [3.8266960299370347, 4.107470158819322, 3.863556306608425, 4.1073480040889905], 'rotations': [5.070781247906427, 3.1415940122579165, 3.6552511615789482, 3.143426762708949], 'orientations': ['rhs', 'upright', 'upright', 'upright'], 'contact': [[0], [1, 3], [2], [3, 1]], 'grounded': ['yes', 'yes', 'yes', 'yes'], 'follow_rule': False}, {'ids': [0, 1, 2, 3, 4], 'colours': ['green', 'green', 'green', 'blue', 'blue'], 'sizes': [2, 3, 2, 2, 1], 'xpos': [0.4702909784767749, 3.3014546035042747, 3.3051008919296923, 6.234216930597301, 4.307160172909355], 'ypos': [4.108090785860299, 4.110141422524932, 3.4744276064648463, 3.7294980078430946, 4.10783041371239], 'rotations': [3.143805141566163, 3.144087436024411, 3.1418925081016655, 5.049125060160592, 3.145040531214146], 'orientations': ['upright', 'upright', 'upright', 'rhs', 'upright'], 'contact': [[0], [1, 2], [2, 1], [3], [4]], 'grounded': ['yes', 'yes', 'no', 'yes', 'yes'], 'follow_rule': False}, {'ids': [0, 1, 2], 'colours': ['red', 'red', 'red'], 'sizes': [2, 3, 1], 'xpos': [4.889053278974071, 1.6232598542127465, 0.6479719410570365], 'ypos': [4.107963569906306, 3.6224290178196688, 3.8307887769439612], 'rotations': [3.143077374986274, 1.3388138065677058, 1.2133527268478348], 'orientations': ['upright', 'lhs', 'lhs'], 'contact': [[0], [1, 2], [2, 1]], 'grounded': ['yes', 'yes', 'yes'], 'follow_rule': False}, {'ids': [0, 1, 2, 3], 'colours': ['red', 'red', 'blue', 'green'], 'sizes': [2, 2, 1, 2], 'xpos': [1.9209588053367375, 2.82802481204123, 7.090791563926186, 0.97174462619032], 'ypos': [3.7963755348041546, 4.108058951895337, 4.107277749436175, 3.731924886354373], 'rotations': [4.035465593558527, 3.138719464333809, 3.142911522373944, 1.2341259202115453], 'orientations': ['strange', 'upright', 'upright', 'lhs'], 'contact': [[0, 1], [1, 0], [2], [3]], 'grounded': ['yes', 'yes', 'yes', 'yes'], 'follow_rule': False}, {'ids': [0, 1, 2, 3, 4, 5], 'colours': ['red', 'red', 'green', 'green', 'green', 'blue'], 'sizes': [2, 2, 3, 2, 2, 2], 'xpos': [0.9664790111344843, 1.4508572443269974, 4.312286840033639, 2.3990360991689395, 5.364653112207098, 1.1612135908198402], 'ypos': [3.734516215695661, 3.71029391013816, 4.107369690374259, 3.7216133913649383, 4.107721179292634, 3.5557255857711634], 'rotations': [1.2379968442105198, 7.726144689650098, 3.1424510728067254, 1.3478794033325192, 3.1405888720068944, 4.528860223275149], 'orientations': ['lhs', 'lhs', 'upright', 'lhs', 'upright', 'rhs'], 'contact': [[0, 1], [1, 0, 5, 3], [2], [3, 1, 5], [4], [5, 1, 3]], 'grounded': ['yes', 'yes', 'yes', 'yes', 'yes', 'no'], 'follow_rule': False}, {'ids': [0, 1], 'colours': ['blue', 'red'], 'sizes': [2, 3], 'xpos': [3.245210994783961, 4.351988274210496], 'ypos': [4.108309584850119, 4.10752587861058], 'rotations': [3.1452864440127386, 3.142573803843926], 'orientations': ['upright', 'upright'], 'contact': [[0], [1]], 'grounded': ['yes', 'yes'], 'follow_rule': False}, {'ids': [0, 1, 2], 'colours': ['red', 'red', 'green'], 'sizes': [3, 3, 1], 'xpos': [6.713941833974867, 6.062706078232953, 1.5270944949736305], 'ypos': [4.107958589568625, 3.1318835863139465, 3.917011290198306], 'rotations': [3.1391536812284557, 0.7863331931783796, 2.4560201159799804], 'orientations': ['upright', 'lhs', 'strange'], 'contact': [[0, 1], [1, 0], [2]], 'grounded': ['yes', 'yes', 'yes'], 'follow_rule': False}, {'ids': [0, 1, 2, 3, 4, 5], 'colours': ['red', 'green', 'green', 'red', 'red', 'green'], 'sizes': [3, 3, 3, 1, 3, 1], 'xpos': [4.04539932046708, 6.25367104406576, 1.31220887489158, 2.54397206141056, 5.03680142626962, 2.83313903630872], 'ypos': [3.68714653723475, 3.68793264237984, 3.68536700039956, 3.87290072175348, 3.71647947714512, 3.32290442001056], 'rotations': [1.24459422608336, 1.24522470760537, 5.03721490711028, 4.41693289260746, 2.04844681297516, 1.27753534246253], 'contact': [[0, 4, 3], 1, 2, [3, 0, 5], [4, 0], [5, 3]], 'grounded': ['yes', 'yes', 'yes', 'yes', 'yes', 'no']}, {'ids': [0, 1, 2, 3], 'colours': ['green', 'red', 'blue', 'red'], 'sizes': [1, 3, 2, 2], 'xpos': [3.91130904169482, 5.46428515532996, 6.02804597253327, 2.75909465803677], 'ypos': [3.88039857557471, 3.68809661044642, 3.83039687351375, 3.76829024369344], 'rotations': [1.21554845923219, 5.037860999749, 2.523398913166, 4.53015371920961], 'contact': [{'V1': [0, 3], 'V2': [1, 2], 'V3': [2, 1], 'V4': [3, 0]}], 'grounded': ['yes', 'yes', 'no', 'yes']}, {'ids': [0, 1], 'colours': ['red', 'red'], 'sizes': [1, 1], 'xpos': [2.66334600794472, 1.80432622054734], 'ypos': [3.88090170709236, 3.87778384307705], 'rotations': [1.21239198245414, 4.35415315781273], 'contact': [{'V1': [0, 1], 'V2': [1, 0]}], 'grounded': ['yes', 'yes']}, {'ids': [0, 1, 2, 3, 4], 'colours': ['red', 'red', 'blue', 'blue', 'green'], 'sizes': [3, 3, 1, 1, 1], 'xpos': [1.85360354206331, 4.53707158711655, 2.22962536171588, 3.31491059447484, 3.75418292003644], 'ypos': [3.68810486672765, 3.68793278435064, 3.60822662705904, 3.84556069624473, 3.52884365217974], 'rotations': [5.03784882313905, 1.24522475821424, 2.57929284346434, 1.86403082200312, 2.07051561191284], 'contact': [[0, 3, 2], [1, 4, 3], [2, 0], [3, 0, 1, 4], [4, 1, 3]], 'grounded': ['yes', 'yes', 'no', 'no', 'no']}, {'ids': [0, 1, 2, 3, 4, 5, 6], 'colours': ['red', 'green', 'red', 'red', 'green', 'green', 'red'], 'sizes': [1, 3, 2, 3, 3, 2, 2], 'xpos': [3.25946614949676, 2.44588297516233, 5.88127197371132, 4.16563349275137, 0.72362012303879, 2.368329881437, 7.02789960687692], 'ypos': [3.95518911276486, 3.68824247585198, 4.15744335942523, 4.15757462621801, 3.67646349730594, 3.64875460383896, 3.78297829877943], 'rotations': [3.90055989251386, 1.24543827105161, 3.14018849938784, 3.14209271550925, 4.46919423935855, 4.5928664481854, 5.04768654725134], 'contact': [[0, 5], [1, 5, 4], 2, 3, [4, 1], [5, 0, 1], 6], 'grounded': ['yes', 'yes', 'yes', 'yes', 'yes', 'no', 'yes']}, {'ids': [0, 1, 2, 3, 4], 'colours': ['red', 'blue', 'green', 'green', 'red'], 'sizes': [2, 1, 3, 3, 3], 'xpos': [1.81709153920562, 5.97480057561886, 3.31338082383512, 4.38059628007586, 6.61025661823443], 'ypos': [3.77963548478066, 4.15709914239659, 4.15857486018002, 4.1579783197977, 3.68443952609824], 'rotations': [1.2339014812192, 3.13995537974587, 3.14125891347883, 3.1426763466907, 5.03874238310661], 'contact': [{'V1': 0, 'V2': 1, 'V3': 2, 'V4': 3, 'V5': 4}], 'grounded': ['yes', 'yes', 'yes', 'yes', 'yes']}, {'ids': [0, 1, 2, 3, 4], 'colours': ['red', 'red', 'red', 'green', 'red'], 'sizes': [2, 3, 1, 3, 3], 'xpos': [3.73841073372075, 3.73677173096754, 2.76148516662288, 4.77214062348621, 4.69143283396105], 'ypos': [4.16009367569396, 4.14643505860911, 4.15849207519273, 4.15973417931752, 3.17867488361144], 'rotations': [3.13742681162325, 3.12687131684704, 3.14631730814226, 3.13796262321945, 2.12453024265947], 'contact': [[0, 1], [1, 0, 4], 2, [3, 4], [4, 1, 3]], 'grounded': ['yes', 'no', 'yes', 'yes', 'no']}, {'ids': [0, 1], 'colours': ['blue', 'red'], 'sizes': [1, 3], 'xpos': [4.12725264721393, 2.49227679939128], 'ypos': [4.15816511179978, 3.68449947257032], 'rotations': [3.13776634013453, 5.03835652479557], 'contact': [{'V1': 0, 'V2': 1}], 'grounded': ['yes', 'yes']}]","[False, True, False, False, False, False, False, False]","[True, False, False, True, True, True, True, True]","[False, False, True, False, False, False, False, False]","[False, True, False, False, False, False, False, False]","[False, True, False, False, False, False, False, False]","[False, False, True, True, True, True, True, True]","[True, False, False, False, False, False, False, False]","[False, True, False, False, False, False, False, False]",0.0,0.0,0.0,0.0,0.75,0.75,0.5,0.5,0.125,0.125,0.0,0.0,0.25,0.25,0.3683606808599487,-2.7296826997873787,-5.545177444479562,7.5388069412545935,11.090354888959125,1.4637052857883708,-15.612748145548224,-16.635532333438686,34.4035501214444,33.27106466687737,1.0502311195665048,"[1.0, 1.0, 1.0, 1.0, 1.0, 0.0, 1.0, 0.0, 1.0, 1.0, 1.0, 1.0, 1.0, 1.0, 1.0, 0.0135, 0.9530000000000001, 0.092, 0.5895, 0.5895, 1.0, 0.0, 0.0, 0.861, 1.0, 1.0, 1.0, 0.2925, 0.999, 0.999, 1.0, 0.7155, 0.0, 0.0, 1.0, 0.0, 0.0, 0.0, 1.0, 0.0, 0.0, 0.0, 1.0, 0.0, 0.0, 0.0, 1.0, 0.0, 1.0, 1.0, 1.0, 1.0, 0.0, 0.0, 0.0, 0.0, 1.0, 1.0, 1.0, 1.0, 0.935, 0.935, 0.935, 0.935, 1.0, 1.0, 1.0, 1.0, 0.0, 1.0, 0.0, 0.0, 0.0, 1.0, 1.0, 1.0, 1.0, 1.0, 1.0, 1.0, 1.0, 1.0, 1.0, 1.0, 0.0935, 0.0935, 0.0935, 0.0935, 1.0, 1.0, 1.0, 1.0, 1.0, 1.0, 1.0, 1.0, 1.0, 1.0, 1.0, 1.0, 1.0, 1.0, 1.0, 0.013000000000000001, 1.0, 1.0, 0.998, 1.0, 1.0, 0.002, 0.998, 0.002, 1.0, 1.0, 1.0, 1.0, 1.0, 1.0, 1.0, 0.0, 0.973, 1.0, 0.9530000000000001, 1.0, 0.8925000000000001, 0.9195, 0.17400000000000002, 0.201, 1.0, 1.0, 1.0, 1.0, 0.0, 0.0, 0.0, 0.0, 1.0, 1.0, 1.0, 0.24, 1.0, 1.0, 0.968, 1.0, 0.653, 0.653, 0.653, 1.0, 0.2535, 0.2535, 0.7035, 0.10300000000000001, 1.0, 1.0, 1.0, 1.0, 0.0, 1.0, 0.0, 0.0, 1.0, 1.0, 1.0, 0.012, 0.988, 0.988, 1.0, 1.0, 1.0, 0.0, 1.0, 1.0, 1.0, 0.0, 0.0, 1.0, 0.0, 0.0, 0.0, 1.0, 1.0, 0.0, 0.0, 0.0, 1.0, 1.0, 1.0, 1.0, 0.0, 0.0, 0.0, 0.0, 1.0, 1.0, 1.0, 1.0, 0.0, 0.0, 0.0, 0.0, 1.0, 1.0, 1.0, 1.0, 1.0, 1.0, 0.841, 1.0, 1.0, 1.0, 1.0, 1.0, 0.0, 0.0, 0.0, 0.0, 1.0, 1.0, 1.0, 1.0, 1.0, 1.0, 1.0, 0.0, 0.197, 0.0, 0.85, 0.653, 0.803, 0.0, 0.0, 0.0, 0.8525, 0.847, 0.9935, 0.847, 0.28300000000000003, 0.4305, 0.426, 0.426, 1.0, 1.0, 1.0, 1.0, 1.0, 1.0, 1.0, 0.0, 0.798, 1.0, 0.7995, 0.7995, 0.0275, 0.029, 0.2265, 0.1975, 1.0, 1.0, 1.0, 1.0, 0.0, 0.0, 0.0, 0.0, 0.862, 0.854, 0.8595, 0.8955000000000001, 0.045, 0.0005, 0.8695, 0.8505, 1.0, 1.0, 1.0, 0.022, 1.0, 1.0, 1.0, 0.978, 0.28400000000000003, 0.0145, 0.1885, 0.0275, 0.2755, 0.0, 0.0015, 0.013000000000000001, 0.0, 0.0, 0.0, 1.0, 1.0, 0.0, 0.0, 0.0, 1.0, 1.0, 1.0, 1.0, 0.0, 0.0, 0.0, 0.0, 1.0, 1.0, 1.0, 1.0, 1.0, 0.0, 1.0, 0.0, 1.0, 1.0, 1.0, 1.0, 1.0, 1.0, 1.0, 0.0, 1.0, 1.0, 1.0, 0.728, 0.8265, 0.5545, 0.5545, 0.8265, 1.0, 1.0, 1.0, 1.0, 1.0, 1.0, 1.0, 1.0, 1.0, 1.0, 1.0, 0.8715, 0.9365, 0.8695, 0.8695, 0.9365, 0.229, 0.229, 0.229, 0.229, 0.801, 0.03, 0.03, 0.801, 0.0, 0.0, 0.0, 1.0, 1.0, 0.0, 0.0, 0.0, 0.108, 0.114, 0.2315, 0.108, 0.114, 0.07050000000000001, 0.0495, 0.006, 1.0, 1.0, 1.0, 1.0, 0.0, 0.0, 0.0, 0.0, 0.8955000000000001, 0.895, 0.0115, 0.0, 0.883, 0.0, 0.0, 0.0, 1.0, 1.0, 1.0, 1.0, 0.0, 0.0, 0.0, 0.0, 0.902, 0.902, 0.902, 0.678, 0.88, 0.88, 0.902, 0.807, 1.0, 1.0, 1.0, 1.0, 0.0, 0.0, 0.0, 0.0, 1.0, 1.0, 1.0, 1.0, 1.0, 1.0, 1.0, 0.0, 1.0, 1.0, 1.0, 1.0, 0.0, 0.0, 0.0, 0.0, 1.0, 1.0, 1.0, 1.0, 0.008, 0.008, 0.008, 0.008, 1.0, 1.0, 1.0, 1.0, 1.0, 1.0, 1.0, 0.0, 1.0, 1.0, 1.0, 1.0, 1.0, 1.0, 0.6980000000000001, 1.0, 1.0, 1.0, 1.0, 1.0, 0.0, 0.0, 0.0, 0.0, 1.0, 1.0, 1.0, 1.0, 1.0, 1.0, 1.0, 0.0, 0.9530000000000001, 0.9530000000000001, 0.9530000000000001, 1.0, 1.0, 1.0, 0.641, 0.9530000000000001, 1.0, 1.0, 1.0, 1.0, 0.0, 0.0, 0.0, 0.0, 1.0, 1.0, 1.0, 1.0, 1.0, 1.0, 1.0, 1.0, 1.0, 1.0, 1.0, 1.0, 0.0, 0.0, 0.0, 0.0, 1.0, 1.0, 1.0, 1.0, 1.0, 1.0, 1.0, 1.0, 1.0, 1.0, 1.0, 1.0, 0.021500000000000002, 0.021500000000000002, 0.021500000000000002, 0.021500000000000002, 0.021500000000000002, 0.003, 0.02, 0.0095, 0.0095, 0.964, 0.9555, 0.0095, 1.0, 1.0, 1.0, 1.0, 1.0, 1.0, 1.0, 1.0, 1.0, 1.0, 1.0, 1.0, 0.0, 0.0, 0.0, 0.0, 1.0, 1.0, 1.0, 1.0, 0.0, 0.0, 1.0, 1.0, 1.0, 0.873, 0.198, 0.198, 1.0, 1.0, 0.6905, 1.0, 1.0, 1.0, 1.0, 1.0, 1.0, 1.0, 1.0, 0.0, 1.0, 0.999, 0.999, 1.0, 0.0025, 0.0025, 0.0025, 0.0025, 1.0, 1.0, 1.0, 1.0, 1.0, 0.686, 0.314, 0.0, 1.0, 1.0, 1.0, 1.0, 0.524, 0.524, 1.0, 0.47600000000000003, 1.0, 1.0, 1.0, 1.0, 0.008, 0.008, 0.008, 0.008, 0.9935, 0.9935, 0.9775, 0.9935, 0.9935, 0.0225, 0.988, 0.017, 1.0, 1.0, 1.0, 1.0, 0.0725, 0.0725, 0.0725, 0.0725, 0.041, 1.0, 1.0, 0.9590000000000001, 0.041, 0.9590000000000001, 1.0, 0.0, 0.7435, 0.9835, 0.7425, 0.986, 0.7435, 0.7435, 0.256, 0.987, 1.0, 0.005, 1.0, 1.0, 1.0, 0.005, 0.005, 1.0, 1.0, 1.0, 1.0, 1.0, 1.0, 1.0, 1.0, 0.0, 1.0, 1.0, 1.0, 1.0, 0.0, 0.0, 0.0, 0.0, 1.0, 1.0, 1.0, 1.0, 0.0, 0.0, 0.0, 0.0, 0.9705, 0.9705, 0.9145, 1.0, 0.8015, 0.8015, 0.9705, 0.7865, 1.0, 1.0, 1.0, 1.0, 0.0, 0.0, 0.0, 0.0, 1.0, 1.0, 1.0, 1.0, 0.0, 0.0, 0.0, 0.0, 1.0, 1.0, 1.0, 1.0, 0.0, 0.0, 0.0, 0.0, 1.0, 1.0, 1.0, 1.0, 1.0, 1.0, 1.0, 1.0]",-418.5875071169283,843.720363894191,-482.430437669722,964.860875339444,343.0002355251951,-5.5481013942177455,13.175644330115327,98.11310845690176,-16.635843982127522,36.44974179460299,0.6334250289943713,"[1.0, 1.0, 1.0, 1.0, 1.0, 0.0, 1.0, 0.0, 1.0, 1.0, 1.0, 1.0, 1.0, 1.0, 1.0, 0.0, 0.0, 0.0, 0.0, 0.0, 0.0, 0.0, 0.0, 0.0, 1.0, 1.0, 1.0, 0.0, 0.0, 0.0, 1.0, 0.0, 0.0, 0.0, 1.0, 1.0, 0.0, 1.0, 1.0, 1.0, 1.0, 1.0, 1.0, 1.0, 0.0, 0.0, 1.0, 1.0, 1.0, 1.0, 1.0, 1.0, 0.0, 0.0, 0.0, 0.0, 1.0, 1.0, 1.0, 1.0, 0.0, 0.0, 0.0, 0.0, 0.0, 0.0, 0.0, 0.0, 0.0, 1.0, 1.0, 0.0, 1.0, 1.0, 1.0, 1.0, 0.0, 0.0, 0.0, 0.0, 1.0, 1.0, 1.0, 1.0, 0.0, 0.0, 0.0, 0.0, 1.0, 1.0, 1.0, 1.0, 1.0, 1.0, 0.0, 1.0, 1.0, 1.0, 1.0, 1.0, 1.0, 1.0, 1.0, 0.0, 1.0, 1.0, 1.0, 1.0, 1.0, 0.0, 1.0, 0.0, 0.0, 1.0, 0.0, 0.0, 1.0, 1.0, 1.0, 0.0, 1.0, 1.0, 0.0, 1.0, 1.0, 0.0, 0.0, 0.0, 1.0, 1.0, 1.0, 0.0, 1.0, 1.0, 1.0, 1.0, 1.0, 1.0, 1.0, 1.0, 0.0, 0.0, 0.0, 0.0, 1.0, 1.0, 1.0, 0.0, 0.0, 0.0, 1.0, 0.0, 0.0, 0.0, 1.0, 0.0, 0.0, 0.0, 0.0, 0.0, 1.0, 1.0, 1.0, 0.0, 0.0, 0.0, 1.0, 0.0, 0.0, 0.0, 0.0, 1.0, 0.0, 0.0, 0.0, 0.0, 0.0, 0.0, 0.0, 1.0, 0.0, 0.0, 0.0, 0.0, 1.0, 1.0, 1.0, 1.0, 0.0, 0.0, 0.0, 0.0, 1.0, 1.0, 1.0, 0.0, 0.0, 0.0, 1.0, 0.0, 1.0, 1.0, 1.0, 1.0, 0.0, 0.0, 0.0, 0.0, 1.0, 1.0, 1.0, 1.0, 0.0, 0.0, 0.0, 0.0, 1.0, 1.0, 1.0, 1.0, 1.0, 1.0, 1.0, 0.0, 0.0, 0.0, 0.0, 0.0, 1.0, 0.0, 0.0, 0.0, 1.0, 1.0, 1.0, 1.0, 1.0, 1.0, 1.0, 1.0, 1.0, 1.0, 1.0, 1.0, 1.0, 1.0, 1.0, 0.0, 0.0, 0.0, 0.0, 0.0, 0.0, 0.0, 0.0, 0.0, 0.0, 1.0, 0.0, 1.0, 0.0, 1.0, 0.0, 1.0, 0.0, 0.0, 0.0, 1.0, 0.0, 0.0, 0.0, 0.0, 1.0, 1.0, 1.0, 0.0, 0.0, 0.0, 1.0, 0.0, 1.0, 1.0, 1.0, 1.0, 1.0, 0.0, 1.0, 0.0, 0.0, 1.0, 1.0, 1.0, 0.0, 0.0, 0.0, 0.0, 1.0, 1.0, 1.0, 0.0, 1.0, 1.0, 1.0, 1.0, 0.0, 1.0, 1.0, 1.0, 0.0, 0.0, 0.0, 0.0, 1.0, 1.0, 1.0, 1.0, 1.0, 1.0, 1.0, 0.0, 1.0, 1.0, 1.0, 1.0, 0.0, 0.0, 0.0, 0.0, 1.0, 1.0, 1.0, 1.0, 0.0, 0.0, 0.0, 0.0, 0.0, 1.0, 0.0, 0.0, 0.0, 0.0, 0.0, 0.0, 1.0, 1.0, 1.0, 1.0, 1.0, 0.0, 1.0, 1.0, 0.0, 0.0, 0.0, 0.0, 0.0, 1.0, 1.0, 0.0, 1.0, 1.0, 1.0, 1.0, 1.0, 0.0, 1.0, 0.0, 1.0, 1.0, 1.0, 1.0, 1.0, 0.0, 1.0, 1.0, 0.0, 0.0, 0.0, 0.0, 0.0, 1.0, 1.0, 0.0, 1.0, 0.0, 0.0, 1.0, 0.0, 0.0, 0.0, 0.0, 1.0, 1.0, 1.0, 0.0, 0.0, 0.0, 1.0, 0.0, 1.0, 1.0, 1.0, 0.0, 0.0, 0.0, 0.0, 0.0, 1.0, 1.0, 1.0, 1.0, 1.0, 1.0, 1.0, 0.0, 0.0, 0.0, 0.0, 0.0, 0.0, 0.0, 0.0, 0.0, 1.0, 0.0, 1.0, 0.0, 0.0, 0.0, 0.0, 0.0, 1.0, 1.0, 1.0, 1.0, 1.0, 1.0, 1.0, 0.0, 1.0, 1.0, 1.0, 1.0, 1.0, 1.0, 0.0, 1.0, 1.0, 1.0, 1.0, 1.0, 0.0, 0.0, 0.0, 0.0, 1.0, 1.0, 1.0, 1.0, 1.0, 1.0, 1.0, 0.0, 0.0, 1.0, 1.0, 1.0, 0.0, 0.0, 0.0, 0.0, 1.0, 1.0, 1.0, 1.0, 0.0, 0.0, 0.0, 0.0, 1.0, 0.0, 1.0, 0.0, 0.0, 0.0, 0.0, 0.0, 1.0, 1.0, 1.0, 1.0, 1.0, 0.0, 1.0, 0.0, 1.0, 1.0, 1.0, 0.0, 1.0, 1.0, 0.0, 1.0, 1.0, 1.0, 1.0, 1.0, 0.0, 0.0, 0.0, 0.0, 0.0, 0.0, 0.0, 0.0, 0.0, 1.0, 0.0, 0.0, 1.0, 1.0, 1.0, 1.0, 0.0, 0.0, 0.0, 0.0, 0.0, 0.0, 0.0, 0.0, 0.0, 0.0, 0.0, 0.0, 1.0, 0.0, 1.0, 0.0, 0.0, 0.0, 0.0, 0.0, 1.0, 1.0, 0.0, 0.0, 1.0, 1.0, 1.0, 1.0, 1.0, 1.0, 1.0, 1.0, 1.0, 1.0, 1.0, 1.0, 1.0, 1.0, 1.0, 1.0, 1.0, 0.0, 1.0, 1.0, 0.0, 1.0, 0.0, 1.0, 0.0, 1.0, 0.0, 0.0, 1.0, 1.0, 1.0, 1.0, 0.0, 0.0, 1.0, 0.0, 1.0, 1.0, 1.0, 1.0, 0.0, 0.0, 0.0, 0.0, 0.0, 0.0, 0.0, 1.0, 0.0, 0.0, 0.0, 0.0, 1.0, 1.0, 1.0, 1.0, 0.0, 0.0, 0.0, 0.0, 0.0, 1.0, 1.0, 1.0, 0.0, 1.0, 1.0, 0.0, 1.0, 1.0, 1.0, 1.0, 0.0, 0.0, 0.0, 0.0, 1.0, 0.0, 1.0, 1.0, 1.0, 0.0, 0.0, 1.0, 1.0, 1.0, 1.0, 1.0, 1.0, 1.0, 1.0, 0.0, 0.0, 1.0, 1.0, 1.0, 1.0, 1.0, 0.0, 0.0, 1.0, 1.0, 1.0, 1.0, 0.0, 0.0, 0.0, 0.0, 1.0, 1.0, 1.0, 0.0, 0.0, 0.0, 1.0, 0.0, 1.0, 1.0, 1.0, 1.0, 0.0, 0.0, 0.0, 0.0, 0.0, 0.0, 0.0, 0.0, 0.0, 0.0, 0.0, 0.0, 0.0, 1.0, 0.0, 1.0, 0.0, 1.0, 1.0, 0.0, 1.0, 1.0, 1.0, 1.0, 1.0, 0.0, 0.0, 1.0]",-318.3726801373107,643.2907099349558,343.0002355251951,-5.5481013942177455,-5.545177444479562,13.175644330115327,11.090354888959125,98.11310845690176,-16.635843982127522,-16.635532333438686,36.44974179460299,33.27106466687737,0.6173530694834558,"[1.0, 1.0, 1.0, 1.0, 1.0, 0.0, 1.0, 0.0, 1.0, 1.0, 1.0, 1.0, 1.0, 1.0, 1.0, 0.0, 0.0, 0.0, 0.0, 0.0, 0.0, 0.0, 0.0, 0.0, 1.0, 1.0, 1.0, 0.0, 0.0, 0.0, 1.0, 0.0, 0.0, 0.0, 1.0, 1.0, 0.0, 1.0, 1.0, 1.0, 0.0, 0.0, 0.0, 0.0, 0.0, 0.0, 0.0, 0.0, 1.0, 1.0, 1.0, 1.0, 0.0, 0.0, 0.0, 0.0, 1.0, 1.0, 1.0, 1.0, 0.0, 0.0, 0.0, 0.0, 0.0, 0.0, 0.0, 0.0, 0.0, 1.0, 1.0, 0.0, 0.0, 0.0, 0.0, 1.0, 0.0, 0.0, 0.0, 0.0, 1.0, 1.0, 1.0, 1.0, 0.0, 0.0, 0.0, 0.0, 0.0, 0.0, 0.0, 0.0, 1.0, 1.0, 0.0, 1.0, 1.0, 1.0, 1.0, 1.0, 1.0, 1.0, 1.0, 0.0, 1.0, 1.0, 1.0, 1.0, 1.0, 0.0, 1.0, 0.0, 0.0, 1.0, 0.0, 0.0, 1.0, 1.0, 1.0, 0.0, 1.0, 1.0, 0.0, 1.0, 1.0, 0.0, 0.0, 0.0, 1.0, 1.0, 1.0, 0.0, 1.0, 1.0, 1.0, 1.0, 1.0, 1.0, 1.0, 1.0, 0.0, 0.0, 0.0, 0.0, 1.0, 1.0, 1.0, 0.0, 0.0, 0.0, 1.0, 0.0, 0.0, 0.0, 1.0, 0.0, 0.0, 0.0, 0.0, 0.0, 1.0, 1.0, 1.0, 0.0, 0.0, 0.0, 1.0, 0.0, 0.0, 0.0, 0.0, 1.0, 0.0, 0.0, 0.0, 0.0, 0.0, 0.0, 0.0, 1.0, 0.0, 0.0, 0.0, 0.0, 1.0, 1.0, 1.0, 1.0, 0.0, 0.0, 0.0, 0.0, 1.0, 1.0, 1.0, 0.0, 0.0, 0.0, 1.0, 0.0, 1.0, 1.0, 1.0, 1.0, 0.0, 0.0, 0.0, 0.0, 1.0, 1.0, 1.0, 1.0, 0.0, 0.0, 0.0, 0.0, 1.0, 1.0, 1.0, 1.0, 1.0, 1.0, 1.0, 0.0, 0.0, 0.0, 0.0, 0.0, 1.0, 0.0, 0.0, 0.0, 1.0, 1.0, 1.0, 1.0, 1.0, 1.0, 1.0, 1.0, 1.0, 1.0, 1.0, 1.0, 1.0, 1.0, 1.0, 0.0, 0.0, 0.0, 0.0, 0.0, 0.0, 0.0, 0.0, 0.0, 0.0, 1.0, 0.0, 1.0, 0.0, 1.0, 0.0, 1.0, 0.0, 0.0, 0.0, 1.0, 0.0, 0.0, 0.0, 0.0, 1.0, 1.0, 1.0, 0.0, 0.0, 0.0, 1.0, 0.0, 1.0, 1.0, 1.0, 1.0, 1.0, 0.0, 1.0, 0.0, 0.0, 1.0, 1.0, 1.0, 0.0, 0.0, 0.0, 0.0, 1.0, 1.0, 1.0, 0.0, 1.0, 1.0, 1.0, 1.0, 0.0, 1.0, 1.0, 1.0, 0.0, 0.0, 0.0, 0.0, 1.0, 1.0, 1.0, 1.0, 1.0, 1.0, 1.0, 0.0, 1.0, 1.0, 1.0, 1.0, 0.0, 0.0, 0.0, 0.0, 1.0, 1.0, 1.0, 1.0, 0.0, 0.0, 0.0, 0.0, 0.0, 1.0, 0.0, 0.0, 0.0, 0.0, 0.0, 0.0, 0.0, 0.0, 0.0, 0.0, 0.0, 0.0, 0.0, 0.0, 1.0, 0.0, 1.0, 1.0, 1.0, 0.0, 0.0, 1.0, 1.0, 1.0, 1.0, 1.0, 1.0, 0.0, 1.0, 0.0, 1.0, 1.0, 1.0, 1.0, 1.0, 0.0, 1.0, 1.0, 0.0, 0.0, 0.0, 0.0, 0.0, 1.0, 1.0, 0.0, 1.0, 0.0, 0.0, 1.0, 0.0, 0.0, 0.0, 0.0, 1.0, 1.0, 1.0, 0.0, 0.0, 0.0, 1.0, 0.0, 1.0, 1.0, 1.0, 0.0, 0.0, 0.0, 0.0, 0.0, 1.0, 1.0, 1.0, 1.0, 1.0, 1.0, 1.0, 0.0, 0.0, 0.0, 0.0, 0.0, 0.0, 0.0, 0.0, 0.0, 1.0, 0.0, 1.0, 0.0, 0.0, 0.0, 0.0, 0.0, 1.0, 1.0, 1.0, 1.0, 1.0, 1.0, 1.0, 0.0, 1.0, 1.0, 1.0, 1.0, 1.0, 1.0, 0.0, 1.0, 1.0, 1.0, 1.0, 1.0, 0.0, 0.0, 0.0, 0.0, 1.0, 1.0, 1.0, 1.0, 1.0, 1.0, 1.0, 0.0, 0.0, 1.0, 1.0, 1.0, 0.0, 0.0, 0.0, 0.0, 1.0, 1.0, 1.0, 1.0, 0.0, 0.0, 0.0, 0.0, 1.0, 0.0, 1.0, 0.0, 0.0, 0.0, 0.0, 0.0, 1.0, 1.0, 1.0, 1.0, 1.0, 0.0, 1.0, 0.0, 1.0, 1.0, 1.0, 0.0, 1.0, 1.0, 0.0, 1.0, 1.0, 1.0, 1.0, 1.0, 0.0, 0.0, 0.0, 0.0, 0.0, 0.0, 0.0, 0.0, 0.0, 1.0, 0.0, 0.0, 1.0, 1.0, 1.0, 1.0, 0.0, 0.0, 0.0, 0.0, 0.0, 0.0, 0.0, 0.0, 0.0, 0.0, 0.0, 0.0, 1.0, 0.0, 1.0, 0.0, 0.0, 0.0, 0.0, 0.0, 1.0, 1.0, 0.0, 0.0, 1.0, 1.0, 1.0, 1.0, 1.0, 1.0, 1.0, 1.0, 1.0, 1.0, 1.0, 1.0, 1.0, 1.0, 1.0, 1.0, 1.0, 0.0, 1.0, 1.0, 0.0, 1.0, 0.0, 1.0, 0.0, 1.0, 0.0, 0.0, 1.0, 1.0, 1.0, 1.0, 0.0, 0.0, 1.0, 0.0, 1.0, 1.0, 1.0, 1.0, 0.0, 0.0, 0.0, 0.0, 0.0, 0.0, 0.0, 1.0, 0.0, 0.0, 0.0, 0.0, 1.0, 1.0, 1.0, 1.0, 0.0, 0.0, 0.0, 0.0, 0.0, 1.0, 1.0, 1.0, 0.0, 1.0, 1.0, 0.0, 1.0, 1.0, 1.0, 1.0, 0.0, 0.0, 0.0, 0.0, 1.0, 0.0, 1.0, 1.0, 1.0, 0.0, 0.0, 1.0, 1.0, 1.0, 1.0, 1.0, 1.0, 1.0, 1.0, 0.0, 0.0, 0.0, 1.0, 0.0, 0.0, 1.0, 0.0, 0.0, 1.0, 1.0, 1.0, 1.0, 0.0, 0.0, 0.0, 0.0, 1.0, 1.0, 1.0, 0.0, 0.0, 0.0, 1.0, 0.0, 1.0, 1.0, 1.0, 1.0, 0.0, 0.0, 0.0, 0.0, 0.0, 0.0, 0.0, 0.0, 0.0, 0.0, 0.0, 0.0, 0.0, 1.0, 0.0, 1.0, 0.0, 1.0, 1.0, 0.0, 1.0, 1.0, 1.0, 1.0, 1.0, 0.0, 0.0, 1.0]",-311.9759791000219,630.4973078603782,-482.430437669722,964.860875339444,0.5138718522502256,-3.0144047315956515,-5.545177444479562,8.10825100487114,11.090354888959125,1.0,-10.45127161076306,-16.635532333438686,24.080597051874065,33.27106466687737,1.0908740239314543,"[0.0, 0.0, 1.0, 0.0, 0.0, 0.0, 0.0, 0.0, 1.0, 1.0, 1.0, 1.0, 0.877, 0.877, 0.877, 0.0, 1.0, 0.259, 1.0, 1.0, 0.8015, 0.0, 0.259, 1.0, 1.0, 1.0, 1.0, 1.0, 1.0, 1.0, 1.0, 0.0, 0.0, 0.0, 1.0, 0.0, 0.0, 0.0, 1.0, 0.0, 0.0, 0.0, 1.0, 0.0, 0.0, 0.0, 1.0, 0.0, 0.0, 0.0, 0.0, 0.0775, 0.0, 0.0, 0.1635, 0.47100000000000003, 1.0, 1.0, 1.0, 1.0, 0.0, 0.0, 0.0, 0.0, 0.0, 0.0, 0.0, 0.0, 0.0, 0.0, 0.0, 0.0, 1.0, 1.0, 1.0, 1.0, 1.0, 1.0, 1.0, 0.0, 1.0, 1.0, 1.0, 1.0, 0.0, 0.0, 0.0, 0.0, 0.0, 0.0, 0.0, 0.0, 0.0, 0.113, 0.113, 0.0, 0.0, 0.0, 0.0, 1.0, 0.0, 0.0, 0.0, 0.0, 1.0, 1.0, 1.0, 1.0, 0.0, 0.0, 0.0, 0.0, 0.9995, 1.0, 1.0, 0.663, 1.0, 1.0, 1.0, 0.353, 1.0, 1.0, 1.0, 1.0, 0.082, 0.082, 0.0, 0.0, 0.973, 1.0, 0.7655000000000001, 0.605, 0.973, 1.0, 1.0, 0.368, 0.0, 0.0, 1.0, 0.0, 1.0, 0.0, 1.0, 0.0, 1.0, 1.0, 1.0, 1.0, 0.0, 0.0, 1.0, 0.0, 1.0, 1.0, 1.0, 1.0, 0.0, 0.9465, 0.0, 0.0, 0.666, 1.0, 0.666, 0.666, 0.0, 0.0, 0.7975, 0.0, 0.0, 0.9430000000000001, 0.0, 1.0, 1.0, 0.0, 0.0, 0.0, 0.0, 1.0, 0.0, 0.0, 0.0, 0.0, 0.0, 0.0, 1.0, 1.0, 1.0, 1.0, 0.0, 0.0, 0.0, 0.0, 1.0, 1.0, 1.0, 1.0, 1.0, 1.0, 1.0, 0.0005, 1.0, 1.0, 1.0, 1.0, 1.0, 1.0, 0.0, 1.0, 1.0, 1.0, 1.0, 1.0, 0.0, 0.0, 0.0, 0.0, 1.0, 1.0, 1.0, 1.0, 1.0, 1.0, 1.0, 0.0, 1.0, 0.0, 1.0, 0.0, 0.0, 0.0, 0.0, 0.0, 0.0, 1.0, 0.0, 1.0, 0.0, 1.0, 0.0, 1.0, 1.0, 1.0, 1.0, 1.0, 1.0, 1.0, 1.0, 0.0, 1.0, 0.0, 1.0, 1.0, 1.0, 0.0, 0.0, 1.0, 1.0, 1.0, 1.0, 1.0, 1.0, 1.0, 1.0, 1.0, 0.0, 0.9580000000000001, 0.0, 0.0, 0.0, 0.0, 0.0045000000000000005, 0.0, 0.0, 0.0, 0.0, 0.0, 0.0, 0.0, 0.0, 1.0, 0.0, 0.0, 0.0005, 0.0, 0.0, 0.0, 0.0, 0.0, 0.0, 1.0, 0.0, 0.0, 0.0, 0.0, 0.0, 0.0, 1.0, 1.0, 1.0, 0.001, 0.001, 0.001, 1.0, 0.0, 0.0, 0.0, 0.6225, 0.0, 0.0, 0.0, 0.0, 0.0, 1.0, 1.0, 1.0, 1.0, 0.0, 0.0, 0.0, 0.0, 0.0, 0.0, 0.0, 0.0, 0.0, 0.0, 0.0, 0.0, 1.0, 1.0, 1.0, 1.0, 1.0, 1.0, 1.0, 0.0, 0.0, 0.0, 0.0, 1.0, 0.0, 0.0, 1.0, 0.0, 1.0, 1.0, 1.0, 1.0, 0.0, 0.0, 0.0, 0.0, 0.0, 1.0, 0.0, 0.0, 1.0, 0.0, 0.0, 1.0, 1.0, 1.0, 1.0, 1.0, 0.0, 0.0, 0.0, 0.0, 1.0, 1.0, 1.0, 1.0, 1.0, 0.0, 1.0, 1.0, 0.0, 0.0005, 0.0, 0.0, 0.0, 0.38, 0.0, 0.0, 1.0, 1.0, 1.0, 1.0, 0.0, 0.0, 0.0, 0.0, 1.0, 1.0, 1.0, 0.999, 1.0, 1.0, 1.0, 0.0195, 1.0, 1.0, 1.0, 1.0, 0.0, 0.0, 0.0, 0.0, 0.0, 0.6285000000000001, 0.0, 0.328, 0.0, 0.0, 0.6285000000000001, 0.0, 0.0, 0.0, 0.0, 0.0, 0.0, 0.0, 0.0, 1.0, 1.0, 1.0, 1.0, 1.0, 0.0, 0.0, 0.0, 0.0, 1.0, 1.0, 1.0, 1.0, 1.0, 1.0, 1.0, 0.0, 1.0, 1.0, 1.0, 1.0, 1.0, 1.0, 0.0375, 1.0, 1.0, 1.0, 1.0, 1.0, 0.0, 0.0, 0.0, 0.0, 1.0, 1.0, 1.0, 1.0, 1.0, 1.0, 1.0, 0.0, 1.0, 1.0, 1.0, 1.0, 1.0, 1.0, 0.0, 1.0, 1.0, 1.0, 1.0, 1.0, 0.0, 0.0, 0.0, 0.0, 1.0, 1.0, 1.0, 1.0, 1.0, 1.0, 1.0, 1.0, 0.0, 0.0, 0.4395, 0.0, 0.0, 0.0, 0.001, 1.0, 0.0, 0.0, 0.0, 0.0, 0.0, 0.0, 0.0, 0.0, 1.0, 1.0, 1.0, 0.0, 1.0, 0.0, 0.0, 1.0, 0.0, 0.0, 1.0, 1.0, 1.0, 0.0, 0.0, 0.0, 0.0, 0.0, 0.0, 0.0, 0.0, 0.0, 0.0, 0.0, 1.0, 1.0, 1.0, 1.0, 0.0, 0.0, 0.0, 0.0, 0.0, 0.0, 0.0, 0.0, 0.0, 1.0, 0.0, 0.0, 1.0, 1.0, 1.0, 1.0, 0.0, 0.4945, 0.0, 0.0, 1.0, 1.0, 1.0, 1.0, 0.0, 0.0, 1.0, 1.0, 1.0, 1.0, 1.0, 1.0, 0.0, 0.0, 0.0, 0.0, 1.0, 1.0, 1.0, 1.0, 1.0, 0.704, 0.296, 0.0, 1.0, 1.0, 1.0, 1.0, 0.0, 0.0, 1.0, 1.0, 1.0, 1.0, 1.0, 1.0, 0.0, 0.0, 0.0, 0.0, 0.006, 1.0, 0.006, 0.708, 0.298, 1.0, 0.298, 1.0, 1.0, 1.0, 1.0, 1.0, 0.0, 0.0, 0.0, 0.0, 1.0, 0.0, 1.0, 1.0, 1.0, 0.0, 0.0, 1.0, 0.0, 1.0, 1.0, 1.0, 0.0, 0.0, 0.0, 0.0, 1.0, 0.224, 1.0, 1.0, 0.776, 0.0, 0.224, 1.0, 1.0, 1.0, 1.0, 1.0, 0.0, 0.0, 0.0, 0.0, 1.0, 1.0, 0.0, 1.0, 1.0, 1.0, 0.0, 1.0, 1.0, 1.0, 1.0, 1.0, 0.0, 0.0, 0.0, 0.0, 1.0, 1.0, 1.0, 1.0, 1.0, 1.0, 1.0, 0.0, 1.0, 1.0, 1.0, 1.0, 0.0, 0.0, 0.0, 0.0, 0.0, 0.0, 0.0, 0.0, 0.0, 0.0, 0.0, 0.0, 1.0, 0.4865, 1.0, 1.0, 1.0, 0.0075, 0.4865, 1.0, 0.0225, 0.0, 0.0, 0.9775, 0.0, 0.0, 0.0, 0.0]",-419.18595103414617,844.9172517286268,-482.430437669722,964.860875339444,0.9102430794110984,-4.498681156966684,-5.545177444479562,11.076803855613203,11.090354888959125,1.9576147719023644,-15.877517715791601,-16.635532333438686,34.93308926193115,33.27106466687737,0.5787520451143159,"[1.0, 1.0, 1.0, 1.0, 1.0, 0.0, 1.0, 0.0, 1.0, 1.0, 1.0, 1.0, 1.0, 1.0, 1.0, 0.0, 0.0, 0.0, 0.0, 0.0, 0.0, 0.0, 0.0, 0.0, 1.0, 1.0, 1.0, 1.0, 0.0, 0.0, 1.0, 0.0, 0.0, 0.0, 0.0, 0.0, 0.0, 1.0, 0.0, 0.0, 0.0, 0.0, 0.0, 0.0, 0.0, 0.0, 0.0, 0.0, 1.0, 1.0, 1.0, 1.0, 0.0, 0.0, 0.0, 0.0, 1.0, 1.0, 1.0, 1.0, 0.0, 0.0, 0.0, 0.0, 0.0, 0.0, 0.0, 0.0, 0.0, 1.0, 1.0, 0.0, 1.0, 1.0, 1.0, 1.0, 0.0, 0.0, 0.0, 0.0, 1.0, 1.0, 1.0, 1.0, 0.0, 0.0, 0.0, 0.0, 0.0, 0.0, 0.0, 0.0, 0.0, 0.0, 0.0, 0.0, 1.0, 1.0, 1.0, 1.0, 1.0, 1.0, 1.0, 0.0, 1.0, 1.0, 1.0, 1.0, 1.0, 0.0, 1.0, 0.0, 0.0, 1.0, 0.0, 0.0, 1.0, 1.0, 1.0, 0.0, 1.0, 1.0, 0.0, 1.0, 1.0, 0.0, 0.0, 0.0, 1.0, 1.0, 1.0, 0.0, 1.0, 1.0, 1.0, 1.0, 1.0, 1.0, 1.0, 1.0, 0.0, 0.0, 0.0, 0.0, 1.0, 1.0, 1.0, 0.0, 0.0, 0.0, 1.0, 0.0, 0.0, 0.0, 1.0, 0.0, 0.0, 0.0, 0.0, 0.0, 1.0, 1.0, 1.0, 0.0, 0.0, 0.0, 1.0, 0.0, 0.0, 0.0, 0.0, 1.0, 0.0, 0.0, 0.0, 0.0, 0.0, 0.0, 0.0, 1.0, 0.0, 0.0, 0.0, 0.0, 1.0, 1.0, 1.0, 1.0, 0.0, 0.0, 0.0, 0.0, 1.0, 1.0, 1.0, 0.0, 0.0, 0.0, 1.0, 0.0, 1.0, 1.0, 1.0, 1.0, 0.0, 0.0, 0.0, 0.0, 1.0, 1.0, 1.0, 1.0, 0.0, 0.0, 0.0, 0.0, 1.0, 1.0, 1.0, 1.0, 1.0, 1.0, 1.0, 0.0, 0.0, 0.0, 0.0, 0.0, 1.0, 0.0, 0.0, 0.0, 1.0, 1.0, 1.0, 1.0, 1.0, 1.0, 1.0, 1.0, 1.0, 1.0, 1.0, 1.0, 1.0, 1.0, 1.0, 0.0, 0.0, 0.0, 0.0, 0.0, 0.0, 0.0, 0.0, 0.0, 0.0, 1.0, 0.0, 1.0, 0.0, 1.0, 0.0, 1.0, 0.0, 0.0, 0.0, 1.0, 0.0, 0.0, 0.0, 0.0, 1.0, 1.0, 1.0, 0.0, 0.0, 0.0, 1.0, 0.0, 0.0, 0.0, 1.0, 0.0, 0.0, 0.0, 0.0, 0.0, 0.0, 1.0, 1.0, 1.0, 0.0, 0.0, 0.0, 0.0, 1.0, 1.0, 1.0, 0.0, 1.0, 1.0, 1.0, 1.0, 0.0, 0.0, 1.0, 0.0, 0.0, 0.0, 0.0, 0.0, 1.0, 1.0, 1.0, 1.0, 1.0, 1.0, 1.0, 0.0, 1.0, 1.0, 1.0, 1.0, 0.0, 0.0, 0.0, 0.0, 1.0, 1.0, 1.0, 1.0, 0.0, 0.0, 0.0, 0.0, 0.0, 1.0, 0.0, 0.0, 0.0, 0.0, 0.0, 0.0, 0.0, 0.0, 0.0, 0.0, 0.0, 0.0, 0.0, 0.0, 0.0, 0.0, 0.0, 0.0, 0.0, 0.0, 0.0, 0.0, 1.0, 1.0, 0.0, 1.0, 1.0, 0.0, 1.0, 0.0, 1.0, 1.0, 1.0, 1.0, 1.0, 0.0, 1.0, 1.0, 0.0, 0.0, 0.0, 0.0, 0.0, 1.0, 1.0, 0.0, 1.0, 0.0, 0.0, 1.0, 0.0, 0.0, 0.0, 0.0, 1.0, 1.0, 1.0, 0.0, 0.0, 0.0, 1.0, 0.0, 1.0, 1.0, 1.0, 0.0, 0.0, 0.0, 0.0, 0.0, 1.0, 1.0, 1.0, 1.0, 1.0, 1.0, 1.0, 0.0, 0.0, 0.0, 0.0, 0.0, 0.0, 0.0, 0.0, 0.0, 1.0, 0.0, 1.0, 0.0, 0.0, 0.0, 0.0, 0.0, 1.0, 1.0, 1.0, 1.0, 1.0, 1.0, 1.0, 0.0, 1.0, 1.0, 1.0, 1.0, 1.0, 1.0, 0.0, 1.0, 1.0, 1.0, 1.0, 1.0, 0.0, 0.0, 0.0, 0.0, 1.0, 1.0, 1.0, 1.0, 1.0, 1.0, 1.0, 0.0, 0.0, 1.0, 1.0, 1.0, 0.0, 0.0, 0.0, 0.0, 1.0, 1.0, 1.0, 1.0, 0.0, 0.0, 0.0, 0.0, 1.0, 0.0, 1.0, 0.0, 0.0, 0.0, 0.0, 0.0, 1.0, 1.0, 1.0, 1.0, 1.0, 0.0, 1.0, 0.0, 1.0, 1.0, 1.0, 0.0, 1.0, 1.0, 0.0, 1.0, 1.0, 1.0, 1.0, 1.0, 0.0, 0.0, 0.0, 0.0, 0.0, 0.0, 0.0, 0.0, 0.0, 0.0, 0.0, 0.0, 1.0, 1.0, 1.0, 1.0, 0.0, 0.0, 0.0, 0.0, 0.0, 0.0, 0.0, 0.0, 0.0, 0.0, 0.0, 0.0, 0.0, 0.0, 0.0, 0.0, 0.0, 0.0, 0.0, 0.0, 1.0, 1.0, 0.0, 0.0, 1.0, 1.0, 1.0, 1.0, 1.0, 1.0, 1.0, 1.0, 1.0, 1.0, 1.0, 1.0, 1.0, 1.0, 1.0, 1.0, 1.0, 0.0, 1.0, 1.0, 0.0, 1.0, 0.0, 1.0, 0.0, 1.0, 0.0, 0.0, 1.0, 1.0, 1.0, 1.0, 0.0, 0.0, 1.0, 0.0, 1.0, 1.0, 1.0, 1.0, 0.0, 0.0, 0.0, 0.0, 0.0, 0.0, 0.0, 1.0, 0.0, 0.0, 0.0, 0.0, 1.0, 1.0, 1.0, 1.0, 0.0, 0.0, 0.0, 0.0, 0.0, 1.0, 1.0, 1.0, 0.0, 1.0, 1.0, 0.0, 1.0, 1.0, 1.0, 1.0, 0.0, 0.0, 0.0, 0.0, 1.0, 0.0, 1.0, 1.0, 1.0, 0.0, 0.0, 1.0, 1.0, 1.0, 1.0, 1.0, 1.0, 1.0, 1.0, 0.0, 0.0, 1.0, 1.0, 1.0, 1.0, 1.0, 0.0, 0.0, 1.0, 1.0, 1.0, 1.0, 0.0, 0.0, 0.0, 0.0, 1.0, 1.0, 1.0, 0.0, 0.0, 0.0, 1.0, 0.0, 1.0, 1.0, 1.0, 1.0, 0.0, 0.0, 0.0, 0.0, 0.0, 0.0, 0.0, 0.0, 0.0, 0.0, 0.0, 0.0, 0.0, 0.0, 1.0, 1.0, 0.0, 0.0, 0.0, 0.0, 1.0, 1.0, 1.0, 1.0, 1.0, 0.0, 0.0, 1.0]",-295.2442605392121,597.0338707387587,-482.430437669722,964.860875339444,1.0,-12.51828050043735,28.214614831222644,1.2846122460949685,-433.45128860920846,873.4479268787513,False,False,False,True,False,0.5416666666666666,0.5,0.7083333333333334,0.75,0.7083333333333334,0.75,0.5,0.5,0.6666666666666666,0.625,0.5833333333333334,0.625,"Z.exactly(lambda x1: Z.equal(x1,'strange','orientation'),2,X)","Z.exists(lambda x1: Z.exists(lambda x2: Z.and_operator(Z.and_operator(Z.equal(x1,'red','colour'),Z.equal(x2,'red','colour')),Z.and_operator(Z.hor_operator(x1,x2,'contact'),Z.equal(x1,x2,'orientation'))),X),X)","Z.forall(lambda x1: Z.equal(x1,'no','grounded'),X)","Z.exists(lambda x1: Z.exists(lambda x2: Z.forall(lambda x3: Z.less(x3, 3,'size'),X),X),X)",0.5,0.625,0.75,0.5,0.625,0.7083333333333334,0.6982758620689655,0.6867816091954023,0.6954022988505747,0.6925287356321839,5.241379310344827,0,0,0,0,0,0
36,45,85,GBOn7umXUg,KQ-7jJWvGKznfX5_AAA0,Omega,all are blue OR small,"[False, True, False, True, False, False, False, False]","[False, True, False, True, False, False, False, False]",0.75,0.75,There is at least one blue object larger than the others and not touching any other objects,"[['x1'],['x1','x2']]","Z.exists(lambda x1: Z.exists(lambda x2: Z.and_operator(Z.and_operator(Z.equal(x1,'blue','colour'),Z.greater(x1,x2,'size')), Z.not_operator(Z.hor_operator(x1,x2,'contact'))),X),X)",One cone is larger than the others.   Two cones of the same color are not touching.,"[{'ids': [0, 1, 2], 'colours': ['green', 'blue', 'green'], 'sizes': [1, 2, 1], 'xpos': [0.3695943902506767, 3.3550150804889523, 2.7203088242630797], 'ypos': [4.128333333333334, 4.128333333333334, 4.043406777668482], 'rotations': [3.1415926535897936, 3.1415926535897922, 2.8545798207955833], 'orientations': ['upright', 'upright', 'upright'], 'contact': [[0], [1, 2], [2, 1]], 'grounded': ['yes', 'yes', 'yes'], 'follow_rule': True}, {'ids': [0, 1, 2], 'colours': ['blue', 'red', 'red'], 'sizes': [3, 1, 1], 'xpos': [4.459847578776277, 1.342394872218029, 6.872807168700171], 'ypos': [4.124998507701341, 4.12406819055163, 4.124844489671526], 'rotations': [3.140873344772098, 3.140657587759408, 3.139642288315196], 'orientations': ['upright', 'upright', 'upright'], 'contact': [[0], [1], [2]], 'grounded': ['yes', 'yes', 'yes'], 'follow_rule': True}, {'ids': [0, 1, 2], 'colours': ['blue', 'blue', 'blue'], 'sizes': [3, 1, 1], 'xpos': [4.059367448905066, 3.243236506959742, 4.961365796350237], 'ypos': [4.126331022651398, 3.842636963024474, 4.1244645678503735], 'rotations': [3.1375950973902307, 1.2114075516608958, 3.1437354958474284], 'orientations': ['upright', 'lhs', 'upright'], 'contact': [[0], [1], [2]], 'grounded': ['yes', 'yes', 'yes'], 'follow_rule': True}, {'ids': [0], 'colours': ['blue'], 'sizes': [3], 'xpos': [3.356356001637539], 'ypos': [4.12477511639965], 'rotations': [3.1392539614290498], 'orientations': ['upright'], 'contact': [[0]], 'grounded': ['yes'], 'follow_rule': True}, {'ids': [0, 1], 'colours': ['blue', 'red'], 'sizes': [3, 3], 'xpos': [2.8991830918934056, 3.562089604922709], 'ypos': [4.124483172260007, 3.6540481790136443], 'rotations': [3.142425586869941, 5.034496647306084], 'orientations': ['upright', 'rhs'], 'contact': [[0, 1], [1, 0]], 'grounded': ['yes', 'yes'], 'follow_rule': False}, {'ids': [0, 1, 2], 'colours': ['blue', 'green', 'red'], 'sizes': [3, 2, 2], 'xpos': [3.6759156980337995, 4.8643673205698885, 6.043651605086309], 'ypos': [4.123938346969489, 4.1239207752222935, 4.12373044916428], 'rotations': [3.1408885011053993, 3.1427995347556443, 3.141039224320735], 'orientations': ['upright', 'upright', 'upright'], 'contact': [[0], [1], [2]], 'grounded': ['yes', 'yes', 'yes'], 'follow_rule': False}, {'ids': [0, 1, 2], 'colours': ['blue', 'green', 'green'], 'sizes': [3, 2, 2], 'xpos': [2.5276022642754983, 3.3753371746962175, 6.606330199016599], 'ypos': [4.123986039727616, 3.9183344041317887, 3.7503870161012154], 'rotations': [3.1430674464016675, 2.5968660849045593, 5.046000791932207], 'orientations': ['upright', 'strange', 'rhs'], 'contact': [[0, 1], [1, 0], [2]], 'grounded': ['yes', 'yes', 'yes'], 'follow_rule': False}, {'ids': [0, 1, 2], 'colours': ['blue', 'green', 'green'], 'sizes': [3, 2, 2], 'xpos': [3.288542051933609, 6.900181261024008, 4.642264520795888], 'ypos': [4.124350343397376, 4.124386212590896, 4.124409467518983], 'rotations': [3.143370755763253, 3.1428045577361927, 3.138906551736197], 'orientations': ['upright', 'upright', 'upright'], 'contact': [[0], [1], [2]], 'grounded': ['yes', 'yes', 'yes'], 'follow_rule': False}, {'ids': [0], 'colours': ['red'], 'sizes': [1], 'xpos': [0.980966455584144], 'ypos': [4.15692217898732], 'rotations': [3.14075602080225], 'contact': [{'V1': 0}], 'grounded': ['yes']}, {'ids': [0, 1], 'colours': ['blue', 'blue'], 'sizes': [2, 2], 'xpos': [5.53919900438758, 1.65854079923742], 'ypos': [4.15829751656101, 4.15751198256046], 'rotations': [3.14294469336728, 3.13947439604659], 'contact': [{'V1': 0, 'V2': 1}], 'grounded': ['yes', 'yes']}, {'ids': [0, 1, 2], 'colours': ['blue', 'red', 'blue'], 'sizes': [1, 1, 1], 'xpos': [2.91233558185412, 3.62676822308812, 1.29792616640764], 'ypos': [4.1571699418337, 4.15734457821355, 3.87855314146574], 'rotations': [3.14061931424498, 3.14080979983927, 1.21335141178178], 'contact': [{'V1': 0, 'V2': 1, 'V3': 2}], 'grounded': ['yes', 'yes', 'yes']}, {'ids': [0, 1, 2, 3], 'colours': ['blue', 'red', 'blue', 'green'], 'sizes': [1, 1, 2, 1], 'xpos': [2.95609825059217, 3.96209693679724, 2.2390687716568, 6.71224095289635], 'ypos': [4.15768622476784, 4.15787716497594, 4.15807459370596, 3.87670727460735], 'rotations': [3.13919121672235, 3.14161554480523, 3.13998936351093, 5.07284064751327], 'contact': [{'V1': 0, 'V2': 1, 'V3': 2, 'V4': 3}], 'grounded': ['yes', 'yes', 'yes', 'yes']}, {'ids': [0, 1, 2], 'colours': ['green', 'red', 'red'], 'sizes': [1, 3, 1], 'xpos': [1.21736009446034, 6.88866095105911, 4.29219484852988], 'ypos': [4.15714834736316, 4.15848443530156, 4.15761681621936], 'rotations': [3.14148035908309, 3.14030543965137, 3.14298105798337], 'contact': [{'V1': 0, 'V2': 1, 'V3': 2}], 'grounded': ['yes', 'yes', 'yes']}, {'ids': [0, 1, 2, 3, 4], 'colours': ['green', 'blue', 'green', 'red', 'red'], 'sizes': [2, 2, 2, 2, 3], 'xpos': [3.83090657832267, 2.38910717821051, 3.54259339814947, 1.00881638670343, 0.483372753490727], 'ypos': [4.15913936320131, 4.15701392299474, 3.77761038379749, 3.76166694023043, 3.53535261859211], 'rotations': [3.13980420303635, 3.14077430032494, 1.87848516525718, 1.57196158476873, 2.81423018257197], 'contact': [[0, 2], [1, 2], [2, 0, 1], [3, 4], [4, 3]], 'grounded': ['yes', 'yes', 'yes', 'yes', 'no']}, {'ids': [0, 1, 2], 'colours': ['red', 'blue', 'green'], 'sizes': [2, 2, 2], 'xpos': [6.08097769326034, 5.78861976198164, 1.25011232086784], 'ypos': [3.78458058527285, 4.1039571708585, 3.7795894526631], 'rotations': [5.04856954343186, 3.00593527717321, 5.05105310034866], 'contact': [[0, 1], [1, 0], 2], 'grounded': ['yes', 'yes', 'yes']}, {'ids': [0, 1, 2, 3], 'colours': ['red', 'green', 'red', 'red'], 'sizes': [2, 2, 2, 1], 'xpos': [4.475106476545, 0.413561660061233, 6.37662276433712, 5.00296952327856], 'ypos': [4.1607559072369, 4.15829244701068, 3.77944860362373, 3.87681059949227], 'rotations': [3.14176346787067, 3.1433043689908, 5.0514105380658, 5.07138540402654], 'contact': [{'V1': 0, 'V2': 1, 'V3': 2, 'V4': 3}], 'grounded': ['yes', 'yes', 'yes', 'yes']}]","[False, True, False, False, False, False, False, False]","[True, True, True, False, True, True, True, True]","[False, False, False, True, False, False, False, False]","[False, False, False, False, False, False, False, False]","[False, False, False, False, False, False, True, False]","[True, False, True, False, True, True, False, True]","[False, True, False, True, False, False, False, False]","[False, False, False, False, False, False, True, False]",0.125,0.375,0.0,0.25,0.875,0.625,0.625,0.375,0.125,0.375,-0.25,0.0,0.125,0.375,0.9102431039525487,-4.4986811569668905,-5.545177444479562,11.076803855613617,11.090354888959125,98.67117919748081,-16.63584046682682,-16.635532333438686,36.44973476400159,33.27106466687737,1.0502311195665048,"[1.0, 1.0, 1.0, 1.0, 1.0, 0.0, 1.0, 0.0, 1.0, 1.0, 1.0, 1.0, 1.0, 1.0, 1.0, 0.0135, 0.9530000000000001, 0.092, 0.5895, 0.5895, 1.0, 0.0, 0.0, 0.861, 1.0, 1.0, 1.0, 0.2925, 0.999, 0.999, 1.0, 0.7155, 0.0, 0.0, 1.0, 0.0, 0.0, 0.0, 1.0, 0.0, 0.0, 0.0, 1.0, 0.0, 0.0, 0.0, 1.0, 0.0, 1.0, 1.0, 1.0, 1.0, 0.0, 0.0, 0.0, 0.0, 1.0, 1.0, 1.0, 1.0, 0.935, 0.935, 0.935, 0.935, 1.0, 1.0, 1.0, 1.0, 0.0, 1.0, 0.0, 0.0, 0.0, 1.0, 1.0, 1.0, 1.0, 1.0, 1.0, 1.0, 1.0, 1.0, 1.0, 1.0, 0.0935, 0.0935, 0.0935, 0.0935, 1.0, 1.0, 1.0, 1.0, 1.0, 1.0, 1.0, 1.0, 1.0, 1.0, 1.0, 1.0, 1.0, 1.0, 1.0, 0.013000000000000001, 1.0, 1.0, 0.998, 1.0, 1.0, 0.002, 0.998, 0.002, 1.0, 1.0, 1.0, 1.0, 1.0, 1.0, 1.0, 0.0, 0.973, 1.0, 0.9530000000000001, 1.0, 0.8925000000000001, 0.9195, 0.17400000000000002, 0.201, 1.0, 1.0, 1.0, 1.0, 0.0, 0.0, 0.0, 0.0, 1.0, 1.0, 1.0, 0.24, 1.0, 1.0, 0.968, 1.0, 0.653, 0.653, 0.653, 1.0, 0.2535, 0.2535, 0.7035, 0.10300000000000001, 1.0, 1.0, 1.0, 1.0, 0.0, 1.0, 0.0, 0.0, 1.0, 1.0, 1.0, 0.012, 0.988, 0.988, 1.0, 1.0, 1.0, 0.0, 1.0, 1.0, 1.0, 0.0, 0.0, 1.0, 0.0, 0.0, 0.0, 1.0, 1.0, 0.0, 0.0, 0.0, 1.0, 1.0, 1.0, 1.0, 0.0, 0.0, 0.0, 0.0, 1.0, 1.0, 1.0, 1.0, 0.0, 0.0, 0.0, 0.0, 1.0, 1.0, 1.0, 1.0, 1.0, 1.0, 0.841, 1.0, 1.0, 1.0, 1.0, 1.0, 0.0, 0.0, 0.0, 0.0, 1.0, 1.0, 1.0, 1.0, 1.0, 1.0, 1.0, 0.0, 0.197, 0.0, 0.85, 0.653, 0.803, 0.0, 0.0, 0.0, 0.8525, 0.847, 0.9935, 0.847, 0.28300000000000003, 0.4305, 0.426, 0.426, 1.0, 1.0, 1.0, 1.0, 1.0, 1.0, 1.0, 0.0, 0.798, 1.0, 0.7995, 0.7995, 0.0275, 0.029, 0.2265, 0.1975, 1.0, 1.0, 1.0, 1.0, 0.0, 0.0, 0.0, 0.0, 0.862, 0.854, 0.8595, 0.8955000000000001, 0.045, 0.0005, 0.8695, 0.8505, 1.0, 1.0, 1.0, 0.022, 1.0, 1.0, 1.0, 0.978, 0.28400000000000003, 0.0145, 0.1885, 0.0275, 0.2755, 0.0, 0.0015, 0.013000000000000001, 0.0, 0.0, 0.0, 1.0, 1.0, 0.0, 0.0, 0.0, 1.0, 1.0, 1.0, 1.0, 0.0, 0.0, 0.0, 0.0, 1.0, 1.0, 1.0, 1.0, 1.0, 0.0, 1.0, 0.0, 1.0, 1.0, 1.0, 1.0, 1.0, 1.0, 1.0, 0.0, 1.0, 1.0, 1.0, 0.728, 0.8265, 0.5545, 0.5545, 0.8265, 1.0, 1.0, 1.0, 1.0, 1.0, 1.0, 1.0, 1.0, 1.0, 1.0, 1.0, 0.8715, 0.9365, 0.8695, 0.8695, 0.9365, 0.229, 0.229, 0.229, 0.229, 0.801, 0.03, 0.03, 0.801, 0.0, 0.0, 0.0, 1.0, 1.0, 0.0, 0.0, 0.0, 0.108, 0.114, 0.2315, 0.108, 0.114, 0.07050000000000001, 0.0495, 0.006, 1.0, 1.0, 1.0, 1.0, 0.0, 0.0, 0.0, 0.0, 0.8955000000000001, 0.895, 0.0115, 0.0, 0.883, 0.0, 0.0, 0.0, 1.0, 1.0, 1.0, 1.0, 0.0, 0.0, 0.0, 0.0, 0.902, 0.902, 0.902, 0.678, 0.88, 0.88, 0.902, 0.807, 1.0, 1.0, 1.0, 1.0, 0.0, 0.0, 0.0, 0.0, 1.0, 1.0, 1.0, 1.0, 1.0, 1.0, 1.0, 0.0, 1.0, 1.0, 1.0, 1.0, 0.0, 0.0, 0.0, 0.0, 1.0, 1.0, 1.0, 1.0, 0.008, 0.008, 0.008, 0.008, 1.0, 1.0, 1.0, 1.0, 1.0, 1.0, 1.0, 0.0, 1.0, 1.0, 1.0, 1.0, 1.0, 1.0, 0.6980000000000001, 1.0, 1.0, 1.0, 1.0, 1.0, 0.0, 0.0, 0.0, 0.0, 1.0, 1.0, 1.0, 1.0, 1.0, 1.0, 1.0, 0.0, 0.9530000000000001, 0.9530000000000001, 0.9530000000000001, 1.0, 1.0, 1.0, 0.641, 0.9530000000000001, 1.0, 1.0, 1.0, 1.0, 0.0, 0.0, 0.0, 0.0, 1.0, 1.0, 1.0, 1.0, 1.0, 1.0, 1.0, 1.0, 1.0, 1.0, 1.0, 1.0, 0.0, 0.0, 0.0, 0.0, 1.0, 1.0, 1.0, 1.0, 1.0, 1.0, 1.0, 1.0, 1.0, 1.0, 1.0, 1.0, 0.021500000000000002, 0.021500000000000002, 0.021500000000000002, 0.021500000000000002, 0.021500000000000002, 0.003, 0.02, 0.0095, 0.0095, 0.964, 0.9555, 0.0095, 1.0, 1.0, 1.0, 1.0, 1.0, 1.0, 1.0, 1.0, 1.0, 1.0, 1.0, 1.0, 0.0, 0.0, 0.0, 0.0, 1.0, 1.0, 1.0, 1.0, 0.0, 0.0, 1.0, 1.0, 1.0, 0.873, 0.198, 0.198, 1.0, 1.0, 0.6905, 1.0, 1.0, 1.0, 1.0, 1.0, 1.0, 1.0, 1.0, 0.0, 1.0, 0.999, 0.999, 1.0, 0.0025, 0.0025, 0.0025, 0.0025, 1.0, 1.0, 1.0, 1.0, 1.0, 0.686, 0.314, 0.0, 1.0, 1.0, 1.0, 1.0, 0.524, 0.524, 1.0, 0.47600000000000003, 1.0, 1.0, 1.0, 1.0, 0.008, 0.008, 0.008, 0.008, 0.9935, 0.9935, 0.9775, 0.9935, 0.9935, 0.0225, 0.988, 0.017, 1.0, 1.0, 1.0, 1.0, 0.0725, 0.0725, 0.0725, 0.0725, 0.041, 1.0, 1.0, 0.9590000000000001, 0.041, 0.9590000000000001, 1.0, 0.0, 0.7435, 0.9835, 0.7425, 0.986, 0.7435, 0.7435, 0.256, 0.987, 1.0, 0.005, 1.0, 1.0, 1.0, 0.005, 0.005, 1.0, 1.0, 1.0, 1.0, 1.0, 1.0, 1.0, 1.0, 0.0, 1.0, 1.0, 1.0, 1.0, 0.0, 0.0, 0.0, 0.0, 1.0, 1.0, 1.0, 1.0, 0.0, 0.0, 0.0, 0.0, 0.9705, 0.9705, 0.9145, 1.0, 0.8015, 0.8015, 0.9705, 0.7865, 1.0, 1.0, 1.0, 1.0, 0.0, 0.0, 0.0, 0.0, 1.0, 1.0, 1.0, 1.0, 0.0, 0.0, 0.0, 0.0, 1.0, 1.0, 1.0, 1.0, 0.0, 0.0, 0.0, 0.0, 1.0, 1.0, 1.0, 1.0, 1.0, 1.0, 1.0, 1.0]",-418.5875071169283,843.720363894191,-482.430437669722,964.860875339444,1.0,-3.5060935001457825,9.091628541971401,1.9576164151818731,-15.877517715791857,34.93308926193166,0.6334250289943713,"[1.0, 1.0, 1.0, 1.0, 1.0, 0.0, 1.0, 0.0, 1.0, 1.0, 1.0, 1.0, 1.0, 1.0, 1.0, 0.0, 0.0, 0.0, 0.0, 0.0, 0.0, 0.0, 0.0, 0.0, 1.0, 1.0, 1.0, 0.0, 0.0, 0.0, 1.0, 0.0, 0.0, 0.0, 1.0, 1.0, 0.0, 1.0, 1.0, 1.0, 1.0, 1.0, 1.0, 1.0, 0.0, 0.0, 1.0, 1.0, 1.0, 1.0, 1.0, 1.0, 0.0, 0.0, 0.0, 0.0, 1.0, 1.0, 1.0, 1.0, 0.0, 0.0, 0.0, 0.0, 0.0, 0.0, 0.0, 0.0, 0.0, 1.0, 1.0, 0.0, 1.0, 1.0, 1.0, 1.0, 0.0, 0.0, 0.0, 0.0, 1.0, 1.0, 1.0, 1.0, 0.0, 0.0, 0.0, 0.0, 1.0, 1.0, 1.0, 1.0, 1.0, 1.0, 0.0, 1.0, 1.0, 1.0, 1.0, 1.0, 1.0, 1.0, 1.0, 0.0, 1.0, 1.0, 1.0, 1.0, 1.0, 0.0, 1.0, 0.0, 0.0, 1.0, 0.0, 0.0, 1.0, 1.0, 1.0, 0.0, 1.0, 1.0, 0.0, 1.0, 1.0, 0.0, 0.0, 0.0, 1.0, 1.0, 1.0, 0.0, 1.0, 1.0, 1.0, 1.0, 1.0, 1.0, 1.0, 1.0, 0.0, 0.0, 0.0, 0.0, 1.0, 1.0, 1.0, 0.0, 0.0, 0.0, 1.0, 0.0, 0.0, 0.0, 1.0, 0.0, 0.0, 0.0, 0.0, 0.0, 1.0, 1.0, 1.0, 0.0, 0.0, 0.0, 1.0, 0.0, 0.0, 0.0, 0.0, 1.0, 0.0, 0.0, 0.0, 0.0, 0.0, 0.0, 0.0, 1.0, 0.0, 0.0, 0.0, 0.0, 1.0, 1.0, 1.0, 1.0, 0.0, 0.0, 0.0, 0.0, 1.0, 1.0, 1.0, 0.0, 0.0, 0.0, 1.0, 0.0, 1.0, 1.0, 1.0, 1.0, 0.0, 0.0, 0.0, 0.0, 1.0, 1.0, 1.0, 1.0, 0.0, 0.0, 0.0, 0.0, 1.0, 1.0, 1.0, 1.0, 1.0, 1.0, 1.0, 0.0, 0.0, 0.0, 0.0, 0.0, 1.0, 0.0, 0.0, 0.0, 1.0, 1.0, 1.0, 1.0, 1.0, 1.0, 1.0, 1.0, 1.0, 1.0, 1.0, 1.0, 1.0, 1.0, 1.0, 0.0, 0.0, 0.0, 0.0, 0.0, 0.0, 0.0, 0.0, 0.0, 0.0, 1.0, 0.0, 1.0, 0.0, 1.0, 0.0, 1.0, 0.0, 0.0, 0.0, 1.0, 0.0, 0.0, 0.0, 0.0, 1.0, 1.0, 1.0, 0.0, 0.0, 0.0, 1.0, 0.0, 1.0, 1.0, 1.0, 1.0, 1.0, 0.0, 1.0, 0.0, 0.0, 1.0, 1.0, 1.0, 0.0, 0.0, 0.0, 0.0, 1.0, 1.0, 1.0, 0.0, 1.0, 1.0, 1.0, 1.0, 0.0, 1.0, 1.0, 1.0, 0.0, 0.0, 0.0, 0.0, 1.0, 1.0, 1.0, 1.0, 1.0, 1.0, 1.0, 0.0, 1.0, 1.0, 1.0, 1.0, 0.0, 0.0, 0.0, 0.0, 1.0, 1.0, 1.0, 1.0, 0.0, 0.0, 0.0, 0.0, 0.0, 1.0, 0.0, 0.0, 0.0, 0.0, 0.0, 0.0, 1.0, 1.0, 1.0, 1.0, 1.0, 0.0, 1.0, 1.0, 0.0, 0.0, 0.0, 0.0, 0.0, 1.0, 1.0, 0.0, 1.0, 1.0, 1.0, 1.0, 1.0, 0.0, 1.0, 0.0, 1.0, 1.0, 1.0, 1.0, 1.0, 0.0, 1.0, 1.0, 0.0, 0.0, 0.0, 0.0, 0.0, 1.0, 1.0, 0.0, 1.0, 0.0, 0.0, 1.0, 0.0, 0.0, 0.0, 0.0, 1.0, 1.0, 1.0, 0.0, 0.0, 0.0, 1.0, 0.0, 1.0, 1.0, 1.0, 0.0, 0.0, 0.0, 0.0, 0.0, 1.0, 1.0, 1.0, 1.0, 1.0, 1.0, 1.0, 0.0, 0.0, 0.0, 0.0, 0.0, 0.0, 0.0, 0.0, 0.0, 1.0, 0.0, 1.0, 0.0, 0.0, 0.0, 0.0, 0.0, 1.0, 1.0, 1.0, 1.0, 1.0, 1.0, 1.0, 0.0, 1.0, 1.0, 1.0, 1.0, 1.0, 1.0, 0.0, 1.0, 1.0, 1.0, 1.0, 1.0, 0.0, 0.0, 0.0, 0.0, 1.0, 1.0, 1.0, 1.0, 1.0, 1.0, 1.0, 0.0, 0.0, 1.0, 1.0, 1.0, 0.0, 0.0, 0.0, 0.0, 1.0, 1.0, 1.0, 1.0, 0.0, 0.0, 0.0, 0.0, 1.0, 0.0, 1.0, 0.0, 0.0, 0.0, 0.0, 0.0, 1.0, 1.0, 1.0, 1.0, 1.0, 0.0, 1.0, 0.0, 1.0, 1.0, 1.0, 0.0, 1.0, 1.0, 0.0, 1.0, 1.0, 1.0, 1.0, 1.0, 0.0, 0.0, 0.0, 0.0, 0.0, 0.0, 0.0, 0.0, 0.0, 1.0, 0.0, 0.0, 1.0, 1.0, 1.0, 1.0, 0.0, 0.0, 0.0, 0.0, 0.0, 0.0, 0.0, 0.0, 0.0, 0.0, 0.0, 0.0, 1.0, 0.0, 1.0, 0.0, 0.0, 0.0, 0.0, 0.0, 1.0, 1.0, 0.0, 0.0, 1.0, 1.0, 1.0, 1.0, 1.0, 1.0, 1.0, 1.0, 1.0, 1.0, 1.0, 1.0, 1.0, 1.0, 1.0, 1.0, 1.0, 0.0, 1.0, 1.0, 0.0, 1.0, 0.0, 1.0, 0.0, 1.0, 0.0, 0.0, 1.0, 1.0, 1.0, 1.0, 0.0, 0.0, 1.0, 0.0, 1.0, 1.0, 1.0, 1.0, 0.0, 0.0, 0.0, 0.0, 0.0, 0.0, 0.0, 1.0, 0.0, 0.0, 0.0, 0.0, 1.0, 1.0, 1.0, 1.0, 0.0, 0.0, 0.0, 0.0, 0.0, 1.0, 1.0, 1.0, 0.0, 1.0, 1.0, 0.0, 1.0, 1.0, 1.0, 1.0, 0.0, 0.0, 0.0, 0.0, 1.0, 0.0, 1.0, 1.0, 1.0, 0.0, 0.0, 1.0, 1.0, 1.0, 1.0, 1.0, 1.0, 1.0, 1.0, 0.0, 0.0, 1.0, 1.0, 1.0, 1.0, 1.0, 0.0, 0.0, 1.0, 1.0, 1.0, 1.0, 0.0, 0.0, 0.0, 0.0, 1.0, 1.0, 1.0, 0.0, 0.0, 0.0, 1.0, 0.0, 1.0, 1.0, 1.0, 1.0, 0.0, 0.0, 0.0, 0.0, 0.0, 0.0, 0.0, 0.0, 0.0, 0.0, 0.0, 0.0, 0.0, 1.0, 0.0, 1.0, 0.0, 1.0, 1.0, 0.0, 1.0, 1.0, 1.0, 1.0, 1.0, 0.0, 0.0, 1.0]",-318.3726801373107,643.2907099349558,1.0,-3.5060935001457825,-5.545177444479562,9.091628541971401,11.090354888959125,1.9576164151818731,-15.877517715791857,-16.635532333438686,34.93308926193166,33.27106466687737,0.6173530694834558,"[1.0, 1.0, 1.0, 1.0, 1.0, 0.0, 1.0, 0.0, 1.0, 1.0, 1.0, 1.0, 1.0, 1.0, 1.0, 0.0, 0.0, 0.0, 0.0, 0.0, 0.0, 0.0, 0.0, 0.0, 1.0, 1.0, 1.0, 0.0, 0.0, 0.0, 1.0, 0.0, 0.0, 0.0, 1.0, 1.0, 0.0, 1.0, 1.0, 1.0, 0.0, 0.0, 0.0, 0.0, 0.0, 0.0, 0.0, 0.0, 1.0, 1.0, 1.0, 1.0, 0.0, 0.0, 0.0, 0.0, 1.0, 1.0, 1.0, 1.0, 0.0, 0.0, 0.0, 0.0, 0.0, 0.0, 0.0, 0.0, 0.0, 1.0, 1.0, 0.0, 0.0, 0.0, 0.0, 1.0, 0.0, 0.0, 0.0, 0.0, 1.0, 1.0, 1.0, 1.0, 0.0, 0.0, 0.0, 0.0, 0.0, 0.0, 0.0, 0.0, 1.0, 1.0, 0.0, 1.0, 1.0, 1.0, 1.0, 1.0, 1.0, 1.0, 1.0, 0.0, 1.0, 1.0, 1.0, 1.0, 1.0, 0.0, 1.0, 0.0, 0.0, 1.0, 0.0, 0.0, 1.0, 1.0, 1.0, 0.0, 1.0, 1.0, 0.0, 1.0, 1.0, 0.0, 0.0, 0.0, 1.0, 1.0, 1.0, 0.0, 1.0, 1.0, 1.0, 1.0, 1.0, 1.0, 1.0, 1.0, 0.0, 0.0, 0.0, 0.0, 1.0, 1.0, 1.0, 0.0, 0.0, 0.0, 1.0, 0.0, 0.0, 0.0, 1.0, 0.0, 0.0, 0.0, 0.0, 0.0, 1.0, 1.0, 1.0, 0.0, 0.0, 0.0, 1.0, 0.0, 0.0, 0.0, 0.0, 1.0, 0.0, 0.0, 0.0, 0.0, 0.0, 0.0, 0.0, 1.0, 0.0, 0.0, 0.0, 0.0, 1.0, 1.0, 1.0, 1.0, 0.0, 0.0, 0.0, 0.0, 1.0, 1.0, 1.0, 0.0, 0.0, 0.0, 1.0, 0.0, 1.0, 1.0, 1.0, 1.0, 0.0, 0.0, 0.0, 0.0, 1.0, 1.0, 1.0, 1.0, 0.0, 0.0, 0.0, 0.0, 1.0, 1.0, 1.0, 1.0, 1.0, 1.0, 1.0, 0.0, 0.0, 0.0, 0.0, 0.0, 1.0, 0.0, 0.0, 0.0, 1.0, 1.0, 1.0, 1.0, 1.0, 1.0, 1.0, 1.0, 1.0, 1.0, 1.0, 1.0, 1.0, 1.0, 1.0, 0.0, 0.0, 0.0, 0.0, 0.0, 0.0, 0.0, 0.0, 0.0, 0.0, 1.0, 0.0, 1.0, 0.0, 1.0, 0.0, 1.0, 0.0, 0.0, 0.0, 1.0, 0.0, 0.0, 0.0, 0.0, 1.0, 1.0, 1.0, 0.0, 0.0, 0.0, 1.0, 0.0, 1.0, 1.0, 1.0, 1.0, 1.0, 0.0, 1.0, 0.0, 0.0, 1.0, 1.0, 1.0, 0.0, 0.0, 0.0, 0.0, 1.0, 1.0, 1.0, 0.0, 1.0, 1.0, 1.0, 1.0, 0.0, 1.0, 1.0, 1.0, 0.0, 0.0, 0.0, 0.0, 1.0, 1.0, 1.0, 1.0, 1.0, 1.0, 1.0, 0.0, 1.0, 1.0, 1.0, 1.0, 0.0, 0.0, 0.0, 0.0, 1.0, 1.0, 1.0, 1.0, 0.0, 0.0, 0.0, 0.0, 0.0, 1.0, 0.0, 0.0, 0.0, 0.0, 0.0, 0.0, 0.0, 0.0, 0.0, 0.0, 0.0, 0.0, 0.0, 0.0, 1.0, 0.0, 1.0, 1.0, 1.0, 0.0, 0.0, 1.0, 1.0, 1.0, 1.0, 1.0, 1.0, 0.0, 1.0, 0.0, 1.0, 1.0, 1.0, 1.0, 1.0, 0.0, 1.0, 1.0, 0.0, 0.0, 0.0, 0.0, 0.0, 1.0, 1.0, 0.0, 1.0, 0.0, 0.0, 1.0, 0.0, 0.0, 0.0, 0.0, 1.0, 1.0, 1.0, 0.0, 0.0, 0.0, 1.0, 0.0, 1.0, 1.0, 1.0, 0.0, 0.0, 0.0, 0.0, 0.0, 1.0, 1.0, 1.0, 1.0, 1.0, 1.0, 1.0, 0.0, 0.0, 0.0, 0.0, 0.0, 0.0, 0.0, 0.0, 0.0, 1.0, 0.0, 1.0, 0.0, 0.0, 0.0, 0.0, 0.0, 1.0, 1.0, 1.0, 1.0, 1.0, 1.0, 1.0, 0.0, 1.0, 1.0, 1.0, 1.0, 1.0, 1.0, 0.0, 1.0, 1.0, 1.0, 1.0, 1.0, 0.0, 0.0, 0.0, 0.0, 1.0, 1.0, 1.0, 1.0, 1.0, 1.0, 1.0, 0.0, 0.0, 1.0, 1.0, 1.0, 0.0, 0.0, 0.0, 0.0, 1.0, 1.0, 1.0, 1.0, 0.0, 0.0, 0.0, 0.0, 1.0, 0.0, 1.0, 0.0, 0.0, 0.0, 0.0, 0.0, 1.0, 1.0, 1.0, 1.0, 1.0, 0.0, 1.0, 0.0, 1.0, 1.0, 1.0, 0.0, 1.0, 1.0, 0.0, 1.0, 1.0, 1.0, 1.0, 1.0, 0.0, 0.0, 0.0, 0.0, 0.0, 0.0, 0.0, 0.0, 0.0, 1.0, 0.0, 0.0, 1.0, 1.0, 1.0, 1.0, 0.0, 0.0, 0.0, 0.0, 0.0, 0.0, 0.0, 0.0, 0.0, 0.0, 0.0, 0.0, 1.0, 0.0, 1.0, 0.0, 0.0, 0.0, 0.0, 0.0, 1.0, 1.0, 0.0, 0.0, 1.0, 1.0, 1.0, 1.0, 1.0, 1.0, 1.0, 1.0, 1.0, 1.0, 1.0, 1.0, 1.0, 1.0, 1.0, 1.0, 1.0, 0.0, 1.0, 1.0, 0.0, 1.0, 0.0, 1.0, 0.0, 1.0, 0.0, 0.0, 1.0, 1.0, 1.0, 1.0, 0.0, 0.0, 1.0, 0.0, 1.0, 1.0, 1.0, 1.0, 0.0, 0.0, 0.0, 0.0, 0.0, 0.0, 0.0, 1.0, 0.0, 0.0, 0.0, 0.0, 1.0, 1.0, 1.0, 1.0, 0.0, 0.0, 0.0, 0.0, 0.0, 1.0, 1.0, 1.0, 0.0, 1.0, 1.0, 0.0, 1.0, 1.0, 1.0, 1.0, 0.0, 0.0, 0.0, 0.0, 1.0, 0.0, 1.0, 1.0, 1.0, 0.0, 0.0, 1.0, 1.0, 1.0, 1.0, 1.0, 1.0, 1.0, 1.0, 0.0, 0.0, 0.0, 1.0, 0.0, 0.0, 1.0, 0.0, 0.0, 1.0, 1.0, 1.0, 1.0, 0.0, 0.0, 0.0, 0.0, 1.0, 1.0, 1.0, 0.0, 0.0, 0.0, 1.0, 0.0, 1.0, 1.0, 1.0, 1.0, 0.0, 0.0, 0.0, 0.0, 0.0, 0.0, 0.0, 0.0, 0.0, 0.0, 0.0, 0.0, 0.0, 1.0, 0.0, 1.0, 0.0, 1.0, 1.0, 0.0, 1.0, 1.0, 1.0, 1.0, 1.0, 0.0, 0.0, 1.0]",-311.9759791000219,630.4973078603782,-482.430437669722,964.860875339444,0.5138983421086265,-3.014161290051494,-5.545177444479562,8.107764121782823,11.090354888959125,1.2514964733350078,-14.93274352152087,-16.635532333438686,33.04354087338969,33.27106466687737,1.0908740239314543,"[0.0, 0.0, 1.0, 0.0, 0.0, 0.0, 0.0, 0.0, 1.0, 1.0, 1.0, 1.0, 0.877, 0.877, 0.877, 0.0, 1.0, 0.259, 1.0, 1.0, 0.8015, 0.0, 0.259, 1.0, 1.0, 1.0, 1.0, 1.0, 1.0, 1.0, 1.0, 0.0, 0.0, 0.0, 1.0, 0.0, 0.0, 0.0, 1.0, 0.0, 0.0, 0.0, 1.0, 0.0, 0.0, 0.0, 1.0, 0.0, 0.0, 0.0, 0.0, 0.0775, 0.0, 0.0, 0.1635, 0.47100000000000003, 1.0, 1.0, 1.0, 1.0, 0.0, 0.0, 0.0, 0.0, 0.0, 0.0, 0.0, 0.0, 0.0, 0.0, 0.0, 0.0, 1.0, 1.0, 1.0, 1.0, 1.0, 1.0, 1.0, 0.0, 1.0, 1.0, 1.0, 1.0, 0.0, 0.0, 0.0, 0.0, 0.0, 0.0, 0.0, 0.0, 0.0, 0.113, 0.113, 0.0, 0.0, 0.0, 0.0, 1.0, 0.0, 0.0, 0.0, 0.0, 1.0, 1.0, 1.0, 1.0, 0.0, 0.0, 0.0, 0.0, 0.9995, 1.0, 1.0, 0.663, 1.0, 1.0, 1.0, 0.353, 1.0, 1.0, 1.0, 1.0, 0.082, 0.082, 0.0, 0.0, 0.973, 1.0, 0.7655000000000001, 0.605, 0.973, 1.0, 1.0, 0.368, 0.0, 0.0, 1.0, 0.0, 1.0, 0.0, 1.0, 0.0, 1.0, 1.0, 1.0, 1.0, 0.0, 0.0, 1.0, 0.0, 1.0, 1.0, 1.0, 1.0, 0.0, 0.9465, 0.0, 0.0, 0.666, 1.0, 0.666, 0.666, 0.0, 0.0, 0.7975, 0.0, 0.0, 0.9430000000000001, 0.0, 1.0, 1.0, 0.0, 0.0, 0.0, 0.0, 1.0, 0.0, 0.0, 0.0, 0.0, 0.0, 0.0, 1.0, 1.0, 1.0, 1.0, 0.0, 0.0, 0.0, 0.0, 1.0, 1.0, 1.0, 1.0, 1.0, 1.0, 1.0, 0.0005, 1.0, 1.0, 1.0, 1.0, 1.0, 1.0, 0.0, 1.0, 1.0, 1.0, 1.0, 1.0, 0.0, 0.0, 0.0, 0.0, 1.0, 1.0, 1.0, 1.0, 1.0, 1.0, 1.0, 0.0, 1.0, 0.0, 1.0, 0.0, 0.0, 0.0, 0.0, 0.0, 0.0, 1.0, 0.0, 1.0, 0.0, 1.0, 0.0, 1.0, 1.0, 1.0, 1.0, 1.0, 1.0, 1.0, 1.0, 0.0, 1.0, 0.0, 1.0, 1.0, 1.0, 0.0, 0.0, 1.0, 1.0, 1.0, 1.0, 1.0, 1.0, 1.0, 1.0, 1.0, 0.0, 0.9580000000000001, 0.0, 0.0, 0.0, 0.0, 0.0045000000000000005, 0.0, 0.0, 0.0, 0.0, 0.0, 0.0, 0.0, 0.0, 1.0, 0.0, 0.0, 0.0005, 0.0, 0.0, 0.0, 0.0, 0.0, 0.0, 1.0, 0.0, 0.0, 0.0, 0.0, 0.0, 0.0, 1.0, 1.0, 1.0, 0.001, 0.001, 0.001, 1.0, 0.0, 0.0, 0.0, 0.6225, 0.0, 0.0, 0.0, 0.0, 0.0, 1.0, 1.0, 1.0, 1.0, 0.0, 0.0, 0.0, 0.0, 0.0, 0.0, 0.0, 0.0, 0.0, 0.0, 0.0, 0.0, 1.0, 1.0, 1.0, 1.0, 1.0, 1.0, 1.0, 0.0, 0.0, 0.0, 0.0, 1.0, 0.0, 0.0, 1.0, 0.0, 1.0, 1.0, 1.0, 1.0, 0.0, 0.0, 0.0, 0.0, 0.0, 1.0, 0.0, 0.0, 1.0, 0.0, 0.0, 1.0, 1.0, 1.0, 1.0, 1.0, 0.0, 0.0, 0.0, 0.0, 1.0, 1.0, 1.0, 1.0, 1.0, 0.0, 1.0, 1.0, 0.0, 0.0005, 0.0, 0.0, 0.0, 0.38, 0.0, 0.0, 1.0, 1.0, 1.0, 1.0, 0.0, 0.0, 0.0, 0.0, 1.0, 1.0, 1.0, 0.999, 1.0, 1.0, 1.0, 0.0195, 1.0, 1.0, 1.0, 1.0, 0.0, 0.0, 0.0, 0.0, 0.0, 0.6285000000000001, 0.0, 0.328, 0.0, 0.0, 0.6285000000000001, 0.0, 0.0, 0.0, 0.0, 0.0, 0.0, 0.0, 0.0, 1.0, 1.0, 1.0, 1.0, 1.0, 0.0, 0.0, 0.0, 0.0, 1.0, 1.0, 1.0, 1.0, 1.0, 1.0, 1.0, 0.0, 1.0, 1.0, 1.0, 1.0, 1.0, 1.0, 0.0375, 1.0, 1.0, 1.0, 1.0, 1.0, 0.0, 0.0, 0.0, 0.0, 1.0, 1.0, 1.0, 1.0, 1.0, 1.0, 1.0, 0.0, 1.0, 1.0, 1.0, 1.0, 1.0, 1.0, 0.0, 1.0, 1.0, 1.0, 1.0, 1.0, 0.0, 0.0, 0.0, 0.0, 1.0, 1.0, 1.0, 1.0, 1.0, 1.0, 1.0, 1.0, 0.0, 0.0, 0.4395, 0.0, 0.0, 0.0, 0.001, 1.0, 0.0, 0.0, 0.0, 0.0, 0.0, 0.0, 0.0, 0.0, 1.0, 1.0, 1.0, 0.0, 1.0, 0.0, 0.0, 1.0, 0.0, 0.0, 1.0, 1.0, 1.0, 0.0, 0.0, 0.0, 0.0, 0.0, 0.0, 0.0, 0.0, 0.0, 0.0, 0.0, 1.0, 1.0, 1.0, 1.0, 0.0, 0.0, 0.0, 0.0, 0.0, 0.0, 0.0, 0.0, 0.0, 1.0, 0.0, 0.0, 1.0, 1.0, 1.0, 1.0, 0.0, 0.4945, 0.0, 0.0, 1.0, 1.0, 1.0, 1.0, 0.0, 0.0, 1.0, 1.0, 1.0, 1.0, 1.0, 1.0, 0.0, 0.0, 0.0, 0.0, 1.0, 1.0, 1.0, 1.0, 1.0, 0.704, 0.296, 0.0, 1.0, 1.0, 1.0, 1.0, 0.0, 0.0, 1.0, 1.0, 1.0, 1.0, 1.0, 1.0, 0.0, 0.0, 0.0, 0.0, 0.006, 1.0, 0.006, 0.708, 0.298, 1.0, 0.298, 1.0, 1.0, 1.0, 1.0, 1.0, 0.0, 0.0, 0.0, 0.0, 1.0, 0.0, 1.0, 1.0, 1.0, 0.0, 0.0, 1.0, 0.0, 1.0, 1.0, 1.0, 0.0, 0.0, 0.0, 0.0, 1.0, 0.224, 1.0, 1.0, 0.776, 0.0, 0.224, 1.0, 1.0, 1.0, 1.0, 1.0, 0.0, 0.0, 0.0, 0.0, 1.0, 1.0, 0.0, 1.0, 1.0, 1.0, 0.0, 1.0, 1.0, 1.0, 1.0, 1.0, 0.0, 0.0, 0.0, 0.0, 1.0, 1.0, 1.0, 1.0, 1.0, 1.0, 1.0, 0.0, 1.0, 1.0, 1.0, 1.0, 0.0, 0.0, 0.0, 0.0, 0.0, 0.0, 0.0, 0.0, 0.0, 0.0, 0.0, 0.0, 1.0, 0.4865, 1.0, 1.0, 1.0, 0.0075, 0.4865, 1.0, 0.0225, 0.0, 0.0, 0.9775, 0.0, 0.0, 0.0, 0.0]",-419.18595103414617,844.9172517286268,-482.430437669722,964.860875339444,1.0,-3.5060935001457825,-5.545177444479562,9.091628541971401,11.090354888959125,1.957615453825335,-15.877517715791583,-16.635532333438686,34.933089261931116,33.27106466687737,0.5787520451143159,"[1.0, 1.0, 1.0, 1.0, 1.0, 0.0, 1.0, 0.0, 1.0, 1.0, 1.0, 1.0, 1.0, 1.0, 1.0, 0.0, 0.0, 0.0, 0.0, 0.0, 0.0, 0.0, 0.0, 0.0, 1.0, 1.0, 1.0, 1.0, 0.0, 0.0, 1.0, 0.0, 0.0, 0.0, 0.0, 0.0, 0.0, 1.0, 0.0, 0.0, 0.0, 0.0, 0.0, 0.0, 0.0, 0.0, 0.0, 0.0, 1.0, 1.0, 1.0, 1.0, 0.0, 0.0, 0.0, 0.0, 1.0, 1.0, 1.0, 1.0, 0.0, 0.0, 0.0, 0.0, 0.0, 0.0, 0.0, 0.0, 0.0, 1.0, 1.0, 0.0, 1.0, 1.0, 1.0, 1.0, 0.0, 0.0, 0.0, 0.0, 1.0, 1.0, 1.0, 1.0, 0.0, 0.0, 0.0, 0.0, 0.0, 0.0, 0.0, 0.0, 0.0, 0.0, 0.0, 0.0, 1.0, 1.0, 1.0, 1.0, 1.0, 1.0, 1.0, 0.0, 1.0, 1.0, 1.0, 1.0, 1.0, 0.0, 1.0, 0.0, 0.0, 1.0, 0.0, 0.0, 1.0, 1.0, 1.0, 0.0, 1.0, 1.0, 0.0, 1.0, 1.0, 0.0, 0.0, 0.0, 1.0, 1.0, 1.0, 0.0, 1.0, 1.0, 1.0, 1.0, 1.0, 1.0, 1.0, 1.0, 0.0, 0.0, 0.0, 0.0, 1.0, 1.0, 1.0, 0.0, 0.0, 0.0, 1.0, 0.0, 0.0, 0.0, 1.0, 0.0, 0.0, 0.0, 0.0, 0.0, 1.0, 1.0, 1.0, 0.0, 0.0, 0.0, 1.0, 0.0, 0.0, 0.0, 0.0, 1.0, 0.0, 0.0, 0.0, 0.0, 0.0, 0.0, 0.0, 1.0, 0.0, 0.0, 0.0, 0.0, 1.0, 1.0, 1.0, 1.0, 0.0, 0.0, 0.0, 0.0, 1.0, 1.0, 1.0, 0.0, 0.0, 0.0, 1.0, 0.0, 1.0, 1.0, 1.0, 1.0, 0.0, 0.0, 0.0, 0.0, 1.0, 1.0, 1.0, 1.0, 0.0, 0.0, 0.0, 0.0, 1.0, 1.0, 1.0, 1.0, 1.0, 1.0, 1.0, 0.0, 0.0, 0.0, 0.0, 0.0, 1.0, 0.0, 0.0, 0.0, 1.0, 1.0, 1.0, 1.0, 1.0, 1.0, 1.0, 1.0, 1.0, 1.0, 1.0, 1.0, 1.0, 1.0, 1.0, 0.0, 0.0, 0.0, 0.0, 0.0, 0.0, 0.0, 0.0, 0.0, 0.0, 1.0, 0.0, 1.0, 0.0, 1.0, 0.0, 1.0, 0.0, 0.0, 0.0, 1.0, 0.0, 0.0, 0.0, 0.0, 1.0, 1.0, 1.0, 0.0, 0.0, 0.0, 1.0, 0.0, 0.0, 0.0, 1.0, 0.0, 0.0, 0.0, 0.0, 0.0, 0.0, 1.0, 1.0, 1.0, 0.0, 0.0, 0.0, 0.0, 1.0, 1.0, 1.0, 0.0, 1.0, 1.0, 1.0, 1.0, 0.0, 0.0, 1.0, 0.0, 0.0, 0.0, 0.0, 0.0, 1.0, 1.0, 1.0, 1.0, 1.0, 1.0, 1.0, 0.0, 1.0, 1.0, 1.0, 1.0, 0.0, 0.0, 0.0, 0.0, 1.0, 1.0, 1.0, 1.0, 0.0, 0.0, 0.0, 0.0, 0.0, 1.0, 0.0, 0.0, 0.0, 0.0, 0.0, 0.0, 0.0, 0.0, 0.0, 0.0, 0.0, 0.0, 0.0, 0.0, 0.0, 0.0, 0.0, 0.0, 0.0, 0.0, 0.0, 0.0, 1.0, 1.0, 0.0, 1.0, 1.0, 0.0, 1.0, 0.0, 1.0, 1.0, 1.0, 1.0, 1.0, 0.0, 1.0, 1.0, 0.0, 0.0, 0.0, 0.0, 0.0, 1.0, 1.0, 0.0, 1.0, 0.0, 0.0, 1.0, 0.0, 0.0, 0.0, 0.0, 1.0, 1.0, 1.0, 0.0, 0.0, 0.0, 1.0, 0.0, 1.0, 1.0, 1.0, 0.0, 0.0, 0.0, 0.0, 0.0, 1.0, 1.0, 1.0, 1.0, 1.0, 1.0, 1.0, 0.0, 0.0, 0.0, 0.0, 0.0, 0.0, 0.0, 0.0, 0.0, 1.0, 0.0, 1.0, 0.0, 0.0, 0.0, 0.0, 0.0, 1.0, 1.0, 1.0, 1.0, 1.0, 1.0, 1.0, 0.0, 1.0, 1.0, 1.0, 1.0, 1.0, 1.0, 0.0, 1.0, 1.0, 1.0, 1.0, 1.0, 0.0, 0.0, 0.0, 0.0, 1.0, 1.0, 1.0, 1.0, 1.0, 1.0, 1.0, 0.0, 0.0, 1.0, 1.0, 1.0, 0.0, 0.0, 0.0, 0.0, 1.0, 1.0, 1.0, 1.0, 0.0, 0.0, 0.0, 0.0, 1.0, 0.0, 1.0, 0.0, 0.0, 0.0, 0.0, 0.0, 1.0, 1.0, 1.0, 1.0, 1.0, 0.0, 1.0, 0.0, 1.0, 1.0, 1.0, 0.0, 1.0, 1.0, 0.0, 1.0, 1.0, 1.0, 1.0, 1.0, 0.0, 0.0, 0.0, 0.0, 0.0, 0.0, 0.0, 0.0, 0.0, 0.0, 0.0, 0.0, 1.0, 1.0, 1.0, 1.0, 0.0, 0.0, 0.0, 0.0, 0.0, 0.0, 0.0, 0.0, 0.0, 0.0, 0.0, 0.0, 0.0, 0.0, 0.0, 0.0, 0.0, 0.0, 0.0, 0.0, 1.0, 1.0, 0.0, 0.0, 1.0, 1.0, 1.0, 1.0, 1.0, 1.0, 1.0, 1.0, 1.0, 1.0, 1.0, 1.0, 1.0, 1.0, 1.0, 1.0, 1.0, 0.0, 1.0, 1.0, 0.0, 1.0, 0.0, 1.0, 0.0, 1.0, 0.0, 0.0, 1.0, 1.0, 1.0, 1.0, 0.0, 0.0, 1.0, 0.0, 1.0, 1.0, 1.0, 1.0, 0.0, 0.0, 0.0, 0.0, 0.0, 0.0, 0.0, 1.0, 0.0, 0.0, 0.0, 0.0, 1.0, 1.0, 1.0, 1.0, 0.0, 0.0, 0.0, 0.0, 0.0, 1.0, 1.0, 1.0, 0.0, 1.0, 1.0, 0.0, 1.0, 1.0, 1.0, 1.0, 0.0, 0.0, 0.0, 0.0, 1.0, 0.0, 1.0, 1.0, 1.0, 0.0, 0.0, 1.0, 1.0, 1.0, 1.0, 1.0, 1.0, 1.0, 1.0, 0.0, 0.0, 1.0, 1.0, 1.0, 1.0, 1.0, 0.0, 0.0, 1.0, 1.0, 1.0, 1.0, 0.0, 0.0, 0.0, 0.0, 1.0, 1.0, 1.0, 0.0, 0.0, 0.0, 1.0, 0.0, 1.0, 1.0, 1.0, 1.0, 0.0, 0.0, 0.0, 0.0, 0.0, 0.0, 0.0, 0.0, 0.0, 0.0, 0.0, 0.0, 0.0, 0.0, 1.0, 1.0, 0.0, 0.0, 0.0, 0.0, 1.0, 1.0, 1.0, 1.0, 1.0, 0.0, 0.0, 1.0]",-295.2442605392121,597.0338707387587,-482.430437669722,964.860875339444,1.44269404045901,-15.276340039076123,33.73073390850019,1.2846122460949685,-433.45128860920846,873.4479268787513,False,False,False,True,False,0.75,0.5,0.7083333333333334,0.875,0.7083333333333334,0.875,0.6666666666666666,0.625,0.625,0.875,0.6666666666666666,0.625,"Z.atmost(lambda x1: Z.greater(x1,1,'size'),1,X)","Z.exists(lambda x1: Z.exists(lambda x2: Z.and_operator(Z.and_operator(Z.equal(x1,'blue','colour'),Z.greater(x1,x2,'size')), Z.not_operator(Z.hor_operator(x1,x2,'contact'))),X),X)","Z.forall(lambda x1: Z.equal(x1,'blue','colour'),X)","Z.exists(lambda x1: Z.exists(lambda x2: Z.and_operator(Z.and_operator(Z.equal(x1,'blue','colour'),Z.greater(x1,x2,'size')), Z.not_operator(Z.hor_operator(x1,x2,'contact'))),X),X)",0.5,0.625,0.875,0.625,0.875,0.7083333333333334,0.6982758620689655,0.6867816091954023,0.6954022988505747,0.6925287356321839,5.241379310344827,0,0,0,0,0,0
37,46,86,GBOn7umXUg,KQ-7jJWvGKznfX5_AAA0,Iota,one is blue,"[False, False, False, False, False, False, False, True]","[False, False, False, False, False, False, False, True]",0.375,0.375,two objects of the same size are touching,"[['x1'],['x1','x2']]","Z.exists(lambda x1: Z.exists(lambda x2: Z.and_operator(Z.equal(x1,x2,'size'),Z.hor_operator(x1,x2,'contact')),X),X)",two objects of the same size touch,"[{'ids': [0, 1, 2], 'colours': ['blue', 'green', 'red'], 'sizes': [2, 1, 3], 'xpos': [2.2808834230404513, 6.769544469766659, 3.3726634746813757], 'ypos': [4.110743083024152, 4.111666666666668, 3.6985054981394128], 'rotations': [3.1392836879710746, 3.1415926535897927, 2.16904669869032], 'orientations': ['upright', 'upright', 'strange'], 'contact': [[0, 2], [1], [2, 0]], 'grounded': ['yes', 'yes', 'yes'], 'follow_rule': True}, {'ids': [0, 1, 2], 'colours': ['blue', 'green', 'green'], 'sizes': [2, 2, 1], 'xpos': [3.7422779145841725, 3.1413223447956615, 7.505394554877059], 'ypos': [3.233906762560586, 3.7317335845753052, 3.8304615520841168], 'rotations': [5.721706082802469, 5.048722958335457, 7.497890319009801], 'orientations': ['strange', 'rhs', 'lhs'], 'contact': [[0, 1], [1, 0], [2]], 'grounded': ['yes', 'yes', 'yes'], 'follow_rule': True}, {'ids': [0, 1, 2, 3], 'colours': ['red', 'green', 'blue', 'blue'], 'sizes': [3, 3, 1, 2], 'xpos': [7.433910144593388, 5.868657437427833, 0.6514085479110296, 2.5412454976662153], 'ypos': [4.107303655927028, 3.625375707365751, 3.8298043473652523, 4.107386396903815], 'rotations': [3.1401721925510264, 4.477653098386629, 1.2141958403018434, 3.140713771018404], 'orientations': ['upright', 'strange', 'lhs', 'upright'], 'contact': [[0, 1], [1, 0], [2], [3]], 'grounded': ['yes', 'yes', 'yes', 'yes'], 'follow_rule': False}, {'ids': [0, 1], 'colours': ['red', 'red'], 'sizes': [3, 3], 'xpos': [0.5093940171212172, 1.992993519116144], 'ypos': [4.107253833469981, 3.637436405314204], 'rotations': [3.1406527600607785, 1.912891569842128], 'orientations': ['upright', 'strange'], 'contact': [[0, 1], [1, 0]], 'grounded': ['yes', 'yes'], 'follow_rule': False}, {'ids': [0, 1], 'colours': ['green', 'blue'], 'sizes': [2, 2], 'xpos': [7.534969916222687, 6.200635718020831], 'ypos': [4.110054173733009, 3.7297474144251046], 'rotations': [3.1447035049533243, 5.050963677469669], 'orientations': ['upright', 'rhs'], 'contact': [[0, 1], [1, 0]], 'grounded': ['yes', 'yes'], 'follow_rule': True}, {'ids': [0, 1], 'colours': ['green', 'red'], 'sizes': [2, 2], 'xpos': [7.002915859313287, 7.1002013275254905], 'ypos': [3.6444256459971176, 4.00384547681236], 'rotations': [5.147972109289761, 2.8749670356008665], 'orientations': ['rhs', 'upright'], 'contact': [[0, 1], [1, 0]], 'grounded': ['yes', 'yes'], 'follow_rule': False}, {'ids': [0, 1], 'colours': ['blue', 'red'], 'sizes': [2, 2], 'xpos': [1.3520231880472462, 0.9649297491750556], 'ypos': [3.632259913908376, 3.732420804720814], 'rotations': [1.2322538106857246, 1.2323178969156288], 'orientations': ['lhs', 'lhs'], 'contact': [[0, 1], [1, 0]], 'grounded': ['no', 'yes'], 'follow_rule': True}, {'ids': [0, 1], 'colours': ['blue', 'red'], 'sizes': [1, 1], 'xpos': [7.307466803938221, 7.351662908770983], 'ypos': [3.7762009291785903, 4.029290207228556], 'rotations': [5.1629442589728, 2.8781053809652577], 'orientations': ['rhs', 'upright'], 'contact': [[0, 1], [1, 0]], 'grounded': ['yes', 'yes'], 'follow_rule': True}, {'ids': [0, 1, 2, 3, 4], 'colours': ['red', 'green', 'red', 'blue', 'green'], 'sizes': [3, 1, 1, 2, 3], 'xpos': [5.12691938557365, 5.11503131679493, 4.23727953775697, 6.19519140108846, 3.42148978150856], 'ypos': [4.16166666682932, 3.21450769513128, 4.15833270210236, 3.780270212316, 4.15777826181353], 'rotations': [3.14159265356107, 3.17396503839037, 3.13596899439433, 5.0484168782327, 3.14163950292034], 'contact': [[0, 1], [1, 0], 2, 3, 4], 'grounded': ['yes', 'no', 'yes', 'yes', 'yes']}, {'ids': [0, 1, 2, 3], 'colours': ['green', 'green', 'red', 'blue'], 'sizes': [1, 3, 1, 2], 'xpos': [1.95640316882102, 3.82119006463636, 5.49466900932729, 4.94512429018313], 'ypos': [4.1575463669092, 3.68793264237984, 3.88075060909874, 3.82370041726639], 'rotations': [3.14042586215534, 5.03796059957422, 5.07099533912214, 4.13396592888911], 'contact': [0, 1, [2, 3], [3, 2]], 'grounded': ['yes', 'yes', 'yes', 'yes']}, {'ids': [0, 1, 2, 3, 4], 'colours': ['red', 'blue', 'red', 'green', 'green'], 'sizes': [3, 1, 2, 2, 1], 'xpos': [6.01871423256697, 2.01992789098242, 4.13597794449854, 0.774406281828649, 4.80555851531279], 'ypos': [3.68393205570556, 4.15898574652681, 4.15794140291817, 3.77979942907755, 3.98725786368743], 'rotations': [1.24414891831718, 3.14156263599238, 3.14292046357041, 5.04964608195148, 2.53998237313469], 'contact': [[0, 4], 1, 2, 3, [4, 0]], 'grounded': ['yes', 'yes', 'yes', 'yes', 'yes']}, {'ids': [0, 1], 'colours': ['blue', 'green'], 'sizes': [1, 2], 'xpos': [1.67047327443096, 4.46813203908946], 'ypos': [4.15694705663294, 4.15819949787589], 'rotations': [3.14214596161258, 3.14225319301416], 'contact': [{'V1': 0, 'V2': 1}], 'grounded': ['yes', 'yes']}, {'ids': [0, 1, 2, 3, 4], 'colours': ['blue', 'blue', 'red', 'blue', 'red'], 'sizes': [1, 1, 3, 2, 3], 'xpos': [2.9749447690173, 1.59038636414738, 1.89943344290003, 0.742265142690783, 5.82945571924824], 'ypos': [4.14706432996679, 4.15682792868204, 3.68436535365509, 3.87793736870491, 4.15825788448378], 'rotations': [3.19018443917557, 3.14127258207092, 4.38185242264156, 2.36758036264438, 3.14223131257379], 'contact': [[0, 2], 1, [2, 0], 3, 4], 'grounded': ['yes', 'yes', 'yes', 'yes', 'yes']}, {'ids': [0, 1, 2, 3, 4], 'colours': ['blue', 'blue', 'red', 'red', 'blue'], 'sizes': [1, 1, 2, 3, 2], 'xpos': [3.86710801315826, 0.780465760873674, 4.72248955423569, 3.06295468416754, 7.04671297081929], 'ypos': [4.1448491118357, 4.15796013032216, 4.15793209798963, 3.75002575259372, 4.15761808534214], 'rotations': [3.19364501547634, 3.14186836777695, 3.13970081999877, 4.09252896570911, 3.14406240189392], 'contact': [[0, 3], 1, 2, [3, 0], 4], 'grounded': ['yes', 'yes', 'yes', 'yes', 'yes']}, {'ids': [0, 1, 2, 3], 'colours': ['blue', 'green', 'blue', 'red'], 'sizes': [1, 2, 1, 3], 'xpos': [0.414928997162714, 1.7723984589512, 5.75738502777065, 6.08770777718876], 'ypos': [4.15743978227501, 4.15711897749998, 3.88075060909862, 3.89628768750355], 'rotations': [3.14447951863788, 3.14010156096646, 5.07099533912207, 3.69409526653564], 'contact': [0, 1, [2, 3], [3, 2]], 'grounded': ['yes', 'yes', 'yes', 'yes']}, {'ids': [0, 1, 2, 3, 4], 'colours': ['green', 'red', 'green', 'green', 'red'], 'sizes': [2, 2, 3, 3, 2], 'xpos': [1.30426887924571, 1.8868098606311, 6.83333126813548, 2.79429839111229, 3.83407517131883], 'ypos': [3.78000391300947, 4.15881602818333, 3.73307814239637, 4.15736329550291, 4.15804254736289], 'rotations': [1.23253748876037, 3.14240000646429, 4.1567939442383, 3.14166932108615, 3.1439673324419], 'contact': [0, [1, 3], 2, [3, 1], 4], 'grounded': ['yes', 'yes', 'yes', 'yes', 'yes']}]","[True, True, True, False, False, False, True, False]","[False, False, False, True, True, True, False, False]","[False, False, False, False, False, False, False, True]","[True, True, True, False, False, False, True, False]","[False, False, False, False, False, False, False, True]","[True, True, True, True, True, True, True, True]","[False, False, False, False, False, False, False, False]","[False, False, False, False, False, False, False, False]",-0.375,0.0,0.0,0.375,0.375,1.0,0.25,0.375,0.125,0.0,0.0,-0.375,0.625,0.0,341.9820487500254,-5.5481101251062706,-5.545177444479562,13.175661791892377,11.090354888959125,98.67117919748081,-16.63584046682682,-16.635532333438686,36.44973476400159,33.27106466687737,1.0502311195665048,"[1.0, 1.0, 1.0, 1.0, 1.0, 0.0, 1.0, 0.0, 1.0, 1.0, 1.0, 1.0, 1.0, 1.0, 1.0, 0.0135, 0.9530000000000001, 0.092, 0.5895, 0.5895, 1.0, 0.0, 0.0, 0.861, 1.0, 1.0, 1.0, 0.2925, 0.999, 0.999, 1.0, 0.7155, 0.0, 0.0, 1.0, 0.0, 0.0, 0.0, 1.0, 0.0, 0.0, 0.0, 1.0, 0.0, 0.0, 0.0, 1.0, 0.0, 1.0, 1.0, 1.0, 1.0, 0.0, 0.0, 0.0, 0.0, 1.0, 1.0, 1.0, 1.0, 0.935, 0.935, 0.935, 0.935, 1.0, 1.0, 1.0, 1.0, 0.0, 1.0, 0.0, 0.0, 0.0, 1.0, 1.0, 1.0, 1.0, 1.0, 1.0, 1.0, 1.0, 1.0, 1.0, 1.0, 0.0935, 0.0935, 0.0935, 0.0935, 1.0, 1.0, 1.0, 1.0, 1.0, 1.0, 1.0, 1.0, 1.0, 1.0, 1.0, 1.0, 1.0, 1.0, 1.0, 0.013000000000000001, 1.0, 1.0, 0.998, 1.0, 1.0, 0.002, 0.998, 0.002, 1.0, 1.0, 1.0, 1.0, 1.0, 1.0, 1.0, 0.0, 0.973, 1.0, 0.9530000000000001, 1.0, 0.8925000000000001, 0.9195, 0.17400000000000002, 0.201, 1.0, 1.0, 1.0, 1.0, 0.0, 0.0, 0.0, 0.0, 1.0, 1.0, 1.0, 0.24, 1.0, 1.0, 0.968, 1.0, 0.653, 0.653, 0.653, 1.0, 0.2535, 0.2535, 0.7035, 0.10300000000000001, 1.0, 1.0, 1.0, 1.0, 0.0, 1.0, 0.0, 0.0, 1.0, 1.0, 1.0, 0.012, 0.988, 0.988, 1.0, 1.0, 1.0, 0.0, 1.0, 1.0, 1.0, 0.0, 0.0, 1.0, 0.0, 0.0, 0.0, 1.0, 1.0, 0.0, 0.0, 0.0, 1.0, 1.0, 1.0, 1.0, 0.0, 0.0, 0.0, 0.0, 1.0, 1.0, 1.0, 1.0, 0.0, 0.0, 0.0, 0.0, 1.0, 1.0, 1.0, 1.0, 1.0, 1.0, 0.841, 1.0, 1.0, 1.0, 1.0, 1.0, 0.0, 0.0, 0.0, 0.0, 1.0, 1.0, 1.0, 1.0, 1.0, 1.0, 1.0, 0.0, 0.197, 0.0, 0.85, 0.653, 0.803, 0.0, 0.0, 0.0, 0.8525, 0.847, 0.9935, 0.847, 0.28300000000000003, 0.4305, 0.426, 0.426, 1.0, 1.0, 1.0, 1.0, 1.0, 1.0, 1.0, 0.0, 0.798, 1.0, 0.7995, 0.7995, 0.0275, 0.029, 0.2265, 0.1975, 1.0, 1.0, 1.0, 1.0, 0.0, 0.0, 0.0, 0.0, 0.862, 0.854, 0.8595, 0.8955000000000001, 0.045, 0.0005, 0.8695, 0.8505, 1.0, 1.0, 1.0, 0.022, 1.0, 1.0, 1.0, 0.978, 0.28400000000000003, 0.0145, 0.1885, 0.0275, 0.2755, 0.0, 0.0015, 0.013000000000000001, 0.0, 0.0, 0.0, 1.0, 1.0, 0.0, 0.0, 0.0, 1.0, 1.0, 1.0, 1.0, 0.0, 0.0, 0.0, 0.0, 1.0, 1.0, 1.0, 1.0, 1.0, 0.0, 1.0, 0.0, 1.0, 1.0, 1.0, 1.0, 1.0, 1.0, 1.0, 0.0, 1.0, 1.0, 1.0, 0.728, 0.8265, 0.5545, 0.5545, 0.8265, 1.0, 1.0, 1.0, 1.0, 1.0, 1.0, 1.0, 1.0, 1.0, 1.0, 1.0, 0.8715, 0.9365, 0.8695, 0.8695, 0.9365, 0.229, 0.229, 0.229, 0.229, 0.801, 0.03, 0.03, 0.801, 0.0, 0.0, 0.0, 1.0, 1.0, 0.0, 0.0, 0.0, 0.108, 0.114, 0.2315, 0.108, 0.114, 0.07050000000000001, 0.0495, 0.006, 1.0, 1.0, 1.0, 1.0, 0.0, 0.0, 0.0, 0.0, 0.8955000000000001, 0.895, 0.0115, 0.0, 0.883, 0.0, 0.0, 0.0, 1.0, 1.0, 1.0, 1.0, 0.0, 0.0, 0.0, 0.0, 0.902, 0.902, 0.902, 0.678, 0.88, 0.88, 0.902, 0.807, 1.0, 1.0, 1.0, 1.0, 0.0, 0.0, 0.0, 0.0, 1.0, 1.0, 1.0, 1.0, 1.0, 1.0, 1.0, 0.0, 1.0, 1.0, 1.0, 1.0, 0.0, 0.0, 0.0, 0.0, 1.0, 1.0, 1.0, 1.0, 0.008, 0.008, 0.008, 0.008, 1.0, 1.0, 1.0, 1.0, 1.0, 1.0, 1.0, 0.0, 1.0, 1.0, 1.0, 1.0, 1.0, 1.0, 0.6980000000000001, 1.0, 1.0, 1.0, 1.0, 1.0, 0.0, 0.0, 0.0, 0.0, 1.0, 1.0, 1.0, 1.0, 1.0, 1.0, 1.0, 0.0, 0.9530000000000001, 0.9530000000000001, 0.9530000000000001, 1.0, 1.0, 1.0, 0.641, 0.9530000000000001, 1.0, 1.0, 1.0, 1.0, 0.0, 0.0, 0.0, 0.0, 1.0, 1.0, 1.0, 1.0, 1.0, 1.0, 1.0, 1.0, 1.0, 1.0, 1.0, 1.0, 0.0, 0.0, 0.0, 0.0, 1.0, 1.0, 1.0, 1.0, 1.0, 1.0, 1.0, 1.0, 1.0, 1.0, 1.0, 1.0, 0.021500000000000002, 0.021500000000000002, 0.021500000000000002, 0.021500000000000002, 0.021500000000000002, 0.003, 0.02, 0.0095, 0.0095, 0.964, 0.9555, 0.0095, 1.0, 1.0, 1.0, 1.0, 1.0, 1.0, 1.0, 1.0, 1.0, 1.0, 1.0, 1.0, 0.0, 0.0, 0.0, 0.0, 1.0, 1.0, 1.0, 1.0, 0.0, 0.0, 1.0, 1.0, 1.0, 0.873, 0.198, 0.198, 1.0, 1.0, 0.6905, 1.0, 1.0, 1.0, 1.0, 1.0, 1.0, 1.0, 1.0, 0.0, 1.0, 0.999, 0.999, 1.0, 0.0025, 0.0025, 0.0025, 0.0025, 1.0, 1.0, 1.0, 1.0, 1.0, 0.686, 0.314, 0.0, 1.0, 1.0, 1.0, 1.0, 0.524, 0.524, 1.0, 0.47600000000000003, 1.0, 1.0, 1.0, 1.0, 0.008, 0.008, 0.008, 0.008, 0.9935, 0.9935, 0.9775, 0.9935, 0.9935, 0.0225, 0.988, 0.017, 1.0, 1.0, 1.0, 1.0, 0.0725, 0.0725, 0.0725, 0.0725, 0.041, 1.0, 1.0, 0.9590000000000001, 0.041, 0.9590000000000001, 1.0, 0.0, 0.7435, 0.9835, 0.7425, 0.986, 0.7435, 0.7435, 0.256, 0.987, 1.0, 0.005, 1.0, 1.0, 1.0, 0.005, 0.005, 1.0, 1.0, 1.0, 1.0, 1.0, 1.0, 1.0, 1.0, 0.0, 1.0, 1.0, 1.0, 1.0, 0.0, 0.0, 0.0, 0.0, 1.0, 1.0, 1.0, 1.0, 0.0, 0.0, 0.0, 0.0, 0.9705, 0.9705, 0.9145, 1.0, 0.8015, 0.8015, 0.9705, 0.7865, 1.0, 1.0, 1.0, 1.0, 0.0, 0.0, 0.0, 0.0, 1.0, 1.0, 1.0, 1.0, 0.0, 0.0, 0.0, 0.0, 1.0, 1.0, 1.0, 1.0, 0.0, 0.0, 0.0, 0.0, 1.0, 1.0, 1.0, 1.0, 1.0, 1.0, 1.0, 1.0]",-418.5875071169283,843.720363894191,-482.430437669722,964.860875339444,466.92293564246523,-5.549465393363201,13.178372328406239,1.9576164151818731,-15.877517715791857,34.93308926193166,0.6334250289943713,"[1.0, 1.0, 1.0, 1.0, 1.0, 0.0, 1.0, 0.0, 1.0, 1.0, 1.0, 1.0, 1.0, 1.0, 1.0, 0.0, 0.0, 0.0, 0.0, 0.0, 0.0, 0.0, 0.0, 0.0, 1.0, 1.0, 1.0, 0.0, 0.0, 0.0, 1.0, 0.0, 0.0, 0.0, 1.0, 1.0, 0.0, 1.0, 1.0, 1.0, 1.0, 1.0, 1.0, 1.0, 0.0, 0.0, 1.0, 1.0, 1.0, 1.0, 1.0, 1.0, 0.0, 0.0, 0.0, 0.0, 1.0, 1.0, 1.0, 1.0, 0.0, 0.0, 0.0, 0.0, 0.0, 0.0, 0.0, 0.0, 0.0, 1.0, 1.0, 0.0, 1.0, 1.0, 1.0, 1.0, 0.0, 0.0, 0.0, 0.0, 1.0, 1.0, 1.0, 1.0, 0.0, 0.0, 0.0, 0.0, 1.0, 1.0, 1.0, 1.0, 1.0, 1.0, 0.0, 1.0, 1.0, 1.0, 1.0, 1.0, 1.0, 1.0, 1.0, 0.0, 1.0, 1.0, 1.0, 1.0, 1.0, 0.0, 1.0, 0.0, 0.0, 1.0, 0.0, 0.0, 1.0, 1.0, 1.0, 0.0, 1.0, 1.0, 0.0, 1.0, 1.0, 0.0, 0.0, 0.0, 1.0, 1.0, 1.0, 0.0, 1.0, 1.0, 1.0, 1.0, 1.0, 1.0, 1.0, 1.0, 0.0, 0.0, 0.0, 0.0, 1.0, 1.0, 1.0, 0.0, 0.0, 0.0, 1.0, 0.0, 0.0, 0.0, 1.0, 0.0, 0.0, 0.0, 0.0, 0.0, 1.0, 1.0, 1.0, 0.0, 0.0, 0.0, 1.0, 0.0, 0.0, 0.0, 0.0, 1.0, 0.0, 0.0, 0.0, 0.0, 0.0, 0.0, 0.0, 1.0, 0.0, 0.0, 0.0, 0.0, 1.0, 1.0, 1.0, 1.0, 0.0, 0.0, 0.0, 0.0, 1.0, 1.0, 1.0, 0.0, 0.0, 0.0, 1.0, 0.0, 1.0, 1.0, 1.0, 1.0, 0.0, 0.0, 0.0, 0.0, 1.0, 1.0, 1.0, 1.0, 0.0, 0.0, 0.0, 0.0, 1.0, 1.0, 1.0, 1.0, 1.0, 1.0, 1.0, 0.0, 0.0, 0.0, 0.0, 0.0, 1.0, 0.0, 0.0, 0.0, 1.0, 1.0, 1.0, 1.0, 1.0, 1.0, 1.0, 1.0, 1.0, 1.0, 1.0, 1.0, 1.0, 1.0, 1.0, 0.0, 0.0, 0.0, 0.0, 0.0, 0.0, 0.0, 0.0, 0.0, 0.0, 1.0, 0.0, 1.0, 0.0, 1.0, 0.0, 1.0, 0.0, 0.0, 0.0, 1.0, 0.0, 0.0, 0.0, 0.0, 1.0, 1.0, 1.0, 0.0, 0.0, 0.0, 1.0, 0.0, 1.0, 1.0, 1.0, 1.0, 1.0, 0.0, 1.0, 0.0, 0.0, 1.0, 1.0, 1.0, 0.0, 0.0, 0.0, 0.0, 1.0, 1.0, 1.0, 0.0, 1.0, 1.0, 1.0, 1.0, 0.0, 1.0, 1.0, 1.0, 0.0, 0.0, 0.0, 0.0, 1.0, 1.0, 1.0, 1.0, 1.0, 1.0, 1.0, 0.0, 1.0, 1.0, 1.0, 1.0, 0.0, 0.0, 0.0, 0.0, 1.0, 1.0, 1.0, 1.0, 0.0, 0.0, 0.0, 0.0, 0.0, 1.0, 0.0, 0.0, 0.0, 0.0, 0.0, 0.0, 1.0, 1.0, 1.0, 1.0, 1.0, 0.0, 1.0, 1.0, 0.0, 0.0, 0.0, 0.0, 0.0, 1.0, 1.0, 0.0, 1.0, 1.0, 1.0, 1.0, 1.0, 0.0, 1.0, 0.0, 1.0, 1.0, 1.0, 1.0, 1.0, 0.0, 1.0, 1.0, 0.0, 0.0, 0.0, 0.0, 0.0, 1.0, 1.0, 0.0, 1.0, 0.0, 0.0, 1.0, 0.0, 0.0, 0.0, 0.0, 1.0, 1.0, 1.0, 0.0, 0.0, 0.0, 1.0, 0.0, 1.0, 1.0, 1.0, 0.0, 0.0, 0.0, 0.0, 0.0, 1.0, 1.0, 1.0, 1.0, 1.0, 1.0, 1.0, 0.0, 0.0, 0.0, 0.0, 0.0, 0.0, 0.0, 0.0, 0.0, 1.0, 0.0, 1.0, 0.0, 0.0, 0.0, 0.0, 0.0, 1.0, 1.0, 1.0, 1.0, 1.0, 1.0, 1.0, 0.0, 1.0, 1.0, 1.0, 1.0, 1.0, 1.0, 0.0, 1.0, 1.0, 1.0, 1.0, 1.0, 0.0, 0.0, 0.0, 0.0, 1.0, 1.0, 1.0, 1.0, 1.0, 1.0, 1.0, 0.0, 0.0, 1.0, 1.0, 1.0, 0.0, 0.0, 0.0, 0.0, 1.0, 1.0, 1.0, 1.0, 0.0, 0.0, 0.0, 0.0, 1.0, 0.0, 1.0, 0.0, 0.0, 0.0, 0.0, 0.0, 1.0, 1.0, 1.0, 1.0, 1.0, 0.0, 1.0, 0.0, 1.0, 1.0, 1.0, 0.0, 1.0, 1.0, 0.0, 1.0, 1.0, 1.0, 1.0, 1.0, 0.0, 0.0, 0.0, 0.0, 0.0, 0.0, 0.0, 0.0, 0.0, 1.0, 0.0, 0.0, 1.0, 1.0, 1.0, 1.0, 0.0, 0.0, 0.0, 0.0, 0.0, 0.0, 0.0, 0.0, 0.0, 0.0, 0.0, 0.0, 1.0, 0.0, 1.0, 0.0, 0.0, 0.0, 0.0, 0.0, 1.0, 1.0, 0.0, 0.0, 1.0, 1.0, 1.0, 1.0, 1.0, 1.0, 1.0, 1.0, 1.0, 1.0, 1.0, 1.0, 1.0, 1.0, 1.0, 1.0, 1.0, 0.0, 1.0, 1.0, 0.0, 1.0, 0.0, 1.0, 0.0, 1.0, 0.0, 0.0, 1.0, 1.0, 1.0, 1.0, 0.0, 0.0, 1.0, 0.0, 1.0, 1.0, 1.0, 1.0, 0.0, 0.0, 0.0, 0.0, 0.0, 0.0, 0.0, 1.0, 0.0, 0.0, 0.0, 0.0, 1.0, 1.0, 1.0, 1.0, 0.0, 0.0, 0.0, 0.0, 0.0, 1.0, 1.0, 1.0, 0.0, 1.0, 1.0, 0.0, 1.0, 1.0, 1.0, 1.0, 0.0, 0.0, 0.0, 0.0, 1.0, 0.0, 1.0, 1.0, 1.0, 0.0, 0.0, 1.0, 1.0, 1.0, 1.0, 1.0, 1.0, 1.0, 1.0, 0.0, 0.0, 1.0, 1.0, 1.0, 1.0, 1.0, 0.0, 0.0, 1.0, 1.0, 1.0, 1.0, 0.0, 0.0, 0.0, 0.0, 1.0, 1.0, 1.0, 0.0, 0.0, 0.0, 1.0, 0.0, 1.0, 1.0, 1.0, 1.0, 0.0, 0.0, 0.0, 0.0, 0.0, 0.0, 0.0, 0.0, 0.0, 0.0, 0.0, 0.0, 0.0, 1.0, 0.0, 1.0, 0.0, 1.0, 1.0, 0.0, 1.0, 1.0, 1.0, 1.0, 1.0, 0.0, 0.0, 1.0]",-318.3726801373107,643.2907099349558,466.92293564246523,-5.549465393363201,-5.545177444479562,13.178372328406239,11.090354888959125,1.9576164151818731,-15.877517715791857,-16.635532333438686,34.93308926193166,33.27106466687737,0.6173530694834558,"[1.0, 1.0, 1.0, 1.0, 1.0, 0.0, 1.0, 0.0, 1.0, 1.0, 1.0, 1.0, 1.0, 1.0, 1.0, 0.0, 0.0, 0.0, 0.0, 0.0, 0.0, 0.0, 0.0, 0.0, 1.0, 1.0, 1.0, 0.0, 0.0, 0.0, 1.0, 0.0, 0.0, 0.0, 1.0, 1.0, 0.0, 1.0, 1.0, 1.0, 0.0, 0.0, 0.0, 0.0, 0.0, 0.0, 0.0, 0.0, 1.0, 1.0, 1.0, 1.0, 0.0, 0.0, 0.0, 0.0, 1.0, 1.0, 1.0, 1.0, 0.0, 0.0, 0.0, 0.0, 0.0, 0.0, 0.0, 0.0, 0.0, 1.0, 1.0, 0.0, 0.0, 0.0, 0.0, 1.0, 0.0, 0.0, 0.0, 0.0, 1.0, 1.0, 1.0, 1.0, 0.0, 0.0, 0.0, 0.0, 0.0, 0.0, 0.0, 0.0, 1.0, 1.0, 0.0, 1.0, 1.0, 1.0, 1.0, 1.0, 1.0, 1.0, 1.0, 0.0, 1.0, 1.0, 1.0, 1.0, 1.0, 0.0, 1.0, 0.0, 0.0, 1.0, 0.0, 0.0, 1.0, 1.0, 1.0, 0.0, 1.0, 1.0, 0.0, 1.0, 1.0, 0.0, 0.0, 0.0, 1.0, 1.0, 1.0, 0.0, 1.0, 1.0, 1.0, 1.0, 1.0, 1.0, 1.0, 1.0, 0.0, 0.0, 0.0, 0.0, 1.0, 1.0, 1.0, 0.0, 0.0, 0.0, 1.0, 0.0, 0.0, 0.0, 1.0, 0.0, 0.0, 0.0, 0.0, 0.0, 1.0, 1.0, 1.0, 0.0, 0.0, 0.0, 1.0, 0.0, 0.0, 0.0, 0.0, 1.0, 0.0, 0.0, 0.0, 0.0, 0.0, 0.0, 0.0, 1.0, 0.0, 0.0, 0.0, 0.0, 1.0, 1.0, 1.0, 1.0, 0.0, 0.0, 0.0, 0.0, 1.0, 1.0, 1.0, 0.0, 0.0, 0.0, 1.0, 0.0, 1.0, 1.0, 1.0, 1.0, 0.0, 0.0, 0.0, 0.0, 1.0, 1.0, 1.0, 1.0, 0.0, 0.0, 0.0, 0.0, 1.0, 1.0, 1.0, 1.0, 1.0, 1.0, 1.0, 0.0, 0.0, 0.0, 0.0, 0.0, 1.0, 0.0, 0.0, 0.0, 1.0, 1.0, 1.0, 1.0, 1.0, 1.0, 1.0, 1.0, 1.0, 1.0, 1.0, 1.0, 1.0, 1.0, 1.0, 0.0, 0.0, 0.0, 0.0, 0.0, 0.0, 0.0, 0.0, 0.0, 0.0, 1.0, 0.0, 1.0, 0.0, 1.0, 0.0, 1.0, 0.0, 0.0, 0.0, 1.0, 0.0, 0.0, 0.0, 0.0, 1.0, 1.0, 1.0, 0.0, 0.0, 0.0, 1.0, 0.0, 1.0, 1.0, 1.0, 1.0, 1.0, 0.0, 1.0, 0.0, 0.0, 1.0, 1.0, 1.0, 0.0, 0.0, 0.0, 0.0, 1.0, 1.0, 1.0, 0.0, 1.0, 1.0, 1.0, 1.0, 0.0, 1.0, 1.0, 1.0, 0.0, 0.0, 0.0, 0.0, 1.0, 1.0, 1.0, 1.0, 1.0, 1.0, 1.0, 0.0, 1.0, 1.0, 1.0, 1.0, 0.0, 0.0, 0.0, 0.0, 1.0, 1.0, 1.0, 1.0, 0.0, 0.0, 0.0, 0.0, 0.0, 1.0, 0.0, 0.0, 0.0, 0.0, 0.0, 0.0, 0.0, 0.0, 0.0, 0.0, 0.0, 0.0, 0.0, 0.0, 1.0, 0.0, 1.0, 1.0, 1.0, 0.0, 0.0, 1.0, 1.0, 1.0, 1.0, 1.0, 1.0, 0.0, 1.0, 0.0, 1.0, 1.0, 1.0, 1.0, 1.0, 0.0, 1.0, 1.0, 0.0, 0.0, 0.0, 0.0, 0.0, 1.0, 1.0, 0.0, 1.0, 0.0, 0.0, 1.0, 0.0, 0.0, 0.0, 0.0, 1.0, 1.0, 1.0, 0.0, 0.0, 0.0, 1.0, 0.0, 1.0, 1.0, 1.0, 0.0, 0.0, 0.0, 0.0, 0.0, 1.0, 1.0, 1.0, 1.0, 1.0, 1.0, 1.0, 0.0, 0.0, 0.0, 0.0, 0.0, 0.0, 0.0, 0.0, 0.0, 1.0, 0.0, 1.0, 0.0, 0.0, 0.0, 0.0, 0.0, 1.0, 1.0, 1.0, 1.0, 1.0, 1.0, 1.0, 0.0, 1.0, 1.0, 1.0, 1.0, 1.0, 1.0, 0.0, 1.0, 1.0, 1.0, 1.0, 1.0, 0.0, 0.0, 0.0, 0.0, 1.0, 1.0, 1.0, 1.0, 1.0, 1.0, 1.0, 0.0, 0.0, 1.0, 1.0, 1.0, 0.0, 0.0, 0.0, 0.0, 1.0, 1.0, 1.0, 1.0, 0.0, 0.0, 0.0, 0.0, 1.0, 0.0, 1.0, 0.0, 0.0, 0.0, 0.0, 0.0, 1.0, 1.0, 1.0, 1.0, 1.0, 0.0, 1.0, 0.0, 1.0, 1.0, 1.0, 0.0, 1.0, 1.0, 0.0, 1.0, 1.0, 1.0, 1.0, 1.0, 0.0, 0.0, 0.0, 0.0, 0.0, 0.0, 0.0, 0.0, 0.0, 1.0, 0.0, 0.0, 1.0, 1.0, 1.0, 1.0, 0.0, 0.0, 0.0, 0.0, 0.0, 0.0, 0.0, 0.0, 0.0, 0.0, 0.0, 0.0, 1.0, 0.0, 1.0, 0.0, 0.0, 0.0, 0.0, 0.0, 1.0, 1.0, 0.0, 0.0, 1.0, 1.0, 1.0, 1.0, 1.0, 1.0, 1.0, 1.0, 1.0, 1.0, 1.0, 1.0, 1.0, 1.0, 1.0, 1.0, 1.0, 0.0, 1.0, 1.0, 0.0, 1.0, 0.0, 1.0, 0.0, 1.0, 0.0, 0.0, 1.0, 1.0, 1.0, 1.0, 0.0, 0.0, 1.0, 0.0, 1.0, 1.0, 1.0, 1.0, 0.0, 0.0, 0.0, 0.0, 0.0, 0.0, 0.0, 1.0, 0.0, 0.0, 0.0, 0.0, 1.0, 1.0, 1.0, 1.0, 0.0, 0.0, 0.0, 0.0, 0.0, 1.0, 1.0, 1.0, 0.0, 1.0, 1.0, 0.0, 1.0, 1.0, 1.0, 1.0, 0.0, 0.0, 0.0, 0.0, 1.0, 0.0, 1.0, 1.0, 1.0, 0.0, 0.0, 1.0, 1.0, 1.0, 1.0, 1.0, 1.0, 1.0, 1.0, 0.0, 0.0, 0.0, 1.0, 0.0, 0.0, 1.0, 0.0, 0.0, 1.0, 1.0, 1.0, 1.0, 0.0, 0.0, 0.0, 0.0, 1.0, 1.0, 1.0, 0.0, 0.0, 0.0, 1.0, 0.0, 1.0, 1.0, 1.0, 1.0, 0.0, 0.0, 0.0, 0.0, 0.0, 0.0, 0.0, 0.0, 0.0, 0.0, 0.0, 0.0, 0.0, 1.0, 0.0, 1.0, 0.0, 1.0, 1.0, 0.0, 1.0, 1.0, 1.0, 1.0, 1.0, 0.0, 0.0, 1.0]",-311.9759791000219,630.4973078603782,-482.430437669722,964.860875339444,344.5517794362358,-5.5480968836793645,-5.545177444479562,13.175635309038565,11.090354888959125,1.2514964733350078,-14.93274352152087,-16.635532333438686,33.04354087338969,33.27106466687737,1.0908740239314543,"[0.0, 0.0, 1.0, 0.0, 0.0, 0.0, 0.0, 0.0, 1.0, 1.0, 1.0, 1.0, 0.877, 0.877, 0.877, 0.0, 1.0, 0.259, 1.0, 1.0, 0.8015, 0.0, 0.259, 1.0, 1.0, 1.0, 1.0, 1.0, 1.0, 1.0, 1.0, 0.0, 0.0, 0.0, 1.0, 0.0, 0.0, 0.0, 1.0, 0.0, 0.0, 0.0, 1.0, 0.0, 0.0, 0.0, 1.0, 0.0, 0.0, 0.0, 0.0, 0.0775, 0.0, 0.0, 0.1635, 0.47100000000000003, 1.0, 1.0, 1.0, 1.0, 0.0, 0.0, 0.0, 0.0, 0.0, 0.0, 0.0, 0.0, 0.0, 0.0, 0.0, 0.0, 1.0, 1.0, 1.0, 1.0, 1.0, 1.0, 1.0, 0.0, 1.0, 1.0, 1.0, 1.0, 0.0, 0.0, 0.0, 0.0, 0.0, 0.0, 0.0, 0.0, 0.0, 0.113, 0.113, 0.0, 0.0, 0.0, 0.0, 1.0, 0.0, 0.0, 0.0, 0.0, 1.0, 1.0, 1.0, 1.0, 0.0, 0.0, 0.0, 0.0, 0.9995, 1.0, 1.0, 0.663, 1.0, 1.0, 1.0, 0.353, 1.0, 1.0, 1.0, 1.0, 0.082, 0.082, 0.0, 0.0, 0.973, 1.0, 0.7655000000000001, 0.605, 0.973, 1.0, 1.0, 0.368, 0.0, 0.0, 1.0, 0.0, 1.0, 0.0, 1.0, 0.0, 1.0, 1.0, 1.0, 1.0, 0.0, 0.0, 1.0, 0.0, 1.0, 1.0, 1.0, 1.0, 0.0, 0.9465, 0.0, 0.0, 0.666, 1.0, 0.666, 0.666, 0.0, 0.0, 0.7975, 0.0, 0.0, 0.9430000000000001, 0.0, 1.0, 1.0, 0.0, 0.0, 0.0, 0.0, 1.0, 0.0, 0.0, 0.0, 0.0, 0.0, 0.0, 1.0, 1.0, 1.0, 1.0, 0.0, 0.0, 0.0, 0.0, 1.0, 1.0, 1.0, 1.0, 1.0, 1.0, 1.0, 0.0005, 1.0, 1.0, 1.0, 1.0, 1.0, 1.0, 0.0, 1.0, 1.0, 1.0, 1.0, 1.0, 0.0, 0.0, 0.0, 0.0, 1.0, 1.0, 1.0, 1.0, 1.0, 1.0, 1.0, 0.0, 1.0, 0.0, 1.0, 0.0, 0.0, 0.0, 0.0, 0.0, 0.0, 1.0, 0.0, 1.0, 0.0, 1.0, 0.0, 1.0, 1.0, 1.0, 1.0, 1.0, 1.0, 1.0, 1.0, 0.0, 1.0, 0.0, 1.0, 1.0, 1.0, 0.0, 0.0, 1.0, 1.0, 1.0, 1.0, 1.0, 1.0, 1.0, 1.0, 1.0, 0.0, 0.9580000000000001, 0.0, 0.0, 0.0, 0.0, 0.0045000000000000005, 0.0, 0.0, 0.0, 0.0, 0.0, 0.0, 0.0, 0.0, 1.0, 0.0, 0.0, 0.0005, 0.0, 0.0, 0.0, 0.0, 0.0, 0.0, 1.0, 0.0, 0.0, 0.0, 0.0, 0.0, 0.0, 1.0, 1.0, 1.0, 0.001, 0.001, 0.001, 1.0, 0.0, 0.0, 0.0, 0.6225, 0.0, 0.0, 0.0, 0.0, 0.0, 1.0, 1.0, 1.0, 1.0, 0.0, 0.0, 0.0, 0.0, 0.0, 0.0, 0.0, 0.0, 0.0, 0.0, 0.0, 0.0, 1.0, 1.0, 1.0, 1.0, 1.0, 1.0, 1.0, 0.0, 0.0, 0.0, 0.0, 1.0, 0.0, 0.0, 1.0, 0.0, 1.0, 1.0, 1.0, 1.0, 0.0, 0.0, 0.0, 0.0, 0.0, 1.0, 0.0, 0.0, 1.0, 0.0, 0.0, 1.0, 1.0, 1.0, 1.0, 1.0, 0.0, 0.0, 0.0, 0.0, 1.0, 1.0, 1.0, 1.0, 1.0, 0.0, 1.0, 1.0, 0.0, 0.0005, 0.0, 0.0, 0.0, 0.38, 0.0, 0.0, 1.0, 1.0, 1.0, 1.0, 0.0, 0.0, 0.0, 0.0, 1.0, 1.0, 1.0, 0.999, 1.0, 1.0, 1.0, 0.0195, 1.0, 1.0, 1.0, 1.0, 0.0, 0.0, 0.0, 0.0, 0.0, 0.6285000000000001, 0.0, 0.328, 0.0, 0.0, 0.6285000000000001, 0.0, 0.0, 0.0, 0.0, 0.0, 0.0, 0.0, 0.0, 1.0, 1.0, 1.0, 1.0, 1.0, 0.0, 0.0, 0.0, 0.0, 1.0, 1.0, 1.0, 1.0, 1.0, 1.0, 1.0, 0.0, 1.0, 1.0, 1.0, 1.0, 1.0, 1.0, 0.0375, 1.0, 1.0, 1.0, 1.0, 1.0, 0.0, 0.0, 0.0, 0.0, 1.0, 1.0, 1.0, 1.0, 1.0, 1.0, 1.0, 0.0, 1.0, 1.0, 1.0, 1.0, 1.0, 1.0, 0.0, 1.0, 1.0, 1.0, 1.0, 1.0, 0.0, 0.0, 0.0, 0.0, 1.0, 1.0, 1.0, 1.0, 1.0, 1.0, 1.0, 1.0, 0.0, 0.0, 0.4395, 0.0, 0.0, 0.0, 0.001, 1.0, 0.0, 0.0, 0.0, 0.0, 0.0, 0.0, 0.0, 0.0, 1.0, 1.0, 1.0, 0.0, 1.0, 0.0, 0.0, 1.0, 0.0, 0.0, 1.0, 1.0, 1.0, 0.0, 0.0, 0.0, 0.0, 0.0, 0.0, 0.0, 0.0, 0.0, 0.0, 0.0, 1.0, 1.0, 1.0, 1.0, 0.0, 0.0, 0.0, 0.0, 0.0, 0.0, 0.0, 0.0, 0.0, 1.0, 0.0, 0.0, 1.0, 1.0, 1.0, 1.0, 0.0, 0.4945, 0.0, 0.0, 1.0, 1.0, 1.0, 1.0, 0.0, 0.0, 1.0, 1.0, 1.0, 1.0, 1.0, 1.0, 0.0, 0.0, 0.0, 0.0, 1.0, 1.0, 1.0, 1.0, 1.0, 0.704, 0.296, 0.0, 1.0, 1.0, 1.0, 1.0, 0.0, 0.0, 1.0, 1.0, 1.0, 1.0, 1.0, 1.0, 0.0, 0.0, 0.0, 0.0, 0.006, 1.0, 0.006, 0.708, 0.298, 1.0, 0.298, 1.0, 1.0, 1.0, 1.0, 1.0, 0.0, 0.0, 0.0, 0.0, 1.0, 0.0, 1.0, 1.0, 1.0, 0.0, 0.0, 1.0, 0.0, 1.0, 1.0, 1.0, 0.0, 0.0, 0.0, 0.0, 1.0, 0.224, 1.0, 1.0, 0.776, 0.0, 0.224, 1.0, 1.0, 1.0, 1.0, 1.0, 0.0, 0.0, 0.0, 0.0, 1.0, 1.0, 0.0, 1.0, 1.0, 1.0, 0.0, 1.0, 1.0, 1.0, 1.0, 1.0, 0.0, 0.0, 0.0, 0.0, 1.0, 1.0, 1.0, 1.0, 1.0, 1.0, 1.0, 0.0, 1.0, 1.0, 1.0, 1.0, 0.0, 0.0, 0.0, 0.0, 0.0, 0.0, 0.0, 0.0, 0.0, 0.0, 0.0, 0.0, 1.0, 0.4865, 1.0, 1.0, 1.0, 0.0075, 0.4865, 1.0, 0.0225, 0.0, 0.0, 0.9775, 0.0, 0.0, 0.0, 0.0]",-419.18595103414617,844.9172517286268,-482.430437669722,964.860875339444,466.92293564246523,-5.549465393363201,-5.545177444479562,13.178372328406239,11.090354888959125,1.957615453825335,-15.877517715791583,-16.635532333438686,34.933089261931116,33.27106466687737,0.5787520451143159,"[1.0, 1.0, 1.0, 1.0, 1.0, 0.0, 1.0, 0.0, 1.0, 1.0, 1.0, 1.0, 1.0, 1.0, 1.0, 0.0, 0.0, 0.0, 0.0, 0.0, 0.0, 0.0, 0.0, 0.0, 1.0, 1.0, 1.0, 1.0, 0.0, 0.0, 1.0, 0.0, 0.0, 0.0, 0.0, 0.0, 0.0, 1.0, 0.0, 0.0, 0.0, 0.0, 0.0, 0.0, 0.0, 0.0, 0.0, 0.0, 1.0, 1.0, 1.0, 1.0, 0.0, 0.0, 0.0, 0.0, 1.0, 1.0, 1.0, 1.0, 0.0, 0.0, 0.0, 0.0, 0.0, 0.0, 0.0, 0.0, 0.0, 1.0, 1.0, 0.0, 1.0, 1.0, 1.0, 1.0, 0.0, 0.0, 0.0, 0.0, 1.0, 1.0, 1.0, 1.0, 0.0, 0.0, 0.0, 0.0, 0.0, 0.0, 0.0, 0.0, 0.0, 0.0, 0.0, 0.0, 1.0, 1.0, 1.0, 1.0, 1.0, 1.0, 1.0, 0.0, 1.0, 1.0, 1.0, 1.0, 1.0, 0.0, 1.0, 0.0, 0.0, 1.0, 0.0, 0.0, 1.0, 1.0, 1.0, 0.0, 1.0, 1.0, 0.0, 1.0, 1.0, 0.0, 0.0, 0.0, 1.0, 1.0, 1.0, 0.0, 1.0, 1.0, 1.0, 1.0, 1.0, 1.0, 1.0, 1.0, 0.0, 0.0, 0.0, 0.0, 1.0, 1.0, 1.0, 0.0, 0.0, 0.0, 1.0, 0.0, 0.0, 0.0, 1.0, 0.0, 0.0, 0.0, 0.0, 0.0, 1.0, 1.0, 1.0, 0.0, 0.0, 0.0, 1.0, 0.0, 0.0, 0.0, 0.0, 1.0, 0.0, 0.0, 0.0, 0.0, 0.0, 0.0, 0.0, 1.0, 0.0, 0.0, 0.0, 0.0, 1.0, 1.0, 1.0, 1.0, 0.0, 0.0, 0.0, 0.0, 1.0, 1.0, 1.0, 0.0, 0.0, 0.0, 1.0, 0.0, 1.0, 1.0, 1.0, 1.0, 0.0, 0.0, 0.0, 0.0, 1.0, 1.0, 1.0, 1.0, 0.0, 0.0, 0.0, 0.0, 1.0, 1.0, 1.0, 1.0, 1.0, 1.0, 1.0, 0.0, 0.0, 0.0, 0.0, 0.0, 1.0, 0.0, 0.0, 0.0, 1.0, 1.0, 1.0, 1.0, 1.0, 1.0, 1.0, 1.0, 1.0, 1.0, 1.0, 1.0, 1.0, 1.0, 1.0, 0.0, 0.0, 0.0, 0.0, 0.0, 0.0, 0.0, 0.0, 0.0, 0.0, 1.0, 0.0, 1.0, 0.0, 1.0, 0.0, 1.0, 0.0, 0.0, 0.0, 1.0, 0.0, 0.0, 0.0, 0.0, 1.0, 1.0, 1.0, 0.0, 0.0, 0.0, 1.0, 0.0, 0.0, 0.0, 1.0, 0.0, 0.0, 0.0, 0.0, 0.0, 0.0, 1.0, 1.0, 1.0, 0.0, 0.0, 0.0, 0.0, 1.0, 1.0, 1.0, 0.0, 1.0, 1.0, 1.0, 1.0, 0.0, 0.0, 1.0, 0.0, 0.0, 0.0, 0.0, 0.0, 1.0, 1.0, 1.0, 1.0, 1.0, 1.0, 1.0, 0.0, 1.0, 1.0, 1.0, 1.0, 0.0, 0.0, 0.0, 0.0, 1.0, 1.0, 1.0, 1.0, 0.0, 0.0, 0.0, 0.0, 0.0, 1.0, 0.0, 0.0, 0.0, 0.0, 0.0, 0.0, 0.0, 0.0, 0.0, 0.0, 0.0, 0.0, 0.0, 0.0, 0.0, 0.0, 0.0, 0.0, 0.0, 0.0, 0.0, 0.0, 1.0, 1.0, 0.0, 1.0, 1.0, 0.0, 1.0, 0.0, 1.0, 1.0, 1.0, 1.0, 1.0, 0.0, 1.0, 1.0, 0.0, 0.0, 0.0, 0.0, 0.0, 1.0, 1.0, 0.0, 1.0, 0.0, 0.0, 1.0, 0.0, 0.0, 0.0, 0.0, 1.0, 1.0, 1.0, 0.0, 0.0, 0.0, 1.0, 0.0, 1.0, 1.0, 1.0, 0.0, 0.0, 0.0, 0.0, 0.0, 1.0, 1.0, 1.0, 1.0, 1.0, 1.0, 1.0, 0.0, 0.0, 0.0, 0.0, 0.0, 0.0, 0.0, 0.0, 0.0, 1.0, 0.0, 1.0, 0.0, 0.0, 0.0, 0.0, 0.0, 1.0, 1.0, 1.0, 1.0, 1.0, 1.0, 1.0, 0.0, 1.0, 1.0, 1.0, 1.0, 1.0, 1.0, 0.0, 1.0, 1.0, 1.0, 1.0, 1.0, 0.0, 0.0, 0.0, 0.0, 1.0, 1.0, 1.0, 1.0, 1.0, 1.0, 1.0, 0.0, 0.0, 1.0, 1.0, 1.0, 0.0, 0.0, 0.0, 0.0, 1.0, 1.0, 1.0, 1.0, 0.0, 0.0, 0.0, 0.0, 1.0, 0.0, 1.0, 0.0, 0.0, 0.0, 0.0, 0.0, 1.0, 1.0, 1.0, 1.0, 1.0, 0.0, 1.0, 0.0, 1.0, 1.0, 1.0, 0.0, 1.0, 1.0, 0.0, 1.0, 1.0, 1.0, 1.0, 1.0, 0.0, 0.0, 0.0, 0.0, 0.0, 0.0, 0.0, 0.0, 0.0, 0.0, 0.0, 0.0, 1.0, 1.0, 1.0, 1.0, 0.0, 0.0, 0.0, 0.0, 0.0, 0.0, 0.0, 0.0, 0.0, 0.0, 0.0, 0.0, 0.0, 0.0, 0.0, 0.0, 0.0, 0.0, 0.0, 0.0, 1.0, 1.0, 0.0, 0.0, 1.0, 1.0, 1.0, 1.0, 1.0, 1.0, 1.0, 1.0, 1.0, 1.0, 1.0, 1.0, 1.0, 1.0, 1.0, 1.0, 1.0, 0.0, 1.0, 1.0, 0.0, 1.0, 0.0, 1.0, 0.0, 1.0, 0.0, 0.0, 1.0, 1.0, 1.0, 1.0, 0.0, 0.0, 1.0, 0.0, 1.0, 1.0, 1.0, 1.0, 0.0, 0.0, 0.0, 0.0, 0.0, 0.0, 0.0, 1.0, 0.0, 0.0, 0.0, 0.0, 1.0, 1.0, 1.0, 1.0, 0.0, 0.0, 0.0, 0.0, 0.0, 1.0, 1.0, 1.0, 0.0, 1.0, 1.0, 0.0, 1.0, 1.0, 1.0, 1.0, 0.0, 0.0, 0.0, 0.0, 1.0, 0.0, 1.0, 1.0, 1.0, 0.0, 0.0, 1.0, 1.0, 1.0, 1.0, 1.0, 1.0, 1.0, 1.0, 0.0, 0.0, 1.0, 1.0, 1.0, 1.0, 1.0, 0.0, 0.0, 1.0, 1.0, 1.0, 1.0, 0.0, 0.0, 0.0, 0.0, 1.0, 1.0, 1.0, 0.0, 0.0, 0.0, 1.0, 0.0, 1.0, 1.0, 1.0, 1.0, 0.0, 0.0, 0.0, 0.0, 0.0, 0.0, 0.0, 0.0, 0.0, 0.0, 0.0, 0.0, 0.0, 0.0, 1.0, 1.0, 0.0, 0.0, 0.0, 0.0, 1.0, 1.0, 1.0, 1.0, 1.0, 0.0, 0.0, 1.0]",-295.2442605392121,597.0338707387587,-482.430437669722,964.860875339444,1.44269404045901,-15.276340039076123,33.73073390850019,1.2846122460949685,-433.45128860920846,873.4479268787513,False,False,False,True,False,0.75,1.0,0.7083333333333334,0.375,0.7083333333333334,0.375,0.6666666666666666,0.75,0.625,0.375,0.6666666666666666,0.75,"Z.atmost(lambda x1: Z.equal(x1,'blue','colour'),1,X)","Z.exists(lambda x1: Z.exists(lambda x2: Z.and_operator(Z.equal(x1,x2,'size'),Z.hor_operator(x1,x2,'contact')),X),X)","Z.exists(lambda x1: Z.equal(x1,'rhs','orientation'),X)","Z.exists(lambda x1: Z.exists(lambda x2: Z.and_operator(Z.equal(x1,x2,'size'),Z.hor_operator(x1,x2,'contact')),X),X)",1.0,0.375,0.375,0.75,0.375,0.7083333333333334,0.6982758620689655,0.6867816091954023,0.6954022988505747,0.6925287356321839,5.241379310344827,0,0,0,0,0,0
38,47,89,GBOn7umXUg,KQ-7jJWvGKznfX5_AAA0,Upsilon,none are upright,"[False, True, False, False, False, False, False, False]","[False, True, False, False, False, False, False, False]",0.625,0.625,all object must be non-upright with at least 2 touching,"[['x1'],['x1','x2']]","Z.forall(lambda x1: Z.exists(lambda x2: Z.and_operator(Z.not_operator(Z.equal(x1,'upright','orientation')),Z.hor_operator(x1,x2,'contact')),X),X)",all object must be non-upright with at least 2 touching,"[{'ids': [0, 1, 2], 'colours': ['red', 'red', 'blue'], 'sizes': [3, 3, 1], 'xpos': [1.1125447187248123, 0.13454733568283128, 4.25004117022026], 'ypos': [3.8061169111085356, 3.313221001778061, 3.830750635683313], 'rotations': [3.79908333317542, 4.450244986941194, 1.2121899972139543], 'orientations': ['strange', 'strange', 'lhs'], 'contact': [[0, 1], [1, 0], [2]], 'grounded': ['yes', 'no', 'yes'], 'follow_rule': True}, {'ids': [0, 1, 2], 'colours': ['green', 'green', 'red'], 'sizes': [3, 3, 1], 'xpos': [0.5114063357301741, 0.989624283787506, 4.8346233317475935], 'ypos': [2.777777179255658, 3.160304886176172, 3.826707547670825], 'rotations': [-0.04596787764815221, 2.3488534726254744, 5.073582999552868], 'orientations': ['strange', 'strange', 'rhs'], 'contact': [[0, 1], [1, 0], [2]], 'grounded': ['yes', 'no', 'yes'], 'follow_rule': True}, {'ids': [0, 1, 2], 'colours': ['green', 'green', 'red'], 'sizes': [2, 2, 2], 'xpos': [7.434010779846828, 7.433523922763313, 1.0314151809321315], 'ypos': [4.110310106362116, 3.809460771661435, 3.731338633023431], 'rotations': [3.1399743795813952, 3.1399743795810764, 1.235642125734084], 'orientations': ['upright', 'upright', 'lhs'], 'contact': [[0, 1], [1, 0], [2]], 'grounded': ['yes', 'no', 'yes'], 'follow_rule': False}, {'ids': [0, 1, 2], 'colours': ['green', 'blue', 'green'], 'sizes': [3, 3, 1], 'xpos': [1.4639258647368498, 0.48005543562248165, 7.029487863796359], 'ypos': [3.6388885981074854, 3.587916073268394, 3.5528954186404538], 'rotations': [1.2458369864580132, 2.8146111118585284, 3.285368528341617], 'orientations': ['lhs', 'upright', 'upright'], 'contact': [[0, 1], [1, 0], [2]], 'grounded': ['yes', 'no', 'no'], 'follow_rule': False}, {'ids': [0, 1, 2], 'colours': ['red', 'green', 'blue'], 'sizes': [2, 2, 1], 'xpos': [3.0908901725619917, 1.7193225230615197, 5.955063151690625], 'ypos': [3.733995144990232, 3.721272794802666, 3.8272800328658403], 'rotations': [1.2350928794943323, 4.491947184849741, 1.2142274925779848], 'orientations': ['lhs', 'strange', 'lhs'], 'contact': [[0, 1], [1, 0], [2]], 'grounded': ['yes', 'yes', 'yes'], 'follow_rule': True}, {'ids': [0, 1, 2], 'colours': ['green', 'green', 'blue'], 'sizes': [1, 1, 1], 'xpos': [0.29819898099193665, 0.29814742286728324, 4.491023370662452], 'ypos': [4.043602817561911, 3.8168608260234844, 3.828198298234456], 'rotations': [2.921514152598737, 5.08777158960964, 5.070868501179396], 'orientations': ['upright', 'rhs', 'rhs'], 'contact': [[0, 1], [1, 0], [2]], 'grounded': ['yes', 'yes', 'yes'], 'follow_rule': False}, {'ids': [0, 1, 2], 'colours': ['green', 'green', 'blue'], 'sizes': [3, 3, 2], 'xpos': [0.5735363927952927, 0.57300977485759, 3.708254852998828], 'ypos': [3.7927259795832278, 4.107340304851273, 3.731804179402627], 'rotations': [3.1425512050848363, 3.1427936444331825, 5.0485892162081685], 'orientations': ['upright', 'upright', 'rhs'], 'contact': [[0, 1], [1, 0], [2]], 'grounded': ['no', 'yes', 'yes'], 'follow_rule': False}, {'ids': [0, 1, 2], 'colours': ['green', 'green', 'red'], 'sizes': [3, 3, 1], 'xpos': [5.93123065322802, 7.513402899166569, 1.6993046224782904], 'ypos': [3.637593461345919, 3.634433386648115, 3.826583298464767], 'rotations': [5.035833020808972, 1.8914377666484292, 5.073591296850145], 'orientations': ['rhs', 'strange', 'rhs'], 'contact': [[0, 1], [1, 0], [2]], 'grounded': ['yes', 'yes', 'yes'], 'follow_rule': True}, {'ids': [0, 1, 2, 3, 4, 5], 'colours': ['red', 'green', 'green', 'red', 'red', 'green'], 'sizes': [3, 3, 3, 1, 3, 1], 'xpos': [4.04539932046708, 6.25367104406576, 1.31220887489158, 2.54397206141056, 5.03680142626962, 2.83313903630872], 'ypos': [3.68714653723475, 3.68793264237984, 3.68536700039956, 3.87290072175348, 3.71647947714512, 3.32290442001056], 'rotations': [1.24459422608336, 1.24522470760537, 5.03721490711028, 4.41693289260746, 2.04844681297516, 1.27753534246253], 'contact': [[0, 4, 3], 1, 2, [3, 0, 5], [4, 0], [5, 3]], 'grounded': ['yes', 'yes', 'yes', 'yes', 'yes', 'no']}, {'ids': [0, 1, 2, 3], 'colours': ['green', 'red', 'blue', 'red'], 'sizes': [1, 3, 2, 2], 'xpos': [3.91130904169482, 5.46428515532996, 6.02804597253327, 2.75909465803677], 'ypos': [3.88039857557471, 3.68809661044642, 3.83039687351375, 3.76829024369344], 'rotations': [1.21554845923219, 5.037860999749, 2.523398913166, 4.53015371920961], 'contact': [{'V1': [0, 3], 'V2': [1, 2], 'V3': [2, 1], 'V4': [3, 0]}], 'grounded': ['yes', 'yes', 'no', 'yes']}, {'ids': [0, 1], 'colours': ['red', 'red'], 'sizes': [1, 1], 'xpos': [2.66334600794472, 1.80432622054734], 'ypos': [3.88090170709236, 3.87778384307705], 'rotations': [1.21239198245414, 4.35415315781273], 'contact': [{'V1': [0, 1], 'V2': [1, 0]}], 'grounded': ['yes', 'yes']}, {'ids': [0, 1, 2, 3, 4], 'colours': ['red', 'red', 'blue', 'blue', 'green'], 'sizes': [3, 3, 1, 1, 1], 'xpos': [1.85360354206331, 4.53707158711655, 2.22962536171588, 3.31491059447484, 3.75418292003644], 'ypos': [3.68810486672765, 3.68793278435064, 3.60822662705904, 3.84556069624473, 3.52884365217974], 'rotations': [5.03784882313905, 1.24522475821424, 2.57929284346434, 1.86403082200312, 2.07051561191284], 'contact': [[0, 3, 2], [1, 4, 3], [2, 0], [3, 0, 1, 4], [4, 1, 3]], 'grounded': ['yes', 'yes', 'no', 'no', 'no']}, {'ids': [0, 1, 2, 3, 4, 5, 6], 'colours': ['red', 'green', 'red', 'red', 'green', 'green', 'red'], 'sizes': [1, 3, 2, 3, 3, 2, 2], 'xpos': [3.25946614949676, 2.44588297516233, 5.88127197371132, 4.16563349275137, 0.72362012303879, 2.368329881437, 7.02789960687692], 'ypos': [3.95518911276486, 3.68824247585198, 4.15744335942523, 4.15757462621801, 3.67646349730594, 3.64875460383896, 3.78297829877943], 'rotations': [3.90055989251386, 1.24543827105161, 3.14018849938784, 3.14209271550925, 4.46919423935855, 4.5928664481854, 5.04768654725134], 'contact': [[0, 5], [1, 5, 4], 2, 3, [4, 1], [5, 0, 1], 6], 'grounded': ['yes', 'yes', 'yes', 'yes', 'yes', 'no', 'yes']}, {'ids': [0, 1, 2, 3, 4], 'colours': ['red', 'blue', 'green', 'green', 'red'], 'sizes': [2, 1, 3, 3, 3], 'xpos': [1.81709153920562, 5.97480057561886, 3.31338082383512, 4.38059628007586, 6.61025661823443], 'ypos': [3.77963548478066, 4.15709914239659, 4.15857486018002, 4.1579783197977, 3.68443952609824], 'rotations': [1.2339014812192, 3.13995537974587, 3.14125891347883, 3.1426763466907, 5.03874238310661], 'contact': [{'V1': 0, 'V2': 1, 'V3': 2, 'V4': 3, 'V5': 4}], 'grounded': ['yes', 'yes', 'yes', 'yes', 'yes']}, {'ids': [0, 1, 2, 3, 4], 'colours': ['red', 'red', 'red', 'green', 'red'], 'sizes': [2, 3, 1, 3, 3], 'xpos': [3.73841073372075, 3.73677173096754, 2.76148516662288, 4.77214062348621, 4.69143283396105], 'ypos': [4.16009367569396, 4.14643505860911, 4.15849207519273, 4.15973417931752, 3.17867488361144], 'rotations': [3.13742681162325, 3.12687131684704, 3.14631730814226, 3.13796262321945, 2.12453024265947], 'contact': [[0, 1], [1, 0, 4], 2, [3, 4], [4, 1, 3]], 'grounded': ['yes', 'no', 'yes', 'yes', 'no']}, {'ids': [0, 1], 'colours': ['blue', 'red'], 'sizes': [1, 3], 'xpos': [4.12725264721393, 2.49227679939128], 'ypos': [4.15816511179978, 3.68449947257032], 'rotations': [3.13776634013453, 5.03835652479557], 'contact': [{'V1': 0, 'V2': 1}], 'grounded': ['yes', 'yes']}]","[False, False, True, False, False, False, False, False]","[True, False, False, True, True, True, True, True]","[False, True, False, False, False, False, False, False]","[False, False, True, False, False, False, False, False]","[True, False, False, False, False, False, False, False]","[False, False, True, True, True, True, True, True]","[False, True, False, False, False, False, False, False]","[True, False, False, False, False, False, False, False]",0.0,0.0,0.0,0.0,0.75,0.75,0.5,0.5,0.125,0.125,0.0,0.0,0.25,0.25,343.0002355251951,-5.5481013942177455,-5.545177444479562,13.175644330115327,11.090354888959125,98.67117919748081,-16.63584046682682,-16.635532333438686,36.44973476400159,33.27106466687737,1.0502311195665048,"[1.0, 1.0, 1.0, 1.0, 1.0, 0.0, 1.0, 0.0, 1.0, 1.0, 1.0, 1.0, 1.0, 1.0, 1.0, 0.0135, 0.9530000000000001, 0.092, 0.5895, 0.5895, 1.0, 0.0, 0.0, 0.861, 1.0, 1.0, 1.0, 0.2925, 0.999, 0.999, 1.0, 0.7155, 0.0, 0.0, 1.0, 0.0, 0.0, 0.0, 1.0, 0.0, 0.0, 0.0, 1.0, 0.0, 0.0, 0.0, 1.0, 0.0, 1.0, 1.0, 1.0, 1.0, 0.0, 0.0, 0.0, 0.0, 1.0, 1.0, 1.0, 1.0, 0.935, 0.935, 0.935, 0.935, 1.0, 1.0, 1.0, 1.0, 0.0, 1.0, 0.0, 0.0, 0.0, 1.0, 1.0, 1.0, 1.0, 1.0, 1.0, 1.0, 1.0, 1.0, 1.0, 1.0, 0.0935, 0.0935, 0.0935, 0.0935, 1.0, 1.0, 1.0, 1.0, 1.0, 1.0, 1.0, 1.0, 1.0, 1.0, 1.0, 1.0, 1.0, 1.0, 1.0, 0.013000000000000001, 1.0, 1.0, 0.998, 1.0, 1.0, 0.002, 0.998, 0.002, 1.0, 1.0, 1.0, 1.0, 1.0, 1.0, 1.0, 0.0, 0.973, 1.0, 0.9530000000000001, 1.0, 0.8925000000000001, 0.9195, 0.17400000000000002, 0.201, 1.0, 1.0, 1.0, 1.0, 0.0, 0.0, 0.0, 0.0, 1.0, 1.0, 1.0, 0.24, 1.0, 1.0, 0.968, 1.0, 0.653, 0.653, 0.653, 1.0, 0.2535, 0.2535, 0.7035, 0.10300000000000001, 1.0, 1.0, 1.0, 1.0, 0.0, 1.0, 0.0, 0.0, 1.0, 1.0, 1.0, 0.012, 0.988, 0.988, 1.0, 1.0, 1.0, 0.0, 1.0, 1.0, 1.0, 0.0, 0.0, 1.0, 0.0, 0.0, 0.0, 1.0, 1.0, 0.0, 0.0, 0.0, 1.0, 1.0, 1.0, 1.0, 0.0, 0.0, 0.0, 0.0, 1.0, 1.0, 1.0, 1.0, 0.0, 0.0, 0.0, 0.0, 1.0, 1.0, 1.0, 1.0, 1.0, 1.0, 0.841, 1.0, 1.0, 1.0, 1.0, 1.0, 0.0, 0.0, 0.0, 0.0, 1.0, 1.0, 1.0, 1.0, 1.0, 1.0, 1.0, 0.0, 0.197, 0.0, 0.85, 0.653, 0.803, 0.0, 0.0, 0.0, 0.8525, 0.847, 0.9935, 0.847, 0.28300000000000003, 0.4305, 0.426, 0.426, 1.0, 1.0, 1.0, 1.0, 1.0, 1.0, 1.0, 0.0, 0.798, 1.0, 0.7995, 0.7995, 0.0275, 0.029, 0.2265, 0.1975, 1.0, 1.0, 1.0, 1.0, 0.0, 0.0, 0.0, 0.0, 0.862, 0.854, 0.8595, 0.8955000000000001, 0.045, 0.0005, 0.8695, 0.8505, 1.0, 1.0, 1.0, 0.022, 1.0, 1.0, 1.0, 0.978, 0.28400000000000003, 0.0145, 0.1885, 0.0275, 0.2755, 0.0, 0.0015, 0.013000000000000001, 0.0, 0.0, 0.0, 1.0, 1.0, 0.0, 0.0, 0.0, 1.0, 1.0, 1.0, 1.0, 0.0, 0.0, 0.0, 0.0, 1.0, 1.0, 1.0, 1.0, 1.0, 0.0, 1.0, 0.0, 1.0, 1.0, 1.0, 1.0, 1.0, 1.0, 1.0, 0.0, 1.0, 1.0, 1.0, 0.728, 0.8265, 0.5545, 0.5545, 0.8265, 1.0, 1.0, 1.0, 1.0, 1.0, 1.0, 1.0, 1.0, 1.0, 1.0, 1.0, 0.8715, 0.9365, 0.8695, 0.8695, 0.9365, 0.229, 0.229, 0.229, 0.229, 0.801, 0.03, 0.03, 0.801, 0.0, 0.0, 0.0, 1.0, 1.0, 0.0, 0.0, 0.0, 0.108, 0.114, 0.2315, 0.108, 0.114, 0.07050000000000001, 0.0495, 0.006, 1.0, 1.0, 1.0, 1.0, 0.0, 0.0, 0.0, 0.0, 0.8955000000000001, 0.895, 0.0115, 0.0, 0.883, 0.0, 0.0, 0.0, 1.0, 1.0, 1.0, 1.0, 0.0, 0.0, 0.0, 0.0, 0.902, 0.902, 0.902, 0.678, 0.88, 0.88, 0.902, 0.807, 1.0, 1.0, 1.0, 1.0, 0.0, 0.0, 0.0, 0.0, 1.0, 1.0, 1.0, 1.0, 1.0, 1.0, 1.0, 0.0, 1.0, 1.0, 1.0, 1.0, 0.0, 0.0, 0.0, 0.0, 1.0, 1.0, 1.0, 1.0, 0.008, 0.008, 0.008, 0.008, 1.0, 1.0, 1.0, 1.0, 1.0, 1.0, 1.0, 0.0, 1.0, 1.0, 1.0, 1.0, 1.0, 1.0, 0.6980000000000001, 1.0, 1.0, 1.0, 1.0, 1.0, 0.0, 0.0, 0.0, 0.0, 1.0, 1.0, 1.0, 1.0, 1.0, 1.0, 1.0, 0.0, 0.9530000000000001, 0.9530000000000001, 0.9530000000000001, 1.0, 1.0, 1.0, 0.641, 0.9530000000000001, 1.0, 1.0, 1.0, 1.0, 0.0, 0.0, 0.0, 0.0, 1.0, 1.0, 1.0, 1.0, 1.0, 1.0, 1.0, 1.0, 1.0, 1.0, 1.0, 1.0, 0.0, 0.0, 0.0, 0.0, 1.0, 1.0, 1.0, 1.0, 1.0, 1.0, 1.0, 1.0, 1.0, 1.0, 1.0, 1.0, 0.021500000000000002, 0.021500000000000002, 0.021500000000000002, 0.021500000000000002, 0.021500000000000002, 0.003, 0.02, 0.0095, 0.0095, 0.964, 0.9555, 0.0095, 1.0, 1.0, 1.0, 1.0, 1.0, 1.0, 1.0, 1.0, 1.0, 1.0, 1.0, 1.0, 0.0, 0.0, 0.0, 0.0, 1.0, 1.0, 1.0, 1.0, 0.0, 0.0, 1.0, 1.0, 1.0, 0.873, 0.198, 0.198, 1.0, 1.0, 0.6905, 1.0, 1.0, 1.0, 1.0, 1.0, 1.0, 1.0, 1.0, 0.0, 1.0, 0.999, 0.999, 1.0, 0.0025, 0.0025, 0.0025, 0.0025, 1.0, 1.0, 1.0, 1.0, 1.0, 0.686, 0.314, 0.0, 1.0, 1.0, 1.0, 1.0, 0.524, 0.524, 1.0, 0.47600000000000003, 1.0, 1.0, 1.0, 1.0, 0.008, 0.008, 0.008, 0.008, 0.9935, 0.9935, 0.9775, 0.9935, 0.9935, 0.0225, 0.988, 0.017, 1.0, 1.0, 1.0, 1.0, 0.0725, 0.0725, 0.0725, 0.0725, 0.041, 1.0, 1.0, 0.9590000000000001, 0.041, 0.9590000000000001, 1.0, 0.0, 0.7435, 0.9835, 0.7425, 0.986, 0.7435, 0.7435, 0.256, 0.987, 1.0, 0.005, 1.0, 1.0, 1.0, 0.005, 0.005, 1.0, 1.0, 1.0, 1.0, 1.0, 1.0, 1.0, 1.0, 0.0, 1.0, 1.0, 1.0, 1.0, 0.0, 0.0, 0.0, 0.0, 1.0, 1.0, 1.0, 1.0, 0.0, 0.0, 0.0, 0.0, 0.9705, 0.9705, 0.9145, 1.0, 0.8015, 0.8015, 0.9705, 0.7865, 1.0, 1.0, 1.0, 1.0, 0.0, 0.0, 0.0, 0.0, 1.0, 1.0, 1.0, 1.0, 0.0, 0.0, 0.0, 0.0, 1.0, 1.0, 1.0, 1.0, 0.0, 0.0, 0.0, 0.0, 1.0, 1.0, 1.0, 1.0, 1.0, 1.0, 1.0, 1.0]",-418.5875071169283,843.720363894191,-482.430437669722,964.860875339444,0.9102431057535886,-4.4986811569669065,11.07680385561365,1.9576164151818731,-15.877517715791857,34.93308926193166,0.6334250289943713,"[1.0, 1.0, 1.0, 1.0, 1.0, 0.0, 1.0, 0.0, 1.0, 1.0, 1.0, 1.0, 1.0, 1.0, 1.0, 0.0, 0.0, 0.0, 0.0, 0.0, 0.0, 0.0, 0.0, 0.0, 1.0, 1.0, 1.0, 0.0, 0.0, 0.0, 1.0, 0.0, 0.0, 0.0, 1.0, 1.0, 0.0, 1.0, 1.0, 1.0, 1.0, 1.0, 1.0, 1.0, 0.0, 0.0, 1.0, 1.0, 1.0, 1.0, 1.0, 1.0, 0.0, 0.0, 0.0, 0.0, 1.0, 1.0, 1.0, 1.0, 0.0, 0.0, 0.0, 0.0, 0.0, 0.0, 0.0, 0.0, 0.0, 1.0, 1.0, 0.0, 1.0, 1.0, 1.0, 1.0, 0.0, 0.0, 0.0, 0.0, 1.0, 1.0, 1.0, 1.0, 0.0, 0.0, 0.0, 0.0, 1.0, 1.0, 1.0, 1.0, 1.0, 1.0, 0.0, 1.0, 1.0, 1.0, 1.0, 1.0, 1.0, 1.0, 1.0, 0.0, 1.0, 1.0, 1.0, 1.0, 1.0, 0.0, 1.0, 0.0, 0.0, 1.0, 0.0, 0.0, 1.0, 1.0, 1.0, 0.0, 1.0, 1.0, 0.0, 1.0, 1.0, 0.0, 0.0, 0.0, 1.0, 1.0, 1.0, 0.0, 1.0, 1.0, 1.0, 1.0, 1.0, 1.0, 1.0, 1.0, 0.0, 0.0, 0.0, 0.0, 1.0, 1.0, 1.0, 0.0, 0.0, 0.0, 1.0, 0.0, 0.0, 0.0, 1.0, 0.0, 0.0, 0.0, 0.0, 0.0, 1.0, 1.0, 1.0, 0.0, 0.0, 0.0, 1.0, 0.0, 0.0, 0.0, 0.0, 1.0, 0.0, 0.0, 0.0, 0.0, 0.0, 0.0, 0.0, 1.0, 0.0, 0.0, 0.0, 0.0, 1.0, 1.0, 1.0, 1.0, 0.0, 0.0, 0.0, 0.0, 1.0, 1.0, 1.0, 0.0, 0.0, 0.0, 1.0, 0.0, 1.0, 1.0, 1.0, 1.0, 0.0, 0.0, 0.0, 0.0, 1.0, 1.0, 1.0, 1.0, 0.0, 0.0, 0.0, 0.0, 1.0, 1.0, 1.0, 1.0, 1.0, 1.0, 1.0, 0.0, 0.0, 0.0, 0.0, 0.0, 1.0, 0.0, 0.0, 0.0, 1.0, 1.0, 1.0, 1.0, 1.0, 1.0, 1.0, 1.0, 1.0, 1.0, 1.0, 1.0, 1.0, 1.0, 1.0, 0.0, 0.0, 0.0, 0.0, 0.0, 0.0, 0.0, 0.0, 0.0, 0.0, 1.0, 0.0, 1.0, 0.0, 1.0, 0.0, 1.0, 0.0, 0.0, 0.0, 1.0, 0.0, 0.0, 0.0, 0.0, 1.0, 1.0, 1.0, 0.0, 0.0, 0.0, 1.0, 0.0, 1.0, 1.0, 1.0, 1.0, 1.0, 0.0, 1.0, 0.0, 0.0, 1.0, 1.0, 1.0, 0.0, 0.0, 0.0, 0.0, 1.0, 1.0, 1.0, 0.0, 1.0, 1.0, 1.0, 1.0, 0.0, 1.0, 1.0, 1.0, 0.0, 0.0, 0.0, 0.0, 1.0, 1.0, 1.0, 1.0, 1.0, 1.0, 1.0, 0.0, 1.0, 1.0, 1.0, 1.0, 0.0, 0.0, 0.0, 0.0, 1.0, 1.0, 1.0, 1.0, 0.0, 0.0, 0.0, 0.0, 0.0, 1.0, 0.0, 0.0, 0.0, 0.0, 0.0, 0.0, 1.0, 1.0, 1.0, 1.0, 1.0, 0.0, 1.0, 1.0, 0.0, 0.0, 0.0, 0.0, 0.0, 1.0, 1.0, 0.0, 1.0, 1.0, 1.0, 1.0, 1.0, 0.0, 1.0, 0.0, 1.0, 1.0, 1.0, 1.0, 1.0, 0.0, 1.0, 1.0, 0.0, 0.0, 0.0, 0.0, 0.0, 1.0, 1.0, 0.0, 1.0, 0.0, 0.0, 1.0, 0.0, 0.0, 0.0, 0.0, 1.0, 1.0, 1.0, 0.0, 0.0, 0.0, 1.0, 0.0, 1.0, 1.0, 1.0, 0.0, 0.0, 0.0, 0.0, 0.0, 1.0, 1.0, 1.0, 1.0, 1.0, 1.0, 1.0, 0.0, 0.0, 0.0, 0.0, 0.0, 0.0, 0.0, 0.0, 0.0, 1.0, 0.0, 1.0, 0.0, 0.0, 0.0, 0.0, 0.0, 1.0, 1.0, 1.0, 1.0, 1.0, 1.0, 1.0, 0.0, 1.0, 1.0, 1.0, 1.0, 1.0, 1.0, 0.0, 1.0, 1.0, 1.0, 1.0, 1.0, 0.0, 0.0, 0.0, 0.0, 1.0, 1.0, 1.0, 1.0, 1.0, 1.0, 1.0, 0.0, 0.0, 1.0, 1.0, 1.0, 0.0, 0.0, 0.0, 0.0, 1.0, 1.0, 1.0, 1.0, 0.0, 0.0, 0.0, 0.0, 1.0, 0.0, 1.0, 0.0, 0.0, 0.0, 0.0, 0.0, 1.0, 1.0, 1.0, 1.0, 1.0, 0.0, 1.0, 0.0, 1.0, 1.0, 1.0, 0.0, 1.0, 1.0, 0.0, 1.0, 1.0, 1.0, 1.0, 1.0, 0.0, 0.0, 0.0, 0.0, 0.0, 0.0, 0.0, 0.0, 0.0, 1.0, 0.0, 0.0, 1.0, 1.0, 1.0, 1.0, 0.0, 0.0, 0.0, 0.0, 0.0, 0.0, 0.0, 0.0, 0.0, 0.0, 0.0, 0.0, 1.0, 0.0, 1.0, 0.0, 0.0, 0.0, 0.0, 0.0, 1.0, 1.0, 0.0, 0.0, 1.0, 1.0, 1.0, 1.0, 1.0, 1.0, 1.0, 1.0, 1.0, 1.0, 1.0, 1.0, 1.0, 1.0, 1.0, 1.0, 1.0, 0.0, 1.0, 1.0, 0.0, 1.0, 0.0, 1.0, 0.0, 1.0, 0.0, 0.0, 1.0, 1.0, 1.0, 1.0, 0.0, 0.0, 1.0, 0.0, 1.0, 1.0, 1.0, 1.0, 0.0, 0.0, 0.0, 0.0, 0.0, 0.0, 0.0, 1.0, 0.0, 0.0, 0.0, 0.0, 1.0, 1.0, 1.0, 1.0, 0.0, 0.0, 0.0, 0.0, 0.0, 1.0, 1.0, 1.0, 0.0, 1.0, 1.0, 0.0, 1.0, 1.0, 1.0, 1.0, 0.0, 0.0, 0.0, 0.0, 1.0, 0.0, 1.0, 1.0, 1.0, 0.0, 0.0, 1.0, 1.0, 1.0, 1.0, 1.0, 1.0, 1.0, 1.0, 0.0, 0.0, 1.0, 1.0, 1.0, 1.0, 1.0, 0.0, 0.0, 1.0, 1.0, 1.0, 1.0, 0.0, 0.0, 0.0, 0.0, 1.0, 1.0, 1.0, 0.0, 0.0, 0.0, 1.0, 0.0, 1.0, 1.0, 1.0, 1.0, 0.0, 0.0, 0.0, 0.0, 0.0, 0.0, 0.0, 0.0, 0.0, 0.0, 0.0, 0.0, 0.0, 1.0, 0.0, 1.0, 0.0, 1.0, 1.0, 0.0, 1.0, 1.0, 1.0, 1.0, 1.0, 0.0, 0.0, 1.0]",-318.3726801373107,643.2907099349558,0.9102431057535886,-4.4986811569669065,-5.545177444479562,11.07680385561365,11.090354888959125,1.9576164151818731,-15.877517715791857,-16.635532333438686,34.93308926193166,33.27106466687737,0.6173530694834558,"[1.0, 1.0, 1.0, 1.0, 1.0, 0.0, 1.0, 0.0, 1.0, 1.0, 1.0, 1.0, 1.0, 1.0, 1.0, 0.0, 0.0, 0.0, 0.0, 0.0, 0.0, 0.0, 0.0, 0.0, 1.0, 1.0, 1.0, 0.0, 0.0, 0.0, 1.0, 0.0, 0.0, 0.0, 1.0, 1.0, 0.0, 1.0, 1.0, 1.0, 0.0, 0.0, 0.0, 0.0, 0.0, 0.0, 0.0, 0.0, 1.0, 1.0, 1.0, 1.0, 0.0, 0.0, 0.0, 0.0, 1.0, 1.0, 1.0, 1.0, 0.0, 0.0, 0.0, 0.0, 0.0, 0.0, 0.0, 0.0, 0.0, 1.0, 1.0, 0.0, 0.0, 0.0, 0.0, 1.0, 0.0, 0.0, 0.0, 0.0, 1.0, 1.0, 1.0, 1.0, 0.0, 0.0, 0.0, 0.0, 0.0, 0.0, 0.0, 0.0, 1.0, 1.0, 0.0, 1.0, 1.0, 1.0, 1.0, 1.0, 1.0, 1.0, 1.0, 0.0, 1.0, 1.0, 1.0, 1.0, 1.0, 0.0, 1.0, 0.0, 0.0, 1.0, 0.0, 0.0, 1.0, 1.0, 1.0, 0.0, 1.0, 1.0, 0.0, 1.0, 1.0, 0.0, 0.0, 0.0, 1.0, 1.0, 1.0, 0.0, 1.0, 1.0, 1.0, 1.0, 1.0, 1.0, 1.0, 1.0, 0.0, 0.0, 0.0, 0.0, 1.0, 1.0, 1.0, 0.0, 0.0, 0.0, 1.0, 0.0, 0.0, 0.0, 1.0, 0.0, 0.0, 0.0, 0.0, 0.0, 1.0, 1.0, 1.0, 0.0, 0.0, 0.0, 1.0, 0.0, 0.0, 0.0, 0.0, 1.0, 0.0, 0.0, 0.0, 0.0, 0.0, 0.0, 0.0, 1.0, 0.0, 0.0, 0.0, 0.0, 1.0, 1.0, 1.0, 1.0, 0.0, 0.0, 0.0, 0.0, 1.0, 1.0, 1.0, 0.0, 0.0, 0.0, 1.0, 0.0, 1.0, 1.0, 1.0, 1.0, 0.0, 0.0, 0.0, 0.0, 1.0, 1.0, 1.0, 1.0, 0.0, 0.0, 0.0, 0.0, 1.0, 1.0, 1.0, 1.0, 1.0, 1.0, 1.0, 0.0, 0.0, 0.0, 0.0, 0.0, 1.0, 0.0, 0.0, 0.0, 1.0, 1.0, 1.0, 1.0, 1.0, 1.0, 1.0, 1.0, 1.0, 1.0, 1.0, 1.0, 1.0, 1.0, 1.0, 0.0, 0.0, 0.0, 0.0, 0.0, 0.0, 0.0, 0.0, 0.0, 0.0, 1.0, 0.0, 1.0, 0.0, 1.0, 0.0, 1.0, 0.0, 0.0, 0.0, 1.0, 0.0, 0.0, 0.0, 0.0, 1.0, 1.0, 1.0, 0.0, 0.0, 0.0, 1.0, 0.0, 1.0, 1.0, 1.0, 1.0, 1.0, 0.0, 1.0, 0.0, 0.0, 1.0, 1.0, 1.0, 0.0, 0.0, 0.0, 0.0, 1.0, 1.0, 1.0, 0.0, 1.0, 1.0, 1.0, 1.0, 0.0, 1.0, 1.0, 1.0, 0.0, 0.0, 0.0, 0.0, 1.0, 1.0, 1.0, 1.0, 1.0, 1.0, 1.0, 0.0, 1.0, 1.0, 1.0, 1.0, 0.0, 0.0, 0.0, 0.0, 1.0, 1.0, 1.0, 1.0, 0.0, 0.0, 0.0, 0.0, 0.0, 1.0, 0.0, 0.0, 0.0, 0.0, 0.0, 0.0, 0.0, 0.0, 0.0, 0.0, 0.0, 0.0, 0.0, 0.0, 1.0, 0.0, 1.0, 1.0, 1.0, 0.0, 0.0, 1.0, 1.0, 1.0, 1.0, 1.0, 1.0, 0.0, 1.0, 0.0, 1.0, 1.0, 1.0, 1.0, 1.0, 0.0, 1.0, 1.0, 0.0, 0.0, 0.0, 0.0, 0.0, 1.0, 1.0, 0.0, 1.0, 0.0, 0.0, 1.0, 0.0, 0.0, 0.0, 0.0, 1.0, 1.0, 1.0, 0.0, 0.0, 0.0, 1.0, 0.0, 1.0, 1.0, 1.0, 0.0, 0.0, 0.0, 0.0, 0.0, 1.0, 1.0, 1.0, 1.0, 1.0, 1.0, 1.0, 0.0, 0.0, 0.0, 0.0, 0.0, 0.0, 0.0, 0.0, 0.0, 1.0, 0.0, 1.0, 0.0, 0.0, 0.0, 0.0, 0.0, 1.0, 1.0, 1.0, 1.0, 1.0, 1.0, 1.0, 0.0, 1.0, 1.0, 1.0, 1.0, 1.0, 1.0, 0.0, 1.0, 1.0, 1.0, 1.0, 1.0, 0.0, 0.0, 0.0, 0.0, 1.0, 1.0, 1.0, 1.0, 1.0, 1.0, 1.0, 0.0, 0.0, 1.0, 1.0, 1.0, 0.0, 0.0, 0.0, 0.0, 1.0, 1.0, 1.0, 1.0, 0.0, 0.0, 0.0, 0.0, 1.0, 0.0, 1.0, 0.0, 0.0, 0.0, 0.0, 0.0, 1.0, 1.0, 1.0, 1.0, 1.0, 0.0, 1.0, 0.0, 1.0, 1.0, 1.0, 0.0, 1.0, 1.0, 0.0, 1.0, 1.0, 1.0, 1.0, 1.0, 0.0, 0.0, 0.0, 0.0, 0.0, 0.0, 0.0, 0.0, 0.0, 1.0, 0.0, 0.0, 1.0, 1.0, 1.0, 1.0, 0.0, 0.0, 0.0, 0.0, 0.0, 0.0, 0.0, 0.0, 0.0, 0.0, 0.0, 0.0, 1.0, 0.0, 1.0, 0.0, 0.0, 0.0, 0.0, 0.0, 1.0, 1.0, 0.0, 0.0, 1.0, 1.0, 1.0, 1.0, 1.0, 1.0, 1.0, 1.0, 1.0, 1.0, 1.0, 1.0, 1.0, 1.0, 1.0, 1.0, 1.0, 0.0, 1.0, 1.0, 0.0, 1.0, 0.0, 1.0, 0.0, 1.0, 0.0, 0.0, 1.0, 1.0, 1.0, 1.0, 0.0, 0.0, 1.0, 0.0, 1.0, 1.0, 1.0, 1.0, 0.0, 0.0, 0.0, 0.0, 0.0, 0.0, 0.0, 1.0, 0.0, 0.0, 0.0, 0.0, 1.0, 1.0, 1.0, 1.0, 0.0, 0.0, 0.0, 0.0, 0.0, 1.0, 1.0, 1.0, 0.0, 1.0, 1.0, 0.0, 1.0, 1.0, 1.0, 1.0, 0.0, 0.0, 0.0, 0.0, 1.0, 0.0, 1.0, 1.0, 1.0, 0.0, 0.0, 1.0, 1.0, 1.0, 1.0, 1.0, 1.0, 1.0, 1.0, 0.0, 0.0, 0.0, 1.0, 0.0, 0.0, 1.0, 0.0, 0.0, 1.0, 1.0, 1.0, 1.0, 0.0, 0.0, 0.0, 0.0, 1.0, 1.0, 1.0, 0.0, 0.0, 0.0, 1.0, 0.0, 1.0, 1.0, 1.0, 1.0, 0.0, 0.0, 0.0, 0.0, 0.0, 0.0, 0.0, 0.0, 0.0, 0.0, 0.0, 0.0, 0.0, 1.0, 0.0, 1.0, 0.0, 1.0, 1.0, 0.0, 1.0, 1.0, 1.0, 1.0, 1.0, 0.0, 0.0, 1.0]",-311.9759791000219,630.4973078603782,-482.430437669722,964.860875339444,0.613430315574467,-3.7950925259225716,-5.545177444479562,9.66962659352498,11.090354888959125,1.2514964733350078,-14.93274352152087,-16.635532333438686,33.04354087338969,33.27106466687737,1.0908740239314543,"[0.0, 0.0, 1.0, 0.0, 0.0, 0.0, 0.0, 0.0, 1.0, 1.0, 1.0, 1.0, 0.877, 0.877, 0.877, 0.0, 1.0, 0.259, 1.0, 1.0, 0.8015, 0.0, 0.259, 1.0, 1.0, 1.0, 1.0, 1.0, 1.0, 1.0, 1.0, 0.0, 0.0, 0.0, 1.0, 0.0, 0.0, 0.0, 1.0, 0.0, 0.0, 0.0, 1.0, 0.0, 0.0, 0.0, 1.0, 0.0, 0.0, 0.0, 0.0, 0.0775, 0.0, 0.0, 0.1635, 0.47100000000000003, 1.0, 1.0, 1.0, 1.0, 0.0, 0.0, 0.0, 0.0, 0.0, 0.0, 0.0, 0.0, 0.0, 0.0, 0.0, 0.0, 1.0, 1.0, 1.0, 1.0, 1.0, 1.0, 1.0, 0.0, 1.0, 1.0, 1.0, 1.0, 0.0, 0.0, 0.0, 0.0, 0.0, 0.0, 0.0, 0.0, 0.0, 0.113, 0.113, 0.0, 0.0, 0.0, 0.0, 1.0, 0.0, 0.0, 0.0, 0.0, 1.0, 1.0, 1.0, 1.0, 0.0, 0.0, 0.0, 0.0, 0.9995, 1.0, 1.0, 0.663, 1.0, 1.0, 1.0, 0.353, 1.0, 1.0, 1.0, 1.0, 0.082, 0.082, 0.0, 0.0, 0.973, 1.0, 0.7655000000000001, 0.605, 0.973, 1.0, 1.0, 0.368, 0.0, 0.0, 1.0, 0.0, 1.0, 0.0, 1.0, 0.0, 1.0, 1.0, 1.0, 1.0, 0.0, 0.0, 1.0, 0.0, 1.0, 1.0, 1.0, 1.0, 0.0, 0.9465, 0.0, 0.0, 0.666, 1.0, 0.666, 0.666, 0.0, 0.0, 0.7975, 0.0, 0.0, 0.9430000000000001, 0.0, 1.0, 1.0, 0.0, 0.0, 0.0, 0.0, 1.0, 0.0, 0.0, 0.0, 0.0, 0.0, 0.0, 1.0, 1.0, 1.0, 1.0, 0.0, 0.0, 0.0, 0.0, 1.0, 1.0, 1.0, 1.0, 1.0, 1.0, 1.0, 0.0005, 1.0, 1.0, 1.0, 1.0, 1.0, 1.0, 0.0, 1.0, 1.0, 1.0, 1.0, 1.0, 0.0, 0.0, 0.0, 0.0, 1.0, 1.0, 1.0, 1.0, 1.0, 1.0, 1.0, 0.0, 1.0, 0.0, 1.0, 0.0, 0.0, 0.0, 0.0, 0.0, 0.0, 1.0, 0.0, 1.0, 0.0, 1.0, 0.0, 1.0, 1.0, 1.0, 1.0, 1.0, 1.0, 1.0, 1.0, 0.0, 1.0, 0.0, 1.0, 1.0, 1.0, 0.0, 0.0, 1.0, 1.0, 1.0, 1.0, 1.0, 1.0, 1.0, 1.0, 1.0, 0.0, 0.9580000000000001, 0.0, 0.0, 0.0, 0.0, 0.0045000000000000005, 0.0, 0.0, 0.0, 0.0, 0.0, 0.0, 0.0, 0.0, 1.0, 0.0, 0.0, 0.0005, 0.0, 0.0, 0.0, 0.0, 0.0, 0.0, 1.0, 0.0, 0.0, 0.0, 0.0, 0.0, 0.0, 1.0, 1.0, 1.0, 0.001, 0.001, 0.001, 1.0, 0.0, 0.0, 0.0, 0.6225, 0.0, 0.0, 0.0, 0.0, 0.0, 1.0, 1.0, 1.0, 1.0, 0.0, 0.0, 0.0, 0.0, 0.0, 0.0, 0.0, 0.0, 0.0, 0.0, 0.0, 0.0, 1.0, 1.0, 1.0, 1.0, 1.0, 1.0, 1.0, 0.0, 0.0, 0.0, 0.0, 1.0, 0.0, 0.0, 1.0, 0.0, 1.0, 1.0, 1.0, 1.0, 0.0, 0.0, 0.0, 0.0, 0.0, 1.0, 0.0, 0.0, 1.0, 0.0, 0.0, 1.0, 1.0, 1.0, 1.0, 1.0, 0.0, 0.0, 0.0, 0.0, 1.0, 1.0, 1.0, 1.0, 1.0, 0.0, 1.0, 1.0, 0.0, 0.0005, 0.0, 0.0, 0.0, 0.38, 0.0, 0.0, 1.0, 1.0, 1.0, 1.0, 0.0, 0.0, 0.0, 0.0, 1.0, 1.0, 1.0, 0.999, 1.0, 1.0, 1.0, 0.0195, 1.0, 1.0, 1.0, 1.0, 0.0, 0.0, 0.0, 0.0, 0.0, 0.6285000000000001, 0.0, 0.328, 0.0, 0.0, 0.6285000000000001, 0.0, 0.0, 0.0, 0.0, 0.0, 0.0, 0.0, 0.0, 1.0, 1.0, 1.0, 1.0, 1.0, 0.0, 0.0, 0.0, 0.0, 1.0, 1.0, 1.0, 1.0, 1.0, 1.0, 1.0, 0.0, 1.0, 1.0, 1.0, 1.0, 1.0, 1.0, 0.0375, 1.0, 1.0, 1.0, 1.0, 1.0, 0.0, 0.0, 0.0, 0.0, 1.0, 1.0, 1.0, 1.0, 1.0, 1.0, 1.0, 0.0, 1.0, 1.0, 1.0, 1.0, 1.0, 1.0, 0.0, 1.0, 1.0, 1.0, 1.0, 1.0, 0.0, 0.0, 0.0, 0.0, 1.0, 1.0, 1.0, 1.0, 1.0, 1.0, 1.0, 1.0, 0.0, 0.0, 0.4395, 0.0, 0.0, 0.0, 0.001, 1.0, 0.0, 0.0, 0.0, 0.0, 0.0, 0.0, 0.0, 0.0, 1.0, 1.0, 1.0, 0.0, 1.0, 0.0, 0.0, 1.0, 0.0, 0.0, 1.0, 1.0, 1.0, 0.0, 0.0, 0.0, 0.0, 0.0, 0.0, 0.0, 0.0, 0.0, 0.0, 0.0, 1.0, 1.0, 1.0, 1.0, 0.0, 0.0, 0.0, 0.0, 0.0, 0.0, 0.0, 0.0, 0.0, 1.0, 0.0, 0.0, 1.0, 1.0, 1.0, 1.0, 0.0, 0.4945, 0.0, 0.0, 1.0, 1.0, 1.0, 1.0, 0.0, 0.0, 1.0, 1.0, 1.0, 1.0, 1.0, 1.0, 0.0, 0.0, 0.0, 0.0, 1.0, 1.0, 1.0, 1.0, 1.0, 0.704, 0.296, 0.0, 1.0, 1.0, 1.0, 1.0, 0.0, 0.0, 1.0, 1.0, 1.0, 1.0, 1.0, 1.0, 0.0, 0.0, 0.0, 0.0, 0.006, 1.0, 0.006, 0.708, 0.298, 1.0, 0.298, 1.0, 1.0, 1.0, 1.0, 1.0, 0.0, 0.0, 0.0, 0.0, 1.0, 0.0, 1.0, 1.0, 1.0, 0.0, 0.0, 1.0, 0.0, 1.0, 1.0, 1.0, 0.0, 0.0, 0.0, 0.0, 1.0, 0.224, 1.0, 1.0, 0.776, 0.0, 0.224, 1.0, 1.0, 1.0, 1.0, 1.0, 0.0, 0.0, 0.0, 0.0, 1.0, 1.0, 0.0, 1.0, 1.0, 1.0, 0.0, 1.0, 1.0, 1.0, 1.0, 1.0, 0.0, 0.0, 0.0, 0.0, 1.0, 1.0, 1.0, 1.0, 1.0, 1.0, 1.0, 0.0, 1.0, 1.0, 1.0, 1.0, 0.0, 0.0, 0.0, 0.0, 0.0, 0.0, 0.0, 0.0, 0.0, 0.0, 0.0, 0.0, 1.0, 0.4865, 1.0, 1.0, 1.0, 0.0075, 0.4865, 1.0, 0.0225, 0.0, 0.0, 0.9775, 0.0, 0.0, 0.0, 0.0]",-419.18595103414617,844.9172517286268,-482.430437669722,964.860875339444,0.9102430794110984,-4.498681156966684,-5.545177444479562,11.076803855613203,11.090354888959125,1.957615453825335,-15.877517715791583,-16.635532333438686,34.933089261931116,33.27106466687737,0.5787520451143159,"[1.0, 1.0, 1.0, 1.0, 1.0, 0.0, 1.0, 0.0, 1.0, 1.0, 1.0, 1.0, 1.0, 1.0, 1.0, 0.0, 0.0, 0.0, 0.0, 0.0, 0.0, 0.0, 0.0, 0.0, 1.0, 1.0, 1.0, 1.0, 0.0, 0.0, 1.0, 0.0, 0.0, 0.0, 0.0, 0.0, 0.0, 1.0, 0.0, 0.0, 0.0, 0.0, 0.0, 0.0, 0.0, 0.0, 0.0, 0.0, 1.0, 1.0, 1.0, 1.0, 0.0, 0.0, 0.0, 0.0, 1.0, 1.0, 1.0, 1.0, 0.0, 0.0, 0.0, 0.0, 0.0, 0.0, 0.0, 0.0, 0.0, 1.0, 1.0, 0.0, 1.0, 1.0, 1.0, 1.0, 0.0, 0.0, 0.0, 0.0, 1.0, 1.0, 1.0, 1.0, 0.0, 0.0, 0.0, 0.0, 0.0, 0.0, 0.0, 0.0, 0.0, 0.0, 0.0, 0.0, 1.0, 1.0, 1.0, 1.0, 1.0, 1.0, 1.0, 0.0, 1.0, 1.0, 1.0, 1.0, 1.0, 0.0, 1.0, 0.0, 0.0, 1.0, 0.0, 0.0, 1.0, 1.0, 1.0, 0.0, 1.0, 1.0, 0.0, 1.0, 1.0, 0.0, 0.0, 0.0, 1.0, 1.0, 1.0, 0.0, 1.0, 1.0, 1.0, 1.0, 1.0, 1.0, 1.0, 1.0, 0.0, 0.0, 0.0, 0.0, 1.0, 1.0, 1.0, 0.0, 0.0, 0.0, 1.0, 0.0, 0.0, 0.0, 1.0, 0.0, 0.0, 0.0, 0.0, 0.0, 1.0, 1.0, 1.0, 0.0, 0.0, 0.0, 1.0, 0.0, 0.0, 0.0, 0.0, 1.0, 0.0, 0.0, 0.0, 0.0, 0.0, 0.0, 0.0, 1.0, 0.0, 0.0, 0.0, 0.0, 1.0, 1.0, 1.0, 1.0, 0.0, 0.0, 0.0, 0.0, 1.0, 1.0, 1.0, 0.0, 0.0, 0.0, 1.0, 0.0, 1.0, 1.0, 1.0, 1.0, 0.0, 0.0, 0.0, 0.0, 1.0, 1.0, 1.0, 1.0, 0.0, 0.0, 0.0, 0.0, 1.0, 1.0, 1.0, 1.0, 1.0, 1.0, 1.0, 0.0, 0.0, 0.0, 0.0, 0.0, 1.0, 0.0, 0.0, 0.0, 1.0, 1.0, 1.0, 1.0, 1.0, 1.0, 1.0, 1.0, 1.0, 1.0, 1.0, 1.0, 1.0, 1.0, 1.0, 0.0, 0.0, 0.0, 0.0, 0.0, 0.0, 0.0, 0.0, 0.0, 0.0, 1.0, 0.0, 1.0, 0.0, 1.0, 0.0, 1.0, 0.0, 0.0, 0.0, 1.0, 0.0, 0.0, 0.0, 0.0, 1.0, 1.0, 1.0, 0.0, 0.0, 0.0, 1.0, 0.0, 0.0, 0.0, 1.0, 0.0, 0.0, 0.0, 0.0, 0.0, 0.0, 1.0, 1.0, 1.0, 0.0, 0.0, 0.0, 0.0, 1.0, 1.0, 1.0, 0.0, 1.0, 1.0, 1.0, 1.0, 0.0, 0.0, 1.0, 0.0, 0.0, 0.0, 0.0, 0.0, 1.0, 1.0, 1.0, 1.0, 1.0, 1.0, 1.0, 0.0, 1.0, 1.0, 1.0, 1.0, 0.0, 0.0, 0.0, 0.0, 1.0, 1.0, 1.0, 1.0, 0.0, 0.0, 0.0, 0.0, 0.0, 1.0, 0.0, 0.0, 0.0, 0.0, 0.0, 0.0, 0.0, 0.0, 0.0, 0.0, 0.0, 0.0, 0.0, 0.0, 0.0, 0.0, 0.0, 0.0, 0.0, 0.0, 0.0, 0.0, 1.0, 1.0, 0.0, 1.0, 1.0, 0.0, 1.0, 0.0, 1.0, 1.0, 1.0, 1.0, 1.0, 0.0, 1.0, 1.0, 0.0, 0.0, 0.0, 0.0, 0.0, 1.0, 1.0, 0.0, 1.0, 0.0, 0.0, 1.0, 0.0, 0.0, 0.0, 0.0, 1.0, 1.0, 1.0, 0.0, 0.0, 0.0, 1.0, 0.0, 1.0, 1.0, 1.0, 0.0, 0.0, 0.0, 0.0, 0.0, 1.0, 1.0, 1.0, 1.0, 1.0, 1.0, 1.0, 0.0, 0.0, 0.0, 0.0, 0.0, 0.0, 0.0, 0.0, 0.0, 1.0, 0.0, 1.0, 0.0, 0.0, 0.0, 0.0, 0.0, 1.0, 1.0, 1.0, 1.0, 1.0, 1.0, 1.0, 0.0, 1.0, 1.0, 1.0, 1.0, 1.0, 1.0, 0.0, 1.0, 1.0, 1.0, 1.0, 1.0, 0.0, 0.0, 0.0, 0.0, 1.0, 1.0, 1.0, 1.0, 1.0, 1.0, 1.0, 0.0, 0.0, 1.0, 1.0, 1.0, 0.0, 0.0, 0.0, 0.0, 1.0, 1.0, 1.0, 1.0, 0.0, 0.0, 0.0, 0.0, 1.0, 0.0, 1.0, 0.0, 0.0, 0.0, 0.0, 0.0, 1.0, 1.0, 1.0, 1.0, 1.0, 0.0, 1.0, 0.0, 1.0, 1.0, 1.0, 0.0, 1.0, 1.0, 0.0, 1.0, 1.0, 1.0, 1.0, 1.0, 0.0, 0.0, 0.0, 0.0, 0.0, 0.0, 0.0, 0.0, 0.0, 0.0, 0.0, 0.0, 1.0, 1.0, 1.0, 1.0, 0.0, 0.0, 0.0, 0.0, 0.0, 0.0, 0.0, 0.0, 0.0, 0.0, 0.0, 0.0, 0.0, 0.0, 0.0, 0.0, 0.0, 0.0, 0.0, 0.0, 1.0, 1.0, 0.0, 0.0, 1.0, 1.0, 1.0, 1.0, 1.0, 1.0, 1.0, 1.0, 1.0, 1.0, 1.0, 1.0, 1.0, 1.0, 1.0, 1.0, 1.0, 0.0, 1.0, 1.0, 0.0, 1.0, 0.0, 1.0, 0.0, 1.0, 0.0, 0.0, 1.0, 1.0, 1.0, 1.0, 0.0, 0.0, 1.0, 0.0, 1.0, 1.0, 1.0, 1.0, 0.0, 0.0, 0.0, 0.0, 0.0, 0.0, 0.0, 1.0, 0.0, 0.0, 0.0, 0.0, 1.0, 1.0, 1.0, 1.0, 0.0, 0.0, 0.0, 0.0, 0.0, 1.0, 1.0, 1.0, 0.0, 1.0, 1.0, 0.0, 1.0, 1.0, 1.0, 1.0, 0.0, 0.0, 0.0, 0.0, 1.0, 0.0, 1.0, 1.0, 1.0, 0.0, 0.0, 1.0, 1.0, 1.0, 1.0, 1.0, 1.0, 1.0, 1.0, 0.0, 0.0, 1.0, 1.0, 1.0, 1.0, 1.0, 0.0, 0.0, 1.0, 1.0, 1.0, 1.0, 0.0, 0.0, 0.0, 0.0, 1.0, 1.0, 1.0, 0.0, 0.0, 0.0, 1.0, 0.0, 1.0, 1.0, 1.0, 1.0, 0.0, 0.0, 0.0, 0.0, 0.0, 0.0, 0.0, 0.0, 0.0, 0.0, 0.0, 0.0, 0.0, 0.0, 1.0, 1.0, 0.0, 0.0, 0.0, 0.0, 1.0, 1.0, 1.0, 1.0, 1.0, 0.0, 0.0, 1.0]",-295.2442605392121,597.0338707387587,-482.430437669722,964.860875339444,1.44269404045901,-15.276340039076123,33.73073390850019,1.2846122460949685,-433.45128860920846,873.4479268787513,False,False,False,True,False,0.75,0.75,0.7083333333333334,0.875,0.7083333333333334,0.875,0.6666666666666666,0.625,0.625,0.625,0.6666666666666666,0.625,"Z.exists(lambda x1: Z.equal(x1,'strange','orientation'),X)","Z.forall(lambda x1: Z.exists(lambda x2: Z.and_operator(Z.not_operator(Z.equal(x1,'upright','orientation')),Z.hor_operator(x1,x2,'contact')),X),X)","Z.atmost(lambda x1: Z.not_operator(Z.equal(x1,'strange','orientation')),1,X)","Z.forall(lambda x1: Z.exists(lambda x2: Z.and_operator(Z.and_operator(Z.equal(x1,x2,'orientation'),Z.not_operator(Z.equal(x1, 'blue','colour'))),Z.hor_operator(x1,x2,'contact')),X),X)",0.75,0.5,0.875,0.625,0.625,0.7083333333333334,0.6982758620689655,0.6867816091954023,0.6954022988505747,0.6925287356321839,5.241379310344827,0,0,0,0,0,0
39,49,94,icyDISSxvx,HpCrlrwyq5c78M6AAAA6,Iota,one is blue,"[True, True, True, True, True, True, True, False]","[True, True, True, True, True, True, True, False]",0.625,0.625,One must be blue,[['x1']],"Z.exists(lambda x1: Z.equal(x1,'blue','colour'),X)",One must be blue,"[{'ids': [0, 1, 2], 'colours': ['blue', 'green', 'red'], 'sizes': [2, 1, 3], 'xpos': [2.280883421535085, 6.769544469766659, 3.3726634746750013], 'ypos': [4.11074308222488, 4.111666666666668, 3.698505498617582], 'rotations': [3.1392836896853145, 3.1415926535897927, 2.169046700451585], 'orientations': ['upright', 'upright', 'strange'], 'contact': [[0, 2], [1], [2, 0]], 'grounded': ['yes', 'yes', 'yes'], 'follow_rule': True}, {'ids': [0, 1, 2], 'colours': ['red', 'green', 'green'], 'sizes': [3, 3, 1], 'xpos': [3.0690825077220945, 1.4743518821456552, 0.7723939818836878], 'ypos': [4.1090953748352685, 3.6178425147927356, 3.8262222530338055], 'rotations': [3.141316459335244, 4.529118401948865, 1.210327195345807], 'orientations': ['upright', 'rhs', 'lhs'], 'contact': [[0, 1], [1, 0], [2]], 'grounded': ['yes', 'yes', 'yes'], 'follow_rule': False}, {'ids': [0, 1, 2], 'colours': ['green', 'red', 'green'], 'sizes': [2, 3, 1], 'xpos': [4.955686010289075, 4.025385643515267, 1.654624239759135], 'ypos': [4.109008809319806, 3.7456097388288856, 4.1075088170672345], 'rotations': [3.1424016134217085, 3.954596736414919, 3.1443814517338793], 'orientations': ['upright', 'strange', 'upright'], 'contact': [[0, 1], [1, 0], [2]], 'grounded': ['yes', 'yes', 'yes'], 'follow_rule': False}, {'ids': [0, 1, 2], 'colours': ['red', 'blue', 'red'], 'sizes': [3, 2, 1], 'xpos': [4.470300216590604, 3.084103271865275, 1.5465036703337813], 'ypos': [3.6309448305987, 4.09539417422895, 4.108687060304546], 'rotations': [1.8630660057089046, 3.100900193144872, 3.140355673089713], 'orientations': ['strange', 'upright', 'upright'], 'contact': [[0, 1], [1, 0], [2]], 'grounded': ['yes', 'yes', 'yes'], 'follow_rule': True}, {'ids': [0, 1, 2], 'colours': ['green', 'red', 'green'], 'sizes': [2, 3, 1], 'xpos': [2.873684871025261, 1.574797363892451, 6.657592814726293], 'ypos': [4.009873080372235, 3.6289238080646093, 4.107221325827045], 'rotations': [3.398906717255474, 4.445815080807571, 3.143642060703379], 'orientations': ['upright', 'strange', 'upright'], 'contact': [[0, 1], [1, 0], [2]], 'grounded': ['yes', 'yes', 'yes'], 'follow_rule': False}, {'ids': [0, 1, 2], 'colours': ['blue', 'red', 'green'], 'sizes': [3, 3, 1], 'xpos': [1.3790571632219857, 2.503051291355136, 0.4275865121244605], 'ypos': [3.6379365666316437, 4.107513529252098, 3.74521620173181], 'rotations': [1.2452515837927942, 3.141416276944009, 2.5325404377996605], 'orientations': ['lhs', 'upright', 'strange'], 'contact': [[0, 2], [1], [2, 0]], 'grounded': ['yes', 'yes', 'no'], 'follow_rule': True}, {'ids': [0], 'colours': ['blue'], 'sizes': [1], 'xpos': [5.59550300467917], 'ypos': [3.8265125327687217], 'rotations': [1.2116191142767574], 'orientations': ['lhs'], 'contact': [[0]], 'grounded': ['yes'], 'follow_rule': True}, {'ids': [0], 'colours': ['blue'], 'sizes': [3], 'xpos': [5.540336398229245], 'ypos': [3.634436664081003], 'rotations': [5.0387638703117], 'orientations': ['rhs'], 'contact': [[0]], 'grounded': ['yes'], 'follow_rule': True}, {'ids': [0, 1, 2, 3, 4], 'colours': ['red', 'green', 'red', 'blue', 'green'], 'sizes': [3, 1, 1, 2, 3], 'xpos': [5.12691938557365, 5.11503131679493, 4.23727953775697, 6.19519140108846, 3.42148978150856], 'ypos': [4.16166666682932, 3.21450769513128, 4.15833270210236, 3.780270212316, 4.15777826181353], 'rotations': [3.14159265356107, 3.17396503839037, 3.13596899439433, 5.0484168782327, 3.14163950292034], 'contact': [[0, 1], [1, 0], 2, 3, 4], 'grounded': ['yes', 'no', 'yes', 'yes', 'yes']}, {'ids': [0, 1, 2, 3], 'colours': ['green', 'green', 'red', 'blue'], 'sizes': [1, 3, 1, 2], 'xpos': [1.95640316882102, 3.82119006463636, 5.49466900932729, 4.94512429018313], 'ypos': [4.1575463669092, 3.68793264237984, 3.88075060909874, 3.82370041726639], 'rotations': [3.14042586215534, 5.03796059957422, 5.07099533912214, 4.13396592888911], 'contact': [0, 1, [2, 3], [3, 2]], 'grounded': ['yes', 'yes', 'yes', 'yes']}, {'ids': [0, 1, 2, 3, 4], 'colours': ['red', 'blue', 'red', 'green', 'green'], 'sizes': [3, 1, 2, 2, 1], 'xpos': [6.01871423256697, 2.01992789098242, 4.13597794449854, 0.774406281828649, 4.80555851531279], 'ypos': [3.68393205570556, 4.15898574652681, 4.15794140291817, 3.77979942907755, 3.98725786368743], 'rotations': [1.24414891831718, 3.14156263599238, 3.14292046357041, 5.04964608195148, 2.53998237313469], 'contact': [[0, 4], 1, 2, 3, [4, 0]], 'grounded': ['yes', 'yes', 'yes', 'yes', 'yes']}, {'ids': [0, 1], 'colours': ['blue', 'green'], 'sizes': [1, 2], 'xpos': [1.67047327443096, 4.46813203908946], 'ypos': [4.15694705663294, 4.15819949787589], 'rotations': [3.14214596161258, 3.14225319301416], 'contact': [{'V1': 0, 'V2': 1}], 'grounded': ['yes', 'yes']}, {'ids': [0, 1, 2, 3, 4], 'colours': ['blue', 'blue', 'red', 'blue', 'red'], 'sizes': [1, 1, 3, 2, 3], 'xpos': [2.9749447690173, 1.59038636414738, 1.89943344290003, 0.742265142690783, 5.82945571924824], 'ypos': [4.14706432996679, 4.15682792868204, 3.68436535365509, 3.87793736870491, 4.15825788448378], 'rotations': [3.19018443917557, 3.14127258207092, 4.38185242264156, 2.36758036264438, 3.14223131257379], 'contact': [[0, 2], 1, [2, 0], 3, 4], 'grounded': ['yes', 'yes', 'yes', 'yes', 'yes']}, {'ids': [0, 1, 2, 3, 4], 'colours': ['blue', 'blue', 'red', 'red', 'blue'], 'sizes': [1, 1, 2, 3, 2], 'xpos': [3.86710801315826, 0.780465760873674, 4.72248955423569, 3.06295468416754, 7.04671297081929], 'ypos': [4.1448491118357, 4.15796013032216, 4.15793209798963, 3.75002575259372, 4.15761808534214], 'rotations': [3.19364501547634, 3.14186836777695, 3.13970081999877, 4.09252896570911, 3.14406240189392], 'contact': [[0, 3], 1, 2, [3, 0], 4], 'grounded': ['yes', 'yes', 'yes', 'yes', 'yes']}, {'ids': [0, 1, 2, 3], 'colours': ['blue', 'green', 'blue', 'red'], 'sizes': [1, 2, 1, 3], 'xpos': [0.414928997162714, 1.7723984589512, 5.75738502777065, 6.08770777718876], 'ypos': [4.15743978227501, 4.15711897749998, 3.88075060909862, 3.89628768750355], 'rotations': [3.14447951863788, 3.14010156096646, 5.07099533912207, 3.69409526653564], 'contact': [0, 1, [2, 3], [3, 2]], 'grounded': ['yes', 'yes', 'yes', 'yes']}, {'ids': [0, 1, 2, 3, 4], 'colours': ['green', 'red', 'green', 'green', 'red'], 'sizes': [2, 2, 3, 3, 2], 'xpos': [1.30426887924571, 1.8868098606311, 6.83333126813548, 2.79429839111229, 3.83407517131883], 'ypos': [3.78000391300947, 4.15881602818333, 3.73307814239637, 4.15736329550291, 4.15804254736289], 'rotations': [1.23253748876037, 3.14240000646429, 4.1567939442383, 3.14166932108615, 3.1439673324419], 'contact': [0, [1, 3], 2, [3, 1], 4], 'grounded': ['yes', 'yes', 'yes', 'yes', 'yes']}]","[False, False, True, True, False, False, False, False]","[False, False, True, True, False, False, False, True]","[True, True, False, False, True, True, True, False]","[False, False, False, False, False, False, False, False]","[True, True, True, True, False, False, False, False]","[True, True, True, True, False, False, False, True]","[False, False, False, False, True, True, True, False]","[False, False, False, False, False, False, False, False]",-0.125,-0.375,0.0,-0.25,0.375,0.625,0.375,0.625,0.25,0.0,0.0,0.25,0.625,0.375,0.01,0.0,-5.545177444479562,2.0794415416798357,11.090354888959125,0.01,0.0,-5.545177444479562,2.0794415416798357,11.090354888959125,1.0502311195665048,"[1.0, 1.0, 1.0, 1.0, 1.0, 0.0, 1.0, 0.0, 1.0, 1.0, 1.0, 1.0, 1.0, 1.0, 1.0, 0.0135, 0.9530000000000001, 0.092, 0.5895, 0.5895, 1.0, 0.0, 0.0, 0.861, 1.0, 1.0, 1.0, 0.2925, 0.999, 0.999, 1.0, 0.7155, 0.0, 0.0, 1.0, 0.0, 0.0, 0.0, 1.0, 0.0, 0.0, 0.0, 1.0, 0.0, 0.0, 0.0, 1.0, 0.0, 1.0, 1.0, 1.0, 1.0, 0.0, 0.0, 0.0, 0.0, 1.0, 1.0, 1.0, 1.0, 0.935, 0.935, 0.935, 0.935, 1.0, 1.0, 1.0, 1.0, 0.0, 1.0, 0.0, 0.0, 0.0, 1.0, 1.0, 1.0, 1.0, 1.0, 1.0, 1.0, 1.0, 1.0, 1.0, 1.0, 0.0935, 0.0935, 0.0935, 0.0935, 1.0, 1.0, 1.0, 1.0, 1.0, 1.0, 1.0, 1.0, 1.0, 1.0, 1.0, 1.0, 1.0, 1.0, 1.0, 0.013000000000000001, 1.0, 1.0, 0.998, 1.0, 1.0, 0.002, 0.998, 0.002, 1.0, 1.0, 1.0, 1.0, 1.0, 1.0, 1.0, 0.0, 0.973, 1.0, 0.9530000000000001, 1.0, 0.8925000000000001, 0.9195, 0.17400000000000002, 0.201, 1.0, 1.0, 1.0, 1.0, 0.0, 0.0, 0.0, 0.0, 1.0, 1.0, 1.0, 0.24, 1.0, 1.0, 0.968, 1.0, 0.653, 0.653, 0.653, 1.0, 0.2535, 0.2535, 0.7035, 0.10300000000000001, 1.0, 1.0, 1.0, 1.0, 0.0, 1.0, 0.0, 0.0, 1.0, 1.0, 1.0, 0.012, 0.988, 0.988, 1.0, 1.0, 1.0, 0.0, 1.0, 1.0, 1.0, 0.0, 0.0, 1.0, 0.0, 0.0, 0.0, 1.0, 1.0, 0.0, 0.0, 0.0, 1.0, 1.0, 1.0, 1.0, 0.0, 0.0, 0.0, 0.0, 1.0, 1.0, 1.0, 1.0, 0.0, 0.0, 0.0, 0.0, 1.0, 1.0, 1.0, 1.0, 1.0, 1.0, 0.841, 1.0, 1.0, 1.0, 1.0, 1.0, 0.0, 0.0, 0.0, 0.0, 1.0, 1.0, 1.0, 1.0, 1.0, 1.0, 1.0, 0.0, 0.197, 0.0, 0.85, 0.653, 0.803, 0.0, 0.0, 0.0, 0.8525, 0.847, 0.9935, 0.847, 0.28300000000000003, 0.4305, 0.426, 0.426, 1.0, 1.0, 1.0, 1.0, 1.0, 1.0, 1.0, 0.0, 0.798, 1.0, 0.7995, 0.7995, 0.0275, 0.029, 0.2265, 0.1975, 1.0, 1.0, 1.0, 1.0, 0.0, 0.0, 0.0, 0.0, 0.862, 0.854, 0.8595, 0.8955000000000001, 0.045, 0.0005, 0.8695, 0.8505, 1.0, 1.0, 1.0, 0.022, 1.0, 1.0, 1.0, 0.978, 0.28400000000000003, 0.0145, 0.1885, 0.0275, 0.2755, 0.0, 0.0015, 0.013000000000000001, 0.0, 0.0, 0.0, 1.0, 1.0, 0.0, 0.0, 0.0, 1.0, 1.0, 1.0, 1.0, 0.0, 0.0, 0.0, 0.0, 1.0, 1.0, 1.0, 1.0, 1.0, 0.0, 1.0, 0.0, 1.0, 1.0, 1.0, 1.0, 1.0, 1.0, 1.0, 0.0, 1.0, 1.0, 1.0, 0.728, 0.8265, 0.5545, 0.5545, 0.8265, 1.0, 1.0, 1.0, 1.0, 1.0, 1.0, 1.0, 1.0, 1.0, 1.0, 1.0, 0.8715, 0.9365, 0.8695, 0.8695, 0.9365, 0.229, 0.229, 0.229, 0.229, 0.801, 0.03, 0.03, 0.801, 0.0, 0.0, 0.0, 1.0, 1.0, 0.0, 0.0, 0.0, 0.108, 0.114, 0.2315, 0.108, 0.114, 0.07050000000000001, 0.0495, 0.006, 1.0, 1.0, 1.0, 1.0, 0.0, 0.0, 0.0, 0.0, 0.8955000000000001, 0.895, 0.0115, 0.0, 0.883, 0.0, 0.0, 0.0, 1.0, 1.0, 1.0, 1.0, 0.0, 0.0, 0.0, 0.0, 0.902, 0.902, 0.902, 0.678, 0.88, 0.88, 0.902, 0.807, 1.0, 1.0, 1.0, 1.0, 0.0, 0.0, 0.0, 0.0, 1.0, 1.0, 1.0, 1.0, 1.0, 1.0, 1.0, 0.0, 1.0, 1.0, 1.0, 1.0, 0.0, 0.0, 0.0, 0.0, 1.0, 1.0, 1.0, 1.0, 0.008, 0.008, 0.008, 0.008, 1.0, 1.0, 1.0, 1.0, 1.0, 1.0, 1.0, 0.0, 1.0, 1.0, 1.0, 1.0, 1.0, 1.0, 0.6980000000000001, 1.0, 1.0, 1.0, 1.0, 1.0, 0.0, 0.0, 0.0, 0.0, 1.0, 1.0, 1.0, 1.0, 1.0, 1.0, 1.0, 0.0, 0.9530000000000001, 0.9530000000000001, 0.9530000000000001, 1.0, 1.0, 1.0, 0.641, 0.9530000000000001, 1.0, 1.0, 1.0, 1.0, 0.0, 0.0, 0.0, 0.0, 1.0, 1.0, 1.0, 1.0, 1.0, 1.0, 1.0, 1.0, 1.0, 1.0, 1.0, 1.0, 0.0, 0.0, 0.0, 0.0, 1.0, 1.0, 1.0, 1.0, 1.0, 1.0, 1.0, 1.0, 1.0, 1.0, 1.0, 1.0, 0.021500000000000002, 0.021500000000000002, 0.021500000000000002, 0.021500000000000002, 0.021500000000000002, 0.003, 0.02, 0.0095, 0.0095, 0.964, 0.9555, 0.0095, 1.0, 1.0, 1.0, 1.0, 1.0, 1.0, 1.0, 1.0, 1.0, 1.0, 1.0, 1.0, 0.0, 0.0, 0.0, 0.0, 1.0, 1.0, 1.0, 1.0, 0.0, 0.0, 1.0, 1.0, 1.0, 0.873, 0.198, 0.198, 1.0, 1.0, 0.6905, 1.0, 1.0, 1.0, 1.0, 1.0, 1.0, 1.0, 1.0, 0.0, 1.0, 0.999, 0.999, 1.0, 0.0025, 0.0025, 0.0025, 0.0025, 1.0, 1.0, 1.0, 1.0, 1.0, 0.686, 0.314, 0.0, 1.0, 1.0, 1.0, 1.0, 0.524, 0.524, 1.0, 0.47600000000000003, 1.0, 1.0, 1.0, 1.0, 0.008, 0.008, 0.008, 0.008, 0.9935, 0.9935, 0.9775, 0.9935, 0.9935, 0.0225, 0.988, 0.017, 1.0, 1.0, 1.0, 1.0, 0.0725, 0.0725, 0.0725, 0.0725, 0.041, 1.0, 1.0, 0.9590000000000001, 0.041, 0.9590000000000001, 1.0, 0.0, 0.7435, 0.9835, 0.7425, 0.986, 0.7435, 0.7435, 0.256, 0.987, 1.0, 0.005, 1.0, 1.0, 1.0, 0.005, 0.005, 1.0, 1.0, 1.0, 1.0, 1.0, 1.0, 1.0, 1.0, 0.0, 1.0, 1.0, 1.0, 1.0, 0.0, 0.0, 0.0, 0.0, 1.0, 1.0, 1.0, 1.0, 0.0, 0.0, 0.0, 0.0, 0.9705, 0.9705, 0.9145, 1.0, 0.8015, 0.8015, 0.9705, 0.7865, 1.0, 1.0, 1.0, 1.0, 0.0, 0.0, 0.0, 0.0, 1.0, 1.0, 1.0, 1.0, 0.0, 0.0, 0.0, 0.0, 1.0, 1.0, 1.0, 1.0, 0.0, 0.0, 0.0, 0.0, 1.0, 1.0, 1.0, 1.0, 1.0, 1.0, 1.0, 1.0]",-418.5875071169283,843.720363894191,-482.430437669722,964.860875339444,0.01,0.0,2.0794415416798357,0.01,0.0,2.0794415416798357,0.6334250289943713,"[1.0, 1.0, 1.0, 1.0, 1.0, 0.0, 1.0, 0.0, 1.0, 1.0, 1.0, 1.0, 1.0, 1.0, 1.0, 0.0, 0.0, 0.0, 0.0, 0.0, 0.0, 0.0, 0.0, 0.0, 1.0, 1.0, 1.0, 0.0, 0.0, 0.0, 1.0, 0.0, 0.0, 0.0, 1.0, 1.0, 0.0, 1.0, 1.0, 1.0, 1.0, 1.0, 1.0, 1.0, 0.0, 0.0, 1.0, 1.0, 1.0, 1.0, 1.0, 1.0, 0.0, 0.0, 0.0, 0.0, 1.0, 1.0, 1.0, 1.0, 0.0, 0.0, 0.0, 0.0, 0.0, 0.0, 0.0, 0.0, 0.0, 1.0, 1.0, 0.0, 1.0, 1.0, 1.0, 1.0, 0.0, 0.0, 0.0, 0.0, 1.0, 1.0, 1.0, 1.0, 0.0, 0.0, 0.0, 0.0, 1.0, 1.0, 1.0, 1.0, 1.0, 1.0, 0.0, 1.0, 1.0, 1.0, 1.0, 1.0, 1.0, 1.0, 1.0, 0.0, 1.0, 1.0, 1.0, 1.0, 1.0, 0.0, 1.0, 0.0, 0.0, 1.0, 0.0, 0.0, 1.0, 1.0, 1.0, 0.0, 1.0, 1.0, 0.0, 1.0, 1.0, 0.0, 0.0, 0.0, 1.0, 1.0, 1.0, 0.0, 1.0, 1.0, 1.0, 1.0, 1.0, 1.0, 1.0, 1.0, 0.0, 0.0, 0.0, 0.0, 1.0, 1.0, 1.0, 0.0, 0.0, 0.0, 1.0, 0.0, 0.0, 0.0, 1.0, 0.0, 0.0, 0.0, 0.0, 0.0, 1.0, 1.0, 1.0, 0.0, 0.0, 0.0, 1.0, 0.0, 0.0, 0.0, 0.0, 1.0, 0.0, 0.0, 0.0, 0.0, 0.0, 0.0, 0.0, 1.0, 0.0, 0.0, 0.0, 0.0, 1.0, 1.0, 1.0, 1.0, 0.0, 0.0, 0.0, 0.0, 1.0, 1.0, 1.0, 0.0, 0.0, 0.0, 1.0, 0.0, 1.0, 1.0, 1.0, 1.0, 0.0, 0.0, 0.0, 0.0, 1.0, 1.0, 1.0, 1.0, 0.0, 0.0, 0.0, 0.0, 1.0, 1.0, 1.0, 1.0, 1.0, 1.0, 1.0, 0.0, 0.0, 0.0, 0.0, 0.0, 1.0, 0.0, 0.0, 0.0, 1.0, 1.0, 1.0, 1.0, 1.0, 1.0, 1.0, 1.0, 1.0, 1.0, 1.0, 1.0, 1.0, 1.0, 1.0, 0.0, 0.0, 0.0, 0.0, 0.0, 0.0, 0.0, 0.0, 0.0, 0.0, 1.0, 0.0, 1.0, 0.0, 1.0, 0.0, 1.0, 0.0, 0.0, 0.0, 1.0, 0.0, 0.0, 0.0, 0.0, 1.0, 1.0, 1.0, 0.0, 0.0, 0.0, 1.0, 0.0, 1.0, 1.0, 1.0, 1.0, 1.0, 0.0, 1.0, 0.0, 0.0, 1.0, 1.0, 1.0, 0.0, 0.0, 0.0, 0.0, 1.0, 1.0, 1.0, 0.0, 1.0, 1.0, 1.0, 1.0, 0.0, 1.0, 1.0, 1.0, 0.0, 0.0, 0.0, 0.0, 1.0, 1.0, 1.0, 1.0, 1.0, 1.0, 1.0, 0.0, 1.0, 1.0, 1.0, 1.0, 0.0, 0.0, 0.0, 0.0, 1.0, 1.0, 1.0, 1.0, 0.0, 0.0, 0.0, 0.0, 0.0, 1.0, 0.0, 0.0, 0.0, 0.0, 0.0, 0.0, 1.0, 1.0, 1.0, 1.0, 1.0, 0.0, 1.0, 1.0, 0.0, 0.0, 0.0, 0.0, 0.0, 1.0, 1.0, 0.0, 1.0, 1.0, 1.0, 1.0, 1.0, 0.0, 1.0, 0.0, 1.0, 1.0, 1.0, 1.0, 1.0, 0.0, 1.0, 1.0, 0.0, 0.0, 0.0, 0.0, 0.0, 1.0, 1.0, 0.0, 1.0, 0.0, 0.0, 1.0, 0.0, 0.0, 0.0, 0.0, 1.0, 1.0, 1.0, 0.0, 0.0, 0.0, 1.0, 0.0, 1.0, 1.0, 1.0, 0.0, 0.0, 0.0, 0.0, 0.0, 1.0, 1.0, 1.0, 1.0, 1.0, 1.0, 1.0, 0.0, 0.0, 0.0, 0.0, 0.0, 0.0, 0.0, 0.0, 0.0, 1.0, 0.0, 1.0, 0.0, 0.0, 0.0, 0.0, 0.0, 1.0, 1.0, 1.0, 1.0, 1.0, 1.0, 1.0, 0.0, 1.0, 1.0, 1.0, 1.0, 1.0, 1.0, 0.0, 1.0, 1.0, 1.0, 1.0, 1.0, 0.0, 0.0, 0.0, 0.0, 1.0, 1.0, 1.0, 1.0, 1.0, 1.0, 1.0, 0.0, 0.0, 1.0, 1.0, 1.0, 0.0, 0.0, 0.0, 0.0, 1.0, 1.0, 1.0, 1.0, 0.0, 0.0, 0.0, 0.0, 1.0, 0.0, 1.0, 0.0, 0.0, 0.0, 0.0, 0.0, 1.0, 1.0, 1.0, 1.0, 1.0, 0.0, 1.0, 0.0, 1.0, 1.0, 1.0, 0.0, 1.0, 1.0, 0.0, 1.0, 1.0, 1.0, 1.0, 1.0, 0.0, 0.0, 0.0, 0.0, 0.0, 0.0, 0.0, 0.0, 0.0, 1.0, 0.0, 0.0, 1.0, 1.0, 1.0, 1.0, 0.0, 0.0, 0.0, 0.0, 0.0, 0.0, 0.0, 0.0, 0.0, 0.0, 0.0, 0.0, 1.0, 0.0, 1.0, 0.0, 0.0, 0.0, 0.0, 0.0, 1.0, 1.0, 0.0, 0.0, 1.0, 1.0, 1.0, 1.0, 1.0, 1.0, 1.0, 1.0, 1.0, 1.0, 1.0, 1.0, 1.0, 1.0, 1.0, 1.0, 1.0, 0.0, 1.0, 1.0, 0.0, 1.0, 0.0, 1.0, 0.0, 1.0, 0.0, 0.0, 1.0, 1.0, 1.0, 1.0, 0.0, 0.0, 1.0, 0.0, 1.0, 1.0, 1.0, 1.0, 0.0, 0.0, 0.0, 0.0, 0.0, 0.0, 0.0, 1.0, 0.0, 0.0, 0.0, 0.0, 1.0, 1.0, 1.0, 1.0, 0.0, 0.0, 0.0, 0.0, 0.0, 1.0, 1.0, 1.0, 0.0, 1.0, 1.0, 0.0, 1.0, 1.0, 1.0, 1.0, 0.0, 0.0, 0.0, 0.0, 1.0, 0.0, 1.0, 1.0, 1.0, 0.0, 0.0, 1.0, 1.0, 1.0, 1.0, 1.0, 1.0, 1.0, 1.0, 0.0, 0.0, 1.0, 1.0, 1.0, 1.0, 1.0, 0.0, 0.0, 1.0, 1.0, 1.0, 1.0, 0.0, 0.0, 0.0, 0.0, 1.0, 1.0, 1.0, 0.0, 0.0, 0.0, 1.0, 0.0, 1.0, 1.0, 1.0, 1.0, 0.0, 0.0, 0.0, 0.0, 0.0, 0.0, 0.0, 0.0, 0.0, 0.0, 0.0, 0.0, 0.0, 1.0, 0.0, 1.0, 0.0, 1.0, 1.0, 0.0, 1.0, 1.0, 1.0, 1.0, 1.0, 0.0, 0.0, 1.0]",-318.3726801373107,643.2907099349558,0.01,0.0,-5.545177444479562,2.0794415416798357,11.090354888959125,0.01,0.0,-5.545177444479562,2.0794415416798357,11.090354888959125,0.6173530694834558,"[1.0, 1.0, 1.0, 1.0, 1.0, 0.0, 1.0, 0.0, 1.0, 1.0, 1.0, 1.0, 1.0, 1.0, 1.0, 0.0, 0.0, 0.0, 0.0, 0.0, 0.0, 0.0, 0.0, 0.0, 1.0, 1.0, 1.0, 0.0, 0.0, 0.0, 1.0, 0.0, 0.0, 0.0, 1.0, 1.0, 0.0, 1.0, 1.0, 1.0, 0.0, 0.0, 0.0, 0.0, 0.0, 0.0, 0.0, 0.0, 1.0, 1.0, 1.0, 1.0, 0.0, 0.0, 0.0, 0.0, 1.0, 1.0, 1.0, 1.0, 0.0, 0.0, 0.0, 0.0, 0.0, 0.0, 0.0, 0.0, 0.0, 1.0, 1.0, 0.0, 0.0, 0.0, 0.0, 1.0, 0.0, 0.0, 0.0, 0.0, 1.0, 1.0, 1.0, 1.0, 0.0, 0.0, 0.0, 0.0, 0.0, 0.0, 0.0, 0.0, 1.0, 1.0, 0.0, 1.0, 1.0, 1.0, 1.0, 1.0, 1.0, 1.0, 1.0, 0.0, 1.0, 1.0, 1.0, 1.0, 1.0, 0.0, 1.0, 0.0, 0.0, 1.0, 0.0, 0.0, 1.0, 1.0, 1.0, 0.0, 1.0, 1.0, 0.0, 1.0, 1.0, 0.0, 0.0, 0.0, 1.0, 1.0, 1.0, 0.0, 1.0, 1.0, 1.0, 1.0, 1.0, 1.0, 1.0, 1.0, 0.0, 0.0, 0.0, 0.0, 1.0, 1.0, 1.0, 0.0, 0.0, 0.0, 1.0, 0.0, 0.0, 0.0, 1.0, 0.0, 0.0, 0.0, 0.0, 0.0, 1.0, 1.0, 1.0, 0.0, 0.0, 0.0, 1.0, 0.0, 0.0, 0.0, 0.0, 1.0, 0.0, 0.0, 0.0, 0.0, 0.0, 0.0, 0.0, 1.0, 0.0, 0.0, 0.0, 0.0, 1.0, 1.0, 1.0, 1.0, 0.0, 0.0, 0.0, 0.0, 1.0, 1.0, 1.0, 0.0, 0.0, 0.0, 1.0, 0.0, 1.0, 1.0, 1.0, 1.0, 0.0, 0.0, 0.0, 0.0, 1.0, 1.0, 1.0, 1.0, 0.0, 0.0, 0.0, 0.0, 1.0, 1.0, 1.0, 1.0, 1.0, 1.0, 1.0, 0.0, 0.0, 0.0, 0.0, 0.0, 1.0, 0.0, 0.0, 0.0, 1.0, 1.0, 1.0, 1.0, 1.0, 1.0, 1.0, 1.0, 1.0, 1.0, 1.0, 1.0, 1.0, 1.0, 1.0, 0.0, 0.0, 0.0, 0.0, 0.0, 0.0, 0.0, 0.0, 0.0, 0.0, 1.0, 0.0, 1.0, 0.0, 1.0, 0.0, 1.0, 0.0, 0.0, 0.0, 1.0, 0.0, 0.0, 0.0, 0.0, 1.0, 1.0, 1.0, 0.0, 0.0, 0.0, 1.0, 0.0, 1.0, 1.0, 1.0, 1.0, 1.0, 0.0, 1.0, 0.0, 0.0, 1.0, 1.0, 1.0, 0.0, 0.0, 0.0, 0.0, 1.0, 1.0, 1.0, 0.0, 1.0, 1.0, 1.0, 1.0, 0.0, 1.0, 1.0, 1.0, 0.0, 0.0, 0.0, 0.0, 1.0, 1.0, 1.0, 1.0, 1.0, 1.0, 1.0, 0.0, 1.0, 1.0, 1.0, 1.0, 0.0, 0.0, 0.0, 0.0, 1.0, 1.0, 1.0, 1.0, 0.0, 0.0, 0.0, 0.0, 0.0, 1.0, 0.0, 0.0, 0.0, 0.0, 0.0, 0.0, 0.0, 0.0, 0.0, 0.0, 0.0, 0.0, 0.0, 0.0, 1.0, 0.0, 1.0, 1.0, 1.0, 0.0, 0.0, 1.0, 1.0, 1.0, 1.0, 1.0, 1.0, 0.0, 1.0, 0.0, 1.0, 1.0, 1.0, 1.0, 1.0, 0.0, 1.0, 1.0, 0.0, 0.0, 0.0, 0.0, 0.0, 1.0, 1.0, 0.0, 1.0, 0.0, 0.0, 1.0, 0.0, 0.0, 0.0, 0.0, 1.0, 1.0, 1.0, 0.0, 0.0, 0.0, 1.0, 0.0, 1.0, 1.0, 1.0, 0.0, 0.0, 0.0, 0.0, 0.0, 1.0, 1.0, 1.0, 1.0, 1.0, 1.0, 1.0, 0.0, 0.0, 0.0, 0.0, 0.0, 0.0, 0.0, 0.0, 0.0, 1.0, 0.0, 1.0, 0.0, 0.0, 0.0, 0.0, 0.0, 1.0, 1.0, 1.0, 1.0, 1.0, 1.0, 1.0, 0.0, 1.0, 1.0, 1.0, 1.0, 1.0, 1.0, 0.0, 1.0, 1.0, 1.0, 1.0, 1.0, 0.0, 0.0, 0.0, 0.0, 1.0, 1.0, 1.0, 1.0, 1.0, 1.0, 1.0, 0.0, 0.0, 1.0, 1.0, 1.0, 0.0, 0.0, 0.0, 0.0, 1.0, 1.0, 1.0, 1.0, 0.0, 0.0, 0.0, 0.0, 1.0, 0.0, 1.0, 0.0, 0.0, 0.0, 0.0, 0.0, 1.0, 1.0, 1.0, 1.0, 1.0, 0.0, 1.0, 0.0, 1.0, 1.0, 1.0, 0.0, 1.0, 1.0, 0.0, 1.0, 1.0, 1.0, 1.0, 1.0, 0.0, 0.0, 0.0, 0.0, 0.0, 0.0, 0.0, 0.0, 0.0, 1.0, 0.0, 0.0, 1.0, 1.0, 1.0, 1.0, 0.0, 0.0, 0.0, 0.0, 0.0, 0.0, 0.0, 0.0, 0.0, 0.0, 0.0, 0.0, 1.0, 0.0, 1.0, 0.0, 0.0, 0.0, 0.0, 0.0, 1.0, 1.0, 0.0, 0.0, 1.0, 1.0, 1.0, 1.0, 1.0, 1.0, 1.0, 1.0, 1.0, 1.0, 1.0, 1.0, 1.0, 1.0, 1.0, 1.0, 1.0, 0.0, 1.0, 1.0, 0.0, 1.0, 0.0, 1.0, 0.0, 1.0, 0.0, 0.0, 1.0, 1.0, 1.0, 1.0, 0.0, 0.0, 1.0, 0.0, 1.0, 1.0, 1.0, 1.0, 0.0, 0.0, 0.0, 0.0, 0.0, 0.0, 0.0, 1.0, 0.0, 0.0, 0.0, 0.0, 1.0, 1.0, 1.0, 1.0, 0.0, 0.0, 0.0, 0.0, 0.0, 1.0, 1.0, 1.0, 0.0, 1.0, 1.0, 0.0, 1.0, 1.0, 1.0, 1.0, 0.0, 0.0, 0.0, 0.0, 1.0, 0.0, 1.0, 1.0, 1.0, 0.0, 0.0, 1.0, 1.0, 1.0, 1.0, 1.0, 1.0, 1.0, 1.0, 0.0, 0.0, 0.0, 1.0, 0.0, 0.0, 1.0, 0.0, 0.0, 1.0, 1.0, 1.0, 1.0, 0.0, 0.0, 0.0, 0.0, 1.0, 1.0, 1.0, 0.0, 0.0, 0.0, 1.0, 0.0, 1.0, 1.0, 1.0, 1.0, 0.0, 0.0, 0.0, 0.0, 0.0, 0.0, 0.0, 0.0, 0.0, 0.0, 0.0, 0.0, 0.0, 1.0, 0.0, 1.0, 0.0, 1.0, 1.0, 0.0, 1.0, 1.0, 1.0, 1.0, 1.0, 0.0, 0.0, 1.0]",-311.9759791000219,630.4973078603782,-482.430437669722,964.860875339444,1.9575791903513533,-5.292505905346584,-5.545177444479562,12.664453352373004,11.090354888959125,1.9575791903513533,-5.292505905346584,-5.545177444479562,12.664453352373004,11.090354888959125,1.0908740239314543,"[0.0, 0.0, 1.0, 0.0, 0.0, 0.0, 0.0, 0.0, 1.0, 1.0, 1.0, 1.0, 0.877, 0.877, 0.877, 0.0, 1.0, 0.259, 1.0, 1.0, 0.8015, 0.0, 0.259, 1.0, 1.0, 1.0, 1.0, 1.0, 1.0, 1.0, 1.0, 0.0, 0.0, 0.0, 1.0, 0.0, 0.0, 0.0, 1.0, 0.0, 0.0, 0.0, 1.0, 0.0, 0.0, 0.0, 1.0, 0.0, 0.0, 0.0, 0.0, 0.0775, 0.0, 0.0, 0.1635, 0.47100000000000003, 1.0, 1.0, 1.0, 1.0, 0.0, 0.0, 0.0, 0.0, 0.0, 0.0, 0.0, 0.0, 0.0, 0.0, 0.0, 0.0, 1.0, 1.0, 1.0, 1.0, 1.0, 1.0, 1.0, 0.0, 1.0, 1.0, 1.0, 1.0, 0.0, 0.0, 0.0, 0.0, 0.0, 0.0, 0.0, 0.0, 0.0, 0.113, 0.113, 0.0, 0.0, 0.0, 0.0, 1.0, 0.0, 0.0, 0.0, 0.0, 1.0, 1.0, 1.0, 1.0, 0.0, 0.0, 0.0, 0.0, 0.9995, 1.0, 1.0, 0.663, 1.0, 1.0, 1.0, 0.353, 1.0, 1.0, 1.0, 1.0, 0.082, 0.082, 0.0, 0.0, 0.973, 1.0, 0.7655000000000001, 0.605, 0.973, 1.0, 1.0, 0.368, 0.0, 0.0, 1.0, 0.0, 1.0, 0.0, 1.0, 0.0, 1.0, 1.0, 1.0, 1.0, 0.0, 0.0, 1.0, 0.0, 1.0, 1.0, 1.0, 1.0, 0.0, 0.9465, 0.0, 0.0, 0.666, 1.0, 0.666, 0.666, 0.0, 0.0, 0.7975, 0.0, 0.0, 0.9430000000000001, 0.0, 1.0, 1.0, 0.0, 0.0, 0.0, 0.0, 1.0, 0.0, 0.0, 0.0, 0.0, 0.0, 0.0, 1.0, 1.0, 1.0, 1.0, 0.0, 0.0, 0.0, 0.0, 1.0, 1.0, 1.0, 1.0, 1.0, 1.0, 1.0, 0.0005, 1.0, 1.0, 1.0, 1.0, 1.0, 1.0, 0.0, 1.0, 1.0, 1.0, 1.0, 1.0, 0.0, 0.0, 0.0, 0.0, 1.0, 1.0, 1.0, 1.0, 1.0, 1.0, 1.0, 0.0, 1.0, 0.0, 1.0, 0.0, 0.0, 0.0, 0.0, 0.0, 0.0, 1.0, 0.0, 1.0, 0.0, 1.0, 0.0, 1.0, 1.0, 1.0, 1.0, 1.0, 1.0, 1.0, 1.0, 0.0, 1.0, 0.0, 1.0, 1.0, 1.0, 0.0, 0.0, 1.0, 1.0, 1.0, 1.0, 1.0, 1.0, 1.0, 1.0, 1.0, 0.0, 0.9580000000000001, 0.0, 0.0, 0.0, 0.0, 0.0045000000000000005, 0.0, 0.0, 0.0, 0.0, 0.0, 0.0, 0.0, 0.0, 1.0, 0.0, 0.0, 0.0005, 0.0, 0.0, 0.0, 0.0, 0.0, 0.0, 1.0, 0.0, 0.0, 0.0, 0.0, 0.0, 0.0, 1.0, 1.0, 1.0, 0.001, 0.001, 0.001, 1.0, 0.0, 0.0, 0.0, 0.6225, 0.0, 0.0, 0.0, 0.0, 0.0, 1.0, 1.0, 1.0, 1.0, 0.0, 0.0, 0.0, 0.0, 0.0, 0.0, 0.0, 0.0, 0.0, 0.0, 0.0, 0.0, 1.0, 1.0, 1.0, 1.0, 1.0, 1.0, 1.0, 0.0, 0.0, 0.0, 0.0, 1.0, 0.0, 0.0, 1.0, 0.0, 1.0, 1.0, 1.0, 1.0, 0.0, 0.0, 0.0, 0.0, 0.0, 1.0, 0.0, 0.0, 1.0, 0.0, 0.0, 1.0, 1.0, 1.0, 1.0, 1.0, 0.0, 0.0, 0.0, 0.0, 1.0, 1.0, 1.0, 1.0, 1.0, 0.0, 1.0, 1.0, 0.0, 0.0005, 0.0, 0.0, 0.0, 0.38, 0.0, 0.0, 1.0, 1.0, 1.0, 1.0, 0.0, 0.0, 0.0, 0.0, 1.0, 1.0, 1.0, 0.999, 1.0, 1.0, 1.0, 0.0195, 1.0, 1.0, 1.0, 1.0, 0.0, 0.0, 0.0, 0.0, 0.0, 0.6285000000000001, 0.0, 0.328, 0.0, 0.0, 0.6285000000000001, 0.0, 0.0, 0.0, 0.0, 0.0, 0.0, 0.0, 0.0, 1.0, 1.0, 1.0, 1.0, 1.0, 0.0, 0.0, 0.0, 0.0, 1.0, 1.0, 1.0, 1.0, 1.0, 1.0, 1.0, 0.0, 1.0, 1.0, 1.0, 1.0, 1.0, 1.0, 0.0375, 1.0, 1.0, 1.0, 1.0, 1.0, 0.0, 0.0, 0.0, 0.0, 1.0, 1.0, 1.0, 1.0, 1.0, 1.0, 1.0, 0.0, 1.0, 1.0, 1.0, 1.0, 1.0, 1.0, 0.0, 1.0, 1.0, 1.0, 1.0, 1.0, 0.0, 0.0, 0.0, 0.0, 1.0, 1.0, 1.0, 1.0, 1.0, 1.0, 1.0, 1.0, 0.0, 0.0, 0.4395, 0.0, 0.0, 0.0, 0.001, 1.0, 0.0, 0.0, 0.0, 0.0, 0.0, 0.0, 0.0, 0.0, 1.0, 1.0, 1.0, 0.0, 1.0, 0.0, 0.0, 1.0, 0.0, 0.0, 1.0, 1.0, 1.0, 0.0, 0.0, 0.0, 0.0, 0.0, 0.0, 0.0, 0.0, 0.0, 0.0, 0.0, 1.0, 1.0, 1.0, 1.0, 0.0, 0.0, 0.0, 0.0, 0.0, 0.0, 0.0, 0.0, 0.0, 1.0, 0.0, 0.0, 1.0, 1.0, 1.0, 1.0, 0.0, 0.4945, 0.0, 0.0, 1.0, 1.0, 1.0, 1.0, 0.0, 0.0, 1.0, 1.0, 1.0, 1.0, 1.0, 1.0, 0.0, 0.0, 0.0, 0.0, 1.0, 1.0, 1.0, 1.0, 1.0, 0.704, 0.296, 0.0, 1.0, 1.0, 1.0, 1.0, 0.0, 0.0, 1.0, 1.0, 1.0, 1.0, 1.0, 1.0, 0.0, 0.0, 0.0, 0.0, 0.006, 1.0, 0.006, 0.708, 0.298, 1.0, 0.298, 1.0, 1.0, 1.0, 1.0, 1.0, 0.0, 0.0, 0.0, 0.0, 1.0, 0.0, 1.0, 1.0, 1.0, 0.0, 0.0, 1.0, 0.0, 1.0, 1.0, 1.0, 0.0, 0.0, 0.0, 0.0, 1.0, 0.224, 1.0, 1.0, 0.776, 0.0, 0.224, 1.0, 1.0, 1.0, 1.0, 1.0, 0.0, 0.0, 0.0, 0.0, 1.0, 1.0, 0.0, 1.0, 1.0, 1.0, 0.0, 1.0, 1.0, 1.0, 1.0, 1.0, 0.0, 0.0, 0.0, 0.0, 1.0, 1.0, 1.0, 1.0, 1.0, 1.0, 1.0, 0.0, 1.0, 1.0, 1.0, 1.0, 0.0, 0.0, 0.0, 0.0, 0.0, 0.0, 0.0, 0.0, 0.0, 0.0, 0.0, 0.0, 1.0, 0.4865, 1.0, 1.0, 1.0, 0.0075, 0.4865, 1.0, 0.0225, 0.0, 0.0, 0.9775, 0.0, 0.0, 0.0, 0.0]",-419.18595103414617,844.9172517286268,-482.430437669722,964.860875339444,0.01,0.0,-5.545177444479562,2.0794415416798357,11.090354888959125,0.01,0.0,-5.545177444479562,2.0794415416798357,11.090354888959125,0.5787520451143159,"[1.0, 1.0, 1.0, 1.0, 1.0, 0.0, 1.0, 0.0, 1.0, 1.0, 1.0, 1.0, 1.0, 1.0, 1.0, 0.0, 0.0, 0.0, 0.0, 0.0, 0.0, 0.0, 0.0, 0.0, 1.0, 1.0, 1.0, 1.0, 0.0, 0.0, 1.0, 0.0, 0.0, 0.0, 0.0, 0.0, 0.0, 1.0, 0.0, 0.0, 0.0, 0.0, 0.0, 0.0, 0.0, 0.0, 0.0, 0.0, 1.0, 1.0, 1.0, 1.0, 0.0, 0.0, 0.0, 0.0, 1.0, 1.0, 1.0, 1.0, 0.0, 0.0, 0.0, 0.0, 0.0, 0.0, 0.0, 0.0, 0.0, 1.0, 1.0, 0.0, 1.0, 1.0, 1.0, 1.0, 0.0, 0.0, 0.0, 0.0, 1.0, 1.0, 1.0, 1.0, 0.0, 0.0, 0.0, 0.0, 0.0, 0.0, 0.0, 0.0, 0.0, 0.0, 0.0, 0.0, 1.0, 1.0, 1.0, 1.0, 1.0, 1.0, 1.0, 0.0, 1.0, 1.0, 1.0, 1.0, 1.0, 0.0, 1.0, 0.0, 0.0, 1.0, 0.0, 0.0, 1.0, 1.0, 1.0, 0.0, 1.0, 1.0, 0.0, 1.0, 1.0, 0.0, 0.0, 0.0, 1.0, 1.0, 1.0, 0.0, 1.0, 1.0, 1.0, 1.0, 1.0, 1.0, 1.0, 1.0, 0.0, 0.0, 0.0, 0.0, 1.0, 1.0, 1.0, 0.0, 0.0, 0.0, 1.0, 0.0, 0.0, 0.0, 1.0, 0.0, 0.0, 0.0, 0.0, 0.0, 1.0, 1.0, 1.0, 0.0, 0.0, 0.0, 1.0, 0.0, 0.0, 0.0, 0.0, 1.0, 0.0, 0.0, 0.0, 0.0, 0.0, 0.0, 0.0, 1.0, 0.0, 0.0, 0.0, 0.0, 1.0, 1.0, 1.0, 1.0, 0.0, 0.0, 0.0, 0.0, 1.0, 1.0, 1.0, 0.0, 0.0, 0.0, 1.0, 0.0, 1.0, 1.0, 1.0, 1.0, 0.0, 0.0, 0.0, 0.0, 1.0, 1.0, 1.0, 1.0, 0.0, 0.0, 0.0, 0.0, 1.0, 1.0, 1.0, 1.0, 1.0, 1.0, 1.0, 0.0, 0.0, 0.0, 0.0, 0.0, 1.0, 0.0, 0.0, 0.0, 1.0, 1.0, 1.0, 1.0, 1.0, 1.0, 1.0, 1.0, 1.0, 1.0, 1.0, 1.0, 1.0, 1.0, 1.0, 0.0, 0.0, 0.0, 0.0, 0.0, 0.0, 0.0, 0.0, 0.0, 0.0, 1.0, 0.0, 1.0, 0.0, 1.0, 0.0, 1.0, 0.0, 0.0, 0.0, 1.0, 0.0, 0.0, 0.0, 0.0, 1.0, 1.0, 1.0, 0.0, 0.0, 0.0, 1.0, 0.0, 0.0, 0.0, 1.0, 0.0, 0.0, 0.0, 0.0, 0.0, 0.0, 1.0, 1.0, 1.0, 0.0, 0.0, 0.0, 0.0, 1.0, 1.0, 1.0, 0.0, 1.0, 1.0, 1.0, 1.0, 0.0, 0.0, 1.0, 0.0, 0.0, 0.0, 0.0, 0.0, 1.0, 1.0, 1.0, 1.0, 1.0, 1.0, 1.0, 0.0, 1.0, 1.0, 1.0, 1.0, 0.0, 0.0, 0.0, 0.0, 1.0, 1.0, 1.0, 1.0, 0.0, 0.0, 0.0, 0.0, 0.0, 1.0, 0.0, 0.0, 0.0, 0.0, 0.0, 0.0, 0.0, 0.0, 0.0, 0.0, 0.0, 0.0, 0.0, 0.0, 0.0, 0.0, 0.0, 0.0, 0.0, 0.0, 0.0, 0.0, 1.0, 1.0, 0.0, 1.0, 1.0, 0.0, 1.0, 0.0, 1.0, 1.0, 1.0, 1.0, 1.0, 0.0, 1.0, 1.0, 0.0, 0.0, 0.0, 0.0, 0.0, 1.0, 1.0, 0.0, 1.0, 0.0, 0.0, 1.0, 0.0, 0.0, 0.0, 0.0, 1.0, 1.0, 1.0, 0.0, 0.0, 0.0, 1.0, 0.0, 1.0, 1.0, 1.0, 0.0, 0.0, 0.0, 0.0, 0.0, 1.0, 1.0, 1.0, 1.0, 1.0, 1.0, 1.0, 0.0, 0.0, 0.0, 0.0, 0.0, 0.0, 0.0, 0.0, 0.0, 1.0, 0.0, 1.0, 0.0, 0.0, 0.0, 0.0, 0.0, 1.0, 1.0, 1.0, 1.0, 1.0, 1.0, 1.0, 0.0, 1.0, 1.0, 1.0, 1.0, 1.0, 1.0, 0.0, 1.0, 1.0, 1.0, 1.0, 1.0, 0.0, 0.0, 0.0, 0.0, 1.0, 1.0, 1.0, 1.0, 1.0, 1.0, 1.0, 0.0, 0.0, 1.0, 1.0, 1.0, 0.0, 0.0, 0.0, 0.0, 1.0, 1.0, 1.0, 1.0, 0.0, 0.0, 0.0, 0.0, 1.0, 0.0, 1.0, 0.0, 0.0, 0.0, 0.0, 0.0, 1.0, 1.0, 1.0, 1.0, 1.0, 0.0, 1.0, 0.0, 1.0, 1.0, 1.0, 0.0, 1.0, 1.0, 0.0, 1.0, 1.0, 1.0, 1.0, 1.0, 0.0, 0.0, 0.0, 0.0, 0.0, 0.0, 0.0, 0.0, 0.0, 0.0, 0.0, 0.0, 1.0, 1.0, 1.0, 1.0, 0.0, 0.0, 0.0, 0.0, 0.0, 0.0, 0.0, 0.0, 0.0, 0.0, 0.0, 0.0, 0.0, 0.0, 0.0, 0.0, 0.0, 0.0, 0.0, 0.0, 1.0, 1.0, 0.0, 0.0, 1.0, 1.0, 1.0, 1.0, 1.0, 1.0, 1.0, 1.0, 1.0, 1.0, 1.0, 1.0, 1.0, 1.0, 1.0, 1.0, 1.0, 0.0, 1.0, 1.0, 0.0, 1.0, 0.0, 1.0, 0.0, 1.0, 0.0, 0.0, 1.0, 1.0, 1.0, 1.0, 0.0, 0.0, 1.0, 0.0, 1.0, 1.0, 1.0, 1.0, 0.0, 0.0, 0.0, 0.0, 0.0, 0.0, 0.0, 1.0, 0.0, 0.0, 0.0, 0.0, 1.0, 1.0, 1.0, 1.0, 0.0, 0.0, 0.0, 0.0, 0.0, 1.0, 1.0, 1.0, 0.0, 1.0, 1.0, 0.0, 1.0, 1.0, 1.0, 1.0, 0.0, 0.0, 0.0, 0.0, 1.0, 0.0, 1.0, 1.0, 1.0, 0.0, 0.0, 1.0, 1.0, 1.0, 1.0, 1.0, 1.0, 1.0, 1.0, 0.0, 0.0, 1.0, 1.0, 1.0, 1.0, 1.0, 0.0, 0.0, 1.0, 1.0, 1.0, 1.0, 0.0, 0.0, 0.0, 0.0, 1.0, 1.0, 1.0, 0.0, 0.0, 0.0, 1.0, 0.0, 1.0, 1.0, 1.0, 1.0, 0.0, 0.0, 0.0, 0.0, 0.0, 0.0, 0.0, 0.0, 0.0, 0.0, 0.0, 0.0, 0.0, 0.0, 1.0, 1.0, 0.0, 0.0, 0.0, 0.0, 1.0, 1.0, 1.0, 1.0, 1.0, 0.0, 0.0, 1.0]",-295.2442605392121,597.0338707387587,-482.430437669722,964.860875339444,342.7393122320237,-5.548103626661069,13.175648795001974,1.2846122460949685,-433.45128860920846,873.4479268787513,True,True,True,False,True,0.625,0.625,0.625,0.625,0.625,0.625,1.0,1.0,0.625,0.625,0.75,0.75,"Z.exists(lambda x1: Z.equal(x1,'blue','colour'),X)","Z.exists(lambda x1: Z.equal(x1,'blue','colour'),X)","Z.exactly(lambda x1: Z.equal(x1,'blue','colour'),1,X)","Z.exists(lambda x1: Z.equal(x1,'blue','colour'),X)",0.625,0.625,0.625,1.0,0.625,0.7083333333333334,0.6982758620689655,0.6867816091954023,0.6954022988505747,0.6925287356321839,5.241379310344827,0,0,0,0,2000,0
40,50,97,icyDISSxvx,oTUrOgUqTmm9QfYDAAA5,Zeta,there is a red,"[True, True, True, True, False, False, False, False]","[True, True, True, True, False, False, False, False]",1.0,1.0,There must be at least one red cone.,[['x1']],"Z.atleast(lambda x1: Z.equal(x1,'red','colour'),1,X)",There must be at least one red cone.,"[{'ids': [0, 1, 2], 'colours': ['red', 'green', 'red'], 'sizes': [2, 2, 1], 'xpos': [1.208261952118105, 1.208259749799272, 3.6555627088626457], 'ypos': [4.128336592865861, 3.8275498829535235, 3.8474172757652845], 'rotations': [3.1415921168144747, 3.1415884343069083, 1.2121899680575183], 'orientations': ['upright', 'upright', 'lhs'], 'contact': [[0, 1], [1, 0], [2]], 'grounded': ['yes', 'no', 'yes'], 'follow_rule': True}, {'ids': [0], 'colours': ['green'], 'sizes': [3], 'xpos': [5.715716663017571], 'ypos': [4.124796705717862], 'rotations': [3.1380965660333713], 'orientations': ['upright'], 'contact': [[0]], 'grounded': ['yes'], 'follow_rule': False}, {'ids': [0], 'colours': ['red'], 'sizes': [2], 'xpos': [5.2460928950491335], 'ypos': [4.124610295360251], 'rotations': [3.1446462550501924], 'orientations': ['upright'], 'contact': [[0]], 'grounded': ['yes'], 'follow_rule': True}, {'ids': [0, 1], 'colours': ['red', 'red'], 'sizes': [2, 1], 'xpos': [7.062042979039286, 5.656706595515579], 'ypos': [4.124360751800643, 4.1245071295225735], 'rotations': [3.143816462746463, 3.139581836186077], 'orientations': ['upright', 'upright'], 'contact': [[0], [1]], 'grounded': ['yes', 'yes'], 'follow_rule': True}, {'ids': [0, 1, 2], 'colours': ['red', 'red', 'red'], 'sizes': [2, 2, 1], 'xpos': [3.170561291461706, 5.109884449851385, 6.61556835402277], 'ypos': [4.124414921234228, 4.123906799169063, 4.123919326865015], 'rotations': [3.142501348013419, 3.1415255542857516, 3.1434004144570435], 'orientations': ['upright', 'upright', 'upright'], 'contact': [[0], [1], [2]], 'grounded': ['yes', 'yes', 'yes'], 'follow_rule': True}, {'ids': [0, 1, 2], 'colours': ['red', 'red', 'red'], 'sizes': [3, 2, 1], 'xpos': [6.770333387670121, 2.908424216927044, 0.3088326075040959], 'ypos': [4.125166399979266, 3.7462759840685376, 4.124607404440765], 'rotations': [3.141514980860627, 5.050680894485659, 3.1449820088731206], 'orientations': ['upright', 'rhs', 'upright'], 'contact': [[0], [1], [2]], 'grounded': ['yes', 'yes', 'yes'], 'follow_rule': True}, {'ids': [0, 1], 'colours': ['red', 'green'], 'sizes': [3, 2], 'xpos': [4.309309363639253, 3.336626813369606], 'ypos': [4.123681733300772, 4.124509863116479], 'rotations': [3.1413080494754553, 3.144894435149897], 'orientations': ['upright', 'upright'], 'contact': [[0], [1]], 'grounded': ['yes', 'yes'], 'follow_rule': True}, {'ids': [0, 1, 2, 3, 4], 'colours': ['red', 'red', 'red', 'red', 'red'], 'sizes': [1, 1, 2, 3, 2], 'xpos': [0.7520513984619297, 5.345809283618691, 0.9378371890463751, 2.9431504669574005, 5.3470026264535075], 'ypos': [3.8476452353564072, 4.127215204738166, 3.9816334569778298, 4.1243320332977484, 4.118762236923513], 'rotations': [5.070710055174045, 3.136969218194731, 2.7794019918750705, 3.1413599894328152, 3.1440151208479477], 'orientations': ['rhs', 'upright', 'upright', 'upright', 'upright'], 'contact': [[0, 2], [1, 4], [2, 0], [3], [4, 1]], 'grounded': ['yes', 'yes', 'yes', 'yes', 'no'], 'follow_rule': True}, {'ids': [0, 1, 2, 3], 'colours': ['red', 'green', 'green', 'red'], 'sizes': [1, 3, 1, 2], 'xpos': [4.99719497412721, 5.33966521510595, 6.7812617602386, 0.647214122653947], 'ypos': [3.87616110226316, 3.89757703212827, 4.15810225565523, 4.15717162300964], 'rotations': [1.21015432030723, 3.69203273094864, 3.14416974526282, 3.14125264303298], 'contact': [[0, 1], [1, 0], 2, 3], 'grounded': ['yes', 'yes', 'yes', 'yes']}, {'ids': [0, 1, 2, 3, 4], 'colours': ['red', 'red', 'blue', 'blue', 'green'], 'sizes': [2, 1, 2, 2, 1], 'xpos': [0.756045112876682, 5.7930538088619, 4.02912968049722, 0.607249611808554, 2.34445062198903], 'ypos': [3.78128677692435, 3.87663053995449, 3.77926220180112, 4.09987976609843, 4.15797989686201], 'rotations': [5.04734512360657, 1.21097145412816, 1.2338944765227, 2.99747085022243, 3.14330311350596], 'contact': [[0, 3], 1, 2, [3, 0], 4], 'grounded': ['yes', 'yes', 'yes', 'yes', 'yes']}, {'ids': [0, 1, 2, 3, 4, 5], 'colours': ['green', 'green', 'green', 'green', 'red', 'red'], 'sizes': [1, 1, 2, 2, 1, 1], 'xpos': [0.392205266119112, 6.46736091582645, 5.87132830651543, 2.56842478452184, 1.05497225772388, 3.35722507237469], 'ypos': [4.15754519774028, 3.87672651888649, 3.80774864689194, 4.15891117383473, 4.15835090526104, 4.15780493355124], 'rotations': [3.14560426344892, 5.07442800349693, 4.20513160762651, 3.14652142167178, 3.14300168792949, 3.1450254884391], 'contact': [0, [1, 2], [2, 1], 3, 4, 5], 'grounded': ['yes', 'yes', 'yes', 'yes', 'yes', 'yes']}, {'ids': [0, 1, 2], 'colours': ['blue', 'red', 'blue'], 'sizes': [1, 3, 1], 'xpos': [3.65329156447024, 3.06074315033349, 4.60711408951368], 'ypos': [3.87683998879975, 3.89790852126602, 4.15748043316142], 'rotations': [1.21104984409195, 2.59341814797494, 3.14017425270441], 'contact': [[0, 1], [1, 0], 2], 'grounded': ['yes', 'yes', 'yes']}, {'ids': [0, 1, 2, 3, 4, 5], 'colours': ['green', 'green', 'green', 'green', 'blue', 'blue'], 'sizes': [1, 3, 2, 1, 2, 1], 'xpos': [2.9046526114666, 3.68975290255409, 5.65833149766197, 2.8246611501998, 2.89449149866101, 1.87269773742003], 'ypos': [3.88094533031908, 3.68797064017839, 4.15757175612118, 3.68349548447456, 3.68583647526567, 3.8760767087662], 'rotations': [1.21243000430047, 5.03772434357929, 3.14324414103154, 5.06868148794976, 5.04716419664426, 1.2105262200236], 'contact': [[0, 4], [1, 4], 2, [3, 4], [4, 0, 1, 3], 5], 'grounded': ['yes', 'yes', 'yes', 'no', 'no', 'yes']}, {'ids': [0, 1], 'colours': ['green', 'green'], 'sizes': [1, 3], 'xpos': [0.670764619467334, 5.261348820008], 'ypos': [3.86447444538309, 4.15793495472947], 'rotations': [1.77488765373097, 3.13951555729719], 'contact': [{'V1': 0, 'V2': 1}], 'grounded': ['yes', 'yes']}, {'ids': [0, 1, 2], 'colours': ['blue', 'green', 'green'], 'sizes': [1, 1, 3], 'xpos': [4.69009713254434, 2.93439461350621, 4.78205690186546], 'ypos': [4.15772510399043, 4.15704164375121, 4.15823822985147], 'rotations': [3.14100478933091, 3.14035932239342, 3.14115234487408], 'contact': [[0, 2], 1, [2, 0]], 'grounded': ['yes', 'yes', 'yes']}, {'ids': [0, 1, 2, 3, 4, 5], 'colours': ['green', 'blue', 'blue', 'green', 'green', 'green'], 'sizes': [3, 2, 1, 1, 3, 2], 'xpos': [4.08915128061252, 2.29489936724743, 2.81704915678861, 6.85663898790724, 1.00051084466887, 4.09237106060331], 'ypos': [4.1616688599196, 4.16166316032898, 3.87799901532656, 4.1578940642729, 4.15850762807611, 3.52787490122945], 'rotations': [3.14159237119885, 3.14158410154621, 5.07138880585438, 3.13808482008692, 3.14212541938172, 3.13686252238553], 'contact': [[0, 5], 1, 2, 3, 4, [5, 0]], 'grounded': ['yes', 'yes', 'yes', 'yes', 'yes', 'no']}]","[False, False, False, False, False, False, False, True]","[False, False, False, False, True, True, True, False]","[True, True, True, True, False, False, False, False]","[False, False, False, False, False, False, False, True]","[False, False, False, False, False, False, False, True]","[False, False, False, False, True, True, True, False]","[True, True, True, True, False, False, False, False]","[False, False, False, False, False, False, False, True]",0.625,0.625,0.0,0.0,0.375,0.375,0.375,0.375,0.625,0.625,0.0,0.0,0.625,0.625,0.988345090800164,-5.072961990341819,-5.545177444479562,12.225365522363473,11.090354888959125,404.21114665842623,-11.09292220328377,-11.090354888959125,24.95843312880732,22.18070977791825,1.0502311195665048,"[1.0, 1.0, 1.0, 1.0, 1.0, 0.0, 1.0, 0.0, 1.0, 1.0, 1.0, 1.0, 1.0, 1.0, 1.0, 0.0135, 0.9530000000000001, 0.092, 0.5895, 0.5895, 1.0, 0.0, 0.0, 0.861, 1.0, 1.0, 1.0, 0.2925, 0.999, 0.999, 1.0, 0.7155, 0.0, 0.0, 1.0, 0.0, 0.0, 0.0, 1.0, 0.0, 0.0, 0.0, 1.0, 0.0, 0.0, 0.0, 1.0, 0.0, 1.0, 1.0, 1.0, 1.0, 0.0, 0.0, 0.0, 0.0, 1.0, 1.0, 1.0, 1.0, 0.935, 0.935, 0.935, 0.935, 1.0, 1.0, 1.0, 1.0, 0.0, 1.0, 0.0, 0.0, 0.0, 1.0, 1.0, 1.0, 1.0, 1.0, 1.0, 1.0, 1.0, 1.0, 1.0, 1.0, 0.0935, 0.0935, 0.0935, 0.0935, 1.0, 1.0, 1.0, 1.0, 1.0, 1.0, 1.0, 1.0, 1.0, 1.0, 1.0, 1.0, 1.0, 1.0, 1.0, 0.013000000000000001, 1.0, 1.0, 0.998, 1.0, 1.0, 0.002, 0.998, 0.002, 1.0, 1.0, 1.0, 1.0, 1.0, 1.0, 1.0, 0.0, 0.973, 1.0, 0.9530000000000001, 1.0, 0.8925000000000001, 0.9195, 0.17400000000000002, 0.201, 1.0, 1.0, 1.0, 1.0, 0.0, 0.0, 0.0, 0.0, 1.0, 1.0, 1.0, 0.24, 1.0, 1.0, 0.968, 1.0, 0.653, 0.653, 0.653, 1.0, 0.2535, 0.2535, 0.7035, 0.10300000000000001, 1.0, 1.0, 1.0, 1.0, 0.0, 1.0, 0.0, 0.0, 1.0, 1.0, 1.0, 0.012, 0.988, 0.988, 1.0, 1.0, 1.0, 0.0, 1.0, 1.0, 1.0, 0.0, 0.0, 1.0, 0.0, 0.0, 0.0, 1.0, 1.0, 0.0, 0.0, 0.0, 1.0, 1.0, 1.0, 1.0, 0.0, 0.0, 0.0, 0.0, 1.0, 1.0, 1.0, 1.0, 0.0, 0.0, 0.0, 0.0, 1.0, 1.0, 1.0, 1.0, 1.0, 1.0, 0.841, 1.0, 1.0, 1.0, 1.0, 1.0, 0.0, 0.0, 0.0, 0.0, 1.0, 1.0, 1.0, 1.0, 1.0, 1.0, 1.0, 0.0, 0.197, 0.0, 0.85, 0.653, 0.803, 0.0, 0.0, 0.0, 0.8525, 0.847, 0.9935, 0.847, 0.28300000000000003, 0.4305, 0.426, 0.426, 1.0, 1.0, 1.0, 1.0, 1.0, 1.0, 1.0, 0.0, 0.798, 1.0, 0.7995, 0.7995, 0.0275, 0.029, 0.2265, 0.1975, 1.0, 1.0, 1.0, 1.0, 0.0, 0.0, 0.0, 0.0, 0.862, 0.854, 0.8595, 0.8955000000000001, 0.045, 0.0005, 0.8695, 0.8505, 1.0, 1.0, 1.0, 0.022, 1.0, 1.0, 1.0, 0.978, 0.28400000000000003, 0.0145, 0.1885, 0.0275, 0.2755, 0.0, 0.0015, 0.013000000000000001, 0.0, 0.0, 0.0, 1.0, 1.0, 0.0, 0.0, 0.0, 1.0, 1.0, 1.0, 1.0, 0.0, 0.0, 0.0, 0.0, 1.0, 1.0, 1.0, 1.0, 1.0, 0.0, 1.0, 0.0, 1.0, 1.0, 1.0, 1.0, 1.0, 1.0, 1.0, 0.0, 1.0, 1.0, 1.0, 0.728, 0.8265, 0.5545, 0.5545, 0.8265, 1.0, 1.0, 1.0, 1.0, 1.0, 1.0, 1.0, 1.0, 1.0, 1.0, 1.0, 0.8715, 0.9365, 0.8695, 0.8695, 0.9365, 0.229, 0.229, 0.229, 0.229, 0.801, 0.03, 0.03, 0.801, 0.0, 0.0, 0.0, 1.0, 1.0, 0.0, 0.0, 0.0, 0.108, 0.114, 0.2315, 0.108, 0.114, 0.07050000000000001, 0.0495, 0.006, 1.0, 1.0, 1.0, 1.0, 0.0, 0.0, 0.0, 0.0, 0.8955000000000001, 0.895, 0.0115, 0.0, 0.883, 0.0, 0.0, 0.0, 1.0, 1.0, 1.0, 1.0, 0.0, 0.0, 0.0, 0.0, 0.902, 0.902, 0.902, 0.678, 0.88, 0.88, 0.902, 0.807, 1.0, 1.0, 1.0, 1.0, 0.0, 0.0, 0.0, 0.0, 1.0, 1.0, 1.0, 1.0, 1.0, 1.0, 1.0, 0.0, 1.0, 1.0, 1.0, 1.0, 0.0, 0.0, 0.0, 0.0, 1.0, 1.0, 1.0, 1.0, 0.008, 0.008, 0.008, 0.008, 1.0, 1.0, 1.0, 1.0, 1.0, 1.0, 1.0, 0.0, 1.0, 1.0, 1.0, 1.0, 1.0, 1.0, 0.6980000000000001, 1.0, 1.0, 1.0, 1.0, 1.0, 0.0, 0.0, 0.0, 0.0, 1.0, 1.0, 1.0, 1.0, 1.0, 1.0, 1.0, 0.0, 0.9530000000000001, 0.9530000000000001, 0.9530000000000001, 1.0, 1.0, 1.0, 0.641, 0.9530000000000001, 1.0, 1.0, 1.0, 1.0, 0.0, 0.0, 0.0, 0.0, 1.0, 1.0, 1.0, 1.0, 1.0, 1.0, 1.0, 1.0, 1.0, 1.0, 1.0, 1.0, 0.0, 0.0, 0.0, 0.0, 1.0, 1.0, 1.0, 1.0, 1.0, 1.0, 1.0, 1.0, 1.0, 1.0, 1.0, 1.0, 0.021500000000000002, 0.021500000000000002, 0.021500000000000002, 0.021500000000000002, 0.021500000000000002, 0.003, 0.02, 0.0095, 0.0095, 0.964, 0.9555, 0.0095, 1.0, 1.0, 1.0, 1.0, 1.0, 1.0, 1.0, 1.0, 1.0, 1.0, 1.0, 1.0, 0.0, 0.0, 0.0, 0.0, 1.0, 1.0, 1.0, 1.0, 0.0, 0.0, 1.0, 1.0, 1.0, 0.873, 0.198, 0.198, 1.0, 1.0, 0.6905, 1.0, 1.0, 1.0, 1.0, 1.0, 1.0, 1.0, 1.0, 0.0, 1.0, 0.999, 0.999, 1.0, 0.0025, 0.0025, 0.0025, 0.0025, 1.0, 1.0, 1.0, 1.0, 1.0, 0.686, 0.314, 0.0, 1.0, 1.0, 1.0, 1.0, 0.524, 0.524, 1.0, 0.47600000000000003, 1.0, 1.0, 1.0, 1.0, 0.008, 0.008, 0.008, 0.008, 0.9935, 0.9935, 0.9775, 0.9935, 0.9935, 0.0225, 0.988, 0.017, 1.0, 1.0, 1.0, 1.0, 0.0725, 0.0725, 0.0725, 0.0725, 0.041, 1.0, 1.0, 0.9590000000000001, 0.041, 0.9590000000000001, 1.0, 0.0, 0.7435, 0.9835, 0.7425, 0.986, 0.7435, 0.7435, 0.256, 0.987, 1.0, 0.005, 1.0, 1.0, 1.0, 0.005, 0.005, 1.0, 1.0, 1.0, 1.0, 1.0, 1.0, 1.0, 1.0, 0.0, 1.0, 1.0, 1.0, 1.0, 0.0, 0.0, 0.0, 0.0, 1.0, 1.0, 1.0, 1.0, 0.0, 0.0, 0.0, 0.0, 0.9705, 0.9705, 0.9145, 1.0, 0.8015, 0.8015, 0.9705, 0.7865, 1.0, 1.0, 1.0, 1.0, 0.0, 0.0, 0.0, 0.0, 1.0, 1.0, 1.0, 1.0, 0.0, 0.0, 0.0, 0.0, 1.0, 1.0, 1.0, 1.0, 0.0, 0.0, 0.0, 0.0, 1.0, 1.0, 1.0, 1.0, 1.0, 1.0, 1.0, 1.0]",-418.5875071169283,843.720363894191,-482.430437669722,964.860875339444,0.01,0.0,2.0794415416798357,0.01,0.0,2.772588722239781,0.6334250289943713,"[1.0, 1.0, 1.0, 1.0, 1.0, 0.0, 1.0, 0.0, 1.0, 1.0, 1.0, 1.0, 1.0, 1.0, 1.0, 0.0, 0.0, 0.0, 0.0, 0.0, 0.0, 0.0, 0.0, 0.0, 1.0, 1.0, 1.0, 0.0, 0.0, 0.0, 1.0, 0.0, 0.0, 0.0, 1.0, 1.0, 0.0, 1.0, 1.0, 1.0, 1.0, 1.0, 1.0, 1.0, 0.0, 0.0, 1.0, 1.0, 1.0, 1.0, 1.0, 1.0, 0.0, 0.0, 0.0, 0.0, 1.0, 1.0, 1.0, 1.0, 0.0, 0.0, 0.0, 0.0, 0.0, 0.0, 0.0, 0.0, 0.0, 1.0, 1.0, 0.0, 1.0, 1.0, 1.0, 1.0, 0.0, 0.0, 0.0, 0.0, 1.0, 1.0, 1.0, 1.0, 0.0, 0.0, 0.0, 0.0, 1.0, 1.0, 1.0, 1.0, 1.0, 1.0, 0.0, 1.0, 1.0, 1.0, 1.0, 1.0, 1.0, 1.0, 1.0, 0.0, 1.0, 1.0, 1.0, 1.0, 1.0, 0.0, 1.0, 0.0, 0.0, 1.0, 0.0, 0.0, 1.0, 1.0, 1.0, 0.0, 1.0, 1.0, 0.0, 1.0, 1.0, 0.0, 0.0, 0.0, 1.0, 1.0, 1.0, 0.0, 1.0, 1.0, 1.0, 1.0, 1.0, 1.0, 1.0, 1.0, 0.0, 0.0, 0.0, 0.0, 1.0, 1.0, 1.0, 0.0, 0.0, 0.0, 1.0, 0.0, 0.0, 0.0, 1.0, 0.0, 0.0, 0.0, 0.0, 0.0, 1.0, 1.0, 1.0, 0.0, 0.0, 0.0, 1.0, 0.0, 0.0, 0.0, 0.0, 1.0, 0.0, 0.0, 0.0, 0.0, 0.0, 0.0, 0.0, 1.0, 0.0, 0.0, 0.0, 0.0, 1.0, 1.0, 1.0, 1.0, 0.0, 0.0, 0.0, 0.0, 1.0, 1.0, 1.0, 0.0, 0.0, 0.0, 1.0, 0.0, 1.0, 1.0, 1.0, 1.0, 0.0, 0.0, 0.0, 0.0, 1.0, 1.0, 1.0, 1.0, 0.0, 0.0, 0.0, 0.0, 1.0, 1.0, 1.0, 1.0, 1.0, 1.0, 1.0, 0.0, 0.0, 0.0, 0.0, 0.0, 1.0, 0.0, 0.0, 0.0, 1.0, 1.0, 1.0, 1.0, 1.0, 1.0, 1.0, 1.0, 1.0, 1.0, 1.0, 1.0, 1.0, 1.0, 1.0, 0.0, 0.0, 0.0, 0.0, 0.0, 0.0, 0.0, 0.0, 0.0, 0.0, 1.0, 0.0, 1.0, 0.0, 1.0, 0.0, 1.0, 0.0, 0.0, 0.0, 1.0, 0.0, 0.0, 0.0, 0.0, 1.0, 1.0, 1.0, 0.0, 0.0, 0.0, 1.0, 0.0, 1.0, 1.0, 1.0, 1.0, 1.0, 0.0, 1.0, 0.0, 0.0, 1.0, 1.0, 1.0, 0.0, 0.0, 0.0, 0.0, 1.0, 1.0, 1.0, 0.0, 1.0, 1.0, 1.0, 1.0, 0.0, 1.0, 1.0, 1.0, 0.0, 0.0, 0.0, 0.0, 1.0, 1.0, 1.0, 1.0, 1.0, 1.0, 1.0, 0.0, 1.0, 1.0, 1.0, 1.0, 0.0, 0.0, 0.0, 0.0, 1.0, 1.0, 1.0, 1.0, 0.0, 0.0, 0.0, 0.0, 0.0, 1.0, 0.0, 0.0, 0.0, 0.0, 0.0, 0.0, 1.0, 1.0, 1.0, 1.0, 1.0, 0.0, 1.0, 1.0, 0.0, 0.0, 0.0, 0.0, 0.0, 1.0, 1.0, 0.0, 1.0, 1.0, 1.0, 1.0, 1.0, 0.0, 1.0, 0.0, 1.0, 1.0, 1.0, 1.0, 1.0, 0.0, 1.0, 1.0, 0.0, 0.0, 0.0, 0.0, 0.0, 1.0, 1.0, 0.0, 1.0, 0.0, 0.0, 1.0, 0.0, 0.0, 0.0, 0.0, 1.0, 1.0, 1.0, 0.0, 0.0, 0.0, 1.0, 0.0, 1.0, 1.0, 1.0, 0.0, 0.0, 0.0, 0.0, 0.0, 1.0, 1.0, 1.0, 1.0, 1.0, 1.0, 1.0, 0.0, 0.0, 0.0, 0.0, 0.0, 0.0, 0.0, 0.0, 0.0, 1.0, 0.0, 1.0, 0.0, 0.0, 0.0, 0.0, 0.0, 1.0, 1.0, 1.0, 1.0, 1.0, 1.0, 1.0, 0.0, 1.0, 1.0, 1.0, 1.0, 1.0, 1.0, 0.0, 1.0, 1.0, 1.0, 1.0, 1.0, 0.0, 0.0, 0.0, 0.0, 1.0, 1.0, 1.0, 1.0, 1.0, 1.0, 1.0, 0.0, 0.0, 1.0, 1.0, 1.0, 0.0, 0.0, 0.0, 0.0, 1.0, 1.0, 1.0, 1.0, 0.0, 0.0, 0.0, 0.0, 1.0, 0.0, 1.0, 0.0, 0.0, 0.0, 0.0, 0.0, 1.0, 1.0, 1.0, 1.0, 1.0, 0.0, 1.0, 0.0, 1.0, 1.0, 1.0, 0.0, 1.0, 1.0, 0.0, 1.0, 1.0, 1.0, 1.0, 1.0, 0.0, 0.0, 0.0, 0.0, 0.0, 0.0, 0.0, 0.0, 0.0, 1.0, 0.0, 0.0, 1.0, 1.0, 1.0, 1.0, 0.0, 0.0, 0.0, 0.0, 0.0, 0.0, 0.0, 0.0, 0.0, 0.0, 0.0, 0.0, 1.0, 0.0, 1.0, 0.0, 0.0, 0.0, 0.0, 0.0, 1.0, 1.0, 0.0, 0.0, 1.0, 1.0, 1.0, 1.0, 1.0, 1.0, 1.0, 1.0, 1.0, 1.0, 1.0, 1.0, 1.0, 1.0, 1.0, 1.0, 1.0, 0.0, 1.0, 1.0, 0.0, 1.0, 0.0, 1.0, 0.0, 1.0, 0.0, 0.0, 1.0, 1.0, 1.0, 1.0, 0.0, 0.0, 1.0, 0.0, 1.0, 1.0, 1.0, 1.0, 0.0, 0.0, 0.0, 0.0, 0.0, 0.0, 0.0, 1.0, 0.0, 0.0, 0.0, 0.0, 1.0, 1.0, 1.0, 1.0, 0.0, 0.0, 0.0, 0.0, 0.0, 1.0, 1.0, 1.0, 0.0, 1.0, 1.0, 0.0, 1.0, 1.0, 1.0, 1.0, 0.0, 0.0, 0.0, 0.0, 1.0, 0.0, 1.0, 1.0, 1.0, 0.0, 0.0, 1.0, 1.0, 1.0, 1.0, 1.0, 1.0, 1.0, 1.0, 0.0, 0.0, 1.0, 1.0, 1.0, 1.0, 1.0, 0.0, 0.0, 1.0, 1.0, 1.0, 1.0, 0.0, 0.0, 0.0, 0.0, 1.0, 1.0, 1.0, 0.0, 0.0, 0.0, 1.0, 0.0, 1.0, 1.0, 1.0, 1.0, 0.0, 0.0, 0.0, 0.0, 0.0, 0.0, 0.0, 0.0, 0.0, 0.0, 0.0, 0.0, 0.0, 1.0, 0.0, 1.0, 0.0, 1.0, 1.0, 0.0, 1.0, 1.0, 1.0, 1.0, 1.0, 0.0, 0.0, 1.0]",-318.3726801373107,643.2907099349558,0.01,0.0,-5.545177444479562,2.0794415416798357,11.090354888959125,0.01,0.0,-11.090354888959125,2.772588722239781,22.18070977791825,0.6173530694834558,"[1.0, 1.0, 1.0, 1.0, 1.0, 0.0, 1.0, 0.0, 1.0, 1.0, 1.0, 1.0, 1.0, 1.0, 1.0, 0.0, 0.0, 0.0, 0.0, 0.0, 0.0, 0.0, 0.0, 0.0, 1.0, 1.0, 1.0, 0.0, 0.0, 0.0, 1.0, 0.0, 0.0, 0.0, 1.0, 1.0, 0.0, 1.0, 1.0, 1.0, 0.0, 0.0, 0.0, 0.0, 0.0, 0.0, 0.0, 0.0, 1.0, 1.0, 1.0, 1.0, 0.0, 0.0, 0.0, 0.0, 1.0, 1.0, 1.0, 1.0, 0.0, 0.0, 0.0, 0.0, 0.0, 0.0, 0.0, 0.0, 0.0, 1.0, 1.0, 0.0, 0.0, 0.0, 0.0, 1.0, 0.0, 0.0, 0.0, 0.0, 1.0, 1.0, 1.0, 1.0, 0.0, 0.0, 0.0, 0.0, 0.0, 0.0, 0.0, 0.0, 1.0, 1.0, 0.0, 1.0, 1.0, 1.0, 1.0, 1.0, 1.0, 1.0, 1.0, 0.0, 1.0, 1.0, 1.0, 1.0, 1.0, 0.0, 1.0, 0.0, 0.0, 1.0, 0.0, 0.0, 1.0, 1.0, 1.0, 0.0, 1.0, 1.0, 0.0, 1.0, 1.0, 0.0, 0.0, 0.0, 1.0, 1.0, 1.0, 0.0, 1.0, 1.0, 1.0, 1.0, 1.0, 1.0, 1.0, 1.0, 0.0, 0.0, 0.0, 0.0, 1.0, 1.0, 1.0, 0.0, 0.0, 0.0, 1.0, 0.0, 0.0, 0.0, 1.0, 0.0, 0.0, 0.0, 0.0, 0.0, 1.0, 1.0, 1.0, 0.0, 0.0, 0.0, 1.0, 0.0, 0.0, 0.0, 0.0, 1.0, 0.0, 0.0, 0.0, 0.0, 0.0, 0.0, 0.0, 1.0, 0.0, 0.0, 0.0, 0.0, 1.0, 1.0, 1.0, 1.0, 0.0, 0.0, 0.0, 0.0, 1.0, 1.0, 1.0, 0.0, 0.0, 0.0, 1.0, 0.0, 1.0, 1.0, 1.0, 1.0, 0.0, 0.0, 0.0, 0.0, 1.0, 1.0, 1.0, 1.0, 0.0, 0.0, 0.0, 0.0, 1.0, 1.0, 1.0, 1.0, 1.0, 1.0, 1.0, 0.0, 0.0, 0.0, 0.0, 0.0, 1.0, 0.0, 0.0, 0.0, 1.0, 1.0, 1.0, 1.0, 1.0, 1.0, 1.0, 1.0, 1.0, 1.0, 1.0, 1.0, 1.0, 1.0, 1.0, 0.0, 0.0, 0.0, 0.0, 0.0, 0.0, 0.0, 0.0, 0.0, 0.0, 1.0, 0.0, 1.0, 0.0, 1.0, 0.0, 1.0, 0.0, 0.0, 0.0, 1.0, 0.0, 0.0, 0.0, 0.0, 1.0, 1.0, 1.0, 0.0, 0.0, 0.0, 1.0, 0.0, 1.0, 1.0, 1.0, 1.0, 1.0, 0.0, 1.0, 0.0, 0.0, 1.0, 1.0, 1.0, 0.0, 0.0, 0.0, 0.0, 1.0, 1.0, 1.0, 0.0, 1.0, 1.0, 1.0, 1.0, 0.0, 1.0, 1.0, 1.0, 0.0, 0.0, 0.0, 0.0, 1.0, 1.0, 1.0, 1.0, 1.0, 1.0, 1.0, 0.0, 1.0, 1.0, 1.0, 1.0, 0.0, 0.0, 0.0, 0.0, 1.0, 1.0, 1.0, 1.0, 0.0, 0.0, 0.0, 0.0, 0.0, 1.0, 0.0, 0.0, 0.0, 0.0, 0.0, 0.0, 0.0, 0.0, 0.0, 0.0, 0.0, 0.0, 0.0, 0.0, 1.0, 0.0, 1.0, 1.0, 1.0, 0.0, 0.0, 1.0, 1.0, 1.0, 1.0, 1.0, 1.0, 0.0, 1.0, 0.0, 1.0, 1.0, 1.0, 1.0, 1.0, 0.0, 1.0, 1.0, 0.0, 0.0, 0.0, 0.0, 0.0, 1.0, 1.0, 0.0, 1.0, 0.0, 0.0, 1.0, 0.0, 0.0, 0.0, 0.0, 1.0, 1.0, 1.0, 0.0, 0.0, 0.0, 1.0, 0.0, 1.0, 1.0, 1.0, 0.0, 0.0, 0.0, 0.0, 0.0, 1.0, 1.0, 1.0, 1.0, 1.0, 1.0, 1.0, 0.0, 0.0, 0.0, 0.0, 0.0, 0.0, 0.0, 0.0, 0.0, 1.0, 0.0, 1.0, 0.0, 0.0, 0.0, 0.0, 0.0, 1.0, 1.0, 1.0, 1.0, 1.0, 1.0, 1.0, 0.0, 1.0, 1.0, 1.0, 1.0, 1.0, 1.0, 0.0, 1.0, 1.0, 1.0, 1.0, 1.0, 0.0, 0.0, 0.0, 0.0, 1.0, 1.0, 1.0, 1.0, 1.0, 1.0, 1.0, 0.0, 0.0, 1.0, 1.0, 1.0, 0.0, 0.0, 0.0, 0.0, 1.0, 1.0, 1.0, 1.0, 0.0, 0.0, 0.0, 0.0, 1.0, 0.0, 1.0, 0.0, 0.0, 0.0, 0.0, 0.0, 1.0, 1.0, 1.0, 1.0, 1.0, 0.0, 1.0, 0.0, 1.0, 1.0, 1.0, 0.0, 1.0, 1.0, 0.0, 1.0, 1.0, 1.0, 1.0, 1.0, 0.0, 0.0, 0.0, 0.0, 0.0, 0.0, 0.0, 0.0, 0.0, 1.0, 0.0, 0.0, 1.0, 1.0, 1.0, 1.0, 0.0, 0.0, 0.0, 0.0, 0.0, 0.0, 0.0, 0.0, 0.0, 0.0, 0.0, 0.0, 1.0, 0.0, 1.0, 0.0, 0.0, 0.0, 0.0, 0.0, 1.0, 1.0, 0.0, 0.0, 1.0, 1.0, 1.0, 1.0, 1.0, 1.0, 1.0, 1.0, 1.0, 1.0, 1.0, 1.0, 1.0, 1.0, 1.0, 1.0, 1.0, 0.0, 1.0, 1.0, 0.0, 1.0, 0.0, 1.0, 0.0, 1.0, 0.0, 0.0, 1.0, 1.0, 1.0, 1.0, 0.0, 0.0, 1.0, 0.0, 1.0, 1.0, 1.0, 1.0, 0.0, 0.0, 0.0, 0.0, 0.0, 0.0, 0.0, 1.0, 0.0, 0.0, 0.0, 0.0, 1.0, 1.0, 1.0, 1.0, 0.0, 0.0, 0.0, 0.0, 0.0, 1.0, 1.0, 1.0, 0.0, 1.0, 1.0, 0.0, 1.0, 1.0, 1.0, 1.0, 0.0, 0.0, 0.0, 0.0, 1.0, 0.0, 1.0, 1.0, 1.0, 0.0, 0.0, 1.0, 1.0, 1.0, 1.0, 1.0, 1.0, 1.0, 1.0, 0.0, 0.0, 0.0, 1.0, 0.0, 0.0, 1.0, 0.0, 0.0, 1.0, 1.0, 1.0, 1.0, 0.0, 0.0, 0.0, 0.0, 1.0, 1.0, 1.0, 0.0, 0.0, 0.0, 1.0, 0.0, 1.0, 1.0, 1.0, 1.0, 0.0, 0.0, 0.0, 0.0, 0.0, 0.0, 0.0, 0.0, 0.0, 0.0, 0.0, 0.0, 0.0, 1.0, 0.0, 1.0, 0.0, 1.0, 1.0, 0.0, 1.0, 1.0, 1.0, 1.0, 1.0, 0.0, 0.0, 1.0]",-311.9759791000219,630.4973078603782,-482.430437669722,964.860875339444,67.14643343005883,-5.545399238629768,-5.545177444479562,13.170240018939372,11.090354888959125,3.9787951460839786,-10.965027317056837,-11.090354888959125,24.702643356353455,22.18070977791825,1.0908740239314543,"[0.0, 0.0, 1.0, 0.0, 0.0, 0.0, 0.0, 0.0, 1.0, 1.0, 1.0, 1.0, 0.877, 0.877, 0.877, 0.0, 1.0, 0.259, 1.0, 1.0, 0.8015, 0.0, 0.259, 1.0, 1.0, 1.0, 1.0, 1.0, 1.0, 1.0, 1.0, 0.0, 0.0, 0.0, 1.0, 0.0, 0.0, 0.0, 1.0, 0.0, 0.0, 0.0, 1.0, 0.0, 0.0, 0.0, 1.0, 0.0, 0.0, 0.0, 0.0, 0.0775, 0.0, 0.0, 0.1635, 0.47100000000000003, 1.0, 1.0, 1.0, 1.0, 0.0, 0.0, 0.0, 0.0, 0.0, 0.0, 0.0, 0.0, 0.0, 0.0, 0.0, 0.0, 1.0, 1.0, 1.0, 1.0, 1.0, 1.0, 1.0, 0.0, 1.0, 1.0, 1.0, 1.0, 0.0, 0.0, 0.0, 0.0, 0.0, 0.0, 0.0, 0.0, 0.0, 0.113, 0.113, 0.0, 0.0, 0.0, 0.0, 1.0, 0.0, 0.0, 0.0, 0.0, 1.0, 1.0, 1.0, 1.0, 0.0, 0.0, 0.0, 0.0, 0.9995, 1.0, 1.0, 0.663, 1.0, 1.0, 1.0, 0.353, 1.0, 1.0, 1.0, 1.0, 0.082, 0.082, 0.0, 0.0, 0.973, 1.0, 0.7655000000000001, 0.605, 0.973, 1.0, 1.0, 0.368, 0.0, 0.0, 1.0, 0.0, 1.0, 0.0, 1.0, 0.0, 1.0, 1.0, 1.0, 1.0, 0.0, 0.0, 1.0, 0.0, 1.0, 1.0, 1.0, 1.0, 0.0, 0.9465, 0.0, 0.0, 0.666, 1.0, 0.666, 0.666, 0.0, 0.0, 0.7975, 0.0, 0.0, 0.9430000000000001, 0.0, 1.0, 1.0, 0.0, 0.0, 0.0, 0.0, 1.0, 0.0, 0.0, 0.0, 0.0, 0.0, 0.0, 1.0, 1.0, 1.0, 1.0, 0.0, 0.0, 0.0, 0.0, 1.0, 1.0, 1.0, 1.0, 1.0, 1.0, 1.0, 0.0005, 1.0, 1.0, 1.0, 1.0, 1.0, 1.0, 0.0, 1.0, 1.0, 1.0, 1.0, 1.0, 0.0, 0.0, 0.0, 0.0, 1.0, 1.0, 1.0, 1.0, 1.0, 1.0, 1.0, 0.0, 1.0, 0.0, 1.0, 0.0, 0.0, 0.0, 0.0, 0.0, 0.0, 1.0, 0.0, 1.0, 0.0, 1.0, 0.0, 1.0, 1.0, 1.0, 1.0, 1.0, 1.0, 1.0, 1.0, 0.0, 1.0, 0.0, 1.0, 1.0, 1.0, 0.0, 0.0, 1.0, 1.0, 1.0, 1.0, 1.0, 1.0, 1.0, 1.0, 1.0, 0.0, 0.9580000000000001, 0.0, 0.0, 0.0, 0.0, 0.0045000000000000005, 0.0, 0.0, 0.0, 0.0, 0.0, 0.0, 0.0, 0.0, 1.0, 0.0, 0.0, 0.0005, 0.0, 0.0, 0.0, 0.0, 0.0, 0.0, 1.0, 0.0, 0.0, 0.0, 0.0, 0.0, 0.0, 1.0, 1.0, 1.0, 0.001, 0.001, 0.001, 1.0, 0.0, 0.0, 0.0, 0.6225, 0.0, 0.0, 0.0, 0.0, 0.0, 1.0, 1.0, 1.0, 1.0, 0.0, 0.0, 0.0, 0.0, 0.0, 0.0, 0.0, 0.0, 0.0, 0.0, 0.0, 0.0, 1.0, 1.0, 1.0, 1.0, 1.0, 1.0, 1.0, 0.0, 0.0, 0.0, 0.0, 1.0, 0.0, 0.0, 1.0, 0.0, 1.0, 1.0, 1.0, 1.0, 0.0, 0.0, 0.0, 0.0, 0.0, 1.0, 0.0, 0.0, 1.0, 0.0, 0.0, 1.0, 1.0, 1.0, 1.0, 1.0, 0.0, 0.0, 0.0, 0.0, 1.0, 1.0, 1.0, 1.0, 1.0, 0.0, 1.0, 1.0, 0.0, 0.0005, 0.0, 0.0, 0.0, 0.38, 0.0, 0.0, 1.0, 1.0, 1.0, 1.0, 0.0, 0.0, 0.0, 0.0, 1.0, 1.0, 1.0, 0.999, 1.0, 1.0, 1.0, 0.0195, 1.0, 1.0, 1.0, 1.0, 0.0, 0.0, 0.0, 0.0, 0.0, 0.6285000000000001, 0.0, 0.328, 0.0, 0.0, 0.6285000000000001, 0.0, 0.0, 0.0, 0.0, 0.0, 0.0, 0.0, 0.0, 1.0, 1.0, 1.0, 1.0, 1.0, 0.0, 0.0, 0.0, 0.0, 1.0, 1.0, 1.0, 1.0, 1.0, 1.0, 1.0, 0.0, 1.0, 1.0, 1.0, 1.0, 1.0, 1.0, 0.0375, 1.0, 1.0, 1.0, 1.0, 1.0, 0.0, 0.0, 0.0, 0.0, 1.0, 1.0, 1.0, 1.0, 1.0, 1.0, 1.0, 0.0, 1.0, 1.0, 1.0, 1.0, 1.0, 1.0, 0.0, 1.0, 1.0, 1.0, 1.0, 1.0, 0.0, 0.0, 0.0, 0.0, 1.0, 1.0, 1.0, 1.0, 1.0, 1.0, 1.0, 1.0, 0.0, 0.0, 0.4395, 0.0, 0.0, 0.0, 0.001, 1.0, 0.0, 0.0, 0.0, 0.0, 0.0, 0.0, 0.0, 0.0, 1.0, 1.0, 1.0, 0.0, 1.0, 0.0, 0.0, 1.0, 0.0, 0.0, 1.0, 1.0, 1.0, 0.0, 0.0, 0.0, 0.0, 0.0, 0.0, 0.0, 0.0, 0.0, 0.0, 0.0, 1.0, 1.0, 1.0, 1.0, 0.0, 0.0, 0.0, 0.0, 0.0, 0.0, 0.0, 0.0, 0.0, 1.0, 0.0, 0.0, 1.0, 1.0, 1.0, 1.0, 0.0, 0.4945, 0.0, 0.0, 1.0, 1.0, 1.0, 1.0, 0.0, 0.0, 1.0, 1.0, 1.0, 1.0, 1.0, 1.0, 0.0, 0.0, 0.0, 0.0, 1.0, 1.0, 1.0, 1.0, 1.0, 0.704, 0.296, 0.0, 1.0, 1.0, 1.0, 1.0, 0.0, 0.0, 1.0, 1.0, 1.0, 1.0, 1.0, 1.0, 0.0, 0.0, 0.0, 0.0, 0.006, 1.0, 0.006, 0.708, 0.298, 1.0, 0.298, 1.0, 1.0, 1.0, 1.0, 1.0, 0.0, 0.0, 0.0, 0.0, 1.0, 0.0, 1.0, 1.0, 1.0, 0.0, 0.0, 1.0, 0.0, 1.0, 1.0, 1.0, 0.0, 0.0, 0.0, 0.0, 1.0, 0.224, 1.0, 1.0, 0.776, 0.0, 0.224, 1.0, 1.0, 1.0, 1.0, 1.0, 0.0, 0.0, 0.0, 0.0, 1.0, 1.0, 0.0, 1.0, 1.0, 1.0, 0.0, 1.0, 1.0, 1.0, 1.0, 1.0, 0.0, 0.0, 0.0, 0.0, 1.0, 1.0, 1.0, 1.0, 1.0, 1.0, 1.0, 0.0, 1.0, 1.0, 1.0, 1.0, 0.0, 0.0, 0.0, 0.0, 0.0, 0.0, 0.0, 0.0, 0.0, 0.0, 0.0, 0.0, 1.0, 0.4865, 1.0, 1.0, 1.0, 0.0075, 0.4865, 1.0, 0.0225, 0.0, 0.0, 0.9775, 0.0, 0.0, 0.0, 0.0]",-419.18595103414617,844.9172517286268,-482.430437669722,964.860875339444,0.01,0.0,-5.545177444479562,2.0794415416798357,11.090354888959125,0.01,0.0,-11.090354888959125,2.772588722239781,22.18070977791825,0.5787520451143159,"[1.0, 1.0, 1.0, 1.0, 1.0, 0.0, 1.0, 0.0, 1.0, 1.0, 1.0, 1.0, 1.0, 1.0, 1.0, 0.0, 0.0, 0.0, 0.0, 0.0, 0.0, 0.0, 0.0, 0.0, 1.0, 1.0, 1.0, 1.0, 0.0, 0.0, 1.0, 0.0, 0.0, 0.0, 0.0, 0.0, 0.0, 1.0, 0.0, 0.0, 0.0, 0.0, 0.0, 0.0, 0.0, 0.0, 0.0, 0.0, 1.0, 1.0, 1.0, 1.0, 0.0, 0.0, 0.0, 0.0, 1.0, 1.0, 1.0, 1.0, 0.0, 0.0, 0.0, 0.0, 0.0, 0.0, 0.0, 0.0, 0.0, 1.0, 1.0, 0.0, 1.0, 1.0, 1.0, 1.0, 0.0, 0.0, 0.0, 0.0, 1.0, 1.0, 1.0, 1.0, 0.0, 0.0, 0.0, 0.0, 0.0, 0.0, 0.0, 0.0, 0.0, 0.0, 0.0, 0.0, 1.0, 1.0, 1.0, 1.0, 1.0, 1.0, 1.0, 0.0, 1.0, 1.0, 1.0, 1.0, 1.0, 0.0, 1.0, 0.0, 0.0, 1.0, 0.0, 0.0, 1.0, 1.0, 1.0, 0.0, 1.0, 1.0, 0.0, 1.0, 1.0, 0.0, 0.0, 0.0, 1.0, 1.0, 1.0, 0.0, 1.0, 1.0, 1.0, 1.0, 1.0, 1.0, 1.0, 1.0, 0.0, 0.0, 0.0, 0.0, 1.0, 1.0, 1.0, 0.0, 0.0, 0.0, 1.0, 0.0, 0.0, 0.0, 1.0, 0.0, 0.0, 0.0, 0.0, 0.0, 1.0, 1.0, 1.0, 0.0, 0.0, 0.0, 1.0, 0.0, 0.0, 0.0, 0.0, 1.0, 0.0, 0.0, 0.0, 0.0, 0.0, 0.0, 0.0, 1.0, 0.0, 0.0, 0.0, 0.0, 1.0, 1.0, 1.0, 1.0, 0.0, 0.0, 0.0, 0.0, 1.0, 1.0, 1.0, 0.0, 0.0, 0.0, 1.0, 0.0, 1.0, 1.0, 1.0, 1.0, 0.0, 0.0, 0.0, 0.0, 1.0, 1.0, 1.0, 1.0, 0.0, 0.0, 0.0, 0.0, 1.0, 1.0, 1.0, 1.0, 1.0, 1.0, 1.0, 0.0, 0.0, 0.0, 0.0, 0.0, 1.0, 0.0, 0.0, 0.0, 1.0, 1.0, 1.0, 1.0, 1.0, 1.0, 1.0, 1.0, 1.0, 1.0, 1.0, 1.0, 1.0, 1.0, 1.0, 0.0, 0.0, 0.0, 0.0, 0.0, 0.0, 0.0, 0.0, 0.0, 0.0, 1.0, 0.0, 1.0, 0.0, 1.0, 0.0, 1.0, 0.0, 0.0, 0.0, 1.0, 0.0, 0.0, 0.0, 0.0, 1.0, 1.0, 1.0, 0.0, 0.0, 0.0, 1.0, 0.0, 0.0, 0.0, 1.0, 0.0, 0.0, 0.0, 0.0, 0.0, 0.0, 1.0, 1.0, 1.0, 0.0, 0.0, 0.0, 0.0, 1.0, 1.0, 1.0, 0.0, 1.0, 1.0, 1.0, 1.0, 0.0, 0.0, 1.0, 0.0, 0.0, 0.0, 0.0, 0.0, 1.0, 1.0, 1.0, 1.0, 1.0, 1.0, 1.0, 0.0, 1.0, 1.0, 1.0, 1.0, 0.0, 0.0, 0.0, 0.0, 1.0, 1.0, 1.0, 1.0, 0.0, 0.0, 0.0, 0.0, 0.0, 1.0, 0.0, 0.0, 0.0, 0.0, 0.0, 0.0, 0.0, 0.0, 0.0, 0.0, 0.0, 0.0, 0.0, 0.0, 0.0, 0.0, 0.0, 0.0, 0.0, 0.0, 0.0, 0.0, 1.0, 1.0, 0.0, 1.0, 1.0, 0.0, 1.0, 0.0, 1.0, 1.0, 1.0, 1.0, 1.0, 0.0, 1.0, 1.0, 0.0, 0.0, 0.0, 0.0, 0.0, 1.0, 1.0, 0.0, 1.0, 0.0, 0.0, 1.0, 0.0, 0.0, 0.0, 0.0, 1.0, 1.0, 1.0, 0.0, 0.0, 0.0, 1.0, 0.0, 1.0, 1.0, 1.0, 0.0, 0.0, 0.0, 0.0, 0.0, 1.0, 1.0, 1.0, 1.0, 1.0, 1.0, 1.0, 0.0, 0.0, 0.0, 0.0, 0.0, 0.0, 0.0, 0.0, 0.0, 1.0, 0.0, 1.0, 0.0, 0.0, 0.0, 0.0, 0.0, 1.0, 1.0, 1.0, 1.0, 1.0, 1.0, 1.0, 0.0, 1.0, 1.0, 1.0, 1.0, 1.0, 1.0, 0.0, 1.0, 1.0, 1.0, 1.0, 1.0, 0.0, 0.0, 0.0, 0.0, 1.0, 1.0, 1.0, 1.0, 1.0, 1.0, 1.0, 0.0, 0.0, 1.0, 1.0, 1.0, 0.0, 0.0, 0.0, 0.0, 1.0, 1.0, 1.0, 1.0, 0.0, 0.0, 0.0, 0.0, 1.0, 0.0, 1.0, 0.0, 0.0, 0.0, 0.0, 0.0, 1.0, 1.0, 1.0, 1.0, 1.0, 0.0, 1.0, 0.0, 1.0, 1.0, 1.0, 0.0, 1.0, 1.0, 0.0, 1.0, 1.0, 1.0, 1.0, 1.0, 0.0, 0.0, 0.0, 0.0, 0.0, 0.0, 0.0, 0.0, 0.0, 0.0, 0.0, 0.0, 1.0, 1.0, 1.0, 1.0, 0.0, 0.0, 0.0, 0.0, 0.0, 0.0, 0.0, 0.0, 0.0, 0.0, 0.0, 0.0, 0.0, 0.0, 0.0, 0.0, 0.0, 0.0, 0.0, 0.0, 1.0, 1.0, 0.0, 0.0, 1.0, 1.0, 1.0, 1.0, 1.0, 1.0, 1.0, 1.0, 1.0, 1.0, 1.0, 1.0, 1.0, 1.0, 1.0, 1.0, 1.0, 0.0, 1.0, 1.0, 0.0, 1.0, 0.0, 1.0, 0.0, 1.0, 0.0, 0.0, 1.0, 1.0, 1.0, 1.0, 0.0, 0.0, 1.0, 0.0, 1.0, 1.0, 1.0, 1.0, 0.0, 0.0, 0.0, 0.0, 0.0, 0.0, 0.0, 1.0, 0.0, 0.0, 0.0, 0.0, 1.0, 1.0, 1.0, 1.0, 0.0, 0.0, 0.0, 0.0, 0.0, 1.0, 1.0, 1.0, 0.0, 1.0, 1.0, 0.0, 1.0, 1.0, 1.0, 1.0, 0.0, 0.0, 0.0, 0.0, 1.0, 0.0, 1.0, 1.0, 1.0, 0.0, 0.0, 1.0, 1.0, 1.0, 1.0, 1.0, 1.0, 1.0, 1.0, 0.0, 0.0, 1.0, 1.0, 1.0, 1.0, 1.0, 0.0, 0.0, 1.0, 1.0, 1.0, 1.0, 0.0, 0.0, 0.0, 0.0, 1.0, 1.0, 1.0, 0.0, 0.0, 0.0, 1.0, 0.0, 1.0, 1.0, 1.0, 1.0, 0.0, 0.0, 0.0, 0.0, 0.0, 0.0, 0.0, 0.0, 0.0, 0.0, 0.0, 0.0, 0.0, 0.0, 1.0, 1.0, 0.0, 0.0, 0.0, 0.0, 1.0, 1.0, 1.0, 1.0, 1.0, 0.0, 0.0, 1.0]",-295.2442605392121,597.0338707387587,-482.430437669722,964.860875339444,84.49425701962907,-11.090635027639253,24.95385877751829,1.2846122460949685,-433.45128860920846,873.4479268787513,False,True,True,False,True,0.5,0.5,1.0,1.0,1.0,1.0,0.5625,0.5,1.0,1.0,0.5,0.375,"Z.exists(lambda x1: Z.lequal(x1,2,'size'),X)","Z.atleast(lambda x1: Z.equal(x1,'red','colour'),1,X)","Z.forall(lambda x1: Z.equal(x1,'red','colour'),X)","Z.atleast(lambda x1: Z.equal(x1,'red','colour'),1,X)",0.5,1.0,1.0,0.5,1.0,0.7083333333333334,0.6982758620689655,0.6867816091954023,0.6954022988505747,0.6925287356321839,5.241379310344827,347,2000,2000,0,0,0
41,51,99,icyDISSxvx,oTUrOgUqTmm9QfYDAAA5,Iota,one is blue,"[False, False, True, True, False, False, False, False]","[True, True, True, True, False, False, False, False]",0.75,1.0,There must be present exactly one blue cone.,[['x1']],"Z.exactly(lambda x1: Z.equal(x1,'blue','colour'),1,X)",There must be present exactly one blue cone.,"[{'ids': [0, 1, 2], 'colours': ['blue', 'green', 'red'], 'sizes': [2, 1, 3], 'xpos': [2.2833923467638817, 6.76926557046708, 3.36697033361456], 'ypos': [4.127690184330531, 4.128333333333334, 3.7172954768764312], 'rotations': [3.1399847802955487, 3.1415926535897927, 2.1765458583131467], 'orientations': ['upright', 'upright', 'strange'], 'contact': [[0, 2], [1], [2, 0]], 'grounded': ['yes', 'yes', 'yes'], 'follow_rule': True}, {'ids': [0, 1], 'colours': ['green', 'blue'], 'sizes': [1, 2], 'xpos': [0.6701268042916214, 3.6352290385887103], 'ypos': [4.12404933396759, 3.7460416533645273], 'rotations': [3.138979991156931, 5.049052535698228], 'orientations': ['upright', 'rhs'], 'contact': [[0], [1]], 'grounded': ['yes', 'yes'], 'follow_rule': True}, {'ids': [0, 1], 'colours': ['red', 'blue'], 'sizes': [2, 1], 'xpos': [6.8494948471770325, 6.405766712056627], 'ypos': [3.7462523992830112, 4.124848202475262], 'rotations': [5.051099299068914, 3.1384626481467963], 'orientations': ['rhs', 'upright'], 'contact': [[0], [1]], 'grounded': ['yes', 'yes'], 'follow_rule': True}, {'ids': [0], 'colours': ['blue'], 'sizes': [3], 'xpos': [1.9702396032351697], 'ypos': [3.6509473819282405], 'rotations': [5.038884549186504], 'orientations': ['rhs'], 'contact': [[0]], 'grounded': ['yes'], 'follow_rule': True}, {'ids': [0], 'colours': ['green'], 'sizes': [3], 'xpos': [1.699731184467631], 'ypos': [4.122735007773038], 'rotations': [3.1356444292000534], 'orientations': ['upright'], 'contact': [[0]], 'grounded': ['yes'], 'follow_rule': False}, {'ids': [0], 'colours': ['red'], 'sizes': [2], 'xpos': [4.075994503725865], 'ypos': [4.124751095045741], 'rotations': [3.137424136708594], 'orientations': ['upright'], 'contact': [[0]], 'grounded': ['yes'], 'follow_rule': False}, {'ids': [0, 1], 'colours': ['blue', 'blue'], 'sizes': [3, 2], 'xpos': [6.946222767941434, 0.5402435729970355], 'ypos': [4.124993463604621, 4.124477958231809], 'rotations': [3.1415888426957843, 3.144983515865284], 'orientations': ['upright', 'upright'], 'contact': [[0], [1]], 'grounded': ['yes', 'yes'], 'follow_rule': False}, {'ids': [0, 1], 'colours': ['blue', 'blue'], 'sizes': [2, 1], 'xpos': [5.379436469444112, 4.072607619839502], 'ypos': [4.124993553000359, 3.843441085377642], 'rotations': [3.139525037823032, 5.0715277678682815], 'orientations': ['upright', 'rhs'], 'contact': [[0], [1]], 'grounded': ['yes', 'yes'], 'follow_rule': False}, {'ids': [0, 1, 2, 3, 4], 'colours': ['red', 'green', 'red', 'blue', 'green'], 'sizes': [3, 1, 1, 2, 3], 'xpos': [5.12691938557365, 5.11503131679493, 4.23727953775697, 6.19519140108846, 3.42148978150856], 'ypos': [4.16166666682932, 3.21450769513128, 4.15833270210236, 3.780270212316, 4.15777826181353], 'rotations': [3.14159265356107, 3.17396503839037, 3.13596899439433, 5.0484168782327, 3.14163950292034], 'contact': [[0, 1], [1, 0], 2, 3, 4], 'grounded': ['yes', 'no', 'yes', 'yes', 'yes']}, {'ids': [0, 1, 2, 3], 'colours': ['green', 'green', 'red', 'blue'], 'sizes': [1, 3, 1, 2], 'xpos': [1.95640316882102, 3.82119006463636, 5.49466900932729, 4.94512429018313], 'ypos': [4.1575463669092, 3.68793264237984, 3.88075060909874, 3.82370041726639], 'rotations': [3.14042586215534, 5.03796059957422, 5.07099533912214, 4.13396592888911], 'contact': [0, 1, [2, 3], [3, 2]], 'grounded': ['yes', 'yes', 'yes', 'yes']}, {'ids': [0, 1, 2, 3, 4], 'colours': ['red', 'blue', 'red', 'green', 'green'], 'sizes': [3, 1, 2, 2, 1], 'xpos': [6.01871423256697, 2.01992789098242, 4.13597794449854, 0.774406281828649, 4.80555851531279], 'ypos': [3.68393205570556, 4.15898574652681, 4.15794140291817, 3.77979942907755, 3.98725786368743], 'rotations': [1.24414891831718, 3.14156263599238, 3.14292046357041, 5.04964608195148, 2.53998237313469], 'contact': [[0, 4], 1, 2, 3, [4, 0]], 'grounded': ['yes', 'yes', 'yes', 'yes', 'yes']}, {'ids': [0, 1], 'colours': ['blue', 'green'], 'sizes': [1, 2], 'xpos': [1.67047327443096, 4.46813203908946], 'ypos': [4.15694705663294, 4.15819949787589], 'rotations': [3.14214596161258, 3.14225319301416], 'contact': [{'V1': 0, 'V2': 1}], 'grounded': ['yes', 'yes']}, {'ids': [0, 1, 2, 3, 4], 'colours': ['blue', 'blue', 'red', 'blue', 'red'], 'sizes': [1, 1, 3, 2, 3], 'xpos': [2.9749447690173, 1.59038636414738, 1.89943344290003, 0.742265142690783, 5.82945571924824], 'ypos': [4.14706432996679, 4.15682792868204, 3.68436535365509, 3.87793736870491, 4.15825788448378], 'rotations': [3.19018443917557, 3.14127258207092, 4.38185242264156, 2.36758036264438, 3.14223131257379], 'contact': [[0, 2], 1, [2, 0], 3, 4], 'grounded': ['yes', 'yes', 'yes', 'yes', 'yes']}, {'ids': [0, 1, 2, 3, 4], 'colours': ['blue', 'blue', 'red', 'red', 'blue'], 'sizes': [1, 1, 2, 3, 2], 'xpos': [3.86710801315826, 0.780465760873674, 4.72248955423569, 3.06295468416754, 7.04671297081929], 'ypos': [4.1448491118357, 4.15796013032216, 4.15793209798963, 3.75002575259372, 4.15761808534214], 'rotations': [3.19364501547634, 3.14186836777695, 3.13970081999877, 4.09252896570911, 3.14406240189392], 'contact': [[0, 3], 1, 2, [3, 0], 4], 'grounded': ['yes', 'yes', 'yes', 'yes', 'yes']}, {'ids': [0, 1, 2, 3], 'colours': ['blue', 'green', 'blue', 'red'], 'sizes': [1, 2, 1, 3], 'xpos': [0.414928997162714, 1.7723984589512, 5.75738502777065, 6.08770777718876], 'ypos': [4.15743978227501, 4.15711897749998, 3.88075060909862, 3.89628768750355], 'rotations': [3.14447951863788, 3.14010156096646, 5.07099533912207, 3.69409526653564], 'contact': [0, 1, [2, 3], [3, 2]], 'grounded': ['yes', 'yes', 'yes', 'yes']}, {'ids': [0, 1, 2, 3, 4], 'colours': ['green', 'red', 'green', 'green', 'red'], 'sizes': [2, 2, 3, 3, 2], 'xpos': [1.30426887924571, 1.8868098606311, 6.83333126813548, 2.79429839111229, 3.83407517131883], 'ypos': [3.78000391300947, 4.15881602818333, 3.73307814239637, 4.15736329550291, 4.15804254736289], 'rotations': [1.23253748876037, 3.14240000646429, 4.1567939442383, 3.14166932108615, 3.1439673324419], 'contact': [0, [1, 3], 2, [3, 1], 4], 'grounded': ['yes', 'yes', 'yes', 'yes', 'yes']}]","[True, True, True, True, True, True, True, False]","[False, False, True, True, False, False, False, True]","[False, False, False, False, False, False, False, False]","[True, True, False, False, True, True, True, False]","[True, True, True, True, True, True, True, False]","[True, True, True, True, False, False, False, True]","[False, False, False, False, False, False, False, False]","[False, False, False, False, True, True, True, False]",0.125,0.375,-0.25,0.0,0.375,0.625,0.375,0.625,0.375,0.375,0.0,0.25,0.625,0.375,467.7831001373352,-5.549457500218862,-5.545177444479562,13.17835654211756,11.090354888959125,404.21114665842623,-11.09292220328377,-11.090354888959125,24.95843312880732,22.18070977791825,1.0502311195665048,"[1.0, 1.0, 1.0, 1.0, 1.0, 0.0, 1.0, 0.0, 1.0, 1.0, 1.0, 1.0, 1.0, 1.0, 1.0, 0.0135, 0.9530000000000001, 0.092, 0.5895, 0.5895, 1.0, 0.0, 0.0, 0.861, 1.0, 1.0, 1.0, 0.2925, 0.999, 0.999, 1.0, 0.7155, 0.0, 0.0, 1.0, 0.0, 0.0, 0.0, 1.0, 0.0, 0.0, 0.0, 1.0, 0.0, 0.0, 0.0, 1.0, 0.0, 1.0, 1.0, 1.0, 1.0, 0.0, 0.0, 0.0, 0.0, 1.0, 1.0, 1.0, 1.0, 0.935, 0.935, 0.935, 0.935, 1.0, 1.0, 1.0, 1.0, 0.0, 1.0, 0.0, 0.0, 0.0, 1.0, 1.0, 1.0, 1.0, 1.0, 1.0, 1.0, 1.0, 1.0, 1.0, 1.0, 0.0935, 0.0935, 0.0935, 0.0935, 1.0, 1.0, 1.0, 1.0, 1.0, 1.0, 1.0, 1.0, 1.0, 1.0, 1.0, 1.0, 1.0, 1.0, 1.0, 0.013000000000000001, 1.0, 1.0, 0.998, 1.0, 1.0, 0.002, 0.998, 0.002, 1.0, 1.0, 1.0, 1.0, 1.0, 1.0, 1.0, 0.0, 0.973, 1.0, 0.9530000000000001, 1.0, 0.8925000000000001, 0.9195, 0.17400000000000002, 0.201, 1.0, 1.0, 1.0, 1.0, 0.0, 0.0, 0.0, 0.0, 1.0, 1.0, 1.0, 0.24, 1.0, 1.0, 0.968, 1.0, 0.653, 0.653, 0.653, 1.0, 0.2535, 0.2535, 0.7035, 0.10300000000000001, 1.0, 1.0, 1.0, 1.0, 0.0, 1.0, 0.0, 0.0, 1.0, 1.0, 1.0, 0.012, 0.988, 0.988, 1.0, 1.0, 1.0, 0.0, 1.0, 1.0, 1.0, 0.0, 0.0, 1.0, 0.0, 0.0, 0.0, 1.0, 1.0, 0.0, 0.0, 0.0, 1.0, 1.0, 1.0, 1.0, 0.0, 0.0, 0.0, 0.0, 1.0, 1.0, 1.0, 1.0, 0.0, 0.0, 0.0, 0.0, 1.0, 1.0, 1.0, 1.0, 1.0, 1.0, 0.841, 1.0, 1.0, 1.0, 1.0, 1.0, 0.0, 0.0, 0.0, 0.0, 1.0, 1.0, 1.0, 1.0, 1.0, 1.0, 1.0, 0.0, 0.197, 0.0, 0.85, 0.653, 0.803, 0.0, 0.0, 0.0, 0.8525, 0.847, 0.9935, 0.847, 0.28300000000000003, 0.4305, 0.426, 0.426, 1.0, 1.0, 1.0, 1.0, 1.0, 1.0, 1.0, 0.0, 0.798, 1.0, 0.7995, 0.7995, 0.0275, 0.029, 0.2265, 0.1975, 1.0, 1.0, 1.0, 1.0, 0.0, 0.0, 0.0, 0.0, 0.862, 0.854, 0.8595, 0.8955000000000001, 0.045, 0.0005, 0.8695, 0.8505, 1.0, 1.0, 1.0, 0.022, 1.0, 1.0, 1.0, 0.978, 0.28400000000000003, 0.0145, 0.1885, 0.0275, 0.2755, 0.0, 0.0015, 0.013000000000000001, 0.0, 0.0, 0.0, 1.0, 1.0, 0.0, 0.0, 0.0, 1.0, 1.0, 1.0, 1.0, 0.0, 0.0, 0.0, 0.0, 1.0, 1.0, 1.0, 1.0, 1.0, 0.0, 1.0, 0.0, 1.0, 1.0, 1.0, 1.0, 1.0, 1.0, 1.0, 0.0, 1.0, 1.0, 1.0, 0.728, 0.8265, 0.5545, 0.5545, 0.8265, 1.0, 1.0, 1.0, 1.0, 1.0, 1.0, 1.0, 1.0, 1.0, 1.0, 1.0, 0.8715, 0.9365, 0.8695, 0.8695, 0.9365, 0.229, 0.229, 0.229, 0.229, 0.801, 0.03, 0.03, 0.801, 0.0, 0.0, 0.0, 1.0, 1.0, 0.0, 0.0, 0.0, 0.108, 0.114, 0.2315, 0.108, 0.114, 0.07050000000000001, 0.0495, 0.006, 1.0, 1.0, 1.0, 1.0, 0.0, 0.0, 0.0, 0.0, 0.8955000000000001, 0.895, 0.0115, 0.0, 0.883, 0.0, 0.0, 0.0, 1.0, 1.0, 1.0, 1.0, 0.0, 0.0, 0.0, 0.0, 0.902, 0.902, 0.902, 0.678, 0.88, 0.88, 0.902, 0.807, 1.0, 1.0, 1.0, 1.0, 0.0, 0.0, 0.0, 0.0, 1.0, 1.0, 1.0, 1.0, 1.0, 1.0, 1.0, 0.0, 1.0, 1.0, 1.0, 1.0, 0.0, 0.0, 0.0, 0.0, 1.0, 1.0, 1.0, 1.0, 0.008, 0.008, 0.008, 0.008, 1.0, 1.0, 1.0, 1.0, 1.0, 1.0, 1.0, 0.0, 1.0, 1.0, 1.0, 1.0, 1.0, 1.0, 0.6980000000000001, 1.0, 1.0, 1.0, 1.0, 1.0, 0.0, 0.0, 0.0, 0.0, 1.0, 1.0, 1.0, 1.0, 1.0, 1.0, 1.0, 0.0, 0.9530000000000001, 0.9530000000000001, 0.9530000000000001, 1.0, 1.0, 1.0, 0.641, 0.9530000000000001, 1.0, 1.0, 1.0, 1.0, 0.0, 0.0, 0.0, 0.0, 1.0, 1.0, 1.0, 1.0, 1.0, 1.0, 1.0, 1.0, 1.0, 1.0, 1.0, 1.0, 0.0, 0.0, 0.0, 0.0, 1.0, 1.0, 1.0, 1.0, 1.0, 1.0, 1.0, 1.0, 1.0, 1.0, 1.0, 1.0, 0.021500000000000002, 0.021500000000000002, 0.021500000000000002, 0.021500000000000002, 0.021500000000000002, 0.003, 0.02, 0.0095, 0.0095, 0.964, 0.9555, 0.0095, 1.0, 1.0, 1.0, 1.0, 1.0, 1.0, 1.0, 1.0, 1.0, 1.0, 1.0, 1.0, 0.0, 0.0, 0.0, 0.0, 1.0, 1.0, 1.0, 1.0, 0.0, 0.0, 1.0, 1.0, 1.0, 0.873, 0.198, 0.198, 1.0, 1.0, 0.6905, 1.0, 1.0, 1.0, 1.0, 1.0, 1.0, 1.0, 1.0, 0.0, 1.0, 0.999, 0.999, 1.0, 0.0025, 0.0025, 0.0025, 0.0025, 1.0, 1.0, 1.0, 1.0, 1.0, 0.686, 0.314, 0.0, 1.0, 1.0, 1.0, 1.0, 0.524, 0.524, 1.0, 0.47600000000000003, 1.0, 1.0, 1.0, 1.0, 0.008, 0.008, 0.008, 0.008, 0.9935, 0.9935, 0.9775, 0.9935, 0.9935, 0.0225, 0.988, 0.017, 1.0, 1.0, 1.0, 1.0, 0.0725, 0.0725, 0.0725, 0.0725, 0.041, 1.0, 1.0, 0.9590000000000001, 0.041, 0.9590000000000001, 1.0, 0.0, 0.7435, 0.9835, 0.7425, 0.986, 0.7435, 0.7435, 0.256, 0.987, 1.0, 0.005, 1.0, 1.0, 1.0, 0.005, 0.005, 1.0, 1.0, 1.0, 1.0, 1.0, 1.0, 1.0, 1.0, 0.0, 1.0, 1.0, 1.0, 1.0, 0.0, 0.0, 0.0, 0.0, 1.0, 1.0, 1.0, 1.0, 0.0, 0.0, 0.0, 0.0, 0.9705, 0.9705, 0.9145, 1.0, 0.8015, 0.8015, 0.9705, 0.7865, 1.0, 1.0, 1.0, 1.0, 0.0, 0.0, 0.0, 0.0, 1.0, 1.0, 1.0, 1.0, 0.0, 0.0, 0.0, 0.0, 1.0, 1.0, 1.0, 1.0, 0.0, 0.0, 0.0, 0.0, 1.0, 1.0, 1.0, 1.0, 1.0, 1.0, 1.0, 1.0]",-418.5875071169283,843.720363894191,-482.430437669722,964.860875339444,0.01,0.0,2.0794415416798357,0.01,0.0,2.772588722239781,0.6334250289943713,"[1.0, 1.0, 1.0, 1.0, 1.0, 0.0, 1.0, 0.0, 1.0, 1.0, 1.0, 1.0, 1.0, 1.0, 1.0, 0.0, 0.0, 0.0, 0.0, 0.0, 0.0, 0.0, 0.0, 0.0, 1.0, 1.0, 1.0, 0.0, 0.0, 0.0, 1.0, 0.0, 0.0, 0.0, 1.0, 1.0, 0.0, 1.0, 1.0, 1.0, 1.0, 1.0, 1.0, 1.0, 0.0, 0.0, 1.0, 1.0, 1.0, 1.0, 1.0, 1.0, 0.0, 0.0, 0.0, 0.0, 1.0, 1.0, 1.0, 1.0, 0.0, 0.0, 0.0, 0.0, 0.0, 0.0, 0.0, 0.0, 0.0, 1.0, 1.0, 0.0, 1.0, 1.0, 1.0, 1.0, 0.0, 0.0, 0.0, 0.0, 1.0, 1.0, 1.0, 1.0, 0.0, 0.0, 0.0, 0.0, 1.0, 1.0, 1.0, 1.0, 1.0, 1.0, 0.0, 1.0, 1.0, 1.0, 1.0, 1.0, 1.0, 1.0, 1.0, 0.0, 1.0, 1.0, 1.0, 1.0, 1.0, 0.0, 1.0, 0.0, 0.0, 1.0, 0.0, 0.0, 1.0, 1.0, 1.0, 0.0, 1.0, 1.0, 0.0, 1.0, 1.0, 0.0, 0.0, 0.0, 1.0, 1.0, 1.0, 0.0, 1.0, 1.0, 1.0, 1.0, 1.0, 1.0, 1.0, 1.0, 0.0, 0.0, 0.0, 0.0, 1.0, 1.0, 1.0, 0.0, 0.0, 0.0, 1.0, 0.0, 0.0, 0.0, 1.0, 0.0, 0.0, 0.0, 0.0, 0.0, 1.0, 1.0, 1.0, 0.0, 0.0, 0.0, 1.0, 0.0, 0.0, 0.0, 0.0, 1.0, 0.0, 0.0, 0.0, 0.0, 0.0, 0.0, 0.0, 1.0, 0.0, 0.0, 0.0, 0.0, 1.0, 1.0, 1.0, 1.0, 0.0, 0.0, 0.0, 0.0, 1.0, 1.0, 1.0, 0.0, 0.0, 0.0, 1.0, 0.0, 1.0, 1.0, 1.0, 1.0, 0.0, 0.0, 0.0, 0.0, 1.0, 1.0, 1.0, 1.0, 0.0, 0.0, 0.0, 0.0, 1.0, 1.0, 1.0, 1.0, 1.0, 1.0, 1.0, 0.0, 0.0, 0.0, 0.0, 0.0, 1.0, 0.0, 0.0, 0.0, 1.0, 1.0, 1.0, 1.0, 1.0, 1.0, 1.0, 1.0, 1.0, 1.0, 1.0, 1.0, 1.0, 1.0, 1.0, 0.0, 0.0, 0.0, 0.0, 0.0, 0.0, 0.0, 0.0, 0.0, 0.0, 1.0, 0.0, 1.0, 0.0, 1.0, 0.0, 1.0, 0.0, 0.0, 0.0, 1.0, 0.0, 0.0, 0.0, 0.0, 1.0, 1.0, 1.0, 0.0, 0.0, 0.0, 1.0, 0.0, 1.0, 1.0, 1.0, 1.0, 1.0, 0.0, 1.0, 0.0, 0.0, 1.0, 1.0, 1.0, 0.0, 0.0, 0.0, 0.0, 1.0, 1.0, 1.0, 0.0, 1.0, 1.0, 1.0, 1.0, 0.0, 1.0, 1.0, 1.0, 0.0, 0.0, 0.0, 0.0, 1.0, 1.0, 1.0, 1.0, 1.0, 1.0, 1.0, 0.0, 1.0, 1.0, 1.0, 1.0, 0.0, 0.0, 0.0, 0.0, 1.0, 1.0, 1.0, 1.0, 0.0, 0.0, 0.0, 0.0, 0.0, 1.0, 0.0, 0.0, 0.0, 0.0, 0.0, 0.0, 1.0, 1.0, 1.0, 1.0, 1.0, 0.0, 1.0, 1.0, 0.0, 0.0, 0.0, 0.0, 0.0, 1.0, 1.0, 0.0, 1.0, 1.0, 1.0, 1.0, 1.0, 0.0, 1.0, 0.0, 1.0, 1.0, 1.0, 1.0, 1.0, 0.0, 1.0, 1.0, 0.0, 0.0, 0.0, 0.0, 0.0, 1.0, 1.0, 0.0, 1.0, 0.0, 0.0, 1.0, 0.0, 0.0, 0.0, 0.0, 1.0, 1.0, 1.0, 0.0, 0.0, 0.0, 1.0, 0.0, 1.0, 1.0, 1.0, 0.0, 0.0, 0.0, 0.0, 0.0, 1.0, 1.0, 1.0, 1.0, 1.0, 1.0, 1.0, 0.0, 0.0, 0.0, 0.0, 0.0, 0.0, 0.0, 0.0, 0.0, 1.0, 0.0, 1.0, 0.0, 0.0, 0.0, 0.0, 0.0, 1.0, 1.0, 1.0, 1.0, 1.0, 1.0, 1.0, 0.0, 1.0, 1.0, 1.0, 1.0, 1.0, 1.0, 0.0, 1.0, 1.0, 1.0, 1.0, 1.0, 0.0, 0.0, 0.0, 0.0, 1.0, 1.0, 1.0, 1.0, 1.0, 1.0, 1.0, 0.0, 0.0, 1.0, 1.0, 1.0, 0.0, 0.0, 0.0, 0.0, 1.0, 1.0, 1.0, 1.0, 0.0, 0.0, 0.0, 0.0, 1.0, 0.0, 1.0, 0.0, 0.0, 0.0, 0.0, 0.0, 1.0, 1.0, 1.0, 1.0, 1.0, 0.0, 1.0, 0.0, 1.0, 1.0, 1.0, 0.0, 1.0, 1.0, 0.0, 1.0, 1.0, 1.0, 1.0, 1.0, 0.0, 0.0, 0.0, 0.0, 0.0, 0.0, 0.0, 0.0, 0.0, 1.0, 0.0, 0.0, 1.0, 1.0, 1.0, 1.0, 0.0, 0.0, 0.0, 0.0, 0.0, 0.0, 0.0, 0.0, 0.0, 0.0, 0.0, 0.0, 1.0, 0.0, 1.0, 0.0, 0.0, 0.0, 0.0, 0.0, 1.0, 1.0, 0.0, 0.0, 1.0, 1.0, 1.0, 1.0, 1.0, 1.0, 1.0, 1.0, 1.0, 1.0, 1.0, 1.0, 1.0, 1.0, 1.0, 1.0, 1.0, 0.0, 1.0, 1.0, 0.0, 1.0, 0.0, 1.0, 0.0, 1.0, 0.0, 0.0, 1.0, 1.0, 1.0, 1.0, 0.0, 0.0, 1.0, 0.0, 1.0, 1.0, 1.0, 1.0, 0.0, 0.0, 0.0, 0.0, 0.0, 0.0, 0.0, 1.0, 0.0, 0.0, 0.0, 0.0, 1.0, 1.0, 1.0, 1.0, 0.0, 0.0, 0.0, 0.0, 0.0, 1.0, 1.0, 1.0, 0.0, 1.0, 1.0, 0.0, 1.0, 1.0, 1.0, 1.0, 0.0, 0.0, 0.0, 0.0, 1.0, 0.0, 1.0, 1.0, 1.0, 0.0, 0.0, 1.0, 1.0, 1.0, 1.0, 1.0, 1.0, 1.0, 1.0, 0.0, 0.0, 1.0, 1.0, 1.0, 1.0, 1.0, 0.0, 0.0, 1.0, 1.0, 1.0, 1.0, 0.0, 0.0, 0.0, 0.0, 1.0, 1.0, 1.0, 0.0, 0.0, 0.0, 1.0, 0.0, 1.0, 1.0, 1.0, 1.0, 0.0, 0.0, 0.0, 0.0, 0.0, 0.0, 0.0, 0.0, 0.0, 0.0, 0.0, 0.0, 0.0, 1.0, 0.0, 1.0, 0.0, 1.0, 1.0, 0.0, 1.0, 1.0, 1.0, 1.0, 1.0, 0.0, 0.0, 1.0]",-318.3726801373107,643.2907099349558,0.01,0.0,-5.545177444479562,2.0794415416798357,11.090354888959125,0.01,0.0,-11.090354888959125,2.772588722239781,22.18070977791825,0.6173530694834558,"[1.0, 1.0, 1.0, 1.0, 1.0, 0.0, 1.0, 0.0, 1.0, 1.0, 1.0, 1.0, 1.0, 1.0, 1.0, 0.0, 0.0, 0.0, 0.0, 0.0, 0.0, 0.0, 0.0, 0.0, 1.0, 1.0, 1.0, 0.0, 0.0, 0.0, 1.0, 0.0, 0.0, 0.0, 1.0, 1.0, 0.0, 1.0, 1.0, 1.0, 0.0, 0.0, 0.0, 0.0, 0.0, 0.0, 0.0, 0.0, 1.0, 1.0, 1.0, 1.0, 0.0, 0.0, 0.0, 0.0, 1.0, 1.0, 1.0, 1.0, 0.0, 0.0, 0.0, 0.0, 0.0, 0.0, 0.0, 0.0, 0.0, 1.0, 1.0, 0.0, 0.0, 0.0, 0.0, 1.0, 0.0, 0.0, 0.0, 0.0, 1.0, 1.0, 1.0, 1.0, 0.0, 0.0, 0.0, 0.0, 0.0, 0.0, 0.0, 0.0, 1.0, 1.0, 0.0, 1.0, 1.0, 1.0, 1.0, 1.0, 1.0, 1.0, 1.0, 0.0, 1.0, 1.0, 1.0, 1.0, 1.0, 0.0, 1.0, 0.0, 0.0, 1.0, 0.0, 0.0, 1.0, 1.0, 1.0, 0.0, 1.0, 1.0, 0.0, 1.0, 1.0, 0.0, 0.0, 0.0, 1.0, 1.0, 1.0, 0.0, 1.0, 1.0, 1.0, 1.0, 1.0, 1.0, 1.0, 1.0, 0.0, 0.0, 0.0, 0.0, 1.0, 1.0, 1.0, 0.0, 0.0, 0.0, 1.0, 0.0, 0.0, 0.0, 1.0, 0.0, 0.0, 0.0, 0.0, 0.0, 1.0, 1.0, 1.0, 0.0, 0.0, 0.0, 1.0, 0.0, 0.0, 0.0, 0.0, 1.0, 0.0, 0.0, 0.0, 0.0, 0.0, 0.0, 0.0, 1.0, 0.0, 0.0, 0.0, 0.0, 1.0, 1.0, 1.0, 1.0, 0.0, 0.0, 0.0, 0.0, 1.0, 1.0, 1.0, 0.0, 0.0, 0.0, 1.0, 0.0, 1.0, 1.0, 1.0, 1.0, 0.0, 0.0, 0.0, 0.0, 1.0, 1.0, 1.0, 1.0, 0.0, 0.0, 0.0, 0.0, 1.0, 1.0, 1.0, 1.0, 1.0, 1.0, 1.0, 0.0, 0.0, 0.0, 0.0, 0.0, 1.0, 0.0, 0.0, 0.0, 1.0, 1.0, 1.0, 1.0, 1.0, 1.0, 1.0, 1.0, 1.0, 1.0, 1.0, 1.0, 1.0, 1.0, 1.0, 0.0, 0.0, 0.0, 0.0, 0.0, 0.0, 0.0, 0.0, 0.0, 0.0, 1.0, 0.0, 1.0, 0.0, 1.0, 0.0, 1.0, 0.0, 0.0, 0.0, 1.0, 0.0, 0.0, 0.0, 0.0, 1.0, 1.0, 1.0, 0.0, 0.0, 0.0, 1.0, 0.0, 1.0, 1.0, 1.0, 1.0, 1.0, 0.0, 1.0, 0.0, 0.0, 1.0, 1.0, 1.0, 0.0, 0.0, 0.0, 0.0, 1.0, 1.0, 1.0, 0.0, 1.0, 1.0, 1.0, 1.0, 0.0, 1.0, 1.0, 1.0, 0.0, 0.0, 0.0, 0.0, 1.0, 1.0, 1.0, 1.0, 1.0, 1.0, 1.0, 0.0, 1.0, 1.0, 1.0, 1.0, 0.0, 0.0, 0.0, 0.0, 1.0, 1.0, 1.0, 1.0, 0.0, 0.0, 0.0, 0.0, 0.0, 1.0, 0.0, 0.0, 0.0, 0.0, 0.0, 0.0, 0.0, 0.0, 0.0, 0.0, 0.0, 0.0, 0.0, 0.0, 1.0, 0.0, 1.0, 1.0, 1.0, 0.0, 0.0, 1.0, 1.0, 1.0, 1.0, 1.0, 1.0, 0.0, 1.0, 0.0, 1.0, 1.0, 1.0, 1.0, 1.0, 0.0, 1.0, 1.0, 0.0, 0.0, 0.0, 0.0, 0.0, 1.0, 1.0, 0.0, 1.0, 0.0, 0.0, 1.0, 0.0, 0.0, 0.0, 0.0, 1.0, 1.0, 1.0, 0.0, 0.0, 0.0, 1.0, 0.0, 1.0, 1.0, 1.0, 0.0, 0.0, 0.0, 0.0, 0.0, 1.0, 1.0, 1.0, 1.0, 1.0, 1.0, 1.0, 0.0, 0.0, 0.0, 0.0, 0.0, 0.0, 0.0, 0.0, 0.0, 1.0, 0.0, 1.0, 0.0, 0.0, 0.0, 0.0, 0.0, 1.0, 1.0, 1.0, 1.0, 1.0, 1.0, 1.0, 0.0, 1.0, 1.0, 1.0, 1.0, 1.0, 1.0, 0.0, 1.0, 1.0, 1.0, 1.0, 1.0, 0.0, 0.0, 0.0, 0.0, 1.0, 1.0, 1.0, 1.0, 1.0, 1.0, 1.0, 0.0, 0.0, 1.0, 1.0, 1.0, 0.0, 0.0, 0.0, 0.0, 1.0, 1.0, 1.0, 1.0, 0.0, 0.0, 0.0, 0.0, 1.0, 0.0, 1.0, 0.0, 0.0, 0.0, 0.0, 0.0, 1.0, 1.0, 1.0, 1.0, 1.0, 0.0, 1.0, 0.0, 1.0, 1.0, 1.0, 0.0, 1.0, 1.0, 0.0, 1.0, 1.0, 1.0, 1.0, 1.0, 0.0, 0.0, 0.0, 0.0, 0.0, 0.0, 0.0, 0.0, 0.0, 1.0, 0.0, 0.0, 1.0, 1.0, 1.0, 1.0, 0.0, 0.0, 0.0, 0.0, 0.0, 0.0, 0.0, 0.0, 0.0, 0.0, 0.0, 0.0, 1.0, 0.0, 1.0, 0.0, 0.0, 0.0, 0.0, 0.0, 1.0, 1.0, 0.0, 0.0, 1.0, 1.0, 1.0, 1.0, 1.0, 1.0, 1.0, 1.0, 1.0, 1.0, 1.0, 1.0, 1.0, 1.0, 1.0, 1.0, 1.0, 0.0, 1.0, 1.0, 0.0, 1.0, 0.0, 1.0, 0.0, 1.0, 0.0, 0.0, 1.0, 1.0, 1.0, 1.0, 0.0, 0.0, 1.0, 0.0, 1.0, 1.0, 1.0, 1.0, 0.0, 0.0, 0.0, 0.0, 0.0, 0.0, 0.0, 1.0, 0.0, 0.0, 0.0, 0.0, 1.0, 1.0, 1.0, 1.0, 0.0, 0.0, 0.0, 0.0, 0.0, 1.0, 1.0, 1.0, 0.0, 1.0, 1.0, 0.0, 1.0, 1.0, 1.0, 1.0, 0.0, 0.0, 0.0, 0.0, 1.0, 0.0, 1.0, 1.0, 1.0, 0.0, 0.0, 1.0, 1.0, 1.0, 1.0, 1.0, 1.0, 1.0, 1.0, 0.0, 0.0, 0.0, 1.0, 0.0, 0.0, 1.0, 0.0, 0.0, 1.0, 1.0, 1.0, 1.0, 0.0, 0.0, 0.0, 0.0, 1.0, 1.0, 1.0, 0.0, 0.0, 0.0, 1.0, 0.0, 1.0, 1.0, 1.0, 1.0, 0.0, 0.0, 0.0, 0.0, 0.0, 0.0, 0.0, 0.0, 0.0, 0.0, 0.0, 0.0, 0.0, 1.0, 0.0, 1.0, 0.0, 1.0, 1.0, 0.0, 1.0, 1.0, 1.0, 1.0, 1.0, 0.0, 0.0, 1.0]",-311.9759791000219,630.4973078603782,-482.430437669722,964.860875339444,1.9575785093610467,-5.292505905349744,-5.545177444479562,12.664453352379324,11.090354888959125,3.9787951460839786,-10.965027317056837,-11.090354888959125,24.702643356353455,22.18070977791825,1.0908740239314543,"[0.0, 0.0, 1.0, 0.0, 0.0, 0.0, 0.0, 0.0, 1.0, 1.0, 1.0, 1.0, 0.877, 0.877, 0.877, 0.0, 1.0, 0.259, 1.0, 1.0, 0.8015, 0.0, 0.259, 1.0, 1.0, 1.0, 1.0, 1.0, 1.0, 1.0, 1.0, 0.0, 0.0, 0.0, 1.0, 0.0, 0.0, 0.0, 1.0, 0.0, 0.0, 0.0, 1.0, 0.0, 0.0, 0.0, 1.0, 0.0, 0.0, 0.0, 0.0, 0.0775, 0.0, 0.0, 0.1635, 0.47100000000000003, 1.0, 1.0, 1.0, 1.0, 0.0, 0.0, 0.0, 0.0, 0.0, 0.0, 0.0, 0.0, 0.0, 0.0, 0.0, 0.0, 1.0, 1.0, 1.0, 1.0, 1.0, 1.0, 1.0, 0.0, 1.0, 1.0, 1.0, 1.0, 0.0, 0.0, 0.0, 0.0, 0.0, 0.0, 0.0, 0.0, 0.0, 0.113, 0.113, 0.0, 0.0, 0.0, 0.0, 1.0, 0.0, 0.0, 0.0, 0.0, 1.0, 1.0, 1.0, 1.0, 0.0, 0.0, 0.0, 0.0, 0.9995, 1.0, 1.0, 0.663, 1.0, 1.0, 1.0, 0.353, 1.0, 1.0, 1.0, 1.0, 0.082, 0.082, 0.0, 0.0, 0.973, 1.0, 0.7655000000000001, 0.605, 0.973, 1.0, 1.0, 0.368, 0.0, 0.0, 1.0, 0.0, 1.0, 0.0, 1.0, 0.0, 1.0, 1.0, 1.0, 1.0, 0.0, 0.0, 1.0, 0.0, 1.0, 1.0, 1.0, 1.0, 0.0, 0.9465, 0.0, 0.0, 0.666, 1.0, 0.666, 0.666, 0.0, 0.0, 0.7975, 0.0, 0.0, 0.9430000000000001, 0.0, 1.0, 1.0, 0.0, 0.0, 0.0, 0.0, 1.0, 0.0, 0.0, 0.0, 0.0, 0.0, 0.0, 1.0, 1.0, 1.0, 1.0, 0.0, 0.0, 0.0, 0.0, 1.0, 1.0, 1.0, 1.0, 1.0, 1.0, 1.0, 0.0005, 1.0, 1.0, 1.0, 1.0, 1.0, 1.0, 0.0, 1.0, 1.0, 1.0, 1.0, 1.0, 0.0, 0.0, 0.0, 0.0, 1.0, 1.0, 1.0, 1.0, 1.0, 1.0, 1.0, 0.0, 1.0, 0.0, 1.0, 0.0, 0.0, 0.0, 0.0, 0.0, 0.0, 1.0, 0.0, 1.0, 0.0, 1.0, 0.0, 1.0, 1.0, 1.0, 1.0, 1.0, 1.0, 1.0, 1.0, 0.0, 1.0, 0.0, 1.0, 1.0, 1.0, 0.0, 0.0, 1.0, 1.0, 1.0, 1.0, 1.0, 1.0, 1.0, 1.0, 1.0, 0.0, 0.9580000000000001, 0.0, 0.0, 0.0, 0.0, 0.0045000000000000005, 0.0, 0.0, 0.0, 0.0, 0.0, 0.0, 0.0, 0.0, 1.0, 0.0, 0.0, 0.0005, 0.0, 0.0, 0.0, 0.0, 0.0, 0.0, 1.0, 0.0, 0.0, 0.0, 0.0, 0.0, 0.0, 1.0, 1.0, 1.0, 0.001, 0.001, 0.001, 1.0, 0.0, 0.0, 0.0, 0.6225, 0.0, 0.0, 0.0, 0.0, 0.0, 1.0, 1.0, 1.0, 1.0, 0.0, 0.0, 0.0, 0.0, 0.0, 0.0, 0.0, 0.0, 0.0, 0.0, 0.0, 0.0, 1.0, 1.0, 1.0, 1.0, 1.0, 1.0, 1.0, 0.0, 0.0, 0.0, 0.0, 1.0, 0.0, 0.0, 1.0, 0.0, 1.0, 1.0, 1.0, 1.0, 0.0, 0.0, 0.0, 0.0, 0.0, 1.0, 0.0, 0.0, 1.0, 0.0, 0.0, 1.0, 1.0, 1.0, 1.0, 1.0, 0.0, 0.0, 0.0, 0.0, 1.0, 1.0, 1.0, 1.0, 1.0, 0.0, 1.0, 1.0, 0.0, 0.0005, 0.0, 0.0, 0.0, 0.38, 0.0, 0.0, 1.0, 1.0, 1.0, 1.0, 0.0, 0.0, 0.0, 0.0, 1.0, 1.0, 1.0, 0.999, 1.0, 1.0, 1.0, 0.0195, 1.0, 1.0, 1.0, 1.0, 0.0, 0.0, 0.0, 0.0, 0.0, 0.6285000000000001, 0.0, 0.328, 0.0, 0.0, 0.6285000000000001, 0.0, 0.0, 0.0, 0.0, 0.0, 0.0, 0.0, 0.0, 1.0, 1.0, 1.0, 1.0, 1.0, 0.0, 0.0, 0.0, 0.0, 1.0, 1.0, 1.0, 1.0, 1.0, 1.0, 1.0, 0.0, 1.0, 1.0, 1.0, 1.0, 1.0, 1.0, 0.0375, 1.0, 1.0, 1.0, 1.0, 1.0, 0.0, 0.0, 0.0, 0.0, 1.0, 1.0, 1.0, 1.0, 1.0, 1.0, 1.0, 0.0, 1.0, 1.0, 1.0, 1.0, 1.0, 1.0, 0.0, 1.0, 1.0, 1.0, 1.0, 1.0, 0.0, 0.0, 0.0, 0.0, 1.0, 1.0, 1.0, 1.0, 1.0, 1.0, 1.0, 1.0, 0.0, 0.0, 0.4395, 0.0, 0.0, 0.0, 0.001, 1.0, 0.0, 0.0, 0.0, 0.0, 0.0, 0.0, 0.0, 0.0, 1.0, 1.0, 1.0, 0.0, 1.0, 0.0, 0.0, 1.0, 0.0, 0.0, 1.0, 1.0, 1.0, 0.0, 0.0, 0.0, 0.0, 0.0, 0.0, 0.0, 0.0, 0.0, 0.0, 0.0, 1.0, 1.0, 1.0, 1.0, 0.0, 0.0, 0.0, 0.0, 0.0, 0.0, 0.0, 0.0, 0.0, 1.0, 0.0, 0.0, 1.0, 1.0, 1.0, 1.0, 0.0, 0.4945, 0.0, 0.0, 1.0, 1.0, 1.0, 1.0, 0.0, 0.0, 1.0, 1.0, 1.0, 1.0, 1.0, 1.0, 0.0, 0.0, 0.0, 0.0, 1.0, 1.0, 1.0, 1.0, 1.0, 0.704, 0.296, 0.0, 1.0, 1.0, 1.0, 1.0, 0.0, 0.0, 1.0, 1.0, 1.0, 1.0, 1.0, 1.0, 0.0, 0.0, 0.0, 0.0, 0.006, 1.0, 0.006, 0.708, 0.298, 1.0, 0.298, 1.0, 1.0, 1.0, 1.0, 1.0, 0.0, 0.0, 0.0, 0.0, 1.0, 0.0, 1.0, 1.0, 1.0, 0.0, 0.0, 1.0, 0.0, 1.0, 1.0, 1.0, 0.0, 0.0, 0.0, 0.0, 1.0, 0.224, 1.0, 1.0, 0.776, 0.0, 0.224, 1.0, 1.0, 1.0, 1.0, 1.0, 0.0, 0.0, 0.0, 0.0, 1.0, 1.0, 0.0, 1.0, 1.0, 1.0, 0.0, 1.0, 1.0, 1.0, 1.0, 1.0, 0.0, 0.0, 0.0, 0.0, 1.0, 1.0, 1.0, 1.0, 1.0, 1.0, 1.0, 0.0, 1.0, 1.0, 1.0, 1.0, 0.0, 0.0, 0.0, 0.0, 0.0, 0.0, 0.0, 0.0, 0.0, 0.0, 0.0, 0.0, 1.0, 0.4865, 1.0, 1.0, 1.0, 0.0075, 0.4865, 1.0, 0.0225, 0.0, 0.0, 0.9775, 0.0, 0.0, 0.0, 0.0]",-419.18595103414617,844.9172517286268,-482.430437669722,964.860875339444,0.01,0.0,-5.545177444479562,2.0794415416798357,11.090354888959125,0.01,0.0,-11.090354888959125,2.772588722239781,22.18070977791825,0.5787520451143159,"[1.0, 1.0, 1.0, 1.0, 1.0, 0.0, 1.0, 0.0, 1.0, 1.0, 1.0, 1.0, 1.0, 1.0, 1.0, 0.0, 0.0, 0.0, 0.0, 0.0, 0.0, 0.0, 0.0, 0.0, 1.0, 1.0, 1.0, 1.0, 0.0, 0.0, 1.0, 0.0, 0.0, 0.0, 0.0, 0.0, 0.0, 1.0, 0.0, 0.0, 0.0, 0.0, 0.0, 0.0, 0.0, 0.0, 0.0, 0.0, 1.0, 1.0, 1.0, 1.0, 0.0, 0.0, 0.0, 0.0, 1.0, 1.0, 1.0, 1.0, 0.0, 0.0, 0.0, 0.0, 0.0, 0.0, 0.0, 0.0, 0.0, 1.0, 1.0, 0.0, 1.0, 1.0, 1.0, 1.0, 0.0, 0.0, 0.0, 0.0, 1.0, 1.0, 1.0, 1.0, 0.0, 0.0, 0.0, 0.0, 0.0, 0.0, 0.0, 0.0, 0.0, 0.0, 0.0, 0.0, 1.0, 1.0, 1.0, 1.0, 1.0, 1.0, 1.0, 0.0, 1.0, 1.0, 1.0, 1.0, 1.0, 0.0, 1.0, 0.0, 0.0, 1.0, 0.0, 0.0, 1.0, 1.0, 1.0, 0.0, 1.0, 1.0, 0.0, 1.0, 1.0, 0.0, 0.0, 0.0, 1.0, 1.0, 1.0, 0.0, 1.0, 1.0, 1.0, 1.0, 1.0, 1.0, 1.0, 1.0, 0.0, 0.0, 0.0, 0.0, 1.0, 1.0, 1.0, 0.0, 0.0, 0.0, 1.0, 0.0, 0.0, 0.0, 1.0, 0.0, 0.0, 0.0, 0.0, 0.0, 1.0, 1.0, 1.0, 0.0, 0.0, 0.0, 1.0, 0.0, 0.0, 0.0, 0.0, 1.0, 0.0, 0.0, 0.0, 0.0, 0.0, 0.0, 0.0, 1.0, 0.0, 0.0, 0.0, 0.0, 1.0, 1.0, 1.0, 1.0, 0.0, 0.0, 0.0, 0.0, 1.0, 1.0, 1.0, 0.0, 0.0, 0.0, 1.0, 0.0, 1.0, 1.0, 1.0, 1.0, 0.0, 0.0, 0.0, 0.0, 1.0, 1.0, 1.0, 1.0, 0.0, 0.0, 0.0, 0.0, 1.0, 1.0, 1.0, 1.0, 1.0, 1.0, 1.0, 0.0, 0.0, 0.0, 0.0, 0.0, 1.0, 0.0, 0.0, 0.0, 1.0, 1.0, 1.0, 1.0, 1.0, 1.0, 1.0, 1.0, 1.0, 1.0, 1.0, 1.0, 1.0, 1.0, 1.0, 0.0, 0.0, 0.0, 0.0, 0.0, 0.0, 0.0, 0.0, 0.0, 0.0, 1.0, 0.0, 1.0, 0.0, 1.0, 0.0, 1.0, 0.0, 0.0, 0.0, 1.0, 0.0, 0.0, 0.0, 0.0, 1.0, 1.0, 1.0, 0.0, 0.0, 0.0, 1.0, 0.0, 0.0, 0.0, 1.0, 0.0, 0.0, 0.0, 0.0, 0.0, 0.0, 1.0, 1.0, 1.0, 0.0, 0.0, 0.0, 0.0, 1.0, 1.0, 1.0, 0.0, 1.0, 1.0, 1.0, 1.0, 0.0, 0.0, 1.0, 0.0, 0.0, 0.0, 0.0, 0.0, 1.0, 1.0, 1.0, 1.0, 1.0, 1.0, 1.0, 0.0, 1.0, 1.0, 1.0, 1.0, 0.0, 0.0, 0.0, 0.0, 1.0, 1.0, 1.0, 1.0, 0.0, 0.0, 0.0, 0.0, 0.0, 1.0, 0.0, 0.0, 0.0, 0.0, 0.0, 0.0, 0.0, 0.0, 0.0, 0.0, 0.0, 0.0, 0.0, 0.0, 0.0, 0.0, 0.0, 0.0, 0.0, 0.0, 0.0, 0.0, 1.0, 1.0, 0.0, 1.0, 1.0, 0.0, 1.0, 0.0, 1.0, 1.0, 1.0, 1.0, 1.0, 0.0, 1.0, 1.0, 0.0, 0.0, 0.0, 0.0, 0.0, 1.0, 1.0, 0.0, 1.0, 0.0, 0.0, 1.0, 0.0, 0.0, 0.0, 0.0, 1.0, 1.0, 1.0, 0.0, 0.0, 0.0, 1.0, 0.0, 1.0, 1.0, 1.0, 0.0, 0.0, 0.0, 0.0, 0.0, 1.0, 1.0, 1.0, 1.0, 1.0, 1.0, 1.0, 0.0, 0.0, 0.0, 0.0, 0.0, 0.0, 0.0, 0.0, 0.0, 1.0, 0.0, 1.0, 0.0, 0.0, 0.0, 0.0, 0.0, 1.0, 1.0, 1.0, 1.0, 1.0, 1.0, 1.0, 0.0, 1.0, 1.0, 1.0, 1.0, 1.0, 1.0, 0.0, 1.0, 1.0, 1.0, 1.0, 1.0, 0.0, 0.0, 0.0, 0.0, 1.0, 1.0, 1.0, 1.0, 1.0, 1.0, 1.0, 0.0, 0.0, 1.0, 1.0, 1.0, 0.0, 0.0, 0.0, 0.0, 1.0, 1.0, 1.0, 1.0, 0.0, 0.0, 0.0, 0.0, 1.0, 0.0, 1.0, 0.0, 0.0, 0.0, 0.0, 0.0, 1.0, 1.0, 1.0, 1.0, 1.0, 0.0, 1.0, 0.0, 1.0, 1.0, 1.0, 0.0, 1.0, 1.0, 0.0, 1.0, 1.0, 1.0, 1.0, 1.0, 0.0, 0.0, 0.0, 0.0, 0.0, 0.0, 0.0, 0.0, 0.0, 0.0, 0.0, 0.0, 1.0, 1.0, 1.0, 1.0, 0.0, 0.0, 0.0, 0.0, 0.0, 0.0, 0.0, 0.0, 0.0, 0.0, 0.0, 0.0, 0.0, 0.0, 0.0, 0.0, 0.0, 0.0, 0.0, 0.0, 1.0, 1.0, 0.0, 0.0, 1.0, 1.0, 1.0, 1.0, 1.0, 1.0, 1.0, 1.0, 1.0, 1.0, 1.0, 1.0, 1.0, 1.0, 1.0, 1.0, 1.0, 0.0, 1.0, 1.0, 0.0, 1.0, 0.0, 1.0, 0.0, 1.0, 0.0, 0.0, 1.0, 1.0, 1.0, 1.0, 0.0, 0.0, 1.0, 0.0, 1.0, 1.0, 1.0, 1.0, 0.0, 0.0, 0.0, 0.0, 0.0, 0.0, 0.0, 1.0, 0.0, 0.0, 0.0, 0.0, 1.0, 1.0, 1.0, 1.0, 0.0, 0.0, 0.0, 0.0, 0.0, 1.0, 1.0, 1.0, 0.0, 1.0, 1.0, 0.0, 1.0, 1.0, 1.0, 1.0, 0.0, 0.0, 0.0, 0.0, 1.0, 0.0, 1.0, 1.0, 1.0, 0.0, 0.0, 1.0, 1.0, 1.0, 1.0, 1.0, 1.0, 1.0, 1.0, 0.0, 0.0, 1.0, 1.0, 1.0, 1.0, 1.0, 0.0, 0.0, 1.0, 1.0, 1.0, 1.0, 0.0, 0.0, 0.0, 0.0, 1.0, 1.0, 1.0, 0.0, 0.0, 0.0, 1.0, 0.0, 1.0, 1.0, 1.0, 1.0, 0.0, 0.0, 0.0, 0.0, 0.0, 0.0, 0.0, 0.0, 0.0, 0.0, 0.0, 0.0, 0.0, 0.0, 1.0, 1.0, 0.0, 0.0, 0.0, 0.0, 1.0, 1.0, 1.0, 1.0, 1.0, 0.0, 0.0, 1.0]",-295.2442605392121,597.0338707387587,-482.430437669722,964.860875339444,84.49425701962907,-11.090635027639253,24.95385877751829,1.2846122460949685,-433.45128860920846,873.4479268787513,False,True,True,False,True,0.5,0.5,1.0,1.0,1.0,1.0,0.5625,0.625,1.0,1.0,0.5,0.625,"Z.forall(lambda x1: Z.exists(lambda x2: Z.not_operator(Z.equal(x2,x1,'colour')),X),X)","Z.exactly(lambda x1: Z.equal(x1,'blue','colour'),1,X)","Z.exists(lambda x1: Z.lequal(x1,1,'size'),X)","Z.exactly(lambda x1: Z.equal(x1,'blue','colour'),1,X)",0.5,0.625,1.0,0.625,1.0,0.7083333333333334,0.6982758620689655,0.6867816091954023,0.6954022988505747,0.6925287356321839,5.241379310344827,0,0,0,1,0,1
42,52,102,JP0CgbU9FF,TRuAF7RKTQPzKSt2AABd,Zeta,there is a red,"[True, True, True, True, False, False, False, False]","[True, False, True, True, False, False, True, False]",1.0,0.75,Three different colors. All small or medium.,"[['x1'],['x1','x2'],['x1','x2','x3']]","Z.exists(lambda x1: Z.exists(lambda x2: Z.exists(lambda x3: Z.and_operator(Z.and_operator(Z.equal(x1,'red','colour'),Z.equal(x2,'blue','colour')),Z.equal(x3,'green','colour')),X),X),X)",Four on the ground. One sideways.,"[{'ids': [0, 1, 2], 'colours': ['red', 'green', 'red'], 'sizes': [2, 2, 1], 'xpos': [1.2082687629885547, 1.2082634961853178, 3.6555626758319644], 'ypos': [4.12000779516441, 3.819308788310165, 3.839083942432234], 'rotations': [3.141591371115667, 3.1415825681968172, 1.2121899680578292], 'orientations': ['upright', 'upright', 'lhs'], 'contact': [[0, 1], [1, 0], [2]], 'grounded': ['yes', 'no', 'yes'], 'follow_rule': True}, {'ids': [0, 1, 2], 'colours': ['red', 'blue', 'green'], 'sizes': [3, 3, 2], 'xpos': [0.6889987806237627, 5.415113083734671, 1.6606165060961608], 'ypos': [4.117129836901123, 4.116097305871569, 4.116222276208084], 'rotations': [3.1450706575385214, 3.1407020065715203, 3.1394799504097444], 'orientations': ['upright', 'upright', 'upright'], 'contact': [[0], [1], [2]], 'grounded': ['yes', 'yes', 'yes'], 'follow_rule': True}, {'ids': [0, 1, 2], 'colours': ['red', 'green', 'blue'], 'sizes': [3, 2, 3], 'xpos': [4.479114765376307, 0.4132207352991183, 2.4038874837566353], 'ypos': [4.1168784039426995, 4.116382694002708, 3.642830608367425], 'rotations': [3.143195504911907, 3.1438338722989982, 5.038277656486166], 'orientations': ['upright', 'upright', 'rhs'], 'contact': [[0], [1], [2]], 'grounded': ['yes', 'yes', 'yes'], 'follow_rule': True}, {'ids': [0, 1, 2], 'colours': ['red', 'green', 'blue'], 'sizes': [3, 2, 2], 'xpos': [4.372514880373562, 2.2029458847716805, 3.46524977196064], 'ypos': [4.116399279454959, 4.116432218637933, 3.7937044162356828], 'rotations': [3.143525557086882, 3.1415275566448297, 2.20040698168605], 'orientations': ['upright', 'upright', 'strange'], 'contact': [[0], [1], [2]], 'grounded': ['yes', 'yes', 'yes'], 'follow_rule': True}, {'ids': [0, 1, 2], 'colours': ['red', 'green', 'blue'], 'sizes': [3, 2, 2], 'xpos': [3.6907383365734585, 2.731202251971293, 6.024188676773079], 'ypos': [4.116173002180392, 4.11641005319447, 3.791333235120211], 'rotations': [3.1396203710870867, 3.137303047289371, 4.092422472079799], 'orientations': ['upright', 'upright', 'strange'], 'contact': [[0], [1], [2]], 'grounded': ['yes', 'yes', 'yes'], 'follow_rule': True}, {'ids': [0, 1, 2], 'colours': ['red', 'green', 'blue'], 'sizes': [3, 2, 2], 'xpos': [6.482341877576208, 2.140254053598807, 3.2118274283763832], 'ypos': [3.6416378891238765, 4.115739991870365, 4.072373761920112], 'rotations': [5.039669339168708, 3.143741109776652, 3.031885516159013], 'orientations': ['rhs', 'upright', 'upright'], 'contact': [[0], [1], [2]], 'grounded': ['yes', 'yes', 'yes'], 'follow_rule': True}, {'ids': [0, 1, 2], 'colours': ['red', 'green', 'blue'], 'sizes': [3, 2, 2], 'xpos': [0.5452817318461165, 0.5483960187972997, 3.5245414455632136], 'ypos': [4.119909250238725, 3.486468386579316, 3.7182684746437733], 'rotations': [3.141905670066841, 3.1376183220856815, 1.6823303462189458], 'orientations': ['upright', 'upright', 'lhs'], 'contact': [[0, 1], [1, 0], [2]], 'grounded': ['yes', 'no', 'yes'], 'follow_rule': True}, {'ids': [0, 1, 2], 'colours': ['red', 'green', 'blue'], 'sizes': [3, 2, 2], 'xpos': [6.4628313897302005, 5.322246962865666, 3.8797263620376765], 'ypos': [4.1174217449115105, 3.765406047129781, 4.110321203995431], 'rotations': [3.143706007606622, 4.213753133492902, 3.1264511822542596], 'orientations': ['upright', 'strange', 'upright'], 'contact': [[0, 1], [1, 0], [2]], 'grounded': ['yes', 'yes', 'yes'], 'follow_rule': True}, {'ids': [0, 1, 2, 3], 'colours': ['red', 'green', 'green', 'red'], 'sizes': [1, 3, 1, 2], 'xpos': [4.99719497412721, 5.33966521510595, 6.7812617602386, 0.647214122653947], 'ypos': [3.87616110226316, 3.89757703212827, 4.15810225565523, 4.15717162300964], 'rotations': [1.21015432030723, 3.69203273094864, 3.14416974526282, 3.14125264303298], 'contact': [[0, 1], [1, 0], 2, 3], 'grounded': ['yes', 'yes', 'yes', 'yes']}, {'ids': [0, 1, 2, 3, 4], 'colours': ['red', 'red', 'blue', 'blue', 'green'], 'sizes': [2, 1, 2, 2, 1], 'xpos': [0.756045112876682, 5.7930538088619, 4.02912968049722, 0.607249611808554, 2.34445062198903], 'ypos': [3.78128677692435, 3.87663053995449, 3.77926220180112, 4.09987976609843, 4.15797989686201], 'rotations': [5.04734512360657, 1.21097145412816, 1.2338944765227, 2.99747085022243, 3.14330311350596], 'contact': [[0, 3], 1, 2, [3, 0], 4], 'grounded': ['yes', 'yes', 'yes', 'yes', 'yes']}, {'ids': [0, 1, 2, 3, 4, 5], 'colours': ['green', 'green', 'green', 'green', 'red', 'red'], 'sizes': [1, 1, 2, 2, 1, 1], 'xpos': [0.392205266119112, 6.46736091582645, 5.87132830651543, 2.56842478452184, 1.05497225772388, 3.35722507237469], 'ypos': [4.15754519774028, 3.87672651888649, 3.80774864689194, 4.15891117383473, 4.15835090526104, 4.15780493355124], 'rotations': [3.14560426344892, 5.07442800349693, 4.20513160762651, 3.14652142167178, 3.14300168792949, 3.1450254884391], 'contact': [0, [1, 2], [2, 1], 3, 4, 5], 'grounded': ['yes', 'yes', 'yes', 'yes', 'yes', 'yes']}, {'ids': [0, 1, 2], 'colours': ['blue', 'red', 'blue'], 'sizes': [1, 3, 1], 'xpos': [3.65329156447024, 3.06074315033349, 4.60711408951368], 'ypos': [3.87683998879975, 3.89790852126602, 4.15748043316142], 'rotations': [1.21104984409195, 2.59341814797494, 3.14017425270441], 'contact': [[0, 1], [1, 0], 2], 'grounded': ['yes', 'yes', 'yes']}, {'ids': [0, 1, 2, 3, 4, 5], 'colours': ['green', 'green', 'green', 'green', 'blue', 'blue'], 'sizes': [1, 3, 2, 1, 2, 1], 'xpos': [2.9046526114666, 3.68975290255409, 5.65833149766197, 2.8246611501998, 2.89449149866101, 1.87269773742003], 'ypos': [3.88094533031908, 3.68797064017839, 4.15757175612118, 3.68349548447456, 3.68583647526567, 3.8760767087662], 'rotations': [1.21243000430047, 5.03772434357929, 3.14324414103154, 5.06868148794976, 5.04716419664426, 1.2105262200236], 'contact': [[0, 4], [1, 4], 2, [3, 4], [4, 0, 1, 3], 5], 'grounded': ['yes', 'yes', 'yes', 'no', 'no', 'yes']}, {'ids': [0, 1], 'colours': ['green', 'green'], 'sizes': [1, 3], 'xpos': [0.670764619467334, 5.261348820008], 'ypos': [3.86447444538309, 4.15793495472947], 'rotations': [1.77488765373097, 3.13951555729719], 'contact': [{'V1': 0, 'V2': 1}], 'grounded': ['yes', 'yes']}, {'ids': [0, 1, 2], 'colours': ['blue', 'green', 'green'], 'sizes': [1, 1, 3], 'xpos': [4.69009713254434, 2.93439461350621, 4.78205690186546], 'ypos': [4.15772510399043, 4.15704164375121, 4.15823822985147], 'rotations': [3.14100478933091, 3.14035932239342, 3.14115234487408], 'contact': [[0, 2], 1, [2, 0]], 'grounded': ['yes', 'yes', 'yes']}, {'ids': [0, 1, 2, 3, 4, 5], 'colours': ['green', 'blue', 'blue', 'green', 'green', 'green'], 'sizes': [3, 2, 1, 1, 3, 2], 'xpos': [4.08915128061252, 2.29489936724743, 2.81704915678861, 6.85663898790724, 1.00051084466887, 4.09237106060331], 'ypos': [4.1616688599196, 4.16166316032898, 3.87799901532656, 4.1578940642729, 4.15850762807611, 3.52787490122945], 'rotations': [3.14159237119885, 3.14158410154621, 5.07138880585438, 3.13808482008692, 3.14212541938172, 3.13686252238553], 'contact': [[0, 5], 1, 2, 3, 4, [5, 0]], 'grounded': ['yes', 'yes', 'yes', 'yes', 'yes', 'no']}]","[False, False, False, False, False, False, True, True]","[False, False, False, False, True, True, False, False]","[True, True, True, True, False, False, False, False]","[False, False, False, False, False, False, True, True]","[True, False, False, False, False, False, True, True]","[True, True, False, False, True, True, True, False]","[False, False, True, True, False, False, False, False]","[False, False, False, False, False, False, False, True]",0.75,0.375,0.25,-0.125,0.25,0.625,0.25,0.375,0.75,0.375,0.125,-0.25,0.75,0.375,5.926060619147188,-5.523322854168418,-5.545177444479562,13.126087250016672,11.090354888959125,5.926060619147188,-5.523322854168418,-5.545177444479562,13.126087250016672,11.090354888959125,1.0502311195665048,"[1.0, 1.0, 1.0, 1.0, 1.0, 0.0, 1.0, 0.0, 1.0, 1.0, 1.0, 1.0, 1.0, 1.0, 1.0, 0.0135, 0.9530000000000001, 0.092, 0.5895, 0.5895, 1.0, 0.0, 0.0, 0.861, 1.0, 1.0, 1.0, 0.2925, 0.999, 0.999, 1.0, 0.7155, 0.0, 0.0, 1.0, 0.0, 0.0, 0.0, 1.0, 0.0, 0.0, 0.0, 1.0, 0.0, 0.0, 0.0, 1.0, 0.0, 1.0, 1.0, 1.0, 1.0, 0.0, 0.0, 0.0, 0.0, 1.0, 1.0, 1.0, 1.0, 0.935, 0.935, 0.935, 0.935, 1.0, 1.0, 1.0, 1.0, 0.0, 1.0, 0.0, 0.0, 0.0, 1.0, 1.0, 1.0, 1.0, 1.0, 1.0, 1.0, 1.0, 1.0, 1.0, 1.0, 0.0935, 0.0935, 0.0935, 0.0935, 1.0, 1.0, 1.0, 1.0, 1.0, 1.0, 1.0, 1.0, 1.0, 1.0, 1.0, 1.0, 1.0, 1.0, 1.0, 0.013000000000000001, 1.0, 1.0, 0.998, 1.0, 1.0, 0.002, 0.998, 0.002, 1.0, 1.0, 1.0, 1.0, 1.0, 1.0, 1.0, 0.0, 0.973, 1.0, 0.9530000000000001, 1.0, 0.8925000000000001, 0.9195, 0.17400000000000002, 0.201, 1.0, 1.0, 1.0, 1.0, 0.0, 0.0, 0.0, 0.0, 1.0, 1.0, 1.0, 0.24, 1.0, 1.0, 0.968, 1.0, 0.653, 0.653, 0.653, 1.0, 0.2535, 0.2535, 0.7035, 0.10300000000000001, 1.0, 1.0, 1.0, 1.0, 0.0, 1.0, 0.0, 0.0, 1.0, 1.0, 1.0, 0.012, 0.988, 0.988, 1.0, 1.0, 1.0, 0.0, 1.0, 1.0, 1.0, 0.0, 0.0, 1.0, 0.0, 0.0, 0.0, 1.0, 1.0, 0.0, 0.0, 0.0, 1.0, 1.0, 1.0, 1.0, 0.0, 0.0, 0.0, 0.0, 1.0, 1.0, 1.0, 1.0, 0.0, 0.0, 0.0, 0.0, 1.0, 1.0, 1.0, 1.0, 1.0, 1.0, 0.841, 1.0, 1.0, 1.0, 1.0, 1.0, 0.0, 0.0, 0.0, 0.0, 1.0, 1.0, 1.0, 1.0, 1.0, 1.0, 1.0, 0.0, 0.197, 0.0, 0.85, 0.653, 0.803, 0.0, 0.0, 0.0, 0.8525, 0.847, 0.9935, 0.847, 0.28300000000000003, 0.4305, 0.426, 0.426, 1.0, 1.0, 1.0, 1.0, 1.0, 1.0, 1.0, 0.0, 0.798, 1.0, 0.7995, 0.7995, 0.0275, 0.029, 0.2265, 0.1975, 1.0, 1.0, 1.0, 1.0, 0.0, 0.0, 0.0, 0.0, 0.862, 0.854, 0.8595, 0.8955000000000001, 0.045, 0.0005, 0.8695, 0.8505, 1.0, 1.0, 1.0, 0.022, 1.0, 1.0, 1.0, 0.978, 0.28400000000000003, 0.0145, 0.1885, 0.0275, 0.2755, 0.0, 0.0015, 0.013000000000000001, 0.0, 0.0, 0.0, 1.0, 1.0, 0.0, 0.0, 0.0, 1.0, 1.0, 1.0, 1.0, 0.0, 0.0, 0.0, 0.0, 1.0, 1.0, 1.0, 1.0, 1.0, 0.0, 1.0, 0.0, 1.0, 1.0, 1.0, 1.0, 1.0, 1.0, 1.0, 0.0, 1.0, 1.0, 1.0, 0.728, 0.8265, 0.5545, 0.5545, 0.8265, 1.0, 1.0, 1.0, 1.0, 1.0, 1.0, 1.0, 1.0, 1.0, 1.0, 1.0, 0.8715, 0.9365, 0.8695, 0.8695, 0.9365, 0.229, 0.229, 0.229, 0.229, 0.801, 0.03, 0.03, 0.801, 0.0, 0.0, 0.0, 1.0, 1.0, 0.0, 0.0, 0.0, 0.108, 0.114, 0.2315, 0.108, 0.114, 0.07050000000000001, 0.0495, 0.006, 1.0, 1.0, 1.0, 1.0, 0.0, 0.0, 0.0, 0.0, 0.8955000000000001, 0.895, 0.0115, 0.0, 0.883, 0.0, 0.0, 0.0, 1.0, 1.0, 1.0, 1.0, 0.0, 0.0, 0.0, 0.0, 0.902, 0.902, 0.902, 0.678, 0.88, 0.88, 0.902, 0.807, 1.0, 1.0, 1.0, 1.0, 0.0, 0.0, 0.0, 0.0, 1.0, 1.0, 1.0, 1.0, 1.0, 1.0, 1.0, 0.0, 1.0, 1.0, 1.0, 1.0, 0.0, 0.0, 0.0, 0.0, 1.0, 1.0, 1.0, 1.0, 0.008, 0.008, 0.008, 0.008, 1.0, 1.0, 1.0, 1.0, 1.0, 1.0, 1.0, 0.0, 1.0, 1.0, 1.0, 1.0, 1.0, 1.0, 0.6980000000000001, 1.0, 1.0, 1.0, 1.0, 1.0, 0.0, 0.0, 0.0, 0.0, 1.0, 1.0, 1.0, 1.0, 1.0, 1.0, 1.0, 0.0, 0.9530000000000001, 0.9530000000000001, 0.9530000000000001, 1.0, 1.0, 1.0, 0.641, 0.9530000000000001, 1.0, 1.0, 1.0, 1.0, 0.0, 0.0, 0.0, 0.0, 1.0, 1.0, 1.0, 1.0, 1.0, 1.0, 1.0, 1.0, 1.0, 1.0, 1.0, 1.0, 0.0, 0.0, 0.0, 0.0, 1.0, 1.0, 1.0, 1.0, 1.0, 1.0, 1.0, 1.0, 1.0, 1.0, 1.0, 1.0, 0.021500000000000002, 0.021500000000000002, 0.021500000000000002, 0.021500000000000002, 0.021500000000000002, 0.003, 0.02, 0.0095, 0.0095, 0.964, 0.9555, 0.0095, 1.0, 1.0, 1.0, 1.0, 1.0, 1.0, 1.0, 1.0, 1.0, 1.0, 1.0, 1.0, 0.0, 0.0, 0.0, 0.0, 1.0, 1.0, 1.0, 1.0, 0.0, 0.0, 1.0, 1.0, 1.0, 0.873, 0.198, 0.198, 1.0, 1.0, 0.6905, 1.0, 1.0, 1.0, 1.0, 1.0, 1.0, 1.0, 1.0, 0.0, 1.0, 0.999, 0.999, 1.0, 0.0025, 0.0025, 0.0025, 0.0025, 1.0, 1.0, 1.0, 1.0, 1.0, 0.686, 0.314, 0.0, 1.0, 1.0, 1.0, 1.0, 0.524, 0.524, 1.0, 0.47600000000000003, 1.0, 1.0, 1.0, 1.0, 0.008, 0.008, 0.008, 0.008, 0.9935, 0.9935, 0.9775, 0.9935, 0.9935, 0.0225, 0.988, 0.017, 1.0, 1.0, 1.0, 1.0, 0.0725, 0.0725, 0.0725, 0.0725, 0.041, 1.0, 1.0, 0.9590000000000001, 0.041, 0.9590000000000001, 1.0, 0.0, 0.7435, 0.9835, 0.7425, 0.986, 0.7435, 0.7435, 0.256, 0.987, 1.0, 0.005, 1.0, 1.0, 1.0, 0.005, 0.005, 1.0, 1.0, 1.0, 1.0, 1.0, 1.0, 1.0, 1.0, 0.0, 1.0, 1.0, 1.0, 1.0, 0.0, 0.0, 0.0, 0.0, 1.0, 1.0, 1.0, 1.0, 0.0, 0.0, 0.0, 0.0, 0.9705, 0.9705, 0.9145, 1.0, 0.8015, 0.8015, 0.9705, 0.7865, 1.0, 1.0, 1.0, 1.0, 0.0, 0.0, 0.0, 0.0, 1.0, 1.0, 1.0, 1.0, 0.0, 0.0, 0.0, 0.0, 1.0, 1.0, 1.0, 1.0, 0.0, 0.0, 0.0, 0.0, 1.0, 1.0, 1.0, 1.0, 1.0, 1.0, 1.0, 1.0]",-418.5875071169283,843.720363894191,-482.430437669722,964.860875339444,343.31827322203384,-5.548098677709251,13.175638897098338,343.31827322203384,-5.548098677709251,13.175638897098338,0.6334250289943713,"[1.0, 1.0, 1.0, 1.0, 1.0, 0.0, 1.0, 0.0, 1.0, 1.0, 1.0, 1.0, 1.0, 1.0, 1.0, 0.0, 0.0, 0.0, 0.0, 0.0, 0.0, 0.0, 0.0, 0.0, 1.0, 1.0, 1.0, 0.0, 0.0, 0.0, 1.0, 0.0, 0.0, 0.0, 1.0, 1.0, 0.0, 1.0, 1.0, 1.0, 1.0, 1.0, 1.0, 1.0, 0.0, 0.0, 1.0, 1.0, 1.0, 1.0, 1.0, 1.0, 0.0, 0.0, 0.0, 0.0, 1.0, 1.0, 1.0, 1.0, 0.0, 0.0, 0.0, 0.0, 0.0, 0.0, 0.0, 0.0, 0.0, 1.0, 1.0, 0.0, 1.0, 1.0, 1.0, 1.0, 0.0, 0.0, 0.0, 0.0, 1.0, 1.0, 1.0, 1.0, 0.0, 0.0, 0.0, 0.0, 1.0, 1.0, 1.0, 1.0, 1.0, 1.0, 0.0, 1.0, 1.0, 1.0, 1.0, 1.0, 1.0, 1.0, 1.0, 0.0, 1.0, 1.0, 1.0, 1.0, 1.0, 0.0, 1.0, 0.0, 0.0, 1.0, 0.0, 0.0, 1.0, 1.0, 1.0, 0.0, 1.0, 1.0, 0.0, 1.0, 1.0, 0.0, 0.0, 0.0, 1.0, 1.0, 1.0, 0.0, 1.0, 1.0, 1.0, 1.0, 1.0, 1.0, 1.0, 1.0, 0.0, 0.0, 0.0, 0.0, 1.0, 1.0, 1.0, 0.0, 0.0, 0.0, 1.0, 0.0, 0.0, 0.0, 1.0, 0.0, 0.0, 0.0, 0.0, 0.0, 1.0, 1.0, 1.0, 0.0, 0.0, 0.0, 1.0, 0.0, 0.0, 0.0, 0.0, 1.0, 0.0, 0.0, 0.0, 0.0, 0.0, 0.0, 0.0, 1.0, 0.0, 0.0, 0.0, 0.0, 1.0, 1.0, 1.0, 1.0, 0.0, 0.0, 0.0, 0.0, 1.0, 1.0, 1.0, 0.0, 0.0, 0.0, 1.0, 0.0, 1.0, 1.0, 1.0, 1.0, 0.0, 0.0, 0.0, 0.0, 1.0, 1.0, 1.0, 1.0, 0.0, 0.0, 0.0, 0.0, 1.0, 1.0, 1.0, 1.0, 1.0, 1.0, 1.0, 0.0, 0.0, 0.0, 0.0, 0.0, 1.0, 0.0, 0.0, 0.0, 1.0, 1.0, 1.0, 1.0, 1.0, 1.0, 1.0, 1.0, 1.0, 1.0, 1.0, 1.0, 1.0, 1.0, 1.0, 0.0, 0.0, 0.0, 0.0, 0.0, 0.0, 0.0, 0.0, 0.0, 0.0, 1.0, 0.0, 1.0, 0.0, 1.0, 0.0, 1.0, 0.0, 0.0, 0.0, 1.0, 0.0, 0.0, 0.0, 0.0, 1.0, 1.0, 1.0, 0.0, 0.0, 0.0, 1.0, 0.0, 1.0, 1.0, 1.0, 1.0, 1.0, 0.0, 1.0, 0.0, 0.0, 1.0, 1.0, 1.0, 0.0, 0.0, 0.0, 0.0, 1.0, 1.0, 1.0, 0.0, 1.0, 1.0, 1.0, 1.0, 0.0, 1.0, 1.0, 1.0, 0.0, 0.0, 0.0, 0.0, 1.0, 1.0, 1.0, 1.0, 1.0, 1.0, 1.0, 0.0, 1.0, 1.0, 1.0, 1.0, 0.0, 0.0, 0.0, 0.0, 1.0, 1.0, 1.0, 1.0, 0.0, 0.0, 0.0, 0.0, 0.0, 1.0, 0.0, 0.0, 0.0, 0.0, 0.0, 0.0, 1.0, 1.0, 1.0, 1.0, 1.0, 0.0, 1.0, 1.0, 0.0, 0.0, 0.0, 0.0, 0.0, 1.0, 1.0, 0.0, 1.0, 1.0, 1.0, 1.0, 1.0, 0.0, 1.0, 0.0, 1.0, 1.0, 1.0, 1.0, 1.0, 0.0, 1.0, 1.0, 0.0, 0.0, 0.0, 0.0, 0.0, 1.0, 1.0, 0.0, 1.0, 0.0, 0.0, 1.0, 0.0, 0.0, 0.0, 0.0, 1.0, 1.0, 1.0, 0.0, 0.0, 0.0, 1.0, 0.0, 1.0, 1.0, 1.0, 0.0, 0.0, 0.0, 0.0, 0.0, 1.0, 1.0, 1.0, 1.0, 1.0, 1.0, 1.0, 0.0, 0.0, 0.0, 0.0, 0.0, 0.0, 0.0, 0.0, 0.0, 1.0, 0.0, 1.0, 0.0, 0.0, 0.0, 0.0, 0.0, 1.0, 1.0, 1.0, 1.0, 1.0, 1.0, 1.0, 0.0, 1.0, 1.0, 1.0, 1.0, 1.0, 1.0, 0.0, 1.0, 1.0, 1.0, 1.0, 1.0, 0.0, 0.0, 0.0, 0.0, 1.0, 1.0, 1.0, 1.0, 1.0, 1.0, 1.0, 0.0, 0.0, 1.0, 1.0, 1.0, 0.0, 0.0, 0.0, 0.0, 1.0, 1.0, 1.0, 1.0, 0.0, 0.0, 0.0, 0.0, 1.0, 0.0, 1.0, 0.0, 0.0, 0.0, 0.0, 0.0, 1.0, 1.0, 1.0, 1.0, 1.0, 0.0, 1.0, 0.0, 1.0, 1.0, 1.0, 0.0, 1.0, 1.0, 0.0, 1.0, 1.0, 1.0, 1.0, 1.0, 0.0, 0.0, 0.0, 0.0, 0.0, 0.0, 0.0, 0.0, 0.0, 1.0, 0.0, 0.0, 1.0, 1.0, 1.0, 1.0, 0.0, 0.0, 0.0, 0.0, 0.0, 0.0, 0.0, 0.0, 0.0, 0.0, 0.0, 0.0, 1.0, 0.0, 1.0, 0.0, 0.0, 0.0, 0.0, 0.0, 1.0, 1.0, 0.0, 0.0, 1.0, 1.0, 1.0, 1.0, 1.0, 1.0, 1.0, 1.0, 1.0, 1.0, 1.0, 1.0, 1.0, 1.0, 1.0, 1.0, 1.0, 0.0, 1.0, 1.0, 0.0, 1.0, 0.0, 1.0, 0.0, 1.0, 0.0, 0.0, 1.0, 1.0, 1.0, 1.0, 0.0, 0.0, 1.0, 0.0, 1.0, 1.0, 1.0, 1.0, 0.0, 0.0, 0.0, 0.0, 0.0, 0.0, 0.0, 1.0, 0.0, 0.0, 0.0, 0.0, 1.0, 1.0, 1.0, 1.0, 0.0, 0.0, 0.0, 0.0, 0.0, 1.0, 1.0, 1.0, 0.0, 1.0, 1.0, 0.0, 1.0, 1.0, 1.0, 1.0, 0.0, 0.0, 0.0, 0.0, 1.0, 0.0, 1.0, 1.0, 1.0, 0.0, 0.0, 1.0, 1.0, 1.0, 1.0, 1.0, 1.0, 1.0, 1.0, 0.0, 0.0, 1.0, 1.0, 1.0, 1.0, 1.0, 0.0, 0.0, 1.0, 1.0, 1.0, 1.0, 0.0, 0.0, 0.0, 0.0, 1.0, 1.0, 1.0, 0.0, 0.0, 0.0, 1.0, 0.0, 1.0, 1.0, 1.0, 1.0, 0.0, 0.0, 0.0, 0.0, 0.0, 0.0, 0.0, 0.0, 0.0, 0.0, 0.0, 0.0, 0.0, 1.0, 0.0, 1.0, 0.0, 1.0, 1.0, 0.0, 1.0, 1.0, 1.0, 1.0, 1.0, 0.0, 0.0, 1.0]",-318.3726801373107,643.2907099349558,343.31827322203384,-5.548098677709251,-5.545177444479562,13.175638897098338,11.090354888959125,343.31827322203384,-5.548098677709251,-5.545177444479562,13.175638897098338,11.090354888959125,0.6173530694834558,"[1.0, 1.0, 1.0, 1.0, 1.0, 0.0, 1.0, 0.0, 1.0, 1.0, 1.0, 1.0, 1.0, 1.0, 1.0, 0.0, 0.0, 0.0, 0.0, 0.0, 0.0, 0.0, 0.0, 0.0, 1.0, 1.0, 1.0, 0.0, 0.0, 0.0, 1.0, 0.0, 0.0, 0.0, 1.0, 1.0, 0.0, 1.0, 1.0, 1.0, 0.0, 0.0, 0.0, 0.0, 0.0, 0.0, 0.0, 0.0, 1.0, 1.0, 1.0, 1.0, 0.0, 0.0, 0.0, 0.0, 1.0, 1.0, 1.0, 1.0, 0.0, 0.0, 0.0, 0.0, 0.0, 0.0, 0.0, 0.0, 0.0, 1.0, 1.0, 0.0, 0.0, 0.0, 0.0, 1.0, 0.0, 0.0, 0.0, 0.0, 1.0, 1.0, 1.0, 1.0, 0.0, 0.0, 0.0, 0.0, 0.0, 0.0, 0.0, 0.0, 1.0, 1.0, 0.0, 1.0, 1.0, 1.0, 1.0, 1.0, 1.0, 1.0, 1.0, 0.0, 1.0, 1.0, 1.0, 1.0, 1.0, 0.0, 1.0, 0.0, 0.0, 1.0, 0.0, 0.0, 1.0, 1.0, 1.0, 0.0, 1.0, 1.0, 0.0, 1.0, 1.0, 0.0, 0.0, 0.0, 1.0, 1.0, 1.0, 0.0, 1.0, 1.0, 1.0, 1.0, 1.0, 1.0, 1.0, 1.0, 0.0, 0.0, 0.0, 0.0, 1.0, 1.0, 1.0, 0.0, 0.0, 0.0, 1.0, 0.0, 0.0, 0.0, 1.0, 0.0, 0.0, 0.0, 0.0, 0.0, 1.0, 1.0, 1.0, 0.0, 0.0, 0.0, 1.0, 0.0, 0.0, 0.0, 0.0, 1.0, 0.0, 0.0, 0.0, 0.0, 0.0, 0.0, 0.0, 1.0, 0.0, 0.0, 0.0, 0.0, 1.0, 1.0, 1.0, 1.0, 0.0, 0.0, 0.0, 0.0, 1.0, 1.0, 1.0, 0.0, 0.0, 0.0, 1.0, 0.0, 1.0, 1.0, 1.0, 1.0, 0.0, 0.0, 0.0, 0.0, 1.0, 1.0, 1.0, 1.0, 0.0, 0.0, 0.0, 0.0, 1.0, 1.0, 1.0, 1.0, 1.0, 1.0, 1.0, 0.0, 0.0, 0.0, 0.0, 0.0, 1.0, 0.0, 0.0, 0.0, 1.0, 1.0, 1.0, 1.0, 1.0, 1.0, 1.0, 1.0, 1.0, 1.0, 1.0, 1.0, 1.0, 1.0, 1.0, 0.0, 0.0, 0.0, 0.0, 0.0, 0.0, 0.0, 0.0, 0.0, 0.0, 1.0, 0.0, 1.0, 0.0, 1.0, 0.0, 1.0, 0.0, 0.0, 0.0, 1.0, 0.0, 0.0, 0.0, 0.0, 1.0, 1.0, 1.0, 0.0, 0.0, 0.0, 1.0, 0.0, 1.0, 1.0, 1.0, 1.0, 1.0, 0.0, 1.0, 0.0, 0.0, 1.0, 1.0, 1.0, 0.0, 0.0, 0.0, 0.0, 1.0, 1.0, 1.0, 0.0, 1.0, 1.0, 1.0, 1.0, 0.0, 1.0, 1.0, 1.0, 0.0, 0.0, 0.0, 0.0, 1.0, 1.0, 1.0, 1.0, 1.0, 1.0, 1.0, 0.0, 1.0, 1.0, 1.0, 1.0, 0.0, 0.0, 0.0, 0.0, 1.0, 1.0, 1.0, 1.0, 0.0, 0.0, 0.0, 0.0, 0.0, 1.0, 0.0, 0.0, 0.0, 0.0, 0.0, 0.0, 0.0, 0.0, 0.0, 0.0, 0.0, 0.0, 0.0, 0.0, 1.0, 0.0, 1.0, 1.0, 1.0, 0.0, 0.0, 1.0, 1.0, 1.0, 1.0, 1.0, 1.0, 0.0, 1.0, 0.0, 1.0, 1.0, 1.0, 1.0, 1.0, 0.0, 1.0, 1.0, 0.0, 0.0, 0.0, 0.0, 0.0, 1.0, 1.0, 0.0, 1.0, 0.0, 0.0, 1.0, 0.0, 0.0, 0.0, 0.0, 1.0, 1.0, 1.0, 0.0, 0.0, 0.0, 1.0, 0.0, 1.0, 1.0, 1.0, 0.0, 0.0, 0.0, 0.0, 0.0, 1.0, 1.0, 1.0, 1.0, 1.0, 1.0, 1.0, 0.0, 0.0, 0.0, 0.0, 0.0, 0.0, 0.0, 0.0, 0.0, 1.0, 0.0, 1.0, 0.0, 0.0, 0.0, 0.0, 0.0, 1.0, 1.0, 1.0, 1.0, 1.0, 1.0, 1.0, 0.0, 1.0, 1.0, 1.0, 1.0, 1.0, 1.0, 0.0, 1.0, 1.0, 1.0, 1.0, 1.0, 0.0, 0.0, 0.0, 0.0, 1.0, 1.0, 1.0, 1.0, 1.0, 1.0, 1.0, 0.0, 0.0, 1.0, 1.0, 1.0, 0.0, 0.0, 0.0, 0.0, 1.0, 1.0, 1.0, 1.0, 0.0, 0.0, 0.0, 0.0, 1.0, 0.0, 1.0, 0.0, 0.0, 0.0, 0.0, 0.0, 1.0, 1.0, 1.0, 1.0, 1.0, 0.0, 1.0, 0.0, 1.0, 1.0, 1.0, 0.0, 1.0, 1.0, 0.0, 1.0, 1.0, 1.0, 1.0, 1.0, 0.0, 0.0, 0.0, 0.0, 0.0, 0.0, 0.0, 0.0, 0.0, 1.0, 0.0, 0.0, 1.0, 1.0, 1.0, 1.0, 0.0, 0.0, 0.0, 0.0, 0.0, 0.0, 0.0, 0.0, 0.0, 0.0, 0.0, 0.0, 1.0, 0.0, 1.0, 0.0, 0.0, 0.0, 0.0, 0.0, 1.0, 1.0, 0.0, 0.0, 1.0, 1.0, 1.0, 1.0, 1.0, 1.0, 1.0, 1.0, 1.0, 1.0, 1.0, 1.0, 1.0, 1.0, 1.0, 1.0, 1.0, 0.0, 1.0, 1.0, 0.0, 1.0, 0.0, 1.0, 0.0, 1.0, 0.0, 0.0, 1.0, 1.0, 1.0, 1.0, 0.0, 0.0, 1.0, 0.0, 1.0, 1.0, 1.0, 1.0, 0.0, 0.0, 0.0, 0.0, 0.0, 0.0, 0.0, 1.0, 0.0, 0.0, 0.0, 0.0, 1.0, 1.0, 1.0, 1.0, 0.0, 0.0, 0.0, 0.0, 0.0, 1.0, 1.0, 1.0, 0.0, 1.0, 1.0, 0.0, 1.0, 1.0, 1.0, 1.0, 0.0, 0.0, 0.0, 0.0, 1.0, 0.0, 1.0, 1.0, 1.0, 0.0, 0.0, 1.0, 1.0, 1.0, 1.0, 1.0, 1.0, 1.0, 1.0, 0.0, 0.0, 0.0, 1.0, 0.0, 0.0, 1.0, 0.0, 0.0, 1.0, 1.0, 1.0, 1.0, 0.0, 0.0, 0.0, 0.0, 1.0, 1.0, 1.0, 0.0, 0.0, 0.0, 1.0, 0.0, 1.0, 1.0, 1.0, 1.0, 0.0, 0.0, 0.0, 0.0, 0.0, 0.0, 0.0, 0.0, 0.0, 0.0, 0.0, 0.0, 0.0, 1.0, 0.0, 1.0, 0.0, 1.0, 1.0, 0.0, 1.0, 1.0, 1.0, 1.0, 1.0, 0.0, 0.0, 1.0]",-311.9759791000219,630.4973078603782,-482.430437669722,964.860875339444,0.9102431175628216,-4.498681156967007,-5.545177444479562,11.07680385561385,11.090354888959125,0.9102431175628216,-4.498681156967007,-5.545177444479562,11.07680385561385,11.090354888959125,1.0908740239314543,"[0.0, 0.0, 1.0, 0.0, 0.0, 0.0, 0.0, 0.0, 1.0, 1.0, 1.0, 1.0, 0.877, 0.877, 0.877, 0.0, 1.0, 0.259, 1.0, 1.0, 0.8015, 0.0, 0.259, 1.0, 1.0, 1.0, 1.0, 1.0, 1.0, 1.0, 1.0, 0.0, 0.0, 0.0, 1.0, 0.0, 0.0, 0.0, 1.0, 0.0, 0.0, 0.0, 1.0, 0.0, 0.0, 0.0, 1.0, 0.0, 0.0, 0.0, 0.0, 0.0775, 0.0, 0.0, 0.1635, 0.47100000000000003, 1.0, 1.0, 1.0, 1.0, 0.0, 0.0, 0.0, 0.0, 0.0, 0.0, 0.0, 0.0, 0.0, 0.0, 0.0, 0.0, 1.0, 1.0, 1.0, 1.0, 1.0, 1.0, 1.0, 0.0, 1.0, 1.0, 1.0, 1.0, 0.0, 0.0, 0.0, 0.0, 0.0, 0.0, 0.0, 0.0, 0.0, 0.113, 0.113, 0.0, 0.0, 0.0, 0.0, 1.0, 0.0, 0.0, 0.0, 0.0, 1.0, 1.0, 1.0, 1.0, 0.0, 0.0, 0.0, 0.0, 0.9995, 1.0, 1.0, 0.663, 1.0, 1.0, 1.0, 0.353, 1.0, 1.0, 1.0, 1.0, 0.082, 0.082, 0.0, 0.0, 0.973, 1.0, 0.7655000000000001, 0.605, 0.973, 1.0, 1.0, 0.368, 0.0, 0.0, 1.0, 0.0, 1.0, 0.0, 1.0, 0.0, 1.0, 1.0, 1.0, 1.0, 0.0, 0.0, 1.0, 0.0, 1.0, 1.0, 1.0, 1.0, 0.0, 0.9465, 0.0, 0.0, 0.666, 1.0, 0.666, 0.666, 0.0, 0.0, 0.7975, 0.0, 0.0, 0.9430000000000001, 0.0, 1.0, 1.0, 0.0, 0.0, 0.0, 0.0, 1.0, 0.0, 0.0, 0.0, 0.0, 0.0, 0.0, 1.0, 1.0, 1.0, 1.0, 0.0, 0.0, 0.0, 0.0, 1.0, 1.0, 1.0, 1.0, 1.0, 1.0, 1.0, 0.0005, 1.0, 1.0, 1.0, 1.0, 1.0, 1.0, 0.0, 1.0, 1.0, 1.0, 1.0, 1.0, 0.0, 0.0, 0.0, 0.0, 1.0, 1.0, 1.0, 1.0, 1.0, 1.0, 1.0, 0.0, 1.0, 0.0, 1.0, 0.0, 0.0, 0.0, 0.0, 0.0, 0.0, 1.0, 0.0, 1.0, 0.0, 1.0, 0.0, 1.0, 1.0, 1.0, 1.0, 1.0, 1.0, 1.0, 1.0, 0.0, 1.0, 0.0, 1.0, 1.0, 1.0, 0.0, 0.0, 1.0, 1.0, 1.0, 1.0, 1.0, 1.0, 1.0, 1.0, 1.0, 0.0, 0.9580000000000001, 0.0, 0.0, 0.0, 0.0, 0.0045000000000000005, 0.0, 0.0, 0.0, 0.0, 0.0, 0.0, 0.0, 0.0, 1.0, 0.0, 0.0, 0.0005, 0.0, 0.0, 0.0, 0.0, 0.0, 0.0, 1.0, 0.0, 0.0, 0.0, 0.0, 0.0, 0.0, 1.0, 1.0, 1.0, 0.001, 0.001, 0.001, 1.0, 0.0, 0.0, 0.0, 0.6225, 0.0, 0.0, 0.0, 0.0, 0.0, 1.0, 1.0, 1.0, 1.0, 0.0, 0.0, 0.0, 0.0, 0.0, 0.0, 0.0, 0.0, 0.0, 0.0, 0.0, 0.0, 1.0, 1.0, 1.0, 1.0, 1.0, 1.0, 1.0, 0.0, 0.0, 0.0, 0.0, 1.0, 0.0, 0.0, 1.0, 0.0, 1.0, 1.0, 1.0, 1.0, 0.0, 0.0, 0.0, 0.0, 0.0, 1.0, 0.0, 0.0, 1.0, 0.0, 0.0, 1.0, 1.0, 1.0, 1.0, 1.0, 0.0, 0.0, 0.0, 0.0, 1.0, 1.0, 1.0, 1.0, 1.0, 0.0, 1.0, 1.0, 0.0, 0.0005, 0.0, 0.0, 0.0, 0.38, 0.0, 0.0, 1.0, 1.0, 1.0, 1.0, 0.0, 0.0, 0.0, 0.0, 1.0, 1.0, 1.0, 0.999, 1.0, 1.0, 1.0, 0.0195, 1.0, 1.0, 1.0, 1.0, 0.0, 0.0, 0.0, 0.0, 0.0, 0.6285000000000001, 0.0, 0.328, 0.0, 0.0, 0.6285000000000001, 0.0, 0.0, 0.0, 0.0, 0.0, 0.0, 0.0, 0.0, 1.0, 1.0, 1.0, 1.0, 1.0, 0.0, 0.0, 0.0, 0.0, 1.0, 1.0, 1.0, 1.0, 1.0, 1.0, 1.0, 0.0, 1.0, 1.0, 1.0, 1.0, 1.0, 1.0, 0.0375, 1.0, 1.0, 1.0, 1.0, 1.0, 0.0, 0.0, 0.0, 0.0, 1.0, 1.0, 1.0, 1.0, 1.0, 1.0, 1.0, 0.0, 1.0, 1.0, 1.0, 1.0, 1.0, 1.0, 0.0, 1.0, 1.0, 1.0, 1.0, 1.0, 0.0, 0.0, 0.0, 0.0, 1.0, 1.0, 1.0, 1.0, 1.0, 1.0, 1.0, 1.0, 0.0, 0.0, 0.4395, 0.0, 0.0, 0.0, 0.001, 1.0, 0.0, 0.0, 0.0, 0.0, 0.0, 0.0, 0.0, 0.0, 1.0, 1.0, 1.0, 0.0, 1.0, 0.0, 0.0, 1.0, 0.0, 0.0, 1.0, 1.0, 1.0, 0.0, 0.0, 0.0, 0.0, 0.0, 0.0, 0.0, 0.0, 0.0, 0.0, 0.0, 1.0, 1.0, 1.0, 1.0, 0.0, 0.0, 0.0, 0.0, 0.0, 0.0, 0.0, 0.0, 0.0, 1.0, 0.0, 0.0, 1.0, 1.0, 1.0, 1.0, 0.0, 0.4945, 0.0, 0.0, 1.0, 1.0, 1.0, 1.0, 0.0, 0.0, 1.0, 1.0, 1.0, 1.0, 1.0, 1.0, 0.0, 0.0, 0.0, 0.0, 1.0, 1.0, 1.0, 1.0, 1.0, 0.704, 0.296, 0.0, 1.0, 1.0, 1.0, 1.0, 0.0, 0.0, 1.0, 1.0, 1.0, 1.0, 1.0, 1.0, 0.0, 0.0, 0.0, 0.0, 0.006, 1.0, 0.006, 0.708, 0.298, 1.0, 0.298, 1.0, 1.0, 1.0, 1.0, 1.0, 0.0, 0.0, 0.0, 0.0, 1.0, 0.0, 1.0, 1.0, 1.0, 0.0, 0.0, 1.0, 0.0, 1.0, 1.0, 1.0, 0.0, 0.0, 0.0, 0.0, 1.0, 0.224, 1.0, 1.0, 0.776, 0.0, 0.224, 1.0, 1.0, 1.0, 1.0, 1.0, 0.0, 0.0, 0.0, 0.0, 1.0, 1.0, 0.0, 1.0, 1.0, 1.0, 0.0, 1.0, 1.0, 1.0, 1.0, 1.0, 0.0, 0.0, 0.0, 0.0, 1.0, 1.0, 1.0, 1.0, 1.0, 1.0, 1.0, 0.0, 1.0, 1.0, 1.0, 1.0, 0.0, 0.0, 0.0, 0.0, 0.0, 0.0, 0.0, 0.0, 0.0, 0.0, 0.0, 0.0, 1.0, 0.4865, 1.0, 1.0, 1.0, 0.0075, 0.4865, 1.0, 0.0225, 0.0, 0.0, 0.9775, 0.0, 0.0, 0.0, 0.0]",-419.18595103414617,844.9172517286268,-482.430437669722,964.860875339444,343.31827322203384,-5.548098677709251,-5.545177444479562,13.175638897098338,11.090354888959125,343.31827322203384,-5.548098677709251,-5.545177444479562,13.175638897098338,11.090354888959125,0.5787520451143159,"[1.0, 1.0, 1.0, 1.0, 1.0, 0.0, 1.0, 0.0, 1.0, 1.0, 1.0, 1.0, 1.0, 1.0, 1.0, 0.0, 0.0, 0.0, 0.0, 0.0, 0.0, 0.0, 0.0, 0.0, 1.0, 1.0, 1.0, 1.0, 0.0, 0.0, 1.0, 0.0, 0.0, 0.0, 0.0, 0.0, 0.0, 1.0, 0.0, 0.0, 0.0, 0.0, 0.0, 0.0, 0.0, 0.0, 0.0, 0.0, 1.0, 1.0, 1.0, 1.0, 0.0, 0.0, 0.0, 0.0, 1.0, 1.0, 1.0, 1.0, 0.0, 0.0, 0.0, 0.0, 0.0, 0.0, 0.0, 0.0, 0.0, 1.0, 1.0, 0.0, 1.0, 1.0, 1.0, 1.0, 0.0, 0.0, 0.0, 0.0, 1.0, 1.0, 1.0, 1.0, 0.0, 0.0, 0.0, 0.0, 0.0, 0.0, 0.0, 0.0, 0.0, 0.0, 0.0, 0.0, 1.0, 1.0, 1.0, 1.0, 1.0, 1.0, 1.0, 0.0, 1.0, 1.0, 1.0, 1.0, 1.0, 0.0, 1.0, 0.0, 0.0, 1.0, 0.0, 0.0, 1.0, 1.0, 1.0, 0.0, 1.0, 1.0, 0.0, 1.0, 1.0, 0.0, 0.0, 0.0, 1.0, 1.0, 1.0, 0.0, 1.0, 1.0, 1.0, 1.0, 1.0, 1.0, 1.0, 1.0, 0.0, 0.0, 0.0, 0.0, 1.0, 1.0, 1.0, 0.0, 0.0, 0.0, 1.0, 0.0, 0.0, 0.0, 1.0, 0.0, 0.0, 0.0, 0.0, 0.0, 1.0, 1.0, 1.0, 0.0, 0.0, 0.0, 1.0, 0.0, 0.0, 0.0, 0.0, 1.0, 0.0, 0.0, 0.0, 0.0, 0.0, 0.0, 0.0, 1.0, 0.0, 0.0, 0.0, 0.0, 1.0, 1.0, 1.0, 1.0, 0.0, 0.0, 0.0, 0.0, 1.0, 1.0, 1.0, 0.0, 0.0, 0.0, 1.0, 0.0, 1.0, 1.0, 1.0, 1.0, 0.0, 0.0, 0.0, 0.0, 1.0, 1.0, 1.0, 1.0, 0.0, 0.0, 0.0, 0.0, 1.0, 1.0, 1.0, 1.0, 1.0, 1.0, 1.0, 0.0, 0.0, 0.0, 0.0, 0.0, 1.0, 0.0, 0.0, 0.0, 1.0, 1.0, 1.0, 1.0, 1.0, 1.0, 1.0, 1.0, 1.0, 1.0, 1.0, 1.0, 1.0, 1.0, 1.0, 0.0, 0.0, 0.0, 0.0, 0.0, 0.0, 0.0, 0.0, 0.0, 0.0, 1.0, 0.0, 1.0, 0.0, 1.0, 0.0, 1.0, 0.0, 0.0, 0.0, 1.0, 0.0, 0.0, 0.0, 0.0, 1.0, 1.0, 1.0, 0.0, 0.0, 0.0, 1.0, 0.0, 0.0, 0.0, 1.0, 0.0, 0.0, 0.0, 0.0, 0.0, 0.0, 1.0, 1.0, 1.0, 0.0, 0.0, 0.0, 0.0, 1.0, 1.0, 1.0, 0.0, 1.0, 1.0, 1.0, 1.0, 0.0, 0.0, 1.0, 0.0, 0.0, 0.0, 0.0, 0.0, 1.0, 1.0, 1.0, 1.0, 1.0, 1.0, 1.0, 0.0, 1.0, 1.0, 1.0, 1.0, 0.0, 0.0, 0.0, 0.0, 1.0, 1.0, 1.0, 1.0, 0.0, 0.0, 0.0, 0.0, 0.0, 1.0, 0.0, 0.0, 0.0, 0.0, 0.0, 0.0, 0.0, 0.0, 0.0, 0.0, 0.0, 0.0, 0.0, 0.0, 0.0, 0.0, 0.0, 0.0, 0.0, 0.0, 0.0, 0.0, 1.0, 1.0, 0.0, 1.0, 1.0, 0.0, 1.0, 0.0, 1.0, 1.0, 1.0, 1.0, 1.0, 0.0, 1.0, 1.0, 0.0, 0.0, 0.0, 0.0, 0.0, 1.0, 1.0, 0.0, 1.0, 0.0, 0.0, 1.0, 0.0, 0.0, 0.0, 0.0, 1.0, 1.0, 1.0, 0.0, 0.0, 0.0, 1.0, 0.0, 1.0, 1.0, 1.0, 0.0, 0.0, 0.0, 0.0, 0.0, 1.0, 1.0, 1.0, 1.0, 1.0, 1.0, 1.0, 0.0, 0.0, 0.0, 0.0, 0.0, 0.0, 0.0, 0.0, 0.0, 1.0, 0.0, 1.0, 0.0, 0.0, 0.0, 0.0, 0.0, 1.0, 1.0, 1.0, 1.0, 1.0, 1.0, 1.0, 0.0, 1.0, 1.0, 1.0, 1.0, 1.0, 1.0, 0.0, 1.0, 1.0, 1.0, 1.0, 1.0, 0.0, 0.0, 0.0, 0.0, 1.0, 1.0, 1.0, 1.0, 1.0, 1.0, 1.0, 0.0, 0.0, 1.0, 1.0, 1.0, 0.0, 0.0, 0.0, 0.0, 1.0, 1.0, 1.0, 1.0, 0.0, 0.0, 0.0, 0.0, 1.0, 0.0, 1.0, 0.0, 0.0, 0.0, 0.0, 0.0, 1.0, 1.0, 1.0, 1.0, 1.0, 0.0, 1.0, 0.0, 1.0, 1.0, 1.0, 0.0, 1.0, 1.0, 0.0, 1.0, 1.0, 1.0, 1.0, 1.0, 0.0, 0.0, 0.0, 0.0, 0.0, 0.0, 0.0, 0.0, 0.0, 0.0, 0.0, 0.0, 1.0, 1.0, 1.0, 1.0, 0.0, 0.0, 0.0, 0.0, 0.0, 0.0, 0.0, 0.0, 0.0, 0.0, 0.0, 0.0, 0.0, 0.0, 0.0, 0.0, 0.0, 0.0, 0.0, 0.0, 1.0, 1.0, 0.0, 0.0, 1.0, 1.0, 1.0, 1.0, 1.0, 1.0, 1.0, 1.0, 1.0, 1.0, 1.0, 1.0, 1.0, 1.0, 1.0, 1.0, 1.0, 0.0, 1.0, 1.0, 0.0, 1.0, 0.0, 1.0, 0.0, 1.0, 0.0, 0.0, 1.0, 1.0, 1.0, 1.0, 0.0, 0.0, 1.0, 0.0, 1.0, 1.0, 1.0, 1.0, 0.0, 0.0, 0.0, 0.0, 0.0, 0.0, 0.0, 1.0, 0.0, 0.0, 0.0, 0.0, 1.0, 1.0, 1.0, 1.0, 0.0, 0.0, 0.0, 0.0, 0.0, 1.0, 1.0, 1.0, 0.0, 1.0, 1.0, 0.0, 1.0, 1.0, 1.0, 1.0, 0.0, 0.0, 0.0, 0.0, 1.0, 0.0, 1.0, 1.0, 1.0, 0.0, 0.0, 1.0, 1.0, 1.0, 1.0, 1.0, 1.0, 1.0, 1.0, 0.0, 0.0, 1.0, 1.0, 1.0, 1.0, 1.0, 0.0, 0.0, 1.0, 1.0, 1.0, 1.0, 0.0, 0.0, 0.0, 0.0, 1.0, 1.0, 1.0, 0.0, 0.0, 0.0, 1.0, 0.0, 1.0, 1.0, 1.0, 1.0, 0.0, 0.0, 0.0, 0.0, 0.0, 0.0, 0.0, 0.0, 0.0, 0.0, 0.0, 0.0, 0.0, 0.0, 1.0, 1.0, 0.0, 0.0, 0.0, 0.0, 1.0, 1.0, 1.0, 1.0, 1.0, 0.0, 0.0, 1.0]",-295.2442605392121,597.0338707387587,-482.430437669722,964.860875339444,67.02785154734836,-5.545400024087995,13.170241589855825,1.2846122460949685,-433.45128860920846,873.4479268787513,False,False,False,True,False,0.5,0.5,0.625,0.625,0.625,0.625,0.5,0.5,0.625,0.625,0.25,0.25,"Z.exists(lambda x1: Z.equal(x1,'yes','grounded'),X)","Z.exists(lambda x1: Z.exists(lambda x2: Z.exists(lambda x3: Z.and_operator(Z.and_operator(Z.equal(x1,'red','colour'),Z.equal(x2,'blue','colour')),Z.equal(x3,'green','colour')),X),X),X)","Z.exactly(lambda x1: Z.lequal(x1,3,'size'),3,X)","Z.exists(lambda x1: Z.exists(lambda x2: Z.exists(lambda x3: Z.and_operator(Z.and_operator(Z.equal(x1,'red','colour'),Z.equal(x2,'blue','colour')),Z.equal(x3,'green','colour')),X),X),X)",0.5,1.0,0.625,0.5,0.625,0.7083333333333334,0.6982758620689655,0.6867816091954023,0.6954022988505747,0.6925287356321839,5.241379310344827,121,2000,2000,0,0,0
43,54,107,JP0CgbU9FF,eTezpoT_HJz9VdgvAABe,Zeta,there is a red,"[False, False, False, False, False, False, True, True]","[True, False, False, False, False, False, True, True]",0.25,0.375,Two different cones need to touch,"[['x1'],['x1','x2']]","Z.exists(lambda x1: Z.exists(lambda x2: Z.hor_operator(x1,x2,'contact'),X),X)",Two different cones need to touch.,"[{'ids': [0, 1, 2], 'colours': ['red', 'green', 'red'], 'sizes': [2, 2, 1], 'xpos': [1.2082803915036073, 1.2082674366025077, 3.6555626362276046], 'ypos': [4.111685840989416, 3.811206931576348, 3.8307506091232333], 'rotations': [3.141589506527172, 3.141567876703762, 1.2121899680845147], 'orientations': ['upright', 'upright', 'lhs'], 'contact': [[0, 1], [1, 0], [2]], 'grounded': ['yes', 'no', 'yes'], 'follow_rule': True}, {'ids': [0, 1, 2], 'colours': ['red', 'green', 'blue'], 'sizes': [2, 2, 1], 'xpos': [2.8894173331616164, 2.892716331691156, 4.707455717773286], 'ypos': [3.802100942999916, 4.109155487333326, 3.826621865049579], 'rotations': [3.1347398948965224, 3.1353836375064477, 1.2097810087559613], 'orientations': ['upright', 'upright', 'lhs'], 'contact': [[0, 1], [1, 0], [2]], 'grounded': ['no', 'yes', 'yes'], 'follow_rule': True}, {'ids': [0, 1, 2], 'colours': ['red', 'blue', 'red'], 'sizes': [2, 2, 2], 'xpos': [2.1747527374074784, 2.175017419244089, 2.8237699428801113], 'ypos': [4.111347441178361, 3.8113713301187113, 3.72972628063117], 'rotations': [3.142751688674365, 3.142940799848127, 5.050038011913767], 'orientations': ['upright', 'upright', 'rhs'], 'contact': [[0, 1], [1, 0], [2]], 'grounded': ['yes', 'no', 'yes'], 'follow_rule': True}, {'ids': [0, 1, 2], 'colours': ['red', 'blue', 'green'], 'sizes': [2, 2, 1], 'xpos': [1.5574291890027014, 6.039265655478091, 6.043433471841887], 'ypos': [4.110460594683487, 4.111265177594673, 3.49372526845006], 'rotations': [3.138577469063165, 3.1426056527140602, 3.1364661083881136], 'orientations': ['upright', 'upright', 'upright'], 'contact': [[0], [1, 2], [2, 1]], 'grounded': ['yes', 'yes', 'no'], 'follow_rule': True}, {'ids': [0, 1, 2, 3], 'colours': ['green', 'red', 'blue', 'green'], 'sizes': [2, 3, 3, 1], 'xpos': [1.4947842539741738, 3.2811862815297412, 1.4963822739908978, 3.26953214060206], 'ypos': [4.111590129266433, 4.109268917118172, 4.096384932148502, 3.150641145650503], 'rotations': [3.1418109957226203, 3.145260347865242, 3.152373595928668, 3.189139462180559], 'orientations': ['upright', 'upright', 'upright', 'upright'], 'contact': [[0, 2], [1, 3], [2, 0], [3, 1]], 'grounded': ['yes', 'yes', 'no', 'no'], 'follow_rule': True}, {'ids': [0, 1, 2, 3], 'colours': ['green', 'green', 'blue', 'green'], 'sizes': [2, 1, 2, 2], 'xpos': [3.5270568907279856, 4.0597375624530425, 6.146159521167424, 2.551806364962839], 'ypos': [4.110752176882694, 3.826525010773074, 4.108104287357182, 4.107600586167634], 'rotations': [3.142323979398409, 5.07374882847369, 3.14360415070744, 3.1393706728339756], 'orientations': ['upright', 'rhs', 'upright', 'upright'], 'contact': [[0], [1], [2], [3]], 'grounded': ['yes', 'yes', 'yes', 'yes'], 'follow_rule': False}, {'ids': [0, 1, 2, 3, 4], 'colours': ['green', 'red', 'red', 'blue', 'blue'], 'sizes': [2, 2, 1, 1, 1], 'xpos': [4.033879161617111, 5.579661030895281, 3.182410324400136, 3.1810556910993895, 4.035071511390655], 'ypos': [4.111436878846133, 4.108098987343128, 3.8214947755012414, 4.108416726803303, 3.4973879401038155], 'rotations': [3.141018183988764, 3.143584520951376, -3.1359009431541627, 3.1435557746082665, 3.1368105432258884], 'orientations': ['upright', 'upright', 'upright', 'upright', 'upright'], 'contact': [[0, 4], [1], [2, 3], [3, 2], [4, 0]], 'grounded': ['yes', 'yes', 'no', 'yes', 'no'], 'follow_rule': True}, {'ids': [0, 1, 2, 3], 'colours': ['red', 'green', 'blue', 'blue'], 'sizes': [2, 2, 3, 2], 'xpos': [4.498649212270691, 1.3930742913578487, 4.500803270803248, 1.3925289879544906], 'ypos': [3.4776055105842376, 3.810283348624454, 4.111459462619411, 4.11097838952437], 'rotations': [3.1455524781026187, 3.1434639946387803, 3.1420070617023113, 3.1434220695059865], 'orientations': ['upright', 'upright', 'upright', 'upright'], 'contact': [[0, 2], [1, 3], [2, 0], [3, 1]], 'grounded': ['no', 'no', 'yes', 'yes'], 'follow_rule': True}, {'ids': [0, 1, 2, 3], 'colours': ['red', 'green', 'green', 'red'], 'sizes': [1, 3, 1, 2], 'xpos': [4.99719497412721, 5.33966521510595, 6.7812617602386, 0.647214122653947], 'ypos': [3.87616110226316, 3.89757703212827, 4.15810225565523, 4.15717162300964], 'rotations': [1.21015432030723, 3.69203273094864, 3.14416974526282, 3.14125264303298], 'contact': [[0, 1], [1, 0], 2, 3], 'grounded': ['yes', 'yes', 'yes', 'yes']}, {'ids': [0, 1, 2, 3, 4], 'colours': ['red', 'red', 'blue', 'blue', 'green'], 'sizes': [2, 1, 2, 2, 1], 'xpos': [0.756045112876682, 5.7930538088619, 4.02912968049722, 0.607249611808554, 2.34445062198903], 'ypos': [3.78128677692435, 3.87663053995449, 3.77926220180112, 4.09987976609843, 4.15797989686201], 'rotations': [5.04734512360657, 1.21097145412816, 1.2338944765227, 2.99747085022243, 3.14330311350596], 'contact': [[0, 3], 1, 2, [3, 0], 4], 'grounded': ['yes', 'yes', 'yes', 'yes', 'yes']}, {'ids': [0, 1, 2, 3, 4, 5], 'colours': ['green', 'green', 'green', 'green', 'red', 'red'], 'sizes': [1, 1, 2, 2, 1, 1], 'xpos': [0.392205266119112, 6.46736091582645, 5.87132830651543, 2.56842478452184, 1.05497225772388, 3.35722507237469], 'ypos': [4.15754519774028, 3.87672651888649, 3.80774864689194, 4.15891117383473, 4.15835090526104, 4.15780493355124], 'rotations': [3.14560426344892, 5.07442800349693, 4.20513160762651, 3.14652142167178, 3.14300168792949, 3.1450254884391], 'contact': [0, [1, 2], [2, 1], 3, 4, 5], 'grounded': ['yes', 'yes', 'yes', 'yes', 'yes', 'yes']}, {'ids': [0, 1, 2], 'colours': ['blue', 'red', 'blue'], 'sizes': [1, 3, 1], 'xpos': [3.65329156447024, 3.06074315033349, 4.60711408951368], 'ypos': [3.87683998879975, 3.89790852126602, 4.15748043316142], 'rotations': [1.21104984409195, 2.59341814797494, 3.14017425270441], 'contact': [[0, 1], [1, 0], 2], 'grounded': ['yes', 'yes', 'yes']}, {'ids': [0, 1, 2, 3, 4, 5], 'colours': ['green', 'green', 'green', 'green', 'blue', 'blue'], 'sizes': [1, 3, 2, 1, 2, 1], 'xpos': [2.9046526114666, 3.68975290255409, 5.65833149766197, 2.8246611501998, 2.89449149866101, 1.87269773742003], 'ypos': [3.88094533031908, 3.68797064017839, 4.15757175612118, 3.68349548447456, 3.68583647526567, 3.8760767087662], 'rotations': [1.21243000430047, 5.03772434357929, 3.14324414103154, 5.06868148794976, 5.04716419664426, 1.2105262200236], 'contact': [[0, 4], [1, 4], 2, [3, 4], [4, 0, 1, 3], 5], 'grounded': ['yes', 'yes', 'yes', 'no', 'no', 'yes']}, {'ids': [0, 1], 'colours': ['green', 'green'], 'sizes': [1, 3], 'xpos': [0.670764619467334, 5.261348820008], 'ypos': [3.86447444538309, 4.15793495472947], 'rotations': [1.77488765373097, 3.13951555729719], 'contact': [{'V1': 0, 'V2': 1}], 'grounded': ['yes', 'yes']}, {'ids': [0, 1, 2], 'colours': ['blue', 'green', 'green'], 'sizes': [1, 1, 3], 'xpos': [4.69009713254434, 2.93439461350621, 4.78205690186546], 'ypos': [4.15772510399043, 4.15704164375121, 4.15823822985147], 'rotations': [3.14100478933091, 3.14035932239342, 3.14115234487408], 'contact': [[0, 2], 1, [2, 0]], 'grounded': ['yes', 'yes', 'yes']}, {'ids': [0, 1, 2, 3, 4, 5], 'colours': ['green', 'blue', 'blue', 'green', 'green', 'green'], 'sizes': [3, 2, 1, 1, 3, 2], 'xpos': [4.08915128061252, 2.29489936724743, 2.81704915678861, 6.85663898790724, 1.00051084466887, 4.09237106060331], 'ypos': [4.1616688599196, 4.16166316032898, 3.87799901532656, 4.1578940642729, 4.15850762807611, 3.52787490122945], 'rotations': [3.14159237119885, 3.14158410154621, 5.07138880585438, 3.13808482008692, 3.14212541938172, 3.13686252238553], 'contact': [[0, 5], 1, 2, 3, 4, [5, 0]], 'grounded': ['yes', 'yes', 'yes', 'yes', 'yes', 'no']}]","[True, True, True, True, False, False, False, False]","[False, False, False, False, True, True, False, False]","[False, False, False, False, False, False, True, True]","[True, True, True, True, False, False, False, False]","[True, False, True, True, False, False, True, False]","[True, True, False, False, True, True, True, False]","[False, False, False, False, False, False, False, True]","[False, False, True, True, False, False, False, False]",-0.75,-0.375,-0.125,0.25,0.25,0.625,0.25,0.375,0.0,0.0,0.125,-0.25,0.75,0.375,0.7851266603347945,-4.880515905294277,-5.545177444479562,11.84047335226839,11.090354888959125,1.0,-8.414870896963393,-11.090354888959125,19.602330516166568,22.18070977791825,1.0502311195665048,"[1.0, 1.0, 1.0, 1.0, 1.0, 0.0, 1.0, 0.0, 1.0, 1.0, 1.0, 1.0, 1.0, 1.0, 1.0, 0.0135, 0.9530000000000001, 0.092, 0.5895, 0.5895, 1.0, 0.0, 0.0, 0.861, 1.0, 1.0, 1.0, 0.2925, 0.999, 0.999, 1.0, 0.7155, 0.0, 0.0, 1.0, 0.0, 0.0, 0.0, 1.0, 0.0, 0.0, 0.0, 1.0, 0.0, 0.0, 0.0, 1.0, 0.0, 1.0, 1.0, 1.0, 1.0, 0.0, 0.0, 0.0, 0.0, 1.0, 1.0, 1.0, 1.0, 0.935, 0.935, 0.935, 0.935, 1.0, 1.0, 1.0, 1.0, 0.0, 1.0, 0.0, 0.0, 0.0, 1.0, 1.0, 1.0, 1.0, 1.0, 1.0, 1.0, 1.0, 1.0, 1.0, 1.0, 0.0935, 0.0935, 0.0935, 0.0935, 1.0, 1.0, 1.0, 1.0, 1.0, 1.0, 1.0, 1.0, 1.0, 1.0, 1.0, 1.0, 1.0, 1.0, 1.0, 0.013000000000000001, 1.0, 1.0, 0.998, 1.0, 1.0, 0.002, 0.998, 0.002, 1.0, 1.0, 1.0, 1.0, 1.0, 1.0, 1.0, 0.0, 0.973, 1.0, 0.9530000000000001, 1.0, 0.8925000000000001, 0.9195, 0.17400000000000002, 0.201, 1.0, 1.0, 1.0, 1.0, 0.0, 0.0, 0.0, 0.0, 1.0, 1.0, 1.0, 0.24, 1.0, 1.0, 0.968, 1.0, 0.653, 0.653, 0.653, 1.0, 0.2535, 0.2535, 0.7035, 0.10300000000000001, 1.0, 1.0, 1.0, 1.0, 0.0, 1.0, 0.0, 0.0, 1.0, 1.0, 1.0, 0.012, 0.988, 0.988, 1.0, 1.0, 1.0, 0.0, 1.0, 1.0, 1.0, 0.0, 0.0, 1.0, 0.0, 0.0, 0.0, 1.0, 1.0, 0.0, 0.0, 0.0, 1.0, 1.0, 1.0, 1.0, 0.0, 0.0, 0.0, 0.0, 1.0, 1.0, 1.0, 1.0, 0.0, 0.0, 0.0, 0.0, 1.0, 1.0, 1.0, 1.0, 1.0, 1.0, 0.841, 1.0, 1.0, 1.0, 1.0, 1.0, 0.0, 0.0, 0.0, 0.0, 1.0, 1.0, 1.0, 1.0, 1.0, 1.0, 1.0, 0.0, 0.197, 0.0, 0.85, 0.653, 0.803, 0.0, 0.0, 0.0, 0.8525, 0.847, 0.9935, 0.847, 0.28300000000000003, 0.4305, 0.426, 0.426, 1.0, 1.0, 1.0, 1.0, 1.0, 1.0, 1.0, 0.0, 0.798, 1.0, 0.7995, 0.7995, 0.0275, 0.029, 0.2265, 0.1975, 1.0, 1.0, 1.0, 1.0, 0.0, 0.0, 0.0, 0.0, 0.862, 0.854, 0.8595, 0.8955000000000001, 0.045, 0.0005, 0.8695, 0.8505, 1.0, 1.0, 1.0, 0.022, 1.0, 1.0, 1.0, 0.978, 0.28400000000000003, 0.0145, 0.1885, 0.0275, 0.2755, 0.0, 0.0015, 0.013000000000000001, 0.0, 0.0, 0.0, 1.0, 1.0, 0.0, 0.0, 0.0, 1.0, 1.0, 1.0, 1.0, 0.0, 0.0, 0.0, 0.0, 1.0, 1.0, 1.0, 1.0, 1.0, 0.0, 1.0, 0.0, 1.0, 1.0, 1.0, 1.0, 1.0, 1.0, 1.0, 0.0, 1.0, 1.0, 1.0, 0.728, 0.8265, 0.5545, 0.5545, 0.8265, 1.0, 1.0, 1.0, 1.0, 1.0, 1.0, 1.0, 1.0, 1.0, 1.0, 1.0, 0.8715, 0.9365, 0.8695, 0.8695, 0.9365, 0.229, 0.229, 0.229, 0.229, 0.801, 0.03, 0.03, 0.801, 0.0, 0.0, 0.0, 1.0, 1.0, 0.0, 0.0, 0.0, 0.108, 0.114, 0.2315, 0.108, 0.114, 0.07050000000000001, 0.0495, 0.006, 1.0, 1.0, 1.0, 1.0, 0.0, 0.0, 0.0, 0.0, 0.8955000000000001, 0.895, 0.0115, 0.0, 0.883, 0.0, 0.0, 0.0, 1.0, 1.0, 1.0, 1.0, 0.0, 0.0, 0.0, 0.0, 0.902, 0.902, 0.902, 0.678, 0.88, 0.88, 0.902, 0.807, 1.0, 1.0, 1.0, 1.0, 0.0, 0.0, 0.0, 0.0, 1.0, 1.0, 1.0, 1.0, 1.0, 1.0, 1.0, 0.0, 1.0, 1.0, 1.0, 1.0, 0.0, 0.0, 0.0, 0.0, 1.0, 1.0, 1.0, 1.0, 0.008, 0.008, 0.008, 0.008, 1.0, 1.0, 1.0, 1.0, 1.0, 1.0, 1.0, 0.0, 1.0, 1.0, 1.0, 1.0, 1.0, 1.0, 0.6980000000000001, 1.0, 1.0, 1.0, 1.0, 1.0, 0.0, 0.0, 0.0, 0.0, 1.0, 1.0, 1.0, 1.0, 1.0, 1.0, 1.0, 0.0, 0.9530000000000001, 0.9530000000000001, 0.9530000000000001, 1.0, 1.0, 1.0, 0.641, 0.9530000000000001, 1.0, 1.0, 1.0, 1.0, 0.0, 0.0, 0.0, 0.0, 1.0, 1.0, 1.0, 1.0, 1.0, 1.0, 1.0, 1.0, 1.0, 1.0, 1.0, 1.0, 0.0, 0.0, 0.0, 0.0, 1.0, 1.0, 1.0, 1.0, 1.0, 1.0, 1.0, 1.0, 1.0, 1.0, 1.0, 1.0, 0.021500000000000002, 0.021500000000000002, 0.021500000000000002, 0.021500000000000002, 0.021500000000000002, 0.003, 0.02, 0.0095, 0.0095, 0.964, 0.9555, 0.0095, 1.0, 1.0, 1.0, 1.0, 1.0, 1.0, 1.0, 1.0, 1.0, 1.0, 1.0, 1.0, 0.0, 0.0, 0.0, 0.0, 1.0, 1.0, 1.0, 1.0, 0.0, 0.0, 1.0, 1.0, 1.0, 0.873, 0.198, 0.198, 1.0, 1.0, 0.6905, 1.0, 1.0, 1.0, 1.0, 1.0, 1.0, 1.0, 1.0, 0.0, 1.0, 0.999, 0.999, 1.0, 0.0025, 0.0025, 0.0025, 0.0025, 1.0, 1.0, 1.0, 1.0, 1.0, 0.686, 0.314, 0.0, 1.0, 1.0, 1.0, 1.0, 0.524, 0.524, 1.0, 0.47600000000000003, 1.0, 1.0, 1.0, 1.0, 0.008, 0.008, 0.008, 0.008, 0.9935, 0.9935, 0.9775, 0.9935, 0.9935, 0.0225, 0.988, 0.017, 1.0, 1.0, 1.0, 1.0, 0.0725, 0.0725, 0.0725, 0.0725, 0.041, 1.0, 1.0, 0.9590000000000001, 0.041, 0.9590000000000001, 1.0, 0.0, 0.7435, 0.9835, 0.7425, 0.986, 0.7435, 0.7435, 0.256, 0.987, 1.0, 0.005, 1.0, 1.0, 1.0, 0.005, 0.005, 1.0, 1.0, 1.0, 1.0, 1.0, 1.0, 1.0, 1.0, 0.0, 1.0, 1.0, 1.0, 1.0, 0.0, 0.0, 0.0, 0.0, 1.0, 1.0, 1.0, 1.0, 0.0, 0.0, 0.0, 0.0, 0.9705, 0.9705, 0.9145, 1.0, 0.8015, 0.8015, 0.9705, 0.7865, 1.0, 1.0, 1.0, 1.0, 0.0, 0.0, 0.0, 0.0, 1.0, 1.0, 1.0, 1.0, 0.0, 0.0, 0.0, 0.0, 1.0, 1.0, 1.0, 1.0, 0.0, 0.0, 0.0, 0.0, 1.0, 1.0, 1.0, 1.0, 1.0, 1.0, 1.0, 1.0]",-418.5875071169283,843.720363894191,-482.430437669722,964.860875339444,66.96030348901793,-5.545400473376997,13.17024248843383,346.454696303353,-11.09325793160588,24.95910458545154,0.6334250289943713,"[1.0, 1.0, 1.0, 1.0, 1.0, 0.0, 1.0, 0.0, 1.0, 1.0, 1.0, 1.0, 1.0, 1.0, 1.0, 0.0, 0.0, 0.0, 0.0, 0.0, 0.0, 0.0, 0.0, 0.0, 1.0, 1.0, 1.0, 0.0, 0.0, 0.0, 1.0, 0.0, 0.0, 0.0, 1.0, 1.0, 0.0, 1.0, 1.0, 1.0, 1.0, 1.0, 1.0, 1.0, 0.0, 0.0, 1.0, 1.0, 1.0, 1.0, 1.0, 1.0, 0.0, 0.0, 0.0, 0.0, 1.0, 1.0, 1.0, 1.0, 0.0, 0.0, 0.0, 0.0, 0.0, 0.0, 0.0, 0.0, 0.0, 1.0, 1.0, 0.0, 1.0, 1.0, 1.0, 1.0, 0.0, 0.0, 0.0, 0.0, 1.0, 1.0, 1.0, 1.0, 0.0, 0.0, 0.0, 0.0, 1.0, 1.0, 1.0, 1.0, 1.0, 1.0, 0.0, 1.0, 1.0, 1.0, 1.0, 1.0, 1.0, 1.0, 1.0, 0.0, 1.0, 1.0, 1.0, 1.0, 1.0, 0.0, 1.0, 0.0, 0.0, 1.0, 0.0, 0.0, 1.0, 1.0, 1.0, 0.0, 1.0, 1.0, 0.0, 1.0, 1.0, 0.0, 0.0, 0.0, 1.0, 1.0, 1.0, 0.0, 1.0, 1.0, 1.0, 1.0, 1.0, 1.0, 1.0, 1.0, 0.0, 0.0, 0.0, 0.0, 1.0, 1.0, 1.0, 0.0, 0.0, 0.0, 1.0, 0.0, 0.0, 0.0, 1.0, 0.0, 0.0, 0.0, 0.0, 0.0, 1.0, 1.0, 1.0, 0.0, 0.0, 0.0, 1.0, 0.0, 0.0, 0.0, 0.0, 1.0, 0.0, 0.0, 0.0, 0.0, 0.0, 0.0, 0.0, 1.0, 0.0, 0.0, 0.0, 0.0, 1.0, 1.0, 1.0, 1.0, 0.0, 0.0, 0.0, 0.0, 1.0, 1.0, 1.0, 0.0, 0.0, 0.0, 1.0, 0.0, 1.0, 1.0, 1.0, 1.0, 0.0, 0.0, 0.0, 0.0, 1.0, 1.0, 1.0, 1.0, 0.0, 0.0, 0.0, 0.0, 1.0, 1.0, 1.0, 1.0, 1.0, 1.0, 1.0, 0.0, 0.0, 0.0, 0.0, 0.0, 1.0, 0.0, 0.0, 0.0, 1.0, 1.0, 1.0, 1.0, 1.0, 1.0, 1.0, 1.0, 1.0, 1.0, 1.0, 1.0, 1.0, 1.0, 1.0, 0.0, 0.0, 0.0, 0.0, 0.0, 0.0, 0.0, 0.0, 0.0, 0.0, 1.0, 0.0, 1.0, 0.0, 1.0, 0.0, 1.0, 0.0, 0.0, 0.0, 1.0, 0.0, 0.0, 0.0, 0.0, 1.0, 1.0, 1.0, 0.0, 0.0, 0.0, 1.0, 0.0, 1.0, 1.0, 1.0, 1.0, 1.0, 0.0, 1.0, 0.0, 0.0, 1.0, 1.0, 1.0, 0.0, 0.0, 0.0, 0.0, 1.0, 1.0, 1.0, 0.0, 1.0, 1.0, 1.0, 1.0, 0.0, 1.0, 1.0, 1.0, 0.0, 0.0, 0.0, 0.0, 1.0, 1.0, 1.0, 1.0, 1.0, 1.0, 1.0, 0.0, 1.0, 1.0, 1.0, 1.0, 0.0, 0.0, 0.0, 0.0, 1.0, 1.0, 1.0, 1.0, 0.0, 0.0, 0.0, 0.0, 0.0, 1.0, 0.0, 0.0, 0.0, 0.0, 0.0, 0.0, 1.0, 1.0, 1.0, 1.0, 1.0, 0.0, 1.0, 1.0, 0.0, 0.0, 0.0, 0.0, 0.0, 1.0, 1.0, 0.0, 1.0, 1.0, 1.0, 1.0, 1.0, 0.0, 1.0, 0.0, 1.0, 1.0, 1.0, 1.0, 1.0, 0.0, 1.0, 1.0, 0.0, 0.0, 0.0, 0.0, 0.0, 1.0, 1.0, 0.0, 1.0, 0.0, 0.0, 1.0, 0.0, 0.0, 0.0, 0.0, 1.0, 1.0, 1.0, 0.0, 0.0, 0.0, 1.0, 0.0, 1.0, 1.0, 1.0, 0.0, 0.0, 0.0, 0.0, 0.0, 1.0, 1.0, 1.0, 1.0, 1.0, 1.0, 1.0, 0.0, 0.0, 0.0, 0.0, 0.0, 0.0, 0.0, 0.0, 0.0, 1.0, 0.0, 1.0, 0.0, 0.0, 0.0, 0.0, 0.0, 1.0, 1.0, 1.0, 1.0, 1.0, 1.0, 1.0, 0.0, 1.0, 1.0, 1.0, 1.0, 1.0, 1.0, 0.0, 1.0, 1.0, 1.0, 1.0, 1.0, 0.0, 0.0, 0.0, 0.0, 1.0, 1.0, 1.0, 1.0, 1.0, 1.0, 1.0, 0.0, 0.0, 1.0, 1.0, 1.0, 0.0, 0.0, 0.0, 0.0, 1.0, 1.0, 1.0, 1.0, 0.0, 0.0, 0.0, 0.0, 1.0, 0.0, 1.0, 0.0, 0.0, 0.0, 0.0, 0.0, 1.0, 1.0, 1.0, 1.0, 1.0, 0.0, 1.0, 0.0, 1.0, 1.0, 1.0, 0.0, 1.0, 1.0, 0.0, 1.0, 1.0, 1.0, 1.0, 1.0, 0.0, 0.0, 0.0, 0.0, 0.0, 0.0, 0.0, 0.0, 0.0, 1.0, 0.0, 0.0, 1.0, 1.0, 1.0, 1.0, 0.0, 0.0, 0.0, 0.0, 0.0, 0.0, 0.0, 0.0, 0.0, 0.0, 0.0, 0.0, 1.0, 0.0, 1.0, 0.0, 0.0, 0.0, 0.0, 0.0, 1.0, 1.0, 0.0, 0.0, 1.0, 1.0, 1.0, 1.0, 1.0, 1.0, 1.0, 1.0, 1.0, 1.0, 1.0, 1.0, 1.0, 1.0, 1.0, 1.0, 1.0, 0.0, 1.0, 1.0, 0.0, 1.0, 0.0, 1.0, 0.0, 1.0, 0.0, 0.0, 1.0, 1.0, 1.0, 1.0, 0.0, 0.0, 1.0, 0.0, 1.0, 1.0, 1.0, 1.0, 0.0, 0.0, 0.0, 0.0, 0.0, 0.0, 0.0, 1.0, 0.0, 0.0, 0.0, 0.0, 1.0, 1.0, 1.0, 1.0, 0.0, 0.0, 0.0, 0.0, 0.0, 1.0, 1.0, 1.0, 0.0, 1.0, 1.0, 0.0, 1.0, 1.0, 1.0, 1.0, 0.0, 0.0, 0.0, 0.0, 1.0, 0.0, 1.0, 1.0, 1.0, 0.0, 0.0, 1.0, 1.0, 1.0, 1.0, 1.0, 1.0, 1.0, 1.0, 0.0, 0.0, 1.0, 1.0, 1.0, 1.0, 1.0, 0.0, 0.0, 1.0, 1.0, 1.0, 1.0, 0.0, 0.0, 0.0, 0.0, 1.0, 1.0, 1.0, 0.0, 0.0, 0.0, 1.0, 0.0, 1.0, 1.0, 1.0, 1.0, 0.0, 0.0, 0.0, 0.0, 0.0, 0.0, 0.0, 0.0, 0.0, 0.0, 0.0, 0.0, 0.0, 1.0, 0.0, 1.0, 0.0, 1.0, 1.0, 0.0, 1.0, 1.0, 1.0, 1.0, 1.0, 0.0, 0.0, 1.0]",-318.3726801373107,643.2907099349558,1.9575784417360447,-5.29250590535006,-5.545177444479562,12.664453352379956,11.090354888959125,1.2682991062320819,-9.937381992883981,-11.090354888959125,22.647352708007745,22.18070977791825,0.6173530694834558,"[1.0, 1.0, 1.0, 1.0, 1.0, 0.0, 1.0, 0.0, 1.0, 1.0, 1.0, 1.0, 1.0, 1.0, 1.0, 0.0, 0.0, 0.0, 0.0, 0.0, 0.0, 0.0, 0.0, 0.0, 1.0, 1.0, 1.0, 0.0, 0.0, 0.0, 1.0, 0.0, 0.0, 0.0, 1.0, 1.0, 0.0, 1.0, 1.0, 1.0, 0.0, 0.0, 0.0, 0.0, 0.0, 0.0, 0.0, 0.0, 1.0, 1.0, 1.0, 1.0, 0.0, 0.0, 0.0, 0.0, 1.0, 1.0, 1.0, 1.0, 0.0, 0.0, 0.0, 0.0, 0.0, 0.0, 0.0, 0.0, 0.0, 1.0, 1.0, 0.0, 0.0, 0.0, 0.0, 1.0, 0.0, 0.0, 0.0, 0.0, 1.0, 1.0, 1.0, 1.0, 0.0, 0.0, 0.0, 0.0, 0.0, 0.0, 0.0, 0.0, 1.0, 1.0, 0.0, 1.0, 1.0, 1.0, 1.0, 1.0, 1.0, 1.0, 1.0, 0.0, 1.0, 1.0, 1.0, 1.0, 1.0, 0.0, 1.0, 0.0, 0.0, 1.0, 0.0, 0.0, 1.0, 1.0, 1.0, 0.0, 1.0, 1.0, 0.0, 1.0, 1.0, 0.0, 0.0, 0.0, 1.0, 1.0, 1.0, 0.0, 1.0, 1.0, 1.0, 1.0, 1.0, 1.0, 1.0, 1.0, 0.0, 0.0, 0.0, 0.0, 1.0, 1.0, 1.0, 0.0, 0.0, 0.0, 1.0, 0.0, 0.0, 0.0, 1.0, 0.0, 0.0, 0.0, 0.0, 0.0, 1.0, 1.0, 1.0, 0.0, 0.0, 0.0, 1.0, 0.0, 0.0, 0.0, 0.0, 1.0, 0.0, 0.0, 0.0, 0.0, 0.0, 0.0, 0.0, 1.0, 0.0, 0.0, 0.0, 0.0, 1.0, 1.0, 1.0, 1.0, 0.0, 0.0, 0.0, 0.0, 1.0, 1.0, 1.0, 0.0, 0.0, 0.0, 1.0, 0.0, 1.0, 1.0, 1.0, 1.0, 0.0, 0.0, 0.0, 0.0, 1.0, 1.0, 1.0, 1.0, 0.0, 0.0, 0.0, 0.0, 1.0, 1.0, 1.0, 1.0, 1.0, 1.0, 1.0, 0.0, 0.0, 0.0, 0.0, 0.0, 1.0, 0.0, 0.0, 0.0, 1.0, 1.0, 1.0, 1.0, 1.0, 1.0, 1.0, 1.0, 1.0, 1.0, 1.0, 1.0, 1.0, 1.0, 1.0, 0.0, 0.0, 0.0, 0.0, 0.0, 0.0, 0.0, 0.0, 0.0, 0.0, 1.0, 0.0, 1.0, 0.0, 1.0, 0.0, 1.0, 0.0, 0.0, 0.0, 1.0, 0.0, 0.0, 0.0, 0.0, 1.0, 1.0, 1.0, 0.0, 0.0, 0.0, 1.0, 0.0, 1.0, 1.0, 1.0, 1.0, 1.0, 0.0, 1.0, 0.0, 0.0, 1.0, 1.0, 1.0, 0.0, 0.0, 0.0, 0.0, 1.0, 1.0, 1.0, 0.0, 1.0, 1.0, 1.0, 1.0, 0.0, 1.0, 1.0, 1.0, 0.0, 0.0, 0.0, 0.0, 1.0, 1.0, 1.0, 1.0, 1.0, 1.0, 1.0, 0.0, 1.0, 1.0, 1.0, 1.0, 0.0, 0.0, 0.0, 0.0, 1.0, 1.0, 1.0, 1.0, 0.0, 0.0, 0.0, 0.0, 0.0, 1.0, 0.0, 0.0, 0.0, 0.0, 0.0, 0.0, 0.0, 0.0, 0.0, 0.0, 0.0, 0.0, 0.0, 0.0, 1.0, 0.0, 1.0, 1.0, 1.0, 0.0, 0.0, 1.0, 1.0, 1.0, 1.0, 1.0, 1.0, 0.0, 1.0, 0.0, 1.0, 1.0, 1.0, 1.0, 1.0, 0.0, 1.0, 1.0, 0.0, 0.0, 0.0, 0.0, 0.0, 1.0, 1.0, 0.0, 1.0, 0.0, 0.0, 1.0, 0.0, 0.0, 0.0, 0.0, 1.0, 1.0, 1.0, 0.0, 0.0, 0.0, 1.0, 0.0, 1.0, 1.0, 1.0, 0.0, 0.0, 0.0, 0.0, 0.0, 1.0, 1.0, 1.0, 1.0, 1.0, 1.0, 1.0, 0.0, 0.0, 0.0, 0.0, 0.0, 0.0, 0.0, 0.0, 0.0, 1.0, 0.0, 1.0, 0.0, 0.0, 0.0, 0.0, 0.0, 1.0, 1.0, 1.0, 1.0, 1.0, 1.0, 1.0, 0.0, 1.0, 1.0, 1.0, 1.0, 1.0, 1.0, 0.0, 1.0, 1.0, 1.0, 1.0, 1.0, 0.0, 0.0, 0.0, 0.0, 1.0, 1.0, 1.0, 1.0, 1.0, 1.0, 1.0, 0.0, 0.0, 1.0, 1.0, 1.0, 0.0, 0.0, 0.0, 0.0, 1.0, 1.0, 1.0, 1.0, 0.0, 0.0, 0.0, 0.0, 1.0, 0.0, 1.0, 0.0, 0.0, 0.0, 0.0, 0.0, 1.0, 1.0, 1.0, 1.0, 1.0, 0.0, 1.0, 0.0, 1.0, 1.0, 1.0, 0.0, 1.0, 1.0, 0.0, 1.0, 1.0, 1.0, 1.0, 1.0, 0.0, 0.0, 0.0, 0.0, 0.0, 0.0, 0.0, 0.0, 0.0, 1.0, 0.0, 0.0, 1.0, 1.0, 1.0, 1.0, 0.0, 0.0, 0.0, 0.0, 0.0, 0.0, 0.0, 0.0, 0.0, 0.0, 0.0, 0.0, 1.0, 0.0, 1.0, 0.0, 0.0, 0.0, 0.0, 0.0, 1.0, 1.0, 0.0, 0.0, 1.0, 1.0, 1.0, 1.0, 1.0, 1.0, 1.0, 1.0, 1.0, 1.0, 1.0, 1.0, 1.0, 1.0, 1.0, 1.0, 1.0, 0.0, 1.0, 1.0, 0.0, 1.0, 0.0, 1.0, 0.0, 1.0, 0.0, 0.0, 1.0, 1.0, 1.0, 1.0, 0.0, 0.0, 1.0, 0.0, 1.0, 1.0, 1.0, 1.0, 0.0, 0.0, 0.0, 0.0, 0.0, 0.0, 0.0, 1.0, 0.0, 0.0, 0.0, 0.0, 1.0, 1.0, 1.0, 1.0, 0.0, 0.0, 0.0, 0.0, 0.0, 1.0, 1.0, 1.0, 0.0, 1.0, 1.0, 0.0, 1.0, 1.0, 1.0, 1.0, 0.0, 0.0, 0.0, 0.0, 1.0, 0.0, 1.0, 1.0, 1.0, 0.0, 0.0, 1.0, 1.0, 1.0, 1.0, 1.0, 1.0, 1.0, 1.0, 0.0, 0.0, 0.0, 1.0, 0.0, 0.0, 1.0, 0.0, 0.0, 1.0, 1.0, 1.0, 1.0, 0.0, 0.0, 0.0, 0.0, 1.0, 1.0, 1.0, 0.0, 0.0, 0.0, 1.0, 0.0, 1.0, 1.0, 1.0, 1.0, 0.0, 0.0, 0.0, 0.0, 0.0, 0.0, 0.0, 0.0, 0.0, 0.0, 0.0, 0.0, 0.0, 1.0, 0.0, 1.0, 0.0, 1.0, 1.0, 0.0, 1.0, 1.0, 1.0, 1.0, 1.0, 0.0, 0.0, 1.0]",-311.9759791000219,630.4973078603782,-482.430437669722,964.860875339444,343.7423541545489,-5.548095063278843,-5.545177444479562,13.175631668237521,11.090354888959125,343.74729208619806,-11.093280928665491,-11.090354888959125,24.959150579570764,22.18070977791825,1.0908740239314543,"[0.0, 0.0, 1.0, 0.0, 0.0, 0.0, 0.0, 0.0, 1.0, 1.0, 1.0, 1.0, 0.877, 0.877, 0.877, 0.0, 1.0, 0.259, 1.0, 1.0, 0.8015, 0.0, 0.259, 1.0, 1.0, 1.0, 1.0, 1.0, 1.0, 1.0, 1.0, 0.0, 0.0, 0.0, 1.0, 0.0, 0.0, 0.0, 1.0, 0.0, 0.0, 0.0, 1.0, 0.0, 0.0, 0.0, 1.0, 0.0, 0.0, 0.0, 0.0, 0.0775, 0.0, 0.0, 0.1635, 0.47100000000000003, 1.0, 1.0, 1.0, 1.0, 0.0, 0.0, 0.0, 0.0, 0.0, 0.0, 0.0, 0.0, 0.0, 0.0, 0.0, 0.0, 1.0, 1.0, 1.0, 1.0, 1.0, 1.0, 1.0, 0.0, 1.0, 1.0, 1.0, 1.0, 0.0, 0.0, 0.0, 0.0, 0.0, 0.0, 0.0, 0.0, 0.0, 0.113, 0.113, 0.0, 0.0, 0.0, 0.0, 1.0, 0.0, 0.0, 0.0, 0.0, 1.0, 1.0, 1.0, 1.0, 0.0, 0.0, 0.0, 0.0, 0.9995, 1.0, 1.0, 0.663, 1.0, 1.0, 1.0, 0.353, 1.0, 1.0, 1.0, 1.0, 0.082, 0.082, 0.0, 0.0, 0.973, 1.0, 0.7655000000000001, 0.605, 0.973, 1.0, 1.0, 0.368, 0.0, 0.0, 1.0, 0.0, 1.0, 0.0, 1.0, 0.0, 1.0, 1.0, 1.0, 1.0, 0.0, 0.0, 1.0, 0.0, 1.0, 1.0, 1.0, 1.0, 0.0, 0.9465, 0.0, 0.0, 0.666, 1.0, 0.666, 0.666, 0.0, 0.0, 0.7975, 0.0, 0.0, 0.9430000000000001, 0.0, 1.0, 1.0, 0.0, 0.0, 0.0, 0.0, 1.0, 0.0, 0.0, 0.0, 0.0, 0.0, 0.0, 1.0, 1.0, 1.0, 1.0, 0.0, 0.0, 0.0, 0.0, 1.0, 1.0, 1.0, 1.0, 1.0, 1.0, 1.0, 0.0005, 1.0, 1.0, 1.0, 1.0, 1.0, 1.0, 0.0, 1.0, 1.0, 1.0, 1.0, 1.0, 0.0, 0.0, 0.0, 0.0, 1.0, 1.0, 1.0, 1.0, 1.0, 1.0, 1.0, 0.0, 1.0, 0.0, 1.0, 0.0, 0.0, 0.0, 0.0, 0.0, 0.0, 1.0, 0.0, 1.0, 0.0, 1.0, 0.0, 1.0, 1.0, 1.0, 1.0, 1.0, 1.0, 1.0, 1.0, 0.0, 1.0, 0.0, 1.0, 1.0, 1.0, 0.0, 0.0, 1.0, 1.0, 1.0, 1.0, 1.0, 1.0, 1.0, 1.0, 1.0, 0.0, 0.9580000000000001, 0.0, 0.0, 0.0, 0.0, 0.0045000000000000005, 0.0, 0.0, 0.0, 0.0, 0.0, 0.0, 0.0, 0.0, 1.0, 0.0, 0.0, 0.0005, 0.0, 0.0, 0.0, 0.0, 0.0, 0.0, 1.0, 0.0, 0.0, 0.0, 0.0, 0.0, 0.0, 1.0, 1.0, 1.0, 0.001, 0.001, 0.001, 1.0, 0.0, 0.0, 0.0, 0.6225, 0.0, 0.0, 0.0, 0.0, 0.0, 1.0, 1.0, 1.0, 1.0, 0.0, 0.0, 0.0, 0.0, 0.0, 0.0, 0.0, 0.0, 0.0, 0.0, 0.0, 0.0, 1.0, 1.0, 1.0, 1.0, 1.0, 1.0, 1.0, 0.0, 0.0, 0.0, 0.0, 1.0, 0.0, 0.0, 1.0, 0.0, 1.0, 1.0, 1.0, 1.0, 0.0, 0.0, 0.0, 0.0, 0.0, 1.0, 0.0, 0.0, 1.0, 0.0, 0.0, 1.0, 1.0, 1.0, 1.0, 1.0, 0.0, 0.0, 0.0, 0.0, 1.0, 1.0, 1.0, 1.0, 1.0, 0.0, 1.0, 1.0, 0.0, 0.0005, 0.0, 0.0, 0.0, 0.38, 0.0, 0.0, 1.0, 1.0, 1.0, 1.0, 0.0, 0.0, 0.0, 0.0, 1.0, 1.0, 1.0, 0.999, 1.0, 1.0, 1.0, 0.0195, 1.0, 1.0, 1.0, 1.0, 0.0, 0.0, 0.0, 0.0, 0.0, 0.6285000000000001, 0.0, 0.328, 0.0, 0.0, 0.6285000000000001, 0.0, 0.0, 0.0, 0.0, 0.0, 0.0, 0.0, 0.0, 1.0, 1.0, 1.0, 1.0, 1.0, 0.0, 0.0, 0.0, 0.0, 1.0, 1.0, 1.0, 1.0, 1.0, 1.0, 1.0, 0.0, 1.0, 1.0, 1.0, 1.0, 1.0, 1.0, 0.0375, 1.0, 1.0, 1.0, 1.0, 1.0, 0.0, 0.0, 0.0, 0.0, 1.0, 1.0, 1.0, 1.0, 1.0, 1.0, 1.0, 0.0, 1.0, 1.0, 1.0, 1.0, 1.0, 1.0, 0.0, 1.0, 1.0, 1.0, 1.0, 1.0, 0.0, 0.0, 0.0, 0.0, 1.0, 1.0, 1.0, 1.0, 1.0, 1.0, 1.0, 1.0, 0.0, 0.0, 0.4395, 0.0, 0.0, 0.0, 0.001, 1.0, 0.0, 0.0, 0.0, 0.0, 0.0, 0.0, 0.0, 0.0, 1.0, 1.0, 1.0, 0.0, 1.0, 0.0, 0.0, 1.0, 0.0, 0.0, 1.0, 1.0, 1.0, 0.0, 0.0, 0.0, 0.0, 0.0, 0.0, 0.0, 0.0, 0.0, 0.0, 0.0, 1.0, 1.0, 1.0, 1.0, 0.0, 0.0, 0.0, 0.0, 0.0, 0.0, 0.0, 0.0, 0.0, 1.0, 0.0, 0.0, 1.0, 1.0, 1.0, 1.0, 0.0, 0.4945, 0.0, 0.0, 1.0, 1.0, 1.0, 1.0, 0.0, 0.0, 1.0, 1.0, 1.0, 1.0, 1.0, 1.0, 0.0, 0.0, 0.0, 0.0, 1.0, 1.0, 1.0, 1.0, 1.0, 0.704, 0.296, 0.0, 1.0, 1.0, 1.0, 1.0, 0.0, 0.0, 1.0, 1.0, 1.0, 1.0, 1.0, 1.0, 0.0, 0.0, 0.0, 0.0, 0.006, 1.0, 0.006, 0.708, 0.298, 1.0, 0.298, 1.0, 1.0, 1.0, 1.0, 1.0, 0.0, 0.0, 0.0, 0.0, 1.0, 0.0, 1.0, 1.0, 1.0, 0.0, 0.0, 1.0, 0.0, 1.0, 1.0, 1.0, 0.0, 0.0, 0.0, 0.0, 1.0, 0.224, 1.0, 1.0, 0.776, 0.0, 0.224, 1.0, 1.0, 1.0, 1.0, 1.0, 0.0, 0.0, 0.0, 0.0, 1.0, 1.0, 0.0, 1.0, 1.0, 1.0, 0.0, 1.0, 1.0, 1.0, 1.0, 1.0, 0.0, 0.0, 0.0, 0.0, 1.0, 1.0, 1.0, 1.0, 1.0, 1.0, 1.0, 0.0, 1.0, 1.0, 1.0, 1.0, 0.0, 0.0, 0.0, 0.0, 0.0, 0.0, 0.0, 0.0, 0.0, 0.0, 0.0, 0.0, 1.0, 0.4865, 1.0, 1.0, 1.0, 0.0075, 0.4865, 1.0, 0.0225, 0.0, 0.0, 0.9775, 0.0, 0.0, 0.0, 0.0]",-419.18595103414617,844.9172517286268,-482.430437669722,964.860875339444,1.9575784417360447,-5.29250590535006,-5.545177444479562,12.664453352379956,11.090354888959125,1.9576219756587763,-10.585011810533594,-11.090354888959125,23.94261234330697,22.18070977791825,0.5787520451143159,"[1.0, 1.0, 1.0, 1.0, 1.0, 0.0, 1.0, 0.0, 1.0, 1.0, 1.0, 1.0, 1.0, 1.0, 1.0, 0.0, 0.0, 0.0, 0.0, 0.0, 0.0, 0.0, 0.0, 0.0, 1.0, 1.0, 1.0, 1.0, 0.0, 0.0, 1.0, 0.0, 0.0, 0.0, 0.0, 0.0, 0.0, 1.0, 0.0, 0.0, 0.0, 0.0, 0.0, 0.0, 0.0, 0.0, 0.0, 0.0, 1.0, 1.0, 1.0, 1.0, 0.0, 0.0, 0.0, 0.0, 1.0, 1.0, 1.0, 1.0, 0.0, 0.0, 0.0, 0.0, 0.0, 0.0, 0.0, 0.0, 0.0, 1.0, 1.0, 0.0, 1.0, 1.0, 1.0, 1.0, 0.0, 0.0, 0.0, 0.0, 1.0, 1.0, 1.0, 1.0, 0.0, 0.0, 0.0, 0.0, 0.0, 0.0, 0.0, 0.0, 0.0, 0.0, 0.0, 0.0, 1.0, 1.0, 1.0, 1.0, 1.0, 1.0, 1.0, 0.0, 1.0, 1.0, 1.0, 1.0, 1.0, 0.0, 1.0, 0.0, 0.0, 1.0, 0.0, 0.0, 1.0, 1.0, 1.0, 0.0, 1.0, 1.0, 0.0, 1.0, 1.0, 0.0, 0.0, 0.0, 1.0, 1.0, 1.0, 0.0, 1.0, 1.0, 1.0, 1.0, 1.0, 1.0, 1.0, 1.0, 0.0, 0.0, 0.0, 0.0, 1.0, 1.0, 1.0, 0.0, 0.0, 0.0, 1.0, 0.0, 0.0, 0.0, 1.0, 0.0, 0.0, 0.0, 0.0, 0.0, 1.0, 1.0, 1.0, 0.0, 0.0, 0.0, 1.0, 0.0, 0.0, 0.0, 0.0, 1.0, 0.0, 0.0, 0.0, 0.0, 0.0, 0.0, 0.0, 1.0, 0.0, 0.0, 0.0, 0.0, 1.0, 1.0, 1.0, 1.0, 0.0, 0.0, 0.0, 0.0, 1.0, 1.0, 1.0, 0.0, 0.0, 0.0, 1.0, 0.0, 1.0, 1.0, 1.0, 1.0, 0.0, 0.0, 0.0, 0.0, 1.0, 1.0, 1.0, 1.0, 0.0, 0.0, 0.0, 0.0, 1.0, 1.0, 1.0, 1.0, 1.0, 1.0, 1.0, 0.0, 0.0, 0.0, 0.0, 0.0, 1.0, 0.0, 0.0, 0.0, 1.0, 1.0, 1.0, 1.0, 1.0, 1.0, 1.0, 1.0, 1.0, 1.0, 1.0, 1.0, 1.0, 1.0, 1.0, 0.0, 0.0, 0.0, 0.0, 0.0, 0.0, 0.0, 0.0, 0.0, 0.0, 1.0, 0.0, 1.0, 0.0, 1.0, 0.0, 1.0, 0.0, 0.0, 0.0, 1.0, 0.0, 0.0, 0.0, 0.0, 1.0, 1.0, 1.0, 0.0, 0.0, 0.0, 1.0, 0.0, 0.0, 0.0, 1.0, 0.0, 0.0, 0.0, 0.0, 0.0, 0.0, 1.0, 1.0, 1.0, 0.0, 0.0, 0.0, 0.0, 1.0, 1.0, 1.0, 0.0, 1.0, 1.0, 1.0, 1.0, 0.0, 0.0, 1.0, 0.0, 0.0, 0.0, 0.0, 0.0, 1.0, 1.0, 1.0, 1.0, 1.0, 1.0, 1.0, 0.0, 1.0, 1.0, 1.0, 1.0, 0.0, 0.0, 0.0, 0.0, 1.0, 1.0, 1.0, 1.0, 0.0, 0.0, 0.0, 0.0, 0.0, 1.0, 0.0, 0.0, 0.0, 0.0, 0.0, 0.0, 0.0, 0.0, 0.0, 0.0, 0.0, 0.0, 0.0, 0.0, 0.0, 0.0, 0.0, 0.0, 0.0, 0.0, 0.0, 0.0, 1.0, 1.0, 0.0, 1.0, 1.0, 0.0, 1.0, 0.0, 1.0, 1.0, 1.0, 1.0, 1.0, 0.0, 1.0, 1.0, 0.0, 0.0, 0.0, 0.0, 0.0, 1.0, 1.0, 0.0, 1.0, 0.0, 0.0, 1.0, 0.0, 0.0, 0.0, 0.0, 1.0, 1.0, 1.0, 0.0, 0.0, 0.0, 1.0, 0.0, 1.0, 1.0, 1.0, 0.0, 0.0, 0.0, 0.0, 0.0, 1.0, 1.0, 1.0, 1.0, 1.0, 1.0, 1.0, 0.0, 0.0, 0.0, 0.0, 0.0, 0.0, 0.0, 0.0, 0.0, 1.0, 0.0, 1.0, 0.0, 0.0, 0.0, 0.0, 0.0, 1.0, 1.0, 1.0, 1.0, 1.0, 1.0, 1.0, 0.0, 1.0, 1.0, 1.0, 1.0, 1.0, 1.0, 0.0, 1.0, 1.0, 1.0, 1.0, 1.0, 0.0, 0.0, 0.0, 0.0, 1.0, 1.0, 1.0, 1.0, 1.0, 1.0, 1.0, 0.0, 0.0, 1.0, 1.0, 1.0, 0.0, 0.0, 0.0, 0.0, 1.0, 1.0, 1.0, 1.0, 0.0, 0.0, 0.0, 0.0, 1.0, 0.0, 1.0, 0.0, 0.0, 0.0, 0.0, 0.0, 1.0, 1.0, 1.0, 1.0, 1.0, 0.0, 1.0, 0.0, 1.0, 1.0, 1.0, 0.0, 1.0, 1.0, 0.0, 1.0, 1.0, 1.0, 1.0, 1.0, 0.0, 0.0, 0.0, 0.0, 0.0, 0.0, 0.0, 0.0, 0.0, 0.0, 0.0, 0.0, 1.0, 1.0, 1.0, 1.0, 0.0, 0.0, 0.0, 0.0, 0.0, 0.0, 0.0, 0.0, 0.0, 0.0, 0.0, 0.0, 0.0, 0.0, 0.0, 0.0, 0.0, 0.0, 0.0, 0.0, 1.0, 1.0, 0.0, 0.0, 1.0, 1.0, 1.0, 1.0, 1.0, 1.0, 1.0, 1.0, 1.0, 1.0, 1.0, 1.0, 1.0, 1.0, 1.0, 1.0, 1.0, 0.0, 1.0, 1.0, 0.0, 1.0, 0.0, 1.0, 0.0, 1.0, 0.0, 0.0, 1.0, 1.0, 1.0, 1.0, 0.0, 0.0, 1.0, 0.0, 1.0, 1.0, 1.0, 1.0, 0.0, 0.0, 0.0, 0.0, 0.0, 0.0, 0.0, 1.0, 0.0, 0.0, 0.0, 0.0, 1.0, 1.0, 1.0, 1.0, 0.0, 0.0, 0.0, 0.0, 0.0, 1.0, 1.0, 1.0, 0.0, 1.0, 1.0, 0.0, 1.0, 1.0, 1.0, 1.0, 0.0, 0.0, 0.0, 0.0, 1.0, 0.0, 1.0, 1.0, 1.0, 0.0, 0.0, 1.0, 1.0, 1.0, 1.0, 1.0, 1.0, 1.0, 1.0, 0.0, 0.0, 1.0, 1.0, 1.0, 1.0, 1.0, 0.0, 0.0, 1.0, 1.0, 1.0, 1.0, 0.0, 0.0, 0.0, 0.0, 1.0, 1.0, 1.0, 0.0, 0.0, 0.0, 1.0, 0.0, 1.0, 1.0, 1.0, 1.0, 0.0, 0.0, 0.0, 0.0, 0.0, 0.0, 0.0, 0.0, 0.0, 0.0, 0.0, 0.0, 0.0, 0.0, 1.0, 1.0, 0.0, 0.0, 0.0, 0.0, 1.0, 1.0, 1.0, 1.0, 1.0, 0.0, 0.0, 1.0]",-295.2442605392121,597.0338707387587,-482.430437669722,964.860875339444,83.793026292838,-11.090639735970253,24.953868194180288,1.2846122460949685,-433.45128860920846,873.4479268787513,True,False,False,False,False,0.375,0.25,0.4375,0.625,0.5625,0.5,0.6875,1.0,0.5,0.5,0.75,1.0,"Z.exists(lambda x1: Z.equal(x1,'no','grounded'),X)","Z.exists(lambda x1: Z.forall(lambda x2: Z.hor_operator(x1,x2,'contact'),X),X)","Z.exists(lambda x1: Z.equal(x1,'red','colour'),X)","Z.exists(lambda x1: Z.greater(x1, 3,'size'),X)",0.25,0.375,0.5,1.0,0.5,0.7083333333333334,0.6982758620689655,0.6867816091954023,0.6954022988505747,0.6925287356321839,5.241379310344827,398,0,0,0,2000,0
44,55,108,JP0CgbU9FF,eTezpoT_HJz9VdgvAABe,Omega,all are blue OR small,"[False, False, True, True, True, False, False, False]","[False, False, True, True, True, False, False, False]",0.625,0.625,two cones to touch,"[['x1'],['x1','x2']]","Z.exists(lambda x1: Z.exists(lambda x2: Z.hor_operator(x1,x2,'contact'),X),X)",two cones to touch,"[{'ids': [0, 1, 2], 'colours': ['green', 'blue', 'green'], 'sizes': [1, 2, 1], 'xpos': [0.36959413505621275, 3.3555395866775566, 2.6478519224999433], 'ypos': [4.111666666666668, 4.111646661557346, 4.107683490415345], 'rotations': [3.141592653589794, 3.141570133408743, 3.145070980983599], 'orientations': ['upright', 'upright', 'upright'], 'contact': [[0], [1, 2], [2, 1]], 'grounded': ['yes', 'yes', 'yes'], 'follow_rule': True}, {'ids': [0, 1, 2], 'colours': ['green', 'red', 'blue'], 'sizes': [2, 1, 3], 'xpos': [3.2961376004462655, 4.010950800926427, 6.77491132561344], 'ypos': [4.108128696419976, 4.108119957291673, 3.6831196081370985], 'rotations': [3.139830459443381, 3.1438676356663326, 4.153359803006026], 'orientations': ['upright', 'upright', 'strange'], 'contact': [[0], [1], [2]], 'grounded': ['yes', 'yes', 'yes'], 'follow_rule': False}, {'ids': [0, 1, 2, 3], 'colours': ['red', 'green', 'green', 'blue'], 'sizes': [3, 2, 3, 2], 'xpos': [6.125002355287497, 3.438766972008233, 2.794961896802751, 4.644185281794959], 'ypos': [4.109963747784614, 4.10913402267914, 3.6377202903405426, 3.733744073486527], 'rotations': [3.1381868059223383, 3.141684674703776, 1.2465551505619006, 5.046181602588735], 'orientations': ['upright', 'upright', 'lhs', 'rhs'], 'contact': [[0], [1], [2], [3]], 'grounded': ['yes', 'yes', 'yes', 'yes'], 'follow_rule': False}, {'ids': [0, 1, 2, 3], 'colours': ['red', 'red', 'red', 'green'], 'sizes': [1, 2, 3, 1], 'xpos': [2.703483927769952, 3.414326410111337, 2.014136828608921, 1.628968337301766], 'ypos': [4.053524222292256, 4.107747429098529, 3.7240998829392544, 3.8260621376748696], 'rotations': [3.3357336155069985, 3.1442743689560286, 4.019911486768618, 5.073011793066412], 'orientations': ['upright', 'upright', 'strange', 'rhs'], 'contact': [[0, 2], [1], [2, 0, 3], [3, 2]], 'grounded': ['yes', 'yes', 'yes', 'yes'], 'follow_rule': False}, {'ids': [0, 1, 2], 'colours': ['green', 'blue', 'red'], 'sizes': [1, 2, 1], 'xpos': [7.618310346136927, 5.322190304680832, 6.033353415212411], 'ypos': [4.107751968917043, 4.108625342137106, 4.107659127462595], 'rotations': [3.146847467268755, 3.1442560797659587, 3.1425278053820422], 'orientations': ['upright', 'upright', 'upright'], 'contact': [[0], [1], [2]], 'grounded': ['yes', 'yes', 'yes'], 'follow_rule': True}, {'ids': [0, 1, 2], 'colours': ['red', 'red', 'blue'], 'sizes': [1, 2, 2], 'xpos': [2.4550189567696625, 0.45562353775401376, 3.163811189147572], 'ypos': [4.108271506585401, 4.107327578663332, 4.108327904134895], 'rotations': [3.14616413926914, 3.143503527634112, 3.1436635214475346], 'orientations': ['upright', 'upright', 'upright'], 'contact': [[0, 2], [1], [2, 0]], 'grounded': ['yes', 'yes', 'yes'], 'follow_rule': False}, {'ids': [0, 1, 2, 3], 'colours': ['blue', 'red', 'red', 'blue'], 'sizes': [3, 1, 2, 3], 'xpos': [1.9361882030131907, 7.474472673468845, 1.2907319378490627, 7.402441914031611], 'ypos': [4.1116627417151905, 4.108403214327861, 3.7337161365930838, 4.1083180240315835], 'rotations': [3.1415849576062085, 3.144003517081608, 1.2363612894183944, 3.1425080139610073], 'orientations': ['upright', 'upright', 'lhs', 'upright'], 'contact': [[0], [1], [2], [3]], 'grounded': ['yes', 'yes', 'yes', 'yes'], 'follow_rule': False}, {'ids': [0, 1, 2], 'colours': ['red', 'red', 'red'], 'sizes': [1, 2, 3], 'xpos': [3.934300768429933, 3.0658269014601807, 1.9027808101884933], 'ypos': [4.104913219810443, 3.7570234195007535, 3.6514927641301638], 'rotations': [3.1511347896410324, 4.229948773341359, 4.289662104746421], 'orientations': ['upright', 'strange', 'strange'], 'contact': [[0, 1], [1, 0, 2], [2, 1]], 'grounded': ['yes', 'yes', 'yes'], 'follow_rule': False}, {'ids': [0], 'colours': ['red'], 'sizes': [1], 'xpos': [0.980966455584144], 'ypos': [4.15692217898732], 'rotations': [3.14075602080225], 'contact': [{'V1': 0}], 'grounded': ['yes']}, {'ids': [0, 1], 'colours': ['blue', 'blue'], 'sizes': [2, 2], 'xpos': [5.53919900438758, 1.65854079923742], 'ypos': [4.15829751656101, 4.15751198256046], 'rotations': [3.14294469336728, 3.13947439604659], 'contact': [{'V1': 0, 'V2': 1}], 'grounded': ['yes', 'yes']}, {'ids': [0, 1, 2], 'colours': ['blue', 'red', 'blue'], 'sizes': [1, 1, 1], 'xpos': [2.91233558185412, 3.62676822308812, 1.29792616640764], 'ypos': [4.1571699418337, 4.15734457821355, 3.87855314146574], 'rotations': [3.14061931424498, 3.14080979983927, 1.21335141178178], 'contact': [{'V1': 0, 'V2': 1, 'V3': 2}], 'grounded': ['yes', 'yes', 'yes']}, {'ids': [0, 1, 2, 3], 'colours': ['blue', 'red', 'blue', 'green'], 'sizes': [1, 1, 2, 1], 'xpos': [2.95609825059217, 3.96209693679724, 2.2390687716568, 6.71224095289635], 'ypos': [4.15768622476784, 4.15787716497594, 4.15807459370596, 3.87670727460735], 'rotations': [3.13919121672235, 3.14161554480523, 3.13998936351093, 5.07284064751327], 'contact': [{'V1': 0, 'V2': 1, 'V3': 2, 'V4': 3}], 'grounded': ['yes', 'yes', 'yes', 'yes']}, {'ids': [0, 1, 2], 'colours': ['green', 'red', 'red'], 'sizes': [1, 3, 1], 'xpos': [1.21736009446034, 6.88866095105911, 4.29219484852988], 'ypos': [4.15714834736316, 4.15848443530156, 4.15761681621936], 'rotations': [3.14148035908309, 3.14030543965137, 3.14298105798337], 'contact': [{'V1': 0, 'V2': 1, 'V3': 2}], 'grounded': ['yes', 'yes', 'yes']}, {'ids': [0, 1, 2, 3, 4], 'colours': ['green', 'blue', 'green', 'red', 'red'], 'sizes': [2, 2, 2, 2, 3], 'xpos': [3.83090657832267, 2.38910717821051, 3.54259339814947, 1.00881638670343, 0.483372753490727], 'ypos': [4.15913936320131, 4.15701392299474, 3.77761038379749, 3.76166694023043, 3.53535261859211], 'rotations': [3.13980420303635, 3.14077430032494, 1.87848516525718, 1.57196158476873, 2.81423018257197], 'contact': [[0, 2], [1, 2], [2, 0, 1], [3, 4], [4, 3]], 'grounded': ['yes', 'yes', 'yes', 'yes', 'no']}, {'ids': [0, 1, 2], 'colours': ['red', 'blue', 'green'], 'sizes': [2, 2, 2], 'xpos': [6.08097769326034, 5.78861976198164, 1.25011232086784], 'ypos': [3.78458058527285, 4.1039571708585, 3.7795894526631], 'rotations': [5.04856954343186, 3.00593527717321, 5.05105310034866], 'contact': [[0, 1], [1, 0], 2], 'grounded': ['yes', 'yes', 'yes']}, {'ids': [0, 1, 2, 3], 'colours': ['red', 'green', 'red', 'red'], 'sizes': [2, 2, 2, 1], 'xpos': [4.475106476545, 0.413561660061233, 6.37662276433712, 5.00296952327856], 'ypos': [4.1607559072369, 4.15829244701068, 3.77944860362373, 3.87681059949227], 'rotations': [3.14176346787067, 3.1433043689908, 5.0514105380658, 5.07138540402654], 'contact': [{'V1': 0, 'V2': 1, 'V3': 2, 'V4': 3}], 'grounded': ['yes', 'yes', 'yes', 'yes']}]","[False, True, False, True, True, False, False, True]","[True, False, False, True, True, True, True, False]","[False, False, True, False, False, False, False, False]","[False, True, False, False, False, False, False, True]","[False, True, True, True, True, False, False, False]","[True, False, True, True, True, True, True, True]","[False, False, False, False, False, False, False, False]","[False, True, False, False, False, False, False, False]",0.125,-0.125,0.0,-0.25,0.625,0.875,0.375,0.625,0.25,0.0,0.25,0.0,0.375,0.125,0.5138983454564625,-3.0141612900514945,-5.545177444479562,8.107764121782825,11.090354888959125,1.0,-8.414870896963393,-11.090354888959125,19.602330516166568,22.18070977791825,1.0502311195665048,"[1.0, 1.0, 1.0, 1.0, 1.0, 0.0, 1.0, 0.0, 1.0, 1.0, 1.0, 1.0, 1.0, 1.0, 1.0, 0.0135, 0.9530000000000001, 0.092, 0.5895, 0.5895, 1.0, 0.0, 0.0, 0.861, 1.0, 1.0, 1.0, 0.2925, 0.999, 0.999, 1.0, 0.7155, 0.0, 0.0, 1.0, 0.0, 0.0, 0.0, 1.0, 0.0, 0.0, 0.0, 1.0, 0.0, 0.0, 0.0, 1.0, 0.0, 1.0, 1.0, 1.0, 1.0, 0.0, 0.0, 0.0, 0.0, 1.0, 1.0, 1.0, 1.0, 0.935, 0.935, 0.935, 0.935, 1.0, 1.0, 1.0, 1.0, 0.0, 1.0, 0.0, 0.0, 0.0, 1.0, 1.0, 1.0, 1.0, 1.0, 1.0, 1.0, 1.0, 1.0, 1.0, 1.0, 0.0935, 0.0935, 0.0935, 0.0935, 1.0, 1.0, 1.0, 1.0, 1.0, 1.0, 1.0, 1.0, 1.0, 1.0, 1.0, 1.0, 1.0, 1.0, 1.0, 0.013000000000000001, 1.0, 1.0, 0.998, 1.0, 1.0, 0.002, 0.998, 0.002, 1.0, 1.0, 1.0, 1.0, 1.0, 1.0, 1.0, 0.0, 0.973, 1.0, 0.9530000000000001, 1.0, 0.8925000000000001, 0.9195, 0.17400000000000002, 0.201, 1.0, 1.0, 1.0, 1.0, 0.0, 0.0, 0.0, 0.0, 1.0, 1.0, 1.0, 0.24, 1.0, 1.0, 0.968, 1.0, 0.653, 0.653, 0.653, 1.0, 0.2535, 0.2535, 0.7035, 0.10300000000000001, 1.0, 1.0, 1.0, 1.0, 0.0, 1.0, 0.0, 0.0, 1.0, 1.0, 1.0, 0.012, 0.988, 0.988, 1.0, 1.0, 1.0, 0.0, 1.0, 1.0, 1.0, 0.0, 0.0, 1.0, 0.0, 0.0, 0.0, 1.0, 1.0, 0.0, 0.0, 0.0, 1.0, 1.0, 1.0, 1.0, 0.0, 0.0, 0.0, 0.0, 1.0, 1.0, 1.0, 1.0, 0.0, 0.0, 0.0, 0.0, 1.0, 1.0, 1.0, 1.0, 1.0, 1.0, 0.841, 1.0, 1.0, 1.0, 1.0, 1.0, 0.0, 0.0, 0.0, 0.0, 1.0, 1.0, 1.0, 1.0, 1.0, 1.0, 1.0, 0.0, 0.197, 0.0, 0.85, 0.653, 0.803, 0.0, 0.0, 0.0, 0.8525, 0.847, 0.9935, 0.847, 0.28300000000000003, 0.4305, 0.426, 0.426, 1.0, 1.0, 1.0, 1.0, 1.0, 1.0, 1.0, 0.0, 0.798, 1.0, 0.7995, 0.7995, 0.0275, 0.029, 0.2265, 0.1975, 1.0, 1.0, 1.0, 1.0, 0.0, 0.0, 0.0, 0.0, 0.862, 0.854, 0.8595, 0.8955000000000001, 0.045, 0.0005, 0.8695, 0.8505, 1.0, 1.0, 1.0, 0.022, 1.0, 1.0, 1.0, 0.978, 0.28400000000000003, 0.0145, 0.1885, 0.0275, 0.2755, 0.0, 0.0015, 0.013000000000000001, 0.0, 0.0, 0.0, 1.0, 1.0, 0.0, 0.0, 0.0, 1.0, 1.0, 1.0, 1.0, 0.0, 0.0, 0.0, 0.0, 1.0, 1.0, 1.0, 1.0, 1.0, 0.0, 1.0, 0.0, 1.0, 1.0, 1.0, 1.0, 1.0, 1.0, 1.0, 0.0, 1.0, 1.0, 1.0, 0.728, 0.8265, 0.5545, 0.5545, 0.8265, 1.0, 1.0, 1.0, 1.0, 1.0, 1.0, 1.0, 1.0, 1.0, 1.0, 1.0, 0.8715, 0.9365, 0.8695, 0.8695, 0.9365, 0.229, 0.229, 0.229, 0.229, 0.801, 0.03, 0.03, 0.801, 0.0, 0.0, 0.0, 1.0, 1.0, 0.0, 0.0, 0.0, 0.108, 0.114, 0.2315, 0.108, 0.114, 0.07050000000000001, 0.0495, 0.006, 1.0, 1.0, 1.0, 1.0, 0.0, 0.0, 0.0, 0.0, 0.8955000000000001, 0.895, 0.0115, 0.0, 0.883, 0.0, 0.0, 0.0, 1.0, 1.0, 1.0, 1.0, 0.0, 0.0, 0.0, 0.0, 0.902, 0.902, 0.902, 0.678, 0.88, 0.88, 0.902, 0.807, 1.0, 1.0, 1.0, 1.0, 0.0, 0.0, 0.0, 0.0, 1.0, 1.0, 1.0, 1.0, 1.0, 1.0, 1.0, 0.0, 1.0, 1.0, 1.0, 1.0, 0.0, 0.0, 0.0, 0.0, 1.0, 1.0, 1.0, 1.0, 0.008, 0.008, 0.008, 0.008, 1.0, 1.0, 1.0, 1.0, 1.0, 1.0, 1.0, 0.0, 1.0, 1.0, 1.0, 1.0, 1.0, 1.0, 0.6980000000000001, 1.0, 1.0, 1.0, 1.0, 1.0, 0.0, 0.0, 0.0, 0.0, 1.0, 1.0, 1.0, 1.0, 1.0, 1.0, 1.0, 0.0, 0.9530000000000001, 0.9530000000000001, 0.9530000000000001, 1.0, 1.0, 1.0, 0.641, 0.9530000000000001, 1.0, 1.0, 1.0, 1.0, 0.0, 0.0, 0.0, 0.0, 1.0, 1.0, 1.0, 1.0, 1.0, 1.0, 1.0, 1.0, 1.0, 1.0, 1.0, 1.0, 0.0, 0.0, 0.0, 0.0, 1.0, 1.0, 1.0, 1.0, 1.0, 1.0, 1.0, 1.0, 1.0, 1.0, 1.0, 1.0, 0.021500000000000002, 0.021500000000000002, 0.021500000000000002, 0.021500000000000002, 0.021500000000000002, 0.003, 0.02, 0.0095, 0.0095, 0.964, 0.9555, 0.0095, 1.0, 1.0, 1.0, 1.0, 1.0, 1.0, 1.0, 1.0, 1.0, 1.0, 1.0, 1.0, 0.0, 0.0, 0.0, 0.0, 1.0, 1.0, 1.0, 1.0, 0.0, 0.0, 1.0, 1.0, 1.0, 0.873, 0.198, 0.198, 1.0, 1.0, 0.6905, 1.0, 1.0, 1.0, 1.0, 1.0, 1.0, 1.0, 1.0, 0.0, 1.0, 0.999, 0.999, 1.0, 0.0025, 0.0025, 0.0025, 0.0025, 1.0, 1.0, 1.0, 1.0, 1.0, 0.686, 0.314, 0.0, 1.0, 1.0, 1.0, 1.0, 0.524, 0.524, 1.0, 0.47600000000000003, 1.0, 1.0, 1.0, 1.0, 0.008, 0.008, 0.008, 0.008, 0.9935, 0.9935, 0.9775, 0.9935, 0.9935, 0.0225, 0.988, 0.017, 1.0, 1.0, 1.0, 1.0, 0.0725, 0.0725, 0.0725, 0.0725, 0.041, 1.0, 1.0, 0.9590000000000001, 0.041, 0.9590000000000001, 1.0, 0.0, 0.7435, 0.9835, 0.7425, 0.986, 0.7435, 0.7435, 0.256, 0.987, 1.0, 0.005, 1.0, 1.0, 1.0, 0.005, 0.005, 1.0, 1.0, 1.0, 1.0, 1.0, 1.0, 1.0, 1.0, 0.0, 1.0, 1.0, 1.0, 1.0, 0.0, 0.0, 0.0, 0.0, 1.0, 1.0, 1.0, 1.0, 0.0, 0.0, 0.0, 0.0, 0.9705, 0.9705, 0.9145, 1.0, 0.8015, 0.8015, 0.9705, 0.7865, 1.0, 1.0, 1.0, 1.0, 0.0, 0.0, 0.0, 0.0, 1.0, 1.0, 1.0, 1.0, 0.0, 0.0, 0.0, 0.0, 1.0, 1.0, 1.0, 1.0, 0.0, 0.0, 0.0, 0.0, 1.0, 1.0, 1.0, 1.0, 1.0, 1.0, 1.0, 1.0]",-418.5875071169283,843.720363894191,-482.430437669722,964.860875339444,342.8813414778817,-5.548102411045162,13.175646363770161,346.454696303353,-11.09325793160588,24.95910458545154,0.6334250289943713,"[1.0, 1.0, 1.0, 1.0, 1.0, 0.0, 1.0, 0.0, 1.0, 1.0, 1.0, 1.0, 1.0, 1.0, 1.0, 0.0, 0.0, 0.0, 0.0, 0.0, 0.0, 0.0, 0.0, 0.0, 1.0, 1.0, 1.0, 0.0, 0.0, 0.0, 1.0, 0.0, 0.0, 0.0, 1.0, 1.0, 0.0, 1.0, 1.0, 1.0, 1.0, 1.0, 1.0, 1.0, 0.0, 0.0, 1.0, 1.0, 1.0, 1.0, 1.0, 1.0, 0.0, 0.0, 0.0, 0.0, 1.0, 1.0, 1.0, 1.0, 0.0, 0.0, 0.0, 0.0, 0.0, 0.0, 0.0, 0.0, 0.0, 1.0, 1.0, 0.0, 1.0, 1.0, 1.0, 1.0, 0.0, 0.0, 0.0, 0.0, 1.0, 1.0, 1.0, 1.0, 0.0, 0.0, 0.0, 0.0, 1.0, 1.0, 1.0, 1.0, 1.0, 1.0, 0.0, 1.0, 1.0, 1.0, 1.0, 1.0, 1.0, 1.0, 1.0, 0.0, 1.0, 1.0, 1.0, 1.0, 1.0, 0.0, 1.0, 0.0, 0.0, 1.0, 0.0, 0.0, 1.0, 1.0, 1.0, 0.0, 1.0, 1.0, 0.0, 1.0, 1.0, 0.0, 0.0, 0.0, 1.0, 1.0, 1.0, 0.0, 1.0, 1.0, 1.0, 1.0, 1.0, 1.0, 1.0, 1.0, 0.0, 0.0, 0.0, 0.0, 1.0, 1.0, 1.0, 0.0, 0.0, 0.0, 1.0, 0.0, 0.0, 0.0, 1.0, 0.0, 0.0, 0.0, 0.0, 0.0, 1.0, 1.0, 1.0, 0.0, 0.0, 0.0, 1.0, 0.0, 0.0, 0.0, 0.0, 1.0, 0.0, 0.0, 0.0, 0.0, 0.0, 0.0, 0.0, 1.0, 0.0, 0.0, 0.0, 0.0, 1.0, 1.0, 1.0, 1.0, 0.0, 0.0, 0.0, 0.0, 1.0, 1.0, 1.0, 0.0, 0.0, 0.0, 1.0, 0.0, 1.0, 1.0, 1.0, 1.0, 0.0, 0.0, 0.0, 0.0, 1.0, 1.0, 1.0, 1.0, 0.0, 0.0, 0.0, 0.0, 1.0, 1.0, 1.0, 1.0, 1.0, 1.0, 1.0, 0.0, 0.0, 0.0, 0.0, 0.0, 1.0, 0.0, 0.0, 0.0, 1.0, 1.0, 1.0, 1.0, 1.0, 1.0, 1.0, 1.0, 1.0, 1.0, 1.0, 1.0, 1.0, 1.0, 1.0, 0.0, 0.0, 0.0, 0.0, 0.0, 0.0, 0.0, 0.0, 0.0, 0.0, 1.0, 0.0, 1.0, 0.0, 1.0, 0.0, 1.0, 0.0, 0.0, 0.0, 1.0, 0.0, 0.0, 0.0, 0.0, 1.0, 1.0, 1.0, 0.0, 0.0, 0.0, 1.0, 0.0, 1.0, 1.0, 1.0, 1.0, 1.0, 0.0, 1.0, 0.0, 0.0, 1.0, 1.0, 1.0, 0.0, 0.0, 0.0, 0.0, 1.0, 1.0, 1.0, 0.0, 1.0, 1.0, 1.0, 1.0, 0.0, 1.0, 1.0, 1.0, 0.0, 0.0, 0.0, 0.0, 1.0, 1.0, 1.0, 1.0, 1.0, 1.0, 1.0, 0.0, 1.0, 1.0, 1.0, 1.0, 0.0, 0.0, 0.0, 0.0, 1.0, 1.0, 1.0, 1.0, 0.0, 0.0, 0.0, 0.0, 0.0, 1.0, 0.0, 0.0, 0.0, 0.0, 0.0, 0.0, 1.0, 1.0, 1.0, 1.0, 1.0, 0.0, 1.0, 1.0, 0.0, 0.0, 0.0, 0.0, 0.0, 1.0, 1.0, 0.0, 1.0, 1.0, 1.0, 1.0, 1.0, 0.0, 1.0, 0.0, 1.0, 1.0, 1.0, 1.0, 1.0, 0.0, 1.0, 1.0, 0.0, 0.0, 0.0, 0.0, 0.0, 1.0, 1.0, 0.0, 1.0, 0.0, 0.0, 1.0, 0.0, 0.0, 0.0, 0.0, 1.0, 1.0, 1.0, 0.0, 0.0, 0.0, 1.0, 0.0, 1.0, 1.0, 1.0, 0.0, 0.0, 0.0, 0.0, 0.0, 1.0, 1.0, 1.0, 1.0, 1.0, 1.0, 1.0, 0.0, 0.0, 0.0, 0.0, 0.0, 0.0, 0.0, 0.0, 0.0, 1.0, 0.0, 1.0, 0.0, 0.0, 0.0, 0.0, 0.0, 1.0, 1.0, 1.0, 1.0, 1.0, 1.0, 1.0, 0.0, 1.0, 1.0, 1.0, 1.0, 1.0, 1.0, 0.0, 1.0, 1.0, 1.0, 1.0, 1.0, 0.0, 0.0, 0.0, 0.0, 1.0, 1.0, 1.0, 1.0, 1.0, 1.0, 1.0, 0.0, 0.0, 1.0, 1.0, 1.0, 0.0, 0.0, 0.0, 0.0, 1.0, 1.0, 1.0, 1.0, 0.0, 0.0, 0.0, 0.0, 1.0, 0.0, 1.0, 0.0, 0.0, 0.0, 0.0, 0.0, 1.0, 1.0, 1.0, 1.0, 1.0, 0.0, 1.0, 0.0, 1.0, 1.0, 1.0, 0.0, 1.0, 1.0, 0.0, 1.0, 1.0, 1.0, 1.0, 1.0, 0.0, 0.0, 0.0, 0.0, 0.0, 0.0, 0.0, 0.0, 0.0, 1.0, 0.0, 0.0, 1.0, 1.0, 1.0, 1.0, 0.0, 0.0, 0.0, 0.0, 0.0, 0.0, 0.0, 0.0, 0.0, 0.0, 0.0, 0.0, 1.0, 0.0, 1.0, 0.0, 0.0, 0.0, 0.0, 0.0, 1.0, 1.0, 0.0, 0.0, 1.0, 1.0, 1.0, 1.0, 1.0, 1.0, 1.0, 1.0, 1.0, 1.0, 1.0, 1.0, 1.0, 1.0, 1.0, 1.0, 1.0, 0.0, 1.0, 1.0, 0.0, 1.0, 0.0, 1.0, 0.0, 1.0, 0.0, 0.0, 1.0, 1.0, 1.0, 1.0, 0.0, 0.0, 1.0, 0.0, 1.0, 1.0, 1.0, 1.0, 0.0, 0.0, 0.0, 0.0, 0.0, 0.0, 0.0, 1.0, 0.0, 0.0, 0.0, 0.0, 1.0, 1.0, 1.0, 1.0, 0.0, 0.0, 0.0, 0.0, 0.0, 1.0, 1.0, 1.0, 0.0, 1.0, 1.0, 0.0, 1.0, 1.0, 1.0, 1.0, 0.0, 0.0, 0.0, 0.0, 1.0, 0.0, 1.0, 1.0, 1.0, 0.0, 0.0, 1.0, 1.0, 1.0, 1.0, 1.0, 1.0, 1.0, 1.0, 0.0, 0.0, 1.0, 1.0, 1.0, 1.0, 1.0, 0.0, 0.0, 1.0, 1.0, 1.0, 1.0, 0.0, 0.0, 0.0, 0.0, 1.0, 1.0, 1.0, 0.0, 0.0, 0.0, 1.0, 0.0, 1.0, 1.0, 1.0, 1.0, 0.0, 0.0, 0.0, 0.0, 0.0, 0.0, 0.0, 0.0, 0.0, 0.0, 0.0, 0.0, 0.0, 1.0, 0.0, 1.0, 0.0, 1.0, 1.0, 0.0, 1.0, 1.0, 1.0, 1.0, 1.0, 0.0, 0.0, 1.0]",-318.3726801373107,643.2907099349558,0.9102431057535886,-4.4986811569669065,-5.545177444479562,11.07680385561365,11.090354888959125,1.2682991062320819,-9.937381992883981,-11.090354888959125,22.647352708007745,22.18070977791825,0.6173530694834558,"[1.0, 1.0, 1.0, 1.0, 1.0, 0.0, 1.0, 0.0, 1.0, 1.0, 1.0, 1.0, 1.0, 1.0, 1.0, 0.0, 0.0, 0.0, 0.0, 0.0, 0.0, 0.0, 0.0, 0.0, 1.0, 1.0, 1.0, 0.0, 0.0, 0.0, 1.0, 0.0, 0.0, 0.0, 1.0, 1.0, 0.0, 1.0, 1.0, 1.0, 0.0, 0.0, 0.0, 0.0, 0.0, 0.0, 0.0, 0.0, 1.0, 1.0, 1.0, 1.0, 0.0, 0.0, 0.0, 0.0, 1.0, 1.0, 1.0, 1.0, 0.0, 0.0, 0.0, 0.0, 0.0, 0.0, 0.0, 0.0, 0.0, 1.0, 1.0, 0.0, 0.0, 0.0, 0.0, 1.0, 0.0, 0.0, 0.0, 0.0, 1.0, 1.0, 1.0, 1.0, 0.0, 0.0, 0.0, 0.0, 0.0, 0.0, 0.0, 0.0, 1.0, 1.0, 0.0, 1.0, 1.0, 1.0, 1.0, 1.0, 1.0, 1.0, 1.0, 0.0, 1.0, 1.0, 1.0, 1.0, 1.0, 0.0, 1.0, 0.0, 0.0, 1.0, 0.0, 0.0, 1.0, 1.0, 1.0, 0.0, 1.0, 1.0, 0.0, 1.0, 1.0, 0.0, 0.0, 0.0, 1.0, 1.0, 1.0, 0.0, 1.0, 1.0, 1.0, 1.0, 1.0, 1.0, 1.0, 1.0, 0.0, 0.0, 0.0, 0.0, 1.0, 1.0, 1.0, 0.0, 0.0, 0.0, 1.0, 0.0, 0.0, 0.0, 1.0, 0.0, 0.0, 0.0, 0.0, 0.0, 1.0, 1.0, 1.0, 0.0, 0.0, 0.0, 1.0, 0.0, 0.0, 0.0, 0.0, 1.0, 0.0, 0.0, 0.0, 0.0, 0.0, 0.0, 0.0, 1.0, 0.0, 0.0, 0.0, 0.0, 1.0, 1.0, 1.0, 1.0, 0.0, 0.0, 0.0, 0.0, 1.0, 1.0, 1.0, 0.0, 0.0, 0.0, 1.0, 0.0, 1.0, 1.0, 1.0, 1.0, 0.0, 0.0, 0.0, 0.0, 1.0, 1.0, 1.0, 1.0, 0.0, 0.0, 0.0, 0.0, 1.0, 1.0, 1.0, 1.0, 1.0, 1.0, 1.0, 0.0, 0.0, 0.0, 0.0, 0.0, 1.0, 0.0, 0.0, 0.0, 1.0, 1.0, 1.0, 1.0, 1.0, 1.0, 1.0, 1.0, 1.0, 1.0, 1.0, 1.0, 1.0, 1.0, 1.0, 0.0, 0.0, 0.0, 0.0, 0.0, 0.0, 0.0, 0.0, 0.0, 0.0, 1.0, 0.0, 1.0, 0.0, 1.0, 0.0, 1.0, 0.0, 0.0, 0.0, 1.0, 0.0, 0.0, 0.0, 0.0, 1.0, 1.0, 1.0, 0.0, 0.0, 0.0, 1.0, 0.0, 1.0, 1.0, 1.0, 1.0, 1.0, 0.0, 1.0, 0.0, 0.0, 1.0, 1.0, 1.0, 0.0, 0.0, 0.0, 0.0, 1.0, 1.0, 1.0, 0.0, 1.0, 1.0, 1.0, 1.0, 0.0, 1.0, 1.0, 1.0, 0.0, 0.0, 0.0, 0.0, 1.0, 1.0, 1.0, 1.0, 1.0, 1.0, 1.0, 0.0, 1.0, 1.0, 1.0, 1.0, 0.0, 0.0, 0.0, 0.0, 1.0, 1.0, 1.0, 1.0, 0.0, 0.0, 0.0, 0.0, 0.0, 1.0, 0.0, 0.0, 0.0, 0.0, 0.0, 0.0, 0.0, 0.0, 0.0, 0.0, 0.0, 0.0, 0.0, 0.0, 1.0, 0.0, 1.0, 1.0, 1.0, 0.0, 0.0, 1.0, 1.0, 1.0, 1.0, 1.0, 1.0, 0.0, 1.0, 0.0, 1.0, 1.0, 1.0, 1.0, 1.0, 0.0, 1.0, 1.0, 0.0, 0.0, 0.0, 0.0, 0.0, 1.0, 1.0, 0.0, 1.0, 0.0, 0.0, 1.0, 0.0, 0.0, 0.0, 0.0, 1.0, 1.0, 1.0, 0.0, 0.0, 0.0, 1.0, 0.0, 1.0, 1.0, 1.0, 0.0, 0.0, 0.0, 0.0, 0.0, 1.0, 1.0, 1.0, 1.0, 1.0, 1.0, 1.0, 0.0, 0.0, 0.0, 0.0, 0.0, 0.0, 0.0, 0.0, 0.0, 1.0, 0.0, 1.0, 0.0, 0.0, 0.0, 0.0, 0.0, 1.0, 1.0, 1.0, 1.0, 1.0, 1.0, 1.0, 0.0, 1.0, 1.0, 1.0, 1.0, 1.0, 1.0, 0.0, 1.0, 1.0, 1.0, 1.0, 1.0, 0.0, 0.0, 0.0, 0.0, 1.0, 1.0, 1.0, 1.0, 1.0, 1.0, 1.0, 0.0, 0.0, 1.0, 1.0, 1.0, 0.0, 0.0, 0.0, 0.0, 1.0, 1.0, 1.0, 1.0, 0.0, 0.0, 0.0, 0.0, 1.0, 0.0, 1.0, 0.0, 0.0, 0.0, 0.0, 0.0, 1.0, 1.0, 1.0, 1.0, 1.0, 0.0, 1.0, 0.0, 1.0, 1.0, 1.0, 0.0, 1.0, 1.0, 0.0, 1.0, 1.0, 1.0, 1.0, 1.0, 0.0, 0.0, 0.0, 0.0, 0.0, 0.0, 0.0, 0.0, 0.0, 1.0, 0.0, 0.0, 1.0, 1.0, 1.0, 1.0, 0.0, 0.0, 0.0, 0.0, 0.0, 0.0, 0.0, 0.0, 0.0, 0.0, 0.0, 0.0, 1.0, 0.0, 1.0, 0.0, 0.0, 0.0, 0.0, 0.0, 1.0, 1.0, 0.0, 0.0, 1.0, 1.0, 1.0, 1.0, 1.0, 1.0, 1.0, 1.0, 1.0, 1.0, 1.0, 1.0, 1.0, 1.0, 1.0, 1.0, 1.0, 0.0, 1.0, 1.0, 0.0, 1.0, 0.0, 1.0, 0.0, 1.0, 0.0, 0.0, 1.0, 1.0, 1.0, 1.0, 0.0, 0.0, 1.0, 0.0, 1.0, 1.0, 1.0, 1.0, 0.0, 0.0, 0.0, 0.0, 0.0, 0.0, 0.0, 1.0, 0.0, 0.0, 0.0, 0.0, 1.0, 1.0, 1.0, 1.0, 0.0, 0.0, 0.0, 0.0, 0.0, 1.0, 1.0, 1.0, 0.0, 1.0, 1.0, 0.0, 1.0, 1.0, 1.0, 1.0, 0.0, 0.0, 0.0, 0.0, 1.0, 0.0, 1.0, 1.0, 1.0, 0.0, 0.0, 1.0, 1.0, 1.0, 1.0, 1.0, 1.0, 1.0, 1.0, 0.0, 0.0, 0.0, 1.0, 0.0, 0.0, 1.0, 0.0, 0.0, 1.0, 1.0, 1.0, 1.0, 0.0, 0.0, 0.0, 0.0, 1.0, 1.0, 1.0, 0.0, 0.0, 0.0, 1.0, 0.0, 1.0, 1.0, 1.0, 1.0, 0.0, 0.0, 0.0, 0.0, 0.0, 0.0, 0.0, 0.0, 0.0, 0.0, 0.0, 0.0, 0.0, 1.0, 0.0, 1.0, 0.0, 1.0, 1.0, 0.0, 1.0, 1.0, 1.0, 1.0, 1.0, 0.0, 0.0, 1.0]",-311.9759791000219,630.4973078603782,-482.430437669722,964.860875339444,66.59475023582182,-5.545402928583626,-5.545177444479562,13.170247398847089,11.090354888959125,343.74729208619806,-11.093280928665491,-11.090354888959125,24.959150579570764,22.18070977791825,1.0908740239314543,"[0.0, 0.0, 1.0, 0.0, 0.0, 0.0, 0.0, 0.0, 1.0, 1.0, 1.0, 1.0, 0.877, 0.877, 0.877, 0.0, 1.0, 0.259, 1.0, 1.0, 0.8015, 0.0, 0.259, 1.0, 1.0, 1.0, 1.0, 1.0, 1.0, 1.0, 1.0, 0.0, 0.0, 0.0, 1.0, 0.0, 0.0, 0.0, 1.0, 0.0, 0.0, 0.0, 1.0, 0.0, 0.0, 0.0, 1.0, 0.0, 0.0, 0.0, 0.0, 0.0775, 0.0, 0.0, 0.1635, 0.47100000000000003, 1.0, 1.0, 1.0, 1.0, 0.0, 0.0, 0.0, 0.0, 0.0, 0.0, 0.0, 0.0, 0.0, 0.0, 0.0, 0.0, 1.0, 1.0, 1.0, 1.0, 1.0, 1.0, 1.0, 0.0, 1.0, 1.0, 1.0, 1.0, 0.0, 0.0, 0.0, 0.0, 0.0, 0.0, 0.0, 0.0, 0.0, 0.113, 0.113, 0.0, 0.0, 0.0, 0.0, 1.0, 0.0, 0.0, 0.0, 0.0, 1.0, 1.0, 1.0, 1.0, 0.0, 0.0, 0.0, 0.0, 0.9995, 1.0, 1.0, 0.663, 1.0, 1.0, 1.0, 0.353, 1.0, 1.0, 1.0, 1.0, 0.082, 0.082, 0.0, 0.0, 0.973, 1.0, 0.7655000000000001, 0.605, 0.973, 1.0, 1.0, 0.368, 0.0, 0.0, 1.0, 0.0, 1.0, 0.0, 1.0, 0.0, 1.0, 1.0, 1.0, 1.0, 0.0, 0.0, 1.0, 0.0, 1.0, 1.0, 1.0, 1.0, 0.0, 0.9465, 0.0, 0.0, 0.666, 1.0, 0.666, 0.666, 0.0, 0.0, 0.7975, 0.0, 0.0, 0.9430000000000001, 0.0, 1.0, 1.0, 0.0, 0.0, 0.0, 0.0, 1.0, 0.0, 0.0, 0.0, 0.0, 0.0, 0.0, 1.0, 1.0, 1.0, 1.0, 0.0, 0.0, 0.0, 0.0, 1.0, 1.0, 1.0, 1.0, 1.0, 1.0, 1.0, 0.0005, 1.0, 1.0, 1.0, 1.0, 1.0, 1.0, 0.0, 1.0, 1.0, 1.0, 1.0, 1.0, 0.0, 0.0, 0.0, 0.0, 1.0, 1.0, 1.0, 1.0, 1.0, 1.0, 1.0, 0.0, 1.0, 0.0, 1.0, 0.0, 0.0, 0.0, 0.0, 0.0, 0.0, 1.0, 0.0, 1.0, 0.0, 1.0, 0.0, 1.0, 1.0, 1.0, 1.0, 1.0, 1.0, 1.0, 1.0, 0.0, 1.0, 0.0, 1.0, 1.0, 1.0, 0.0, 0.0, 1.0, 1.0, 1.0, 1.0, 1.0, 1.0, 1.0, 1.0, 1.0, 0.0, 0.9580000000000001, 0.0, 0.0, 0.0, 0.0, 0.0045000000000000005, 0.0, 0.0, 0.0, 0.0, 0.0, 0.0, 0.0, 0.0, 1.0, 0.0, 0.0, 0.0005, 0.0, 0.0, 0.0, 0.0, 0.0, 0.0, 1.0, 0.0, 0.0, 0.0, 0.0, 0.0, 0.0, 1.0, 1.0, 1.0, 0.001, 0.001, 0.001, 1.0, 0.0, 0.0, 0.0, 0.6225, 0.0, 0.0, 0.0, 0.0, 0.0, 1.0, 1.0, 1.0, 1.0, 0.0, 0.0, 0.0, 0.0, 0.0, 0.0, 0.0, 0.0, 0.0, 0.0, 0.0, 0.0, 1.0, 1.0, 1.0, 1.0, 1.0, 1.0, 1.0, 0.0, 0.0, 0.0, 0.0, 1.0, 0.0, 0.0, 1.0, 0.0, 1.0, 1.0, 1.0, 1.0, 0.0, 0.0, 0.0, 0.0, 0.0, 1.0, 0.0, 0.0, 1.0, 0.0, 0.0, 1.0, 1.0, 1.0, 1.0, 1.0, 0.0, 0.0, 0.0, 0.0, 1.0, 1.0, 1.0, 1.0, 1.0, 0.0, 1.0, 1.0, 0.0, 0.0005, 0.0, 0.0, 0.0, 0.38, 0.0, 0.0, 1.0, 1.0, 1.0, 1.0, 0.0, 0.0, 0.0, 0.0, 1.0, 1.0, 1.0, 0.999, 1.0, 1.0, 1.0, 0.0195, 1.0, 1.0, 1.0, 1.0, 0.0, 0.0, 0.0, 0.0, 0.0, 0.6285000000000001, 0.0, 0.328, 0.0, 0.0, 0.6285000000000001, 0.0, 0.0, 0.0, 0.0, 0.0, 0.0, 0.0, 0.0, 1.0, 1.0, 1.0, 1.0, 1.0, 0.0, 0.0, 0.0, 0.0, 1.0, 1.0, 1.0, 1.0, 1.0, 1.0, 1.0, 0.0, 1.0, 1.0, 1.0, 1.0, 1.0, 1.0, 0.0375, 1.0, 1.0, 1.0, 1.0, 1.0, 0.0, 0.0, 0.0, 0.0, 1.0, 1.0, 1.0, 1.0, 1.0, 1.0, 1.0, 0.0, 1.0, 1.0, 1.0, 1.0, 1.0, 1.0, 0.0, 1.0, 1.0, 1.0, 1.0, 1.0, 0.0, 0.0, 0.0, 0.0, 1.0, 1.0, 1.0, 1.0, 1.0, 1.0, 1.0, 1.0, 0.0, 0.0, 0.4395, 0.0, 0.0, 0.0, 0.001, 1.0, 0.0, 0.0, 0.0, 0.0, 0.0, 0.0, 0.0, 0.0, 1.0, 1.0, 1.0, 0.0, 1.0, 0.0, 0.0, 1.0, 0.0, 0.0, 1.0, 1.0, 1.0, 0.0, 0.0, 0.0, 0.0, 0.0, 0.0, 0.0, 0.0, 0.0, 0.0, 0.0, 1.0, 1.0, 1.0, 1.0, 0.0, 0.0, 0.0, 0.0, 0.0, 0.0, 0.0, 0.0, 0.0, 1.0, 0.0, 0.0, 1.0, 1.0, 1.0, 1.0, 0.0, 0.4945, 0.0, 0.0, 1.0, 1.0, 1.0, 1.0, 0.0, 0.0, 1.0, 1.0, 1.0, 1.0, 1.0, 1.0, 0.0, 0.0, 0.0, 0.0, 1.0, 1.0, 1.0, 1.0, 1.0, 0.704, 0.296, 0.0, 1.0, 1.0, 1.0, 1.0, 0.0, 0.0, 1.0, 1.0, 1.0, 1.0, 1.0, 1.0, 0.0, 0.0, 0.0, 0.0, 0.006, 1.0, 0.006, 0.708, 0.298, 1.0, 0.298, 1.0, 1.0, 1.0, 1.0, 1.0, 0.0, 0.0, 0.0, 0.0, 1.0, 0.0, 1.0, 1.0, 1.0, 0.0, 0.0, 1.0, 0.0, 1.0, 1.0, 1.0, 0.0, 0.0, 0.0, 0.0, 1.0, 0.224, 1.0, 1.0, 0.776, 0.0, 0.224, 1.0, 1.0, 1.0, 1.0, 1.0, 0.0, 0.0, 0.0, 0.0, 1.0, 1.0, 0.0, 1.0, 1.0, 1.0, 0.0, 1.0, 1.0, 1.0, 1.0, 1.0, 0.0, 0.0, 0.0, 0.0, 1.0, 1.0, 1.0, 1.0, 1.0, 1.0, 1.0, 0.0, 1.0, 1.0, 1.0, 1.0, 0.0, 0.0, 0.0, 0.0, 0.0, 0.0, 0.0, 0.0, 0.0, 0.0, 0.0, 0.0, 1.0, 0.4865, 1.0, 1.0, 1.0, 0.0075, 0.4865, 1.0, 0.0225, 0.0, 0.0, 0.9775, 0.0, 0.0, 0.0, 0.0]",-419.18595103414617,844.9172517286268,-482.430437669722,964.860875339444,1.9575784417360447,-5.29250590535006,-5.545177444479562,12.664453352379956,11.090354888959125,1.9576219756587763,-10.585011810533594,-11.090354888959125,23.94261234330697,22.18070977791825,0.5787520451143159,"[1.0, 1.0, 1.0, 1.0, 1.0, 0.0, 1.0, 0.0, 1.0, 1.0, 1.0, 1.0, 1.0, 1.0, 1.0, 0.0, 0.0, 0.0, 0.0, 0.0, 0.0, 0.0, 0.0, 0.0, 1.0, 1.0, 1.0, 1.0, 0.0, 0.0, 1.0, 0.0, 0.0, 0.0, 0.0, 0.0, 0.0, 1.0, 0.0, 0.0, 0.0, 0.0, 0.0, 0.0, 0.0, 0.0, 0.0, 0.0, 1.0, 1.0, 1.0, 1.0, 0.0, 0.0, 0.0, 0.0, 1.0, 1.0, 1.0, 1.0, 0.0, 0.0, 0.0, 0.0, 0.0, 0.0, 0.0, 0.0, 0.0, 1.0, 1.0, 0.0, 1.0, 1.0, 1.0, 1.0, 0.0, 0.0, 0.0, 0.0, 1.0, 1.0, 1.0, 1.0, 0.0, 0.0, 0.0, 0.0, 0.0, 0.0, 0.0, 0.0, 0.0, 0.0, 0.0, 0.0, 1.0, 1.0, 1.0, 1.0, 1.0, 1.0, 1.0, 0.0, 1.0, 1.0, 1.0, 1.0, 1.0, 0.0, 1.0, 0.0, 0.0, 1.0, 0.0, 0.0, 1.0, 1.0, 1.0, 0.0, 1.0, 1.0, 0.0, 1.0, 1.0, 0.0, 0.0, 0.0, 1.0, 1.0, 1.0, 0.0, 1.0, 1.0, 1.0, 1.0, 1.0, 1.0, 1.0, 1.0, 0.0, 0.0, 0.0, 0.0, 1.0, 1.0, 1.0, 0.0, 0.0, 0.0, 1.0, 0.0, 0.0, 0.0, 1.0, 0.0, 0.0, 0.0, 0.0, 0.0, 1.0, 1.0, 1.0, 0.0, 0.0, 0.0, 1.0, 0.0, 0.0, 0.0, 0.0, 1.0, 0.0, 0.0, 0.0, 0.0, 0.0, 0.0, 0.0, 1.0, 0.0, 0.0, 0.0, 0.0, 1.0, 1.0, 1.0, 1.0, 0.0, 0.0, 0.0, 0.0, 1.0, 1.0, 1.0, 0.0, 0.0, 0.0, 1.0, 0.0, 1.0, 1.0, 1.0, 1.0, 0.0, 0.0, 0.0, 0.0, 1.0, 1.0, 1.0, 1.0, 0.0, 0.0, 0.0, 0.0, 1.0, 1.0, 1.0, 1.0, 1.0, 1.0, 1.0, 0.0, 0.0, 0.0, 0.0, 0.0, 1.0, 0.0, 0.0, 0.0, 1.0, 1.0, 1.0, 1.0, 1.0, 1.0, 1.0, 1.0, 1.0, 1.0, 1.0, 1.0, 1.0, 1.0, 1.0, 0.0, 0.0, 0.0, 0.0, 0.0, 0.0, 0.0, 0.0, 0.0, 0.0, 1.0, 0.0, 1.0, 0.0, 1.0, 0.0, 1.0, 0.0, 0.0, 0.0, 1.0, 0.0, 0.0, 0.0, 0.0, 1.0, 1.0, 1.0, 0.0, 0.0, 0.0, 1.0, 0.0, 0.0, 0.0, 1.0, 0.0, 0.0, 0.0, 0.0, 0.0, 0.0, 1.0, 1.0, 1.0, 0.0, 0.0, 0.0, 0.0, 1.0, 1.0, 1.0, 0.0, 1.0, 1.0, 1.0, 1.0, 0.0, 0.0, 1.0, 0.0, 0.0, 0.0, 0.0, 0.0, 1.0, 1.0, 1.0, 1.0, 1.0, 1.0, 1.0, 0.0, 1.0, 1.0, 1.0, 1.0, 0.0, 0.0, 0.0, 0.0, 1.0, 1.0, 1.0, 1.0, 0.0, 0.0, 0.0, 0.0, 0.0, 1.0, 0.0, 0.0, 0.0, 0.0, 0.0, 0.0, 0.0, 0.0, 0.0, 0.0, 0.0, 0.0, 0.0, 0.0, 0.0, 0.0, 0.0, 0.0, 0.0, 0.0, 0.0, 0.0, 1.0, 1.0, 0.0, 1.0, 1.0, 0.0, 1.0, 0.0, 1.0, 1.0, 1.0, 1.0, 1.0, 0.0, 1.0, 1.0, 0.0, 0.0, 0.0, 0.0, 0.0, 1.0, 1.0, 0.0, 1.0, 0.0, 0.0, 1.0, 0.0, 0.0, 0.0, 0.0, 1.0, 1.0, 1.0, 0.0, 0.0, 0.0, 1.0, 0.0, 1.0, 1.0, 1.0, 0.0, 0.0, 0.0, 0.0, 0.0, 1.0, 1.0, 1.0, 1.0, 1.0, 1.0, 1.0, 0.0, 0.0, 0.0, 0.0, 0.0, 0.0, 0.0, 0.0, 0.0, 1.0, 0.0, 1.0, 0.0, 0.0, 0.0, 0.0, 0.0, 1.0, 1.0, 1.0, 1.0, 1.0, 1.0, 1.0, 0.0, 1.0, 1.0, 1.0, 1.0, 1.0, 1.0, 0.0, 1.0, 1.0, 1.0, 1.0, 1.0, 0.0, 0.0, 0.0, 0.0, 1.0, 1.0, 1.0, 1.0, 1.0, 1.0, 1.0, 0.0, 0.0, 1.0, 1.0, 1.0, 0.0, 0.0, 0.0, 0.0, 1.0, 1.0, 1.0, 1.0, 0.0, 0.0, 0.0, 0.0, 1.0, 0.0, 1.0, 0.0, 0.0, 0.0, 0.0, 0.0, 1.0, 1.0, 1.0, 1.0, 1.0, 0.0, 1.0, 0.0, 1.0, 1.0, 1.0, 0.0, 1.0, 1.0, 0.0, 1.0, 1.0, 1.0, 1.0, 1.0, 0.0, 0.0, 0.0, 0.0, 0.0, 0.0, 0.0, 0.0, 0.0, 0.0, 0.0, 0.0, 1.0, 1.0, 1.0, 1.0, 0.0, 0.0, 0.0, 0.0, 0.0, 0.0, 0.0, 0.0, 0.0, 0.0, 0.0, 0.0, 0.0, 0.0, 0.0, 0.0, 0.0, 0.0, 0.0, 0.0, 1.0, 1.0, 0.0, 0.0, 1.0, 1.0, 1.0, 1.0, 1.0, 1.0, 1.0, 1.0, 1.0, 1.0, 1.0, 1.0, 1.0, 1.0, 1.0, 1.0, 1.0, 0.0, 1.0, 1.0, 0.0, 1.0, 0.0, 1.0, 0.0, 1.0, 0.0, 0.0, 1.0, 1.0, 1.0, 1.0, 0.0, 0.0, 1.0, 0.0, 1.0, 1.0, 1.0, 1.0, 0.0, 0.0, 0.0, 0.0, 0.0, 0.0, 0.0, 1.0, 0.0, 0.0, 0.0, 0.0, 1.0, 1.0, 1.0, 1.0, 0.0, 0.0, 0.0, 0.0, 0.0, 1.0, 1.0, 1.0, 0.0, 1.0, 1.0, 0.0, 1.0, 1.0, 1.0, 1.0, 0.0, 0.0, 0.0, 0.0, 1.0, 0.0, 1.0, 1.0, 1.0, 0.0, 0.0, 1.0, 1.0, 1.0, 1.0, 1.0, 1.0, 1.0, 1.0, 0.0, 0.0, 1.0, 1.0, 1.0, 1.0, 1.0, 0.0, 0.0, 1.0, 1.0, 1.0, 1.0, 0.0, 0.0, 0.0, 0.0, 1.0, 1.0, 1.0, 0.0, 0.0, 0.0, 1.0, 0.0, 1.0, 1.0, 1.0, 1.0, 0.0, 0.0, 0.0, 0.0, 0.0, 0.0, 0.0, 0.0, 0.0, 0.0, 0.0, 0.0, 0.0, 0.0, 1.0, 1.0, 0.0, 0.0, 0.0, 0.0, 1.0, 1.0, 1.0, 1.0, 1.0, 0.0, 0.0, 1.0]",-295.2442605392121,597.0338707387587,-482.430437669722,964.860875339444,83.793026292838,-11.090639735970253,24.953868194180288,1.2846122460949685,-433.45128860920846,873.4479268787513,True,False,False,False,False,0.375,0.5,0.4375,0.25,0.5625,0.625,0.6875,0.375,0.5,0.5,0.75,0.5,"Z.atmost(lambda x1: Z.greater(x1,1,'size'),1,X)","Z.exists(lambda x1: Z.exists(lambda x2: Z.lequal(x1,1,'size'),X),X)","Z.forall(lambda x1: Z.atleast(lambda x2: Z.equal(x1,x2,'orientation'),2,X),X)","Z.forall(lambda x1: Z.atmost(lambda x2: Z.not_operator(Z.grequal(x2, x1, 'size')),3,X),X)",0.5,0.5,0.625,0.375,0.5,0.7083333333333334,0.6982758620689655,0.6867816091954023,0.6954022988505747,0.6925287356321839,5.241379310344827,0,0,0,0,0,0
45,58,114,Rsvo0qz0zz,dIh8Lu5FzoCT50EUAAAE,Upsilon,none are upright,"[True, False, False, True, False, False, False, False]","[True, False, False, False, True, False, False, False]",0.75,0.5,I believe when two cones are touching and pointing in a non-vertical position that radiation is emitted,"[['x1'],['x1','x2']]","Z.exists(lambda x1: Z.exists(lambda x2: Z.and_operator(Z.hor_operator(x1,x2,'contact'),Z.and_operator(Z.not_operator(Z.equal(x1,'upright','orientation')),Z.not_operator(Z.equal(x2,'upright','orientation')))),X),X)",I think that when two cones are touching each other in a non-vertical orientation they emit radiation,"[{'ids': [0, 1, 2], 'colours': ['red', 'red', 'blue'], 'sizes': [3, 3, 1], 'xpos': [1.1125668620630478, 0.1345785308588232, 4.250041166887265], 'ypos': [3.806104951933842, 3.3132014147647046, 3.8307506097243706], 'rotations': [3.7990803812335843, 4.450227420725057, 1.2121899687438054], 'orientations': ['strange', 'strange', 'lhs'], 'contact': [[0, 1], [1, 0], [2]], 'grounded': ['yes', 'no', 'yes'], 'follow_rule': True}, {'ids': [0, 1], 'colours': ['green', 'green'], 'sizes': [1, 2], 'xpos': [3.060135612121855, 3.2166743831249898], 'ypos': [3.83075060945089, 3.9446107664656336], 'rotations': [5.070995338735718, 2.719062286029148], 'orientations': ['rhs', 'upright'], 'contact': [[0, 1], [1, 0]], 'grounded': ['yes', 'yes'], 'follow_rule': False}, {'ids': [0, 1], 'colours': ['red', 'red'], 'sizes': [2, 3], 'xpos': [4.322580326384503, 4.32152906850985], 'ypos': [4.109531132921141, 4.096878505545966], 'rotations': [3.1361276143571524, 3.128672996117126], 'orientations': ['upright', 'upright'], 'contact': [[0, 1], [1, 0]], 'grounded': ['yes', 'no'], 'follow_rule': False}, {'ids': [0, 1], 'colours': ['red', 'green'], 'sizes': [3, 1], 'xpos': [5.661814990110118, 4.250834623094515], 'ypos': [4.108284847119763, 3.8271988179141987], 'rotations': [3.1420963250824956, 5.072720146979371], 'orientations': ['upright', 'rhs'], 'contact': [[0], [1]], 'grounded': ['yes', 'yes'], 'follow_rule': False}, {'ids': [0, 1, 2], 'colours': ['green', 'red', 'blue'], 'sizes': [2, 2, 2], 'xpos': [3.794748619977638, 5.26022127263459, 6.969488501619644], 'ypos': [4.107969714303066, 3.729734043551458, 3.7298778495730276], 'rotations': [3.1443053024873766, 1.232094805504835, 5.051200552368859], 'orientations': ['upright', 'lhs', 'rhs'], 'contact': [[0], [1], [2]], 'grounded': ['yes', 'yes', 'yes'], 'follow_rule': False}, {'ids': [0, 1, 2], 'colours': ['red', 'red', 'blue'], 'sizes': [2, 3, 3], 'xpos': [4.8469999689366965, 4.847933455181963, 3.804228041379602], 'ypos': [4.110679843439255, 4.096621379987444, 4.108722163407517], 'rotations': [3.1441818444451077, 3.150706595748388, 3.1411643143161485], 'orientations': ['upright', 'upright', 'upright'], 'contact': [[0, 1], [1, 0], [2]], 'grounded': ['yes', 'no', 'yes'], 'follow_rule': False}, {'ids': [0, 1, 2], 'colours': ['blue', 'blue', 'green'], 'sizes': [2, 3, 2], 'xpos': [1.432986605376434, 2.9625916832390295, 4.801996505981991], 'ypos': [3.7271150476966617, 3.637528651414992, 4.106936882625003], 'rotations': [4.395004186525255, 1.2449007126813456, 3.140740874082446], 'orientations': ['strange', 'lhs', 'upright'], 'contact': [[0, 1], [1, 0], [2]], 'grounded': ['yes', 'yes', 'yes'], 'follow_rule': False}, {'ids': [0, 1, 2], 'colours': ['blue', 'blue', 'red'], 'sizes': [3, 2, 3], 'xpos': [3.584708234744139, 4.858366410988324, 3.956647669748053], 'ypos': [3.6337229244694655, 3.7338608825539366, 3.6207321129221532], 'rotations': [1.2440741078044812, 5.047072046122948, 4.928539373280532], 'orientations': ['lhs', 'rhs', 'rhs'], 'contact': [[0], [1, 2], [2, 1]], 'grounded': ['yes', 'yes', 'yes'], 'follow_rule': True}, {'ids': [0, 1, 2, 3, 4, 5], 'colours': ['red', 'green', 'green', 'red', 'red', 'green'], 'sizes': [3, 3, 3, 1, 3, 1], 'xpos': [4.04539932046708, 6.25367104406576, 1.31220887489158, 2.54397206141056, 5.03680142626962, 2.83313903630872], 'ypos': [3.68714653723475, 3.68793264237984, 3.68536700039956, 3.87290072175348, 3.71647947714512, 3.32290442001056], 'rotations': [1.24459422608336, 1.24522470760537, 5.03721490711028, 4.41693289260746, 2.04844681297516, 1.27753534246253], 'contact': [[0, 4, 3], 1, 2, [3, 0, 5], [4, 0], [5, 3]], 'grounded': ['yes', 'yes', 'yes', 'yes', 'yes', 'no']}, {'ids': [0, 1, 2, 3], 'colours': ['green', 'red', 'blue', 'red'], 'sizes': [1, 3, 2, 2], 'xpos': [3.91130904169482, 5.46428515532996, 6.02804597253327, 2.75909465803677], 'ypos': [3.88039857557471, 3.68809661044642, 3.83039687351375, 3.76829024369344], 'rotations': [1.21554845923219, 5.037860999749, 2.523398913166, 4.53015371920961], 'contact': [{'V1': [0, 3], 'V2': [1, 2], 'V3': [2, 1], 'V4': [3, 0]}], 'grounded': ['yes', 'yes', 'no', 'yes']}, {'ids': [0, 1], 'colours': ['red', 'red'], 'sizes': [1, 1], 'xpos': [2.66334600794472, 1.80432622054734], 'ypos': [3.88090170709236, 3.87778384307705], 'rotations': [1.21239198245414, 4.35415315781273], 'contact': [{'V1': [0, 1], 'V2': [1, 0]}], 'grounded': ['yes', 'yes']}, {'ids': [0, 1, 2, 3, 4], 'colours': ['red', 'red', 'blue', 'blue', 'green'], 'sizes': [3, 3, 1, 1, 1], 'xpos': [1.85360354206331, 4.53707158711655, 2.22962536171588, 3.31491059447484, 3.75418292003644], 'ypos': [3.68810486672765, 3.68793278435064, 3.60822662705904, 3.84556069624473, 3.52884365217974], 'rotations': [5.03784882313905, 1.24522475821424, 2.57929284346434, 1.86403082200312, 2.07051561191284], 'contact': [[0, 3, 2], [1, 4, 3], [2, 0], [3, 0, 1, 4], [4, 1, 3]], 'grounded': ['yes', 'yes', 'no', 'no', 'no']}, {'ids': [0, 1, 2, 3, 4, 5, 6], 'colours': ['red', 'green', 'red', 'red', 'green', 'green', 'red'], 'sizes': [1, 3, 2, 3, 3, 2, 2], 'xpos': [3.25946614949676, 2.44588297516233, 5.88127197371132, 4.16563349275137, 0.72362012303879, 2.368329881437, 7.02789960687692], 'ypos': [3.95518911276486, 3.68824247585198, 4.15744335942523, 4.15757462621801, 3.67646349730594, 3.64875460383896, 3.78297829877943], 'rotations': [3.90055989251386, 1.24543827105161, 3.14018849938784, 3.14209271550925, 4.46919423935855, 4.5928664481854, 5.04768654725134], 'contact': [[0, 5], [1, 5, 4], 2, 3, [4, 1], [5, 0, 1], 6], 'grounded': ['yes', 'yes', 'yes', 'yes', 'yes', 'no', 'yes']}, {'ids': [0, 1, 2, 3, 4], 'colours': ['red', 'blue', 'green', 'green', 'red'], 'sizes': [2, 1, 3, 3, 3], 'xpos': [1.81709153920562, 5.97480057561886, 3.31338082383512, 4.38059628007586, 6.61025661823443], 'ypos': [3.77963548478066, 4.15709914239659, 4.15857486018002, 4.1579783197977, 3.68443952609824], 'rotations': [1.2339014812192, 3.13995537974587, 3.14125891347883, 3.1426763466907, 5.03874238310661], 'contact': [{'V1': 0, 'V2': 1, 'V3': 2, 'V4': 3, 'V5': 4}], 'grounded': ['yes', 'yes', 'yes', 'yes', 'yes']}, {'ids': [0, 1, 2, 3, 4], 'colours': ['red', 'red', 'red', 'green', 'red'], 'sizes': [2, 3, 1, 3, 3], 'xpos': [3.73841073372075, 3.73677173096754, 2.76148516662288, 4.77214062348621, 4.69143283396105], 'ypos': [4.16009367569396, 4.14643505860911, 4.15849207519273, 4.15973417931752, 3.17867488361144], 'rotations': [3.13742681162325, 3.12687131684704, 3.14631730814226, 3.13796262321945, 2.12453024265947], 'contact': [[0, 1], [1, 0, 4], 2, [3, 4], [4, 1, 3]], 'grounded': ['yes', 'no', 'yes', 'yes', 'no']}, {'ids': [0, 1], 'colours': ['blue', 'red'], 'sizes': [1, 3], 'xpos': [4.12725264721393, 2.49227679939128], 'ypos': [4.15816511179978, 3.68449947257032], 'rotations': [3.13776634013453, 5.03835652479557], 'contact': [{'V1': 0, 'V2': 1}], 'grounded': ['yes', 'yes']}]","[True, True, False, True, True, False, False, False]","[True, False, True, True, False, True, True, True]","[False, False, False, False, False, False, False, False]","[False, True, False, False, True, False, False, False]","[True, False, False, True, False, False, False, False]","[True, True, True, False, False, True, True, True]","[False, False, False, False, True, False, False, False]","[False, False, False, True, False, False, False, False]",0.0,-0.25,0.25,0.0,0.75,0.75,0.625,0.5,0.125,0.0,0.0,-0.25,0.25,0.25,0.7235592756316523,-4.477387171212558,-5.545177444479562,11.034215884104952,11.090354888959125,0.7235592756316523,-4.477387171212558,-5.545177444479562,11.034215884104952,11.090354888959125,1.0502311195665048,"[1.0, 1.0, 1.0, 1.0, 1.0, 0.0, 1.0, 0.0, 1.0, 1.0, 1.0, 1.0, 1.0, 1.0, 1.0, 0.0135, 0.9530000000000001, 0.092, 0.5895, 0.5895, 1.0, 0.0, 0.0, 0.861, 1.0, 1.0, 1.0, 0.2925, 0.999, 0.999, 1.0, 0.7155, 0.0, 0.0, 1.0, 0.0, 0.0, 0.0, 1.0, 0.0, 0.0, 0.0, 1.0, 0.0, 0.0, 0.0, 1.0, 0.0, 1.0, 1.0, 1.0, 1.0, 0.0, 0.0, 0.0, 0.0, 1.0, 1.0, 1.0, 1.0, 0.935, 0.935, 0.935, 0.935, 1.0, 1.0, 1.0, 1.0, 0.0, 1.0, 0.0, 0.0, 0.0, 1.0, 1.0, 1.0, 1.0, 1.0, 1.0, 1.0, 1.0, 1.0, 1.0, 1.0, 0.0935, 0.0935, 0.0935, 0.0935, 1.0, 1.0, 1.0, 1.0, 1.0, 1.0, 1.0, 1.0, 1.0, 1.0, 1.0, 1.0, 1.0, 1.0, 1.0, 0.013000000000000001, 1.0, 1.0, 0.998, 1.0, 1.0, 0.002, 0.998, 0.002, 1.0, 1.0, 1.0, 1.0, 1.0, 1.0, 1.0, 0.0, 0.973, 1.0, 0.9530000000000001, 1.0, 0.8925000000000001, 0.9195, 0.17400000000000002, 0.201, 1.0, 1.0, 1.0, 1.0, 0.0, 0.0, 0.0, 0.0, 1.0, 1.0, 1.0, 0.24, 1.0, 1.0, 0.968, 1.0, 0.653, 0.653, 0.653, 1.0, 0.2535, 0.2535, 0.7035, 0.10300000000000001, 1.0, 1.0, 1.0, 1.0, 0.0, 1.0, 0.0, 0.0, 1.0, 1.0, 1.0, 0.012, 0.988, 0.988, 1.0, 1.0, 1.0, 0.0, 1.0, 1.0, 1.0, 0.0, 0.0, 1.0, 0.0, 0.0, 0.0, 1.0, 1.0, 0.0, 0.0, 0.0, 1.0, 1.0, 1.0, 1.0, 0.0, 0.0, 0.0, 0.0, 1.0, 1.0, 1.0, 1.0, 0.0, 0.0, 0.0, 0.0, 1.0, 1.0, 1.0, 1.0, 1.0, 1.0, 0.841, 1.0, 1.0, 1.0, 1.0, 1.0, 0.0, 0.0, 0.0, 0.0, 1.0, 1.0, 1.0, 1.0, 1.0, 1.0, 1.0, 0.0, 0.197, 0.0, 0.85, 0.653, 0.803, 0.0, 0.0, 0.0, 0.8525, 0.847, 0.9935, 0.847, 0.28300000000000003, 0.4305, 0.426, 0.426, 1.0, 1.0, 1.0, 1.0, 1.0, 1.0, 1.0, 0.0, 0.798, 1.0, 0.7995, 0.7995, 0.0275, 0.029, 0.2265, 0.1975, 1.0, 1.0, 1.0, 1.0, 0.0, 0.0, 0.0, 0.0, 0.862, 0.854, 0.8595, 0.8955000000000001, 0.045, 0.0005, 0.8695, 0.8505, 1.0, 1.0, 1.0, 0.022, 1.0, 1.0, 1.0, 0.978, 0.28400000000000003, 0.0145, 0.1885, 0.0275, 0.2755, 0.0, 0.0015, 0.013000000000000001, 0.0, 0.0, 0.0, 1.0, 1.0, 0.0, 0.0, 0.0, 1.0, 1.0, 1.0, 1.0, 0.0, 0.0, 0.0, 0.0, 1.0, 1.0, 1.0, 1.0, 1.0, 0.0, 1.0, 0.0, 1.0, 1.0, 1.0, 1.0, 1.0, 1.0, 1.0, 0.0, 1.0, 1.0, 1.0, 0.728, 0.8265, 0.5545, 0.5545, 0.8265, 1.0, 1.0, 1.0, 1.0, 1.0, 1.0, 1.0, 1.0, 1.0, 1.0, 1.0, 0.8715, 0.9365, 0.8695, 0.8695, 0.9365, 0.229, 0.229, 0.229, 0.229, 0.801, 0.03, 0.03, 0.801, 0.0, 0.0, 0.0, 1.0, 1.0, 0.0, 0.0, 0.0, 0.108, 0.114, 0.2315, 0.108, 0.114, 0.07050000000000001, 0.0495, 0.006, 1.0, 1.0, 1.0, 1.0, 0.0, 0.0, 0.0, 0.0, 0.8955000000000001, 0.895, 0.0115, 0.0, 0.883, 0.0, 0.0, 0.0, 1.0, 1.0, 1.0, 1.0, 0.0, 0.0, 0.0, 0.0, 0.902, 0.902, 0.902, 0.678, 0.88, 0.88, 0.902, 0.807, 1.0, 1.0, 1.0, 1.0, 0.0, 0.0, 0.0, 0.0, 1.0, 1.0, 1.0, 1.0, 1.0, 1.0, 1.0, 0.0, 1.0, 1.0, 1.0, 1.0, 0.0, 0.0, 0.0, 0.0, 1.0, 1.0, 1.0, 1.0, 0.008, 0.008, 0.008, 0.008, 1.0, 1.0, 1.0, 1.0, 1.0, 1.0, 1.0, 0.0, 1.0, 1.0, 1.0, 1.0, 1.0, 1.0, 0.6980000000000001, 1.0, 1.0, 1.0, 1.0, 1.0, 0.0, 0.0, 0.0, 0.0, 1.0, 1.0, 1.0, 1.0, 1.0, 1.0, 1.0, 0.0, 0.9530000000000001, 0.9530000000000001, 0.9530000000000001, 1.0, 1.0, 1.0, 0.641, 0.9530000000000001, 1.0, 1.0, 1.0, 1.0, 0.0, 0.0, 0.0, 0.0, 1.0, 1.0, 1.0, 1.0, 1.0, 1.0, 1.0, 1.0, 1.0, 1.0, 1.0, 1.0, 0.0, 0.0, 0.0, 0.0, 1.0, 1.0, 1.0, 1.0, 1.0, 1.0, 1.0, 1.0, 1.0, 1.0, 1.0, 1.0, 0.021500000000000002, 0.021500000000000002, 0.021500000000000002, 0.021500000000000002, 0.021500000000000002, 0.003, 0.02, 0.0095, 0.0095, 0.964, 0.9555, 0.0095, 1.0, 1.0, 1.0, 1.0, 1.0, 1.0, 1.0, 1.0, 1.0, 1.0, 1.0, 1.0, 0.0, 0.0, 0.0, 0.0, 1.0, 1.0, 1.0, 1.0, 0.0, 0.0, 1.0, 1.0, 1.0, 0.873, 0.198, 0.198, 1.0, 1.0, 0.6905, 1.0, 1.0, 1.0, 1.0, 1.0, 1.0, 1.0, 1.0, 0.0, 1.0, 0.999, 0.999, 1.0, 0.0025, 0.0025, 0.0025, 0.0025, 1.0, 1.0, 1.0, 1.0, 1.0, 0.686, 0.314, 0.0, 1.0, 1.0, 1.0, 1.0, 0.524, 0.524, 1.0, 0.47600000000000003, 1.0, 1.0, 1.0, 1.0, 0.008, 0.008, 0.008, 0.008, 0.9935, 0.9935, 0.9775, 0.9935, 0.9935, 0.0225, 0.988, 0.017, 1.0, 1.0, 1.0, 1.0, 0.0725, 0.0725, 0.0725, 0.0725, 0.041, 1.0, 1.0, 0.9590000000000001, 0.041, 0.9590000000000001, 1.0, 0.0, 0.7435, 0.9835, 0.7425, 0.986, 0.7435, 0.7435, 0.256, 0.987, 1.0, 0.005, 1.0, 1.0, 1.0, 0.005, 0.005, 1.0, 1.0, 1.0, 1.0, 1.0, 1.0, 1.0, 1.0, 0.0, 1.0, 1.0, 1.0, 1.0, 0.0, 0.0, 0.0, 0.0, 1.0, 1.0, 1.0, 1.0, 0.0, 0.0, 0.0, 0.0, 0.9705, 0.9705, 0.9145, 1.0, 0.8015, 0.8015, 0.9705, 0.7865, 1.0, 1.0, 1.0, 1.0, 0.0, 0.0, 0.0, 0.0, 1.0, 1.0, 1.0, 1.0, 0.0, 0.0, 0.0, 0.0, 1.0, 1.0, 1.0, 1.0, 0.0, 0.0, 0.0, 0.0, 1.0, 1.0, 1.0, 1.0, 1.0, 1.0, 1.0, 1.0]",-418.5875071169283,843.720363894191,-482.430437669722,964.860875339444,66.96444537805945,-5.545400445788513,13.170242433256862,66.96444537805945,-5.545400445788513,13.170242433256862,0.6334250289943713,"[1.0, 1.0, 1.0, 1.0, 1.0, 0.0, 1.0, 0.0, 1.0, 1.0, 1.0, 1.0, 1.0, 1.0, 1.0, 0.0, 0.0, 0.0, 0.0, 0.0, 0.0, 0.0, 0.0, 0.0, 1.0, 1.0, 1.0, 0.0, 0.0, 0.0, 1.0, 0.0, 0.0, 0.0, 1.0, 1.0, 0.0, 1.0, 1.0, 1.0, 1.0, 1.0, 1.0, 1.0, 0.0, 0.0, 1.0, 1.0, 1.0, 1.0, 1.0, 1.0, 0.0, 0.0, 0.0, 0.0, 1.0, 1.0, 1.0, 1.0, 0.0, 0.0, 0.0, 0.0, 0.0, 0.0, 0.0, 0.0, 0.0, 1.0, 1.0, 0.0, 1.0, 1.0, 1.0, 1.0, 0.0, 0.0, 0.0, 0.0, 1.0, 1.0, 1.0, 1.0, 0.0, 0.0, 0.0, 0.0, 1.0, 1.0, 1.0, 1.0, 1.0, 1.0, 0.0, 1.0, 1.0, 1.0, 1.0, 1.0, 1.0, 1.0, 1.0, 0.0, 1.0, 1.0, 1.0, 1.0, 1.0, 0.0, 1.0, 0.0, 0.0, 1.0, 0.0, 0.0, 1.0, 1.0, 1.0, 0.0, 1.0, 1.0, 0.0, 1.0, 1.0, 0.0, 0.0, 0.0, 1.0, 1.0, 1.0, 0.0, 1.0, 1.0, 1.0, 1.0, 1.0, 1.0, 1.0, 1.0, 0.0, 0.0, 0.0, 0.0, 1.0, 1.0, 1.0, 0.0, 0.0, 0.0, 1.0, 0.0, 0.0, 0.0, 1.0, 0.0, 0.0, 0.0, 0.0, 0.0, 1.0, 1.0, 1.0, 0.0, 0.0, 0.0, 1.0, 0.0, 0.0, 0.0, 0.0, 1.0, 0.0, 0.0, 0.0, 0.0, 0.0, 0.0, 0.0, 1.0, 0.0, 0.0, 0.0, 0.0, 1.0, 1.0, 1.0, 1.0, 0.0, 0.0, 0.0, 0.0, 1.0, 1.0, 1.0, 0.0, 0.0, 0.0, 1.0, 0.0, 1.0, 1.0, 1.0, 1.0, 0.0, 0.0, 0.0, 0.0, 1.0, 1.0, 1.0, 1.0, 0.0, 0.0, 0.0, 0.0, 1.0, 1.0, 1.0, 1.0, 1.0, 1.0, 1.0, 0.0, 0.0, 0.0, 0.0, 0.0, 1.0, 0.0, 0.0, 0.0, 1.0, 1.0, 1.0, 1.0, 1.0, 1.0, 1.0, 1.0, 1.0, 1.0, 1.0, 1.0, 1.0, 1.0, 1.0, 0.0, 0.0, 0.0, 0.0, 0.0, 0.0, 0.0, 0.0, 0.0, 0.0, 1.0, 0.0, 1.0, 0.0, 1.0, 0.0, 1.0, 0.0, 0.0, 0.0, 1.0, 0.0, 0.0, 0.0, 0.0, 1.0, 1.0, 1.0, 0.0, 0.0, 0.0, 1.0, 0.0, 1.0, 1.0, 1.0, 1.0, 1.0, 0.0, 1.0, 0.0, 0.0, 1.0, 1.0, 1.0, 0.0, 0.0, 0.0, 0.0, 1.0, 1.0, 1.0, 0.0, 1.0, 1.0, 1.0, 1.0, 0.0, 1.0, 1.0, 1.0, 0.0, 0.0, 0.0, 0.0, 1.0, 1.0, 1.0, 1.0, 1.0, 1.0, 1.0, 0.0, 1.0, 1.0, 1.0, 1.0, 0.0, 0.0, 0.0, 0.0, 1.0, 1.0, 1.0, 1.0, 0.0, 0.0, 0.0, 0.0, 0.0, 1.0, 0.0, 0.0, 0.0, 0.0, 0.0, 0.0, 1.0, 1.0, 1.0, 1.0, 1.0, 0.0, 1.0, 1.0, 0.0, 0.0, 0.0, 0.0, 0.0, 1.0, 1.0, 0.0, 1.0, 1.0, 1.0, 1.0, 1.0, 0.0, 1.0, 0.0, 1.0, 1.0, 1.0, 1.0, 1.0, 0.0, 1.0, 1.0, 0.0, 0.0, 0.0, 0.0, 0.0, 1.0, 1.0, 0.0, 1.0, 0.0, 0.0, 1.0, 0.0, 0.0, 0.0, 0.0, 1.0, 1.0, 1.0, 0.0, 0.0, 0.0, 1.0, 0.0, 1.0, 1.0, 1.0, 0.0, 0.0, 0.0, 0.0, 0.0, 1.0, 1.0, 1.0, 1.0, 1.0, 1.0, 1.0, 0.0, 0.0, 0.0, 0.0, 0.0, 0.0, 0.0, 0.0, 0.0, 1.0, 0.0, 1.0, 0.0, 0.0, 0.0, 0.0, 0.0, 1.0, 1.0, 1.0, 1.0, 1.0, 1.0, 1.0, 0.0, 1.0, 1.0, 1.0, 1.0, 1.0, 1.0, 0.0, 1.0, 1.0, 1.0, 1.0, 1.0, 0.0, 0.0, 0.0, 0.0, 1.0, 1.0, 1.0, 1.0, 1.0, 1.0, 1.0, 0.0, 0.0, 1.0, 1.0, 1.0, 0.0, 0.0, 0.0, 0.0, 1.0, 1.0, 1.0, 1.0, 0.0, 0.0, 0.0, 0.0, 1.0, 0.0, 1.0, 0.0, 0.0, 0.0, 0.0, 0.0, 1.0, 1.0, 1.0, 1.0, 1.0, 0.0, 1.0, 0.0, 1.0, 1.0, 1.0, 0.0, 1.0, 1.0, 0.0, 1.0, 1.0, 1.0, 1.0, 1.0, 0.0, 0.0, 0.0, 0.0, 0.0, 0.0, 0.0, 0.0, 0.0, 1.0, 0.0, 0.0, 1.0, 1.0, 1.0, 1.0, 0.0, 0.0, 0.0, 0.0, 0.0, 0.0, 0.0, 0.0, 0.0, 0.0, 0.0, 0.0, 1.0, 0.0, 1.0, 0.0, 0.0, 0.0, 0.0, 0.0, 1.0, 1.0, 0.0, 0.0, 1.0, 1.0, 1.0, 1.0, 1.0, 1.0, 1.0, 1.0, 1.0, 1.0, 1.0, 1.0, 1.0, 1.0, 1.0, 1.0, 1.0, 0.0, 1.0, 1.0, 0.0, 1.0, 0.0, 1.0, 0.0, 1.0, 0.0, 0.0, 1.0, 1.0, 1.0, 1.0, 0.0, 0.0, 1.0, 0.0, 1.0, 1.0, 1.0, 1.0, 0.0, 0.0, 0.0, 0.0, 0.0, 0.0, 0.0, 1.0, 0.0, 0.0, 0.0, 0.0, 1.0, 1.0, 1.0, 1.0, 0.0, 0.0, 0.0, 0.0, 0.0, 1.0, 1.0, 1.0, 0.0, 1.0, 1.0, 0.0, 1.0, 1.0, 1.0, 1.0, 0.0, 0.0, 0.0, 0.0, 1.0, 0.0, 1.0, 1.0, 1.0, 0.0, 0.0, 1.0, 1.0, 1.0, 1.0, 1.0, 1.0, 1.0, 1.0, 0.0, 0.0, 1.0, 1.0, 1.0, 1.0, 1.0, 0.0, 0.0, 1.0, 1.0, 1.0, 1.0, 0.0, 0.0, 0.0, 0.0, 1.0, 1.0, 1.0, 0.0, 0.0, 0.0, 1.0, 0.0, 1.0, 1.0, 1.0, 1.0, 0.0, 0.0, 0.0, 0.0, 0.0, 0.0, 0.0, 0.0, 0.0, 0.0, 0.0, 0.0, 0.0, 1.0, 0.0, 1.0, 0.0, 1.0, 1.0, 0.0, 1.0, 1.0, 1.0, 1.0, 1.0, 0.0, 0.0, 1.0]",-318.3726801373107,643.2907099349558,66.96444537805945,-5.545400445788513,-5.545177444479562,13.170242433256862,11.090354888959125,66.96444537805945,-5.545400445788513,-5.545177444479562,13.170242433256862,11.090354888959125,0.6173530694834558,"[1.0, 1.0, 1.0, 1.0, 1.0, 0.0, 1.0, 0.0, 1.0, 1.0, 1.0, 1.0, 1.0, 1.0, 1.0, 0.0, 0.0, 0.0, 0.0, 0.0, 0.0, 0.0, 0.0, 0.0, 1.0, 1.0, 1.0, 0.0, 0.0, 0.0, 1.0, 0.0, 0.0, 0.0, 1.0, 1.0, 0.0, 1.0, 1.0, 1.0, 0.0, 0.0, 0.0, 0.0, 0.0, 0.0, 0.0, 0.0, 1.0, 1.0, 1.0, 1.0, 0.0, 0.0, 0.0, 0.0, 1.0, 1.0, 1.0, 1.0, 0.0, 0.0, 0.0, 0.0, 0.0, 0.0, 0.0, 0.0, 0.0, 1.0, 1.0, 0.0, 0.0, 0.0, 0.0, 1.0, 0.0, 0.0, 0.0, 0.0, 1.0, 1.0, 1.0, 1.0, 0.0, 0.0, 0.0, 0.0, 0.0, 0.0, 0.0, 0.0, 1.0, 1.0, 0.0, 1.0, 1.0, 1.0, 1.0, 1.0, 1.0, 1.0, 1.0, 0.0, 1.0, 1.0, 1.0, 1.0, 1.0, 0.0, 1.0, 0.0, 0.0, 1.0, 0.0, 0.0, 1.0, 1.0, 1.0, 0.0, 1.0, 1.0, 0.0, 1.0, 1.0, 0.0, 0.0, 0.0, 1.0, 1.0, 1.0, 0.0, 1.0, 1.0, 1.0, 1.0, 1.0, 1.0, 1.0, 1.0, 0.0, 0.0, 0.0, 0.0, 1.0, 1.0, 1.0, 0.0, 0.0, 0.0, 1.0, 0.0, 0.0, 0.0, 1.0, 0.0, 0.0, 0.0, 0.0, 0.0, 1.0, 1.0, 1.0, 0.0, 0.0, 0.0, 1.0, 0.0, 0.0, 0.0, 0.0, 1.0, 0.0, 0.0, 0.0, 0.0, 0.0, 0.0, 0.0, 1.0, 0.0, 0.0, 0.0, 0.0, 1.0, 1.0, 1.0, 1.0, 0.0, 0.0, 0.0, 0.0, 1.0, 1.0, 1.0, 0.0, 0.0, 0.0, 1.0, 0.0, 1.0, 1.0, 1.0, 1.0, 0.0, 0.0, 0.0, 0.0, 1.0, 1.0, 1.0, 1.0, 0.0, 0.0, 0.0, 0.0, 1.0, 1.0, 1.0, 1.0, 1.0, 1.0, 1.0, 0.0, 0.0, 0.0, 0.0, 0.0, 1.0, 0.0, 0.0, 0.0, 1.0, 1.0, 1.0, 1.0, 1.0, 1.0, 1.0, 1.0, 1.0, 1.0, 1.0, 1.0, 1.0, 1.0, 1.0, 0.0, 0.0, 0.0, 0.0, 0.0, 0.0, 0.0, 0.0, 0.0, 0.0, 1.0, 0.0, 1.0, 0.0, 1.0, 0.0, 1.0, 0.0, 0.0, 0.0, 1.0, 0.0, 0.0, 0.0, 0.0, 1.0, 1.0, 1.0, 0.0, 0.0, 0.0, 1.0, 0.0, 1.0, 1.0, 1.0, 1.0, 1.0, 0.0, 1.0, 0.0, 0.0, 1.0, 1.0, 1.0, 0.0, 0.0, 0.0, 0.0, 1.0, 1.0, 1.0, 0.0, 1.0, 1.0, 1.0, 1.0, 0.0, 1.0, 1.0, 1.0, 0.0, 0.0, 0.0, 0.0, 1.0, 1.0, 1.0, 1.0, 1.0, 1.0, 1.0, 0.0, 1.0, 1.0, 1.0, 1.0, 0.0, 0.0, 0.0, 0.0, 1.0, 1.0, 1.0, 1.0, 0.0, 0.0, 0.0, 0.0, 0.0, 1.0, 0.0, 0.0, 0.0, 0.0, 0.0, 0.0, 0.0, 0.0, 0.0, 0.0, 0.0, 0.0, 0.0, 0.0, 1.0, 0.0, 1.0, 1.0, 1.0, 0.0, 0.0, 1.0, 1.0, 1.0, 1.0, 1.0, 1.0, 0.0, 1.0, 0.0, 1.0, 1.0, 1.0, 1.0, 1.0, 0.0, 1.0, 1.0, 0.0, 0.0, 0.0, 0.0, 0.0, 1.0, 1.0, 0.0, 1.0, 0.0, 0.0, 1.0, 0.0, 0.0, 0.0, 0.0, 1.0, 1.0, 1.0, 0.0, 0.0, 0.0, 1.0, 0.0, 1.0, 1.0, 1.0, 0.0, 0.0, 0.0, 0.0, 0.0, 1.0, 1.0, 1.0, 1.0, 1.0, 1.0, 1.0, 0.0, 0.0, 0.0, 0.0, 0.0, 0.0, 0.0, 0.0, 0.0, 1.0, 0.0, 1.0, 0.0, 0.0, 0.0, 0.0, 0.0, 1.0, 1.0, 1.0, 1.0, 1.0, 1.0, 1.0, 0.0, 1.0, 1.0, 1.0, 1.0, 1.0, 1.0, 0.0, 1.0, 1.0, 1.0, 1.0, 1.0, 0.0, 0.0, 0.0, 0.0, 1.0, 1.0, 1.0, 1.0, 1.0, 1.0, 1.0, 0.0, 0.0, 1.0, 1.0, 1.0, 0.0, 0.0, 0.0, 0.0, 1.0, 1.0, 1.0, 1.0, 0.0, 0.0, 0.0, 0.0, 1.0, 0.0, 1.0, 0.0, 0.0, 0.0, 0.0, 0.0, 1.0, 1.0, 1.0, 1.0, 1.0, 0.0, 1.0, 0.0, 1.0, 1.0, 1.0, 0.0, 1.0, 1.0, 0.0, 1.0, 1.0, 1.0, 1.0, 1.0, 0.0, 0.0, 0.0, 0.0, 0.0, 0.0, 0.0, 0.0, 0.0, 1.0, 0.0, 0.0, 1.0, 1.0, 1.0, 1.0, 0.0, 0.0, 0.0, 0.0, 0.0, 0.0, 0.0, 0.0, 0.0, 0.0, 0.0, 0.0, 1.0, 0.0, 1.0, 0.0, 0.0, 0.0, 0.0, 0.0, 1.0, 1.0, 0.0, 0.0, 1.0, 1.0, 1.0, 1.0, 1.0, 1.0, 1.0, 1.0, 1.0, 1.0, 1.0, 1.0, 1.0, 1.0, 1.0, 1.0, 1.0, 0.0, 1.0, 1.0, 0.0, 1.0, 0.0, 1.0, 0.0, 1.0, 0.0, 0.0, 1.0, 1.0, 1.0, 1.0, 0.0, 0.0, 1.0, 0.0, 1.0, 1.0, 1.0, 1.0, 0.0, 0.0, 0.0, 0.0, 0.0, 0.0, 0.0, 1.0, 0.0, 0.0, 0.0, 0.0, 1.0, 1.0, 1.0, 1.0, 0.0, 0.0, 0.0, 0.0, 0.0, 1.0, 1.0, 1.0, 0.0, 1.0, 1.0, 0.0, 1.0, 1.0, 1.0, 1.0, 0.0, 0.0, 0.0, 0.0, 1.0, 0.0, 1.0, 1.0, 1.0, 0.0, 0.0, 1.0, 1.0, 1.0, 1.0, 1.0, 1.0, 1.0, 1.0, 0.0, 0.0, 0.0, 1.0, 0.0, 0.0, 1.0, 0.0, 0.0, 1.0, 1.0, 1.0, 1.0, 0.0, 0.0, 0.0, 0.0, 1.0, 1.0, 1.0, 0.0, 0.0, 0.0, 1.0, 0.0, 1.0, 1.0, 1.0, 1.0, 0.0, 0.0, 0.0, 0.0, 0.0, 0.0, 0.0, 0.0, 0.0, 0.0, 0.0, 0.0, 0.0, 1.0, 0.0, 1.0, 0.0, 1.0, 1.0, 0.0, 1.0, 1.0, 1.0, 1.0, 1.0, 0.0, 0.0, 1.0]",-311.9759791000219,630.4973078603782,-482.430437669722,964.860875339444,66.96458064667569,-5.545400444887595,-5.545177444479562,13.170242431455026,11.090354888959125,66.96458064667569,-5.545400444887595,-5.545177444479562,13.170242431455026,11.090354888959125,1.0908740239314543,"[0.0, 0.0, 1.0, 0.0, 0.0, 0.0, 0.0, 0.0, 1.0, 1.0, 1.0, 1.0, 0.877, 0.877, 0.877, 0.0, 1.0, 0.259, 1.0, 1.0, 0.8015, 0.0, 0.259, 1.0, 1.0, 1.0, 1.0, 1.0, 1.0, 1.0, 1.0, 0.0, 0.0, 0.0, 1.0, 0.0, 0.0, 0.0, 1.0, 0.0, 0.0, 0.0, 1.0, 0.0, 0.0, 0.0, 1.0, 0.0, 0.0, 0.0, 0.0, 0.0775, 0.0, 0.0, 0.1635, 0.47100000000000003, 1.0, 1.0, 1.0, 1.0, 0.0, 0.0, 0.0, 0.0, 0.0, 0.0, 0.0, 0.0, 0.0, 0.0, 0.0, 0.0, 1.0, 1.0, 1.0, 1.0, 1.0, 1.0, 1.0, 0.0, 1.0, 1.0, 1.0, 1.0, 0.0, 0.0, 0.0, 0.0, 0.0, 0.0, 0.0, 0.0, 0.0, 0.113, 0.113, 0.0, 0.0, 0.0, 0.0, 1.0, 0.0, 0.0, 0.0, 0.0, 1.0, 1.0, 1.0, 1.0, 0.0, 0.0, 0.0, 0.0, 0.9995, 1.0, 1.0, 0.663, 1.0, 1.0, 1.0, 0.353, 1.0, 1.0, 1.0, 1.0, 0.082, 0.082, 0.0, 0.0, 0.973, 1.0, 0.7655000000000001, 0.605, 0.973, 1.0, 1.0, 0.368, 0.0, 0.0, 1.0, 0.0, 1.0, 0.0, 1.0, 0.0, 1.0, 1.0, 1.0, 1.0, 0.0, 0.0, 1.0, 0.0, 1.0, 1.0, 1.0, 1.0, 0.0, 0.9465, 0.0, 0.0, 0.666, 1.0, 0.666, 0.666, 0.0, 0.0, 0.7975, 0.0, 0.0, 0.9430000000000001, 0.0, 1.0, 1.0, 0.0, 0.0, 0.0, 0.0, 1.0, 0.0, 0.0, 0.0, 0.0, 0.0, 0.0, 1.0, 1.0, 1.0, 1.0, 0.0, 0.0, 0.0, 0.0, 1.0, 1.0, 1.0, 1.0, 1.0, 1.0, 1.0, 0.0005, 1.0, 1.0, 1.0, 1.0, 1.0, 1.0, 0.0, 1.0, 1.0, 1.0, 1.0, 1.0, 0.0, 0.0, 0.0, 0.0, 1.0, 1.0, 1.0, 1.0, 1.0, 1.0, 1.0, 0.0, 1.0, 0.0, 1.0, 0.0, 0.0, 0.0, 0.0, 0.0, 0.0, 1.0, 0.0, 1.0, 0.0, 1.0, 0.0, 1.0, 1.0, 1.0, 1.0, 1.0, 1.0, 1.0, 1.0, 0.0, 1.0, 0.0, 1.0, 1.0, 1.0, 0.0, 0.0, 1.0, 1.0, 1.0, 1.0, 1.0, 1.0, 1.0, 1.0, 1.0, 0.0, 0.9580000000000001, 0.0, 0.0, 0.0, 0.0, 0.0045000000000000005, 0.0, 0.0, 0.0, 0.0, 0.0, 0.0, 0.0, 0.0, 1.0, 0.0, 0.0, 0.0005, 0.0, 0.0, 0.0, 0.0, 0.0, 0.0, 1.0, 0.0, 0.0, 0.0, 0.0, 0.0, 0.0, 1.0, 1.0, 1.0, 0.001, 0.001, 0.001, 1.0, 0.0, 0.0, 0.0, 0.6225, 0.0, 0.0, 0.0, 0.0, 0.0, 1.0, 1.0, 1.0, 1.0, 0.0, 0.0, 0.0, 0.0, 0.0, 0.0, 0.0, 0.0, 0.0, 0.0, 0.0, 0.0, 1.0, 1.0, 1.0, 1.0, 1.0, 1.0, 1.0, 0.0, 0.0, 0.0, 0.0, 1.0, 0.0, 0.0, 1.0, 0.0, 1.0, 1.0, 1.0, 1.0, 0.0, 0.0, 0.0, 0.0, 0.0, 1.0, 0.0, 0.0, 1.0, 0.0, 0.0, 1.0, 1.0, 1.0, 1.0, 1.0, 0.0, 0.0, 0.0, 0.0, 1.0, 1.0, 1.0, 1.0, 1.0, 0.0, 1.0, 1.0, 0.0, 0.0005, 0.0, 0.0, 0.0, 0.38, 0.0, 0.0, 1.0, 1.0, 1.0, 1.0, 0.0, 0.0, 0.0, 0.0, 1.0, 1.0, 1.0, 0.999, 1.0, 1.0, 1.0, 0.0195, 1.0, 1.0, 1.0, 1.0, 0.0, 0.0, 0.0, 0.0, 0.0, 0.6285000000000001, 0.0, 0.328, 0.0, 0.0, 0.6285000000000001, 0.0, 0.0, 0.0, 0.0, 0.0, 0.0, 0.0, 0.0, 1.0, 1.0, 1.0, 1.0, 1.0, 0.0, 0.0, 0.0, 0.0, 1.0, 1.0, 1.0, 1.0, 1.0, 1.0, 1.0, 0.0, 1.0, 1.0, 1.0, 1.0, 1.0, 1.0, 0.0375, 1.0, 1.0, 1.0, 1.0, 1.0, 0.0, 0.0, 0.0, 0.0, 1.0, 1.0, 1.0, 1.0, 1.0, 1.0, 1.0, 0.0, 1.0, 1.0, 1.0, 1.0, 1.0, 1.0, 0.0, 1.0, 1.0, 1.0, 1.0, 1.0, 0.0, 0.0, 0.0, 0.0, 1.0, 1.0, 1.0, 1.0, 1.0, 1.0, 1.0, 1.0, 0.0, 0.0, 0.4395, 0.0, 0.0, 0.0, 0.001, 1.0, 0.0, 0.0, 0.0, 0.0, 0.0, 0.0, 0.0, 0.0, 1.0, 1.0, 1.0, 0.0, 1.0, 0.0, 0.0, 1.0, 0.0, 0.0, 1.0, 1.0, 1.0, 0.0, 0.0, 0.0, 0.0, 0.0, 0.0, 0.0, 0.0, 0.0, 0.0, 0.0, 1.0, 1.0, 1.0, 1.0, 0.0, 0.0, 0.0, 0.0, 0.0, 0.0, 0.0, 0.0, 0.0, 1.0, 0.0, 0.0, 1.0, 1.0, 1.0, 1.0, 0.0, 0.4945, 0.0, 0.0, 1.0, 1.0, 1.0, 1.0, 0.0, 0.0, 1.0, 1.0, 1.0, 1.0, 1.0, 1.0, 0.0, 0.0, 0.0, 0.0, 1.0, 1.0, 1.0, 1.0, 1.0, 0.704, 0.296, 0.0, 1.0, 1.0, 1.0, 1.0, 0.0, 0.0, 1.0, 1.0, 1.0, 1.0, 1.0, 1.0, 0.0, 0.0, 0.0, 0.0, 0.006, 1.0, 0.006, 0.708, 0.298, 1.0, 0.298, 1.0, 1.0, 1.0, 1.0, 1.0, 0.0, 0.0, 0.0, 0.0, 1.0, 0.0, 1.0, 1.0, 1.0, 0.0, 0.0, 1.0, 0.0, 1.0, 1.0, 1.0, 0.0, 0.0, 0.0, 0.0, 1.0, 0.224, 1.0, 1.0, 0.776, 0.0, 0.224, 1.0, 1.0, 1.0, 1.0, 1.0, 0.0, 0.0, 0.0, 0.0, 1.0, 1.0, 0.0, 1.0, 1.0, 1.0, 0.0, 1.0, 1.0, 1.0, 1.0, 1.0, 0.0, 0.0, 0.0, 0.0, 1.0, 1.0, 1.0, 1.0, 1.0, 1.0, 1.0, 0.0, 1.0, 1.0, 1.0, 1.0, 0.0, 0.0, 0.0, 0.0, 0.0, 0.0, 0.0, 0.0, 0.0, 0.0, 0.0, 0.0, 1.0, 0.4865, 1.0, 1.0, 1.0, 0.0075, 0.4865, 1.0, 0.0225, 0.0, 0.0, 0.9775, 0.0, 0.0, 0.0, 0.0]",-419.18595103414617,844.9172517286268,-482.430437669722,964.860875339444,1.957579707490235,-5.292505905344225,-5.545177444479562,12.664453352368286,11.090354888959125,1.957579707490235,-5.292505905344225,-5.545177444479562,12.664453352368286,11.090354888959125,0.5787520451143159,"[1.0, 1.0, 1.0, 1.0, 1.0, 0.0, 1.0, 0.0, 1.0, 1.0, 1.0, 1.0, 1.0, 1.0, 1.0, 0.0, 0.0, 0.0, 0.0, 0.0, 0.0, 0.0, 0.0, 0.0, 1.0, 1.0, 1.0, 1.0, 0.0, 0.0, 1.0, 0.0, 0.0, 0.0, 0.0, 0.0, 0.0, 1.0, 0.0, 0.0, 0.0, 0.0, 0.0, 0.0, 0.0, 0.0, 0.0, 0.0, 1.0, 1.0, 1.0, 1.0, 0.0, 0.0, 0.0, 0.0, 1.0, 1.0, 1.0, 1.0, 0.0, 0.0, 0.0, 0.0, 0.0, 0.0, 0.0, 0.0, 0.0, 1.0, 1.0, 0.0, 1.0, 1.0, 1.0, 1.0, 0.0, 0.0, 0.0, 0.0, 1.0, 1.0, 1.0, 1.0, 0.0, 0.0, 0.0, 0.0, 0.0, 0.0, 0.0, 0.0, 0.0, 0.0, 0.0, 0.0, 1.0, 1.0, 1.0, 1.0, 1.0, 1.0, 1.0, 0.0, 1.0, 1.0, 1.0, 1.0, 1.0, 0.0, 1.0, 0.0, 0.0, 1.0, 0.0, 0.0, 1.0, 1.0, 1.0, 0.0, 1.0, 1.0, 0.0, 1.0, 1.0, 0.0, 0.0, 0.0, 1.0, 1.0, 1.0, 0.0, 1.0, 1.0, 1.0, 1.0, 1.0, 1.0, 1.0, 1.0, 0.0, 0.0, 0.0, 0.0, 1.0, 1.0, 1.0, 0.0, 0.0, 0.0, 1.0, 0.0, 0.0, 0.0, 1.0, 0.0, 0.0, 0.0, 0.0, 0.0, 1.0, 1.0, 1.0, 0.0, 0.0, 0.0, 1.0, 0.0, 0.0, 0.0, 0.0, 1.0, 0.0, 0.0, 0.0, 0.0, 0.0, 0.0, 0.0, 1.0, 0.0, 0.0, 0.0, 0.0, 1.0, 1.0, 1.0, 1.0, 0.0, 0.0, 0.0, 0.0, 1.0, 1.0, 1.0, 0.0, 0.0, 0.0, 1.0, 0.0, 1.0, 1.0, 1.0, 1.0, 0.0, 0.0, 0.0, 0.0, 1.0, 1.0, 1.0, 1.0, 0.0, 0.0, 0.0, 0.0, 1.0, 1.0, 1.0, 1.0, 1.0, 1.0, 1.0, 0.0, 0.0, 0.0, 0.0, 0.0, 1.0, 0.0, 0.0, 0.0, 1.0, 1.0, 1.0, 1.0, 1.0, 1.0, 1.0, 1.0, 1.0, 1.0, 1.0, 1.0, 1.0, 1.0, 1.0, 0.0, 0.0, 0.0, 0.0, 0.0, 0.0, 0.0, 0.0, 0.0, 0.0, 1.0, 0.0, 1.0, 0.0, 1.0, 0.0, 1.0, 0.0, 0.0, 0.0, 1.0, 0.0, 0.0, 0.0, 0.0, 1.0, 1.0, 1.0, 0.0, 0.0, 0.0, 1.0, 0.0, 0.0, 0.0, 1.0, 0.0, 0.0, 0.0, 0.0, 0.0, 0.0, 1.0, 1.0, 1.0, 0.0, 0.0, 0.0, 0.0, 1.0, 1.0, 1.0, 0.0, 1.0, 1.0, 1.0, 1.0, 0.0, 0.0, 1.0, 0.0, 0.0, 0.0, 0.0, 0.0, 1.0, 1.0, 1.0, 1.0, 1.0, 1.0, 1.0, 0.0, 1.0, 1.0, 1.0, 1.0, 0.0, 0.0, 0.0, 0.0, 1.0, 1.0, 1.0, 1.0, 0.0, 0.0, 0.0, 0.0, 0.0, 1.0, 0.0, 0.0, 0.0, 0.0, 0.0, 0.0, 0.0, 0.0, 0.0, 0.0, 0.0, 0.0, 0.0, 0.0, 0.0, 0.0, 0.0, 0.0, 0.0, 0.0, 0.0, 0.0, 1.0, 1.0, 0.0, 1.0, 1.0, 0.0, 1.0, 0.0, 1.0, 1.0, 1.0, 1.0, 1.0, 0.0, 1.0, 1.0, 0.0, 0.0, 0.0, 0.0, 0.0, 1.0, 1.0, 0.0, 1.0, 0.0, 0.0, 1.0, 0.0, 0.0, 0.0, 0.0, 1.0, 1.0, 1.0, 0.0, 0.0, 0.0, 1.0, 0.0, 1.0, 1.0, 1.0, 0.0, 0.0, 0.0, 0.0, 0.0, 1.0, 1.0, 1.0, 1.0, 1.0, 1.0, 1.0, 0.0, 0.0, 0.0, 0.0, 0.0, 0.0, 0.0, 0.0, 0.0, 1.0, 0.0, 1.0, 0.0, 0.0, 0.0, 0.0, 0.0, 1.0, 1.0, 1.0, 1.0, 1.0, 1.0, 1.0, 0.0, 1.0, 1.0, 1.0, 1.0, 1.0, 1.0, 0.0, 1.0, 1.0, 1.0, 1.0, 1.0, 0.0, 0.0, 0.0, 0.0, 1.0, 1.0, 1.0, 1.0, 1.0, 1.0, 1.0, 0.0, 0.0, 1.0, 1.0, 1.0, 0.0, 0.0, 0.0, 0.0, 1.0, 1.0, 1.0, 1.0, 0.0, 0.0, 0.0, 0.0, 1.0, 0.0, 1.0, 0.0, 0.0, 0.0, 0.0, 0.0, 1.0, 1.0, 1.0, 1.0, 1.0, 0.0, 1.0, 0.0, 1.0, 1.0, 1.0, 0.0, 1.0, 1.0, 0.0, 1.0, 1.0, 1.0, 1.0, 1.0, 0.0, 0.0, 0.0, 0.0, 0.0, 0.0, 0.0, 0.0, 0.0, 0.0, 0.0, 0.0, 1.0, 1.0, 1.0, 1.0, 0.0, 0.0, 0.0, 0.0, 0.0, 0.0, 0.0, 0.0, 0.0, 0.0, 0.0, 0.0, 0.0, 0.0, 0.0, 0.0, 0.0, 0.0, 0.0, 0.0, 1.0, 1.0, 0.0, 0.0, 1.0, 1.0, 1.0, 1.0, 1.0, 1.0, 1.0, 1.0, 1.0, 1.0, 1.0, 1.0, 1.0, 1.0, 1.0, 1.0, 1.0, 0.0, 1.0, 1.0, 0.0, 1.0, 0.0, 1.0, 0.0, 1.0, 0.0, 0.0, 1.0, 1.0, 1.0, 1.0, 0.0, 0.0, 1.0, 0.0, 1.0, 1.0, 1.0, 1.0, 0.0, 0.0, 0.0, 0.0, 0.0, 0.0, 0.0, 1.0, 0.0, 0.0, 0.0, 0.0, 1.0, 1.0, 1.0, 1.0, 0.0, 0.0, 0.0, 0.0, 0.0, 1.0, 1.0, 1.0, 0.0, 1.0, 1.0, 0.0, 1.0, 1.0, 1.0, 1.0, 0.0, 0.0, 0.0, 0.0, 1.0, 0.0, 1.0, 1.0, 1.0, 0.0, 0.0, 1.0, 1.0, 1.0, 1.0, 1.0, 1.0, 1.0, 1.0, 0.0, 0.0, 1.0, 1.0, 1.0, 1.0, 1.0, 0.0, 0.0, 1.0, 1.0, 1.0, 1.0, 0.0, 0.0, 0.0, 0.0, 1.0, 1.0, 1.0, 0.0, 0.0, 0.0, 1.0, 0.0, 1.0, 1.0, 1.0, 1.0, 0.0, 0.0, 0.0, 0.0, 0.0, 0.0, 0.0, 0.0, 0.0, 0.0, 0.0, 0.0, 0.0, 0.0, 1.0, 1.0, 0.0, 0.0, 0.0, 0.0, 1.0, 1.0, 1.0, 1.0, 1.0, 0.0, 0.0, 1.0]",-295.2442605392121,597.0338707387587,-482.430437669722,964.860875339444,0.9102431057535886,-4.4986811569669065,11.07680385561365,1.2846122460949685,-433.45128860920846,873.4479268787513,True,False,False,False,False,0.5,0.5,0.75,0.75,0.75,0.75,1.0,1.0,0.625,0.625,0.75,0.75,"Z.forall(lambda x1: Z.equal(x1,'no','grounded'),X)","Z.exists(lambda x1: Z.exists(lambda x2: Z.and_operator(Z.hor_operator(x1,x2,'contact'),Z.and_operator(Z.not_operator(Z.equal(x1,'upright','orientation')),Z.not_operator(Z.equal(x2,'upright','orientation')))),X),X)","Z.forall(lambda x1: Z.not_operator(Z.equal(x1,'upright','orientation')),X)","Z.exists(lambda x1: Z.exists(lambda x2: Z.and_operator(Z.hor_operator(x1,x2,'contact'),Z.and_operator(Z.not_operator(Z.equal(x1,x2,'grounded')),Z.not_operator(Z.equal(x2,'upright','orientation')))),X),X)",0.5,0.5,0.75,1.0,0.625,0.7083333333333334,0.6982758620689655,0.6867816091954023,0.6954022988505747,0.6925287356321839,5.241379310344827,0,0,0,0,2000,0
46,59,116,Rsvo0qz0zz,#NAME?,Zeta,there is a red,"[True, True, True, True, True, False, False, False]","[True, True, True, True, True, False, True, True]",0.875,0.625,At least two triangles must be touching.,"[['x1'],['x1','x2']]","Z.exists(lambda x1: Z.exists(lambda x2: Z.hor_operator(x1,x2,'contact'),X),X)",At least two triangles must be touching.,"[{'ids': [0, 1, 2], 'colours': ['red', 'green', 'red'], 'sizes': [2, 2, 1], 'xpos': [1.208261094198419, 1.2082597209341484, 3.6555627088626457], 'ypos': [4.128335365823355, 3.827524931782954, 3.8474172757652845], 'rotations': [3.1415923187958303, 3.1415900222911706, 1.2121899680575183], 'orientations': ['upright', 'upright', 'lhs'], 'contact': [[0, 1], [1, 0], [2]], 'grounded': ['yes', 'no', 'yes'], 'follow_rule': True}, {'ids': [0, 1, 2], 'colours': ['blue', 'green', 'blue'], 'sizes': [3, 3, 1], 'xpos': [1.1812064113160334, 0.5247266748153099, 5.590904597182836], 'ypos': [2.7905529031280416, 4.124390411776614, 3.8440079098216886], 'rotations': [-0.002589514117991359, 3.1434981118344263, 5.072477689810035], 'orientations': ['strange', 'upright', 'rhs'], 'contact': [[0], [1], [2]], 'grounded': ['yes', 'yes', 'yes'], 'follow_rule': False}, {'ids': [0, 1], 'colours': ['green', 'red'], 'sizes': [3, 3], 'xpos': [0.46208106829857876, 1.2059910521040962], 'ypos': [3.65442430196088, 3.0134548536775614], 'rotations': [5.036864522969747, 5.660570352780177], 'orientations': ['rhs', 'strange'], 'contact': [[0, 1], [1, 0]], 'grounded': ['yes', 'yes'], 'follow_rule': True}, {'ids': [0, 1], 'colours': ['blue', 'red'], 'sizes': [2, 2], 'xpos': [2.596632112966731, 2.053415079347422], 'ypos': [4.124351934037972, 3.7502240021516915], 'rotations': [3.1444108896655965, 1.2384312998148137], 'orientations': ['upright', 'lhs'], 'contact': [[0], [1]], 'grounded': ['yes', 'yes'], 'follow_rule': True}, {'ids': [0, 1], 'colours': ['red', 'red'], 'sizes': [2, 1], 'xpos': [0.09335287174097007, 0.7539260679555408], 'ypos': [3.718796931563021, 3.847148226083007], 'rotations': [4.9326328243188495, 5.067462769114982], 'orientations': ['rhs', 'rhs'], 'contact': [[0, 1], [1, 0]], 'grounded': ['no', 'yes'], 'follow_rule': True}, {'ids': [0, 1, 2], 'colours': ['blue', 'green', 'red'], 'sizes': [2, 2, 1], 'xpos': [0.9697352306431144, 1.2621039694954557, 5.926535246607179], 'ypos': [3.749669848238294, 3.6486232149163547, 4.124132003860644], 'rotations': [1.235440718113546, 1.2366683032180115, 3.138595406792366], 'orientations': ['lhs', 'lhs', 'upright'], 'contact': [[0, 1], [1, 0], [2]], 'grounded': ['yes', 'no', 'yes'], 'follow_rule': True}, {'ids': [0, 1], 'colours': ['blue', 'green'], 'sizes': [2, 2], 'xpos': [0.4074012090726205, 1.7467019090211442], 'ypos': [4.127351118745913, 3.7479915546184026], 'rotations': [3.140456304713593, 1.2359974058690617], 'orientations': ['upright', 'lhs'], 'contact': [[0], [1]], 'grounded': ['yes', 'yes'], 'follow_rule': False}, {'ids': [0, 1], 'colours': ['red', 'blue'], 'sizes': [2, 2], 'xpos': [1.3460366861386677, 1.0108682731224958], 'ypos': [4.061675326721489, 3.728785765920462], 'rotations': [3.302074080705437, 1.5086450096350896], 'orientations': ['upright', 'lhs'], 'contact': [[0, 1], [1, 0]], 'grounded': ['yes', 'yes'], 'follow_rule': True}, {'ids': [0, 1, 2, 3], 'colours': ['red', 'green', 'green', 'red'], 'sizes': [1, 3, 1, 2], 'xpos': [4.99719497412721, 5.33966521510595, 6.7812617602386, 0.647214122653947], 'ypos': [3.87616110226316, 3.89757703212827, 4.15810225565523, 4.15717162300964], 'rotations': [1.21015432030723, 3.69203273094864, 3.14416974526282, 3.14125264303298], 'contact': [[0, 1], [1, 0], 2, 3], 'grounded': ['yes', 'yes', 'yes', 'yes']}, {'ids': [0, 1, 2, 3, 4], 'colours': ['red', 'red', 'blue', 'blue', 'green'], 'sizes': [2, 1, 2, 2, 1], 'xpos': [0.756045112876682, 5.7930538088619, 4.02912968049722, 0.607249611808554, 2.34445062198903], 'ypos': [3.78128677692435, 3.87663053995449, 3.77926220180112, 4.09987976609843, 4.15797989686201], 'rotations': [5.04734512360657, 1.21097145412816, 1.2338944765227, 2.99747085022243, 3.14330311350596], 'contact': [[0, 3], 1, 2, [3, 0], 4], 'grounded': ['yes', 'yes', 'yes', 'yes', 'yes']}, {'ids': [0, 1, 2, 3, 4, 5], 'colours': ['green', 'green', 'green', 'green', 'red', 'red'], 'sizes': [1, 1, 2, 2, 1, 1], 'xpos': [0.392205266119112, 6.46736091582645, 5.87132830651543, 2.56842478452184, 1.05497225772388, 3.35722507237469], 'ypos': [4.15754519774028, 3.87672651888649, 3.80774864689194, 4.15891117383473, 4.15835090526104, 4.15780493355124], 'rotations': [3.14560426344892, 5.07442800349693, 4.20513160762651, 3.14652142167178, 3.14300168792949, 3.1450254884391], 'contact': [0, [1, 2], [2, 1], 3, 4, 5], 'grounded': ['yes', 'yes', 'yes', 'yes', 'yes', 'yes']}, {'ids': [0, 1, 2], 'colours': ['blue', 'red', 'blue'], 'sizes': [1, 3, 1], 'xpos': [3.65329156447024, 3.06074315033349, 4.60711408951368], 'ypos': [3.87683998879975, 3.89790852126602, 4.15748043316142], 'rotations': [1.21104984409195, 2.59341814797494, 3.14017425270441], 'contact': [[0, 1], [1, 0], 2], 'grounded': ['yes', 'yes', 'yes']}, {'ids': [0, 1, 2, 3, 4, 5], 'colours': ['green', 'green', 'green', 'green', 'blue', 'blue'], 'sizes': [1, 3, 2, 1, 2, 1], 'xpos': [2.9046526114666, 3.68975290255409, 5.65833149766197, 2.8246611501998, 2.89449149866101, 1.87269773742003], 'ypos': [3.88094533031908, 3.68797064017839, 4.15757175612118, 3.68349548447456, 3.68583647526567, 3.8760767087662], 'rotations': [1.21243000430047, 5.03772434357929, 3.14324414103154, 5.06868148794976, 5.04716419664426, 1.2105262200236], 'contact': [[0, 4], [1, 4], 2, [3, 4], [4, 0, 1, 3], 5], 'grounded': ['yes', 'yes', 'yes', 'no', 'no', 'yes']}, {'ids': [0, 1], 'colours': ['green', 'green'], 'sizes': [1, 3], 'xpos': [0.670764619467334, 5.261348820008], 'ypos': [3.86447444538309, 4.15793495472947], 'rotations': [1.77488765373097, 3.13951555729719], 'contact': [{'V1': 0, 'V2': 1}], 'grounded': ['yes', 'yes']}, {'ids': [0, 1, 2], 'colours': ['blue', 'green', 'green'], 'sizes': [1, 1, 3], 'xpos': [4.69009713254434, 2.93439461350621, 4.78205690186546], 'ypos': [4.15772510399043, 4.15704164375121, 4.15823822985147], 'rotations': [3.14100478933091, 3.14035932239342, 3.14115234487408], 'contact': [[0, 2], 1, [2, 0]], 'grounded': ['yes', 'yes', 'yes']}, {'ids': [0, 1, 2, 3, 4, 5], 'colours': ['green', 'blue', 'blue', 'green', 'green', 'green'], 'sizes': [3, 2, 1, 1, 3, 2], 'xpos': [4.08915128061252, 2.29489936724743, 2.81704915678861, 6.85663898790724, 1.00051084466887, 4.09237106060331], 'ypos': [4.1616688599196, 4.16166316032898, 3.87799901532656, 4.1578940642729, 4.15850762807611, 3.52787490122945], 'rotations': [3.14159237119885, 3.14158410154621, 5.07138880585438, 3.13808482008692, 3.14212541938172, 3.13686252238553], 'contact': [[0, 5], 1, 2, 3, 4, [5, 0]], 'grounded': ['yes', 'yes', 'yes', 'yes', 'yes', 'no']}]","[True, True, True, True, True, False, True, True]","[True, True, True, True, True, True, False, False]","[False, False, False, False, False, False, False, False]","[False, False, False, False, False, False, True, True]","[True, True, True, True, True, False, True, True]","[True, True, True, True, True, True, True, True]","[False, False, False, False, False, False, False, False]","[False, False, False, False, False, False, False, False]",0.25,0.0,0.25,0.0,0.75,1.0,0.625,0.625,0.25,0.0,0.0,-0.25,0.25,0.0,0.5138983445076495,-3.0141612900514945,-5.545177444479562,8.107764121782825,11.090354888959125,0.9921931904137791,-14.061470675767872,-16.635532333438686,31.30099518188369,33.27106466687737,1.0502311195665048,"[1.0, 1.0, 1.0, 1.0, 1.0, 0.0, 1.0, 0.0, 1.0, 1.0, 1.0, 1.0, 1.0, 1.0, 1.0, 0.0135, 0.9530000000000001, 0.092, 0.5895, 0.5895, 1.0, 0.0, 0.0, 0.861, 1.0, 1.0, 1.0, 0.2925, 0.999, 0.999, 1.0, 0.7155, 0.0, 0.0, 1.0, 0.0, 0.0, 0.0, 1.0, 0.0, 0.0, 0.0, 1.0, 0.0, 0.0, 0.0, 1.0, 0.0, 1.0, 1.0, 1.0, 1.0, 0.0, 0.0, 0.0, 0.0, 1.0, 1.0, 1.0, 1.0, 0.935, 0.935, 0.935, 0.935, 1.0, 1.0, 1.0, 1.0, 0.0, 1.0, 0.0, 0.0, 0.0, 1.0, 1.0, 1.0, 1.0, 1.0, 1.0, 1.0, 1.0, 1.0, 1.0, 1.0, 0.0935, 0.0935, 0.0935, 0.0935, 1.0, 1.0, 1.0, 1.0, 1.0, 1.0, 1.0, 1.0, 1.0, 1.0, 1.0, 1.0, 1.0, 1.0, 1.0, 0.013000000000000001, 1.0, 1.0, 0.998, 1.0, 1.0, 0.002, 0.998, 0.002, 1.0, 1.0, 1.0, 1.0, 1.0, 1.0, 1.0, 0.0, 0.973, 1.0, 0.9530000000000001, 1.0, 0.8925000000000001, 0.9195, 0.17400000000000002, 0.201, 1.0, 1.0, 1.0, 1.0, 0.0, 0.0, 0.0, 0.0, 1.0, 1.0, 1.0, 0.24, 1.0, 1.0, 0.968, 1.0, 0.653, 0.653, 0.653, 1.0, 0.2535, 0.2535, 0.7035, 0.10300000000000001, 1.0, 1.0, 1.0, 1.0, 0.0, 1.0, 0.0, 0.0, 1.0, 1.0, 1.0, 0.012, 0.988, 0.988, 1.0, 1.0, 1.0, 0.0, 1.0, 1.0, 1.0, 0.0, 0.0, 1.0, 0.0, 0.0, 0.0, 1.0, 1.0, 0.0, 0.0, 0.0, 1.0, 1.0, 1.0, 1.0, 0.0, 0.0, 0.0, 0.0, 1.0, 1.0, 1.0, 1.0, 0.0, 0.0, 0.0, 0.0, 1.0, 1.0, 1.0, 1.0, 1.0, 1.0, 0.841, 1.0, 1.0, 1.0, 1.0, 1.0, 0.0, 0.0, 0.0, 0.0, 1.0, 1.0, 1.0, 1.0, 1.0, 1.0, 1.0, 0.0, 0.197, 0.0, 0.85, 0.653, 0.803, 0.0, 0.0, 0.0, 0.8525, 0.847, 0.9935, 0.847, 0.28300000000000003, 0.4305, 0.426, 0.426, 1.0, 1.0, 1.0, 1.0, 1.0, 1.0, 1.0, 0.0, 0.798, 1.0, 0.7995, 0.7995, 0.0275, 0.029, 0.2265, 0.1975, 1.0, 1.0, 1.0, 1.0, 0.0, 0.0, 0.0, 0.0, 0.862, 0.854, 0.8595, 0.8955000000000001, 0.045, 0.0005, 0.8695, 0.8505, 1.0, 1.0, 1.0, 0.022, 1.0, 1.0, 1.0, 0.978, 0.28400000000000003, 0.0145, 0.1885, 0.0275, 0.2755, 0.0, 0.0015, 0.013000000000000001, 0.0, 0.0, 0.0, 1.0, 1.0, 0.0, 0.0, 0.0, 1.0, 1.0, 1.0, 1.0, 0.0, 0.0, 0.0, 0.0, 1.0, 1.0, 1.0, 1.0, 1.0, 0.0, 1.0, 0.0, 1.0, 1.0, 1.0, 1.0, 1.0, 1.0, 1.0, 0.0, 1.0, 1.0, 1.0, 0.728, 0.8265, 0.5545, 0.5545, 0.8265, 1.0, 1.0, 1.0, 1.0, 1.0, 1.0, 1.0, 1.0, 1.0, 1.0, 1.0, 0.8715, 0.9365, 0.8695, 0.8695, 0.9365, 0.229, 0.229, 0.229, 0.229, 0.801, 0.03, 0.03, 0.801, 0.0, 0.0, 0.0, 1.0, 1.0, 0.0, 0.0, 0.0, 0.108, 0.114, 0.2315, 0.108, 0.114, 0.07050000000000001, 0.0495, 0.006, 1.0, 1.0, 1.0, 1.0, 0.0, 0.0, 0.0, 0.0, 0.8955000000000001, 0.895, 0.0115, 0.0, 0.883, 0.0, 0.0, 0.0, 1.0, 1.0, 1.0, 1.0, 0.0, 0.0, 0.0, 0.0, 0.902, 0.902, 0.902, 0.678, 0.88, 0.88, 0.902, 0.807, 1.0, 1.0, 1.0, 1.0, 0.0, 0.0, 0.0, 0.0, 1.0, 1.0, 1.0, 1.0, 1.0, 1.0, 1.0, 0.0, 1.0, 1.0, 1.0, 1.0, 0.0, 0.0, 0.0, 0.0, 1.0, 1.0, 1.0, 1.0, 0.008, 0.008, 0.008, 0.008, 1.0, 1.0, 1.0, 1.0, 1.0, 1.0, 1.0, 0.0, 1.0, 1.0, 1.0, 1.0, 1.0, 1.0, 0.6980000000000001, 1.0, 1.0, 1.0, 1.0, 1.0, 0.0, 0.0, 0.0, 0.0, 1.0, 1.0, 1.0, 1.0, 1.0, 1.0, 1.0, 0.0, 0.9530000000000001, 0.9530000000000001, 0.9530000000000001, 1.0, 1.0, 1.0, 0.641, 0.9530000000000001, 1.0, 1.0, 1.0, 1.0, 0.0, 0.0, 0.0, 0.0, 1.0, 1.0, 1.0, 1.0, 1.0, 1.0, 1.0, 1.0, 1.0, 1.0, 1.0, 1.0, 0.0, 0.0, 0.0, 0.0, 1.0, 1.0, 1.0, 1.0, 1.0, 1.0, 1.0, 1.0, 1.0, 1.0, 1.0, 1.0, 0.021500000000000002, 0.021500000000000002, 0.021500000000000002, 0.021500000000000002, 0.021500000000000002, 0.003, 0.02, 0.0095, 0.0095, 0.964, 0.9555, 0.0095, 1.0, 1.0, 1.0, 1.0, 1.0, 1.0, 1.0, 1.0, 1.0, 1.0, 1.0, 1.0, 0.0, 0.0, 0.0, 0.0, 1.0, 1.0, 1.0, 1.0, 0.0, 0.0, 1.0, 1.0, 1.0, 0.873, 0.198, 0.198, 1.0, 1.0, 0.6905, 1.0, 1.0, 1.0, 1.0, 1.0, 1.0, 1.0, 1.0, 0.0, 1.0, 0.999, 0.999, 1.0, 0.0025, 0.0025, 0.0025, 0.0025, 1.0, 1.0, 1.0, 1.0, 1.0, 0.686, 0.314, 0.0, 1.0, 1.0, 1.0, 1.0, 0.524, 0.524, 1.0, 0.47600000000000003, 1.0, 1.0, 1.0, 1.0, 0.008, 0.008, 0.008, 0.008, 0.9935, 0.9935, 0.9775, 0.9935, 0.9935, 0.0225, 0.988, 0.017, 1.0, 1.0, 1.0, 1.0, 0.0725, 0.0725, 0.0725, 0.0725, 0.041, 1.0, 1.0, 0.9590000000000001, 0.041, 0.9590000000000001, 1.0, 0.0, 0.7435, 0.9835, 0.7425, 0.986, 0.7435, 0.7435, 0.256, 0.987, 1.0, 0.005, 1.0, 1.0, 1.0, 0.005, 0.005, 1.0, 1.0, 1.0, 1.0, 1.0, 1.0, 1.0, 1.0, 0.0, 1.0, 1.0, 1.0, 1.0, 0.0, 0.0, 0.0, 0.0, 1.0, 1.0, 1.0, 1.0, 0.0, 0.0, 0.0, 0.0, 0.9705, 0.9705, 0.9145, 1.0, 0.8015, 0.8015, 0.9705, 0.7865, 1.0, 1.0, 1.0, 1.0, 0.0, 0.0, 0.0, 0.0, 1.0, 1.0, 1.0, 1.0, 0.0, 0.0, 0.0, 0.0, 1.0, 1.0, 1.0, 1.0, 0.0, 0.0, 0.0, 0.0, 1.0, 1.0, 1.0, 1.0, 1.0, 1.0, 1.0, 1.0]",-418.5875071169283,843.720363894191,-482.430437669722,964.860875339444,0.01,0.0,2.0794415416798357,1.0,-8.518280500437347,20.21461483122264,0.6334250289943713,"[1.0, 1.0, 1.0, 1.0, 1.0, 0.0, 1.0, 0.0, 1.0, 1.0, 1.0, 1.0, 1.0, 1.0, 1.0, 0.0, 0.0, 0.0, 0.0, 0.0, 0.0, 0.0, 0.0, 0.0, 1.0, 1.0, 1.0, 0.0, 0.0, 0.0, 1.0, 0.0, 0.0, 0.0, 1.0, 1.0, 0.0, 1.0, 1.0, 1.0, 1.0, 1.0, 1.0, 1.0, 0.0, 0.0, 1.0, 1.0, 1.0, 1.0, 1.0, 1.0, 0.0, 0.0, 0.0, 0.0, 1.0, 1.0, 1.0, 1.0, 0.0, 0.0, 0.0, 0.0, 0.0, 0.0, 0.0, 0.0, 0.0, 1.0, 1.0, 0.0, 1.0, 1.0, 1.0, 1.0, 0.0, 0.0, 0.0, 0.0, 1.0, 1.0, 1.0, 1.0, 0.0, 0.0, 0.0, 0.0, 1.0, 1.0, 1.0, 1.0, 1.0, 1.0, 0.0, 1.0, 1.0, 1.0, 1.0, 1.0, 1.0, 1.0, 1.0, 0.0, 1.0, 1.0, 1.0, 1.0, 1.0, 0.0, 1.0, 0.0, 0.0, 1.0, 0.0, 0.0, 1.0, 1.0, 1.0, 0.0, 1.0, 1.0, 0.0, 1.0, 1.0, 0.0, 0.0, 0.0, 1.0, 1.0, 1.0, 0.0, 1.0, 1.0, 1.0, 1.0, 1.0, 1.0, 1.0, 1.0, 0.0, 0.0, 0.0, 0.0, 1.0, 1.0, 1.0, 0.0, 0.0, 0.0, 1.0, 0.0, 0.0, 0.0, 1.0, 0.0, 0.0, 0.0, 0.0, 0.0, 1.0, 1.0, 1.0, 0.0, 0.0, 0.0, 1.0, 0.0, 0.0, 0.0, 0.0, 1.0, 0.0, 0.0, 0.0, 0.0, 0.0, 0.0, 0.0, 1.0, 0.0, 0.0, 0.0, 0.0, 1.0, 1.0, 1.0, 1.0, 0.0, 0.0, 0.0, 0.0, 1.0, 1.0, 1.0, 0.0, 0.0, 0.0, 1.0, 0.0, 1.0, 1.0, 1.0, 1.0, 0.0, 0.0, 0.0, 0.0, 1.0, 1.0, 1.0, 1.0, 0.0, 0.0, 0.0, 0.0, 1.0, 1.0, 1.0, 1.0, 1.0, 1.0, 1.0, 0.0, 0.0, 0.0, 0.0, 0.0, 1.0, 0.0, 0.0, 0.0, 1.0, 1.0, 1.0, 1.0, 1.0, 1.0, 1.0, 1.0, 1.0, 1.0, 1.0, 1.0, 1.0, 1.0, 1.0, 0.0, 0.0, 0.0, 0.0, 0.0, 0.0, 0.0, 0.0, 0.0, 0.0, 1.0, 0.0, 1.0, 0.0, 1.0, 0.0, 1.0, 0.0, 0.0, 0.0, 1.0, 0.0, 0.0, 0.0, 0.0, 1.0, 1.0, 1.0, 0.0, 0.0, 0.0, 1.0, 0.0, 1.0, 1.0, 1.0, 1.0, 1.0, 0.0, 1.0, 0.0, 0.0, 1.0, 1.0, 1.0, 0.0, 0.0, 0.0, 0.0, 1.0, 1.0, 1.0, 0.0, 1.0, 1.0, 1.0, 1.0, 0.0, 1.0, 1.0, 1.0, 0.0, 0.0, 0.0, 0.0, 1.0, 1.0, 1.0, 1.0, 1.0, 1.0, 1.0, 0.0, 1.0, 1.0, 1.0, 1.0, 0.0, 0.0, 0.0, 0.0, 1.0, 1.0, 1.0, 1.0, 0.0, 0.0, 0.0, 0.0, 0.0, 1.0, 0.0, 0.0, 0.0, 0.0, 0.0, 0.0, 1.0, 1.0, 1.0, 1.0, 1.0, 0.0, 1.0, 1.0, 0.0, 0.0, 0.0, 0.0, 0.0, 1.0, 1.0, 0.0, 1.0, 1.0, 1.0, 1.0, 1.0, 0.0, 1.0, 0.0, 1.0, 1.0, 1.0, 1.0, 1.0, 0.0, 1.0, 1.0, 0.0, 0.0, 0.0, 0.0, 0.0, 1.0, 1.0, 0.0, 1.0, 0.0, 0.0, 1.0, 0.0, 0.0, 0.0, 0.0, 1.0, 1.0, 1.0, 0.0, 0.0, 0.0, 1.0, 0.0, 1.0, 1.0, 1.0, 0.0, 0.0, 0.0, 0.0, 0.0, 1.0, 1.0, 1.0, 1.0, 1.0, 1.0, 1.0, 0.0, 0.0, 0.0, 0.0, 0.0, 0.0, 0.0, 0.0, 0.0, 1.0, 0.0, 1.0, 0.0, 0.0, 0.0, 0.0, 0.0, 1.0, 1.0, 1.0, 1.0, 1.0, 1.0, 1.0, 0.0, 1.0, 1.0, 1.0, 1.0, 1.0, 1.0, 0.0, 1.0, 1.0, 1.0, 1.0, 1.0, 0.0, 0.0, 0.0, 0.0, 1.0, 1.0, 1.0, 1.0, 1.0, 1.0, 1.0, 0.0, 0.0, 1.0, 1.0, 1.0, 0.0, 0.0, 0.0, 0.0, 1.0, 1.0, 1.0, 1.0, 0.0, 0.0, 0.0, 0.0, 1.0, 0.0, 1.0, 0.0, 0.0, 0.0, 0.0, 0.0, 1.0, 1.0, 1.0, 1.0, 1.0, 0.0, 1.0, 0.0, 1.0, 1.0, 1.0, 0.0, 1.0, 1.0, 0.0, 1.0, 1.0, 1.0, 1.0, 1.0, 0.0, 0.0, 0.0, 0.0, 0.0, 0.0, 0.0, 0.0, 0.0, 1.0, 0.0, 0.0, 1.0, 1.0, 1.0, 1.0, 0.0, 0.0, 0.0, 0.0, 0.0, 0.0, 0.0, 0.0, 0.0, 0.0, 0.0, 0.0, 1.0, 0.0, 1.0, 0.0, 0.0, 0.0, 0.0, 0.0, 1.0, 1.0, 0.0, 0.0, 1.0, 1.0, 1.0, 1.0, 1.0, 1.0, 1.0, 1.0, 1.0, 1.0, 1.0, 1.0, 1.0, 1.0, 1.0, 1.0, 1.0, 0.0, 1.0, 1.0, 0.0, 1.0, 0.0, 1.0, 0.0, 1.0, 0.0, 0.0, 1.0, 1.0, 1.0, 1.0, 0.0, 0.0, 1.0, 0.0, 1.0, 1.0, 1.0, 1.0, 0.0, 0.0, 0.0, 0.0, 0.0, 0.0, 0.0, 1.0, 0.0, 0.0, 0.0, 0.0, 1.0, 1.0, 1.0, 1.0, 0.0, 0.0, 0.0, 0.0, 0.0, 1.0, 1.0, 1.0, 0.0, 1.0, 1.0, 0.0, 1.0, 1.0, 1.0, 1.0, 0.0, 0.0, 0.0, 0.0, 1.0, 0.0, 1.0, 1.0, 1.0, 0.0, 0.0, 1.0, 1.0, 1.0, 1.0, 1.0, 1.0, 1.0, 1.0, 0.0, 0.0, 1.0, 1.0, 1.0, 1.0, 1.0, 0.0, 0.0, 1.0, 1.0, 1.0, 1.0, 0.0, 0.0, 0.0, 0.0, 1.0, 1.0, 1.0, 0.0, 0.0, 0.0, 1.0, 0.0, 1.0, 1.0, 1.0, 1.0, 0.0, 0.0, 0.0, 0.0, 0.0, 0.0, 0.0, 0.0, 0.0, 0.0, 0.0, 0.0, 0.0, 1.0, 0.0, 1.0, 0.0, 1.0, 1.0, 0.0, 1.0, 1.0, 1.0, 1.0, 1.0, 0.0, 0.0, 1.0]",-318.3726801373107,643.2907099349558,0.01,0.0,-5.545177444479562,2.0794415416798357,11.090354888959125,1.0,-8.518280500437347,-16.635532333438686,20.21461483122264,33.27106466687737,0.6173530694834558,"[1.0, 1.0, 1.0, 1.0, 1.0, 0.0, 1.0, 0.0, 1.0, 1.0, 1.0, 1.0, 1.0, 1.0, 1.0, 0.0, 0.0, 0.0, 0.0, 0.0, 0.0, 0.0, 0.0, 0.0, 1.0, 1.0, 1.0, 0.0, 0.0, 0.0, 1.0, 0.0, 0.0, 0.0, 1.0, 1.0, 0.0, 1.0, 1.0, 1.0, 0.0, 0.0, 0.0, 0.0, 0.0, 0.0, 0.0, 0.0, 1.0, 1.0, 1.0, 1.0, 0.0, 0.0, 0.0, 0.0, 1.0, 1.0, 1.0, 1.0, 0.0, 0.0, 0.0, 0.0, 0.0, 0.0, 0.0, 0.0, 0.0, 1.0, 1.0, 0.0, 0.0, 0.0, 0.0, 1.0, 0.0, 0.0, 0.0, 0.0, 1.0, 1.0, 1.0, 1.0, 0.0, 0.0, 0.0, 0.0, 0.0, 0.0, 0.0, 0.0, 1.0, 1.0, 0.0, 1.0, 1.0, 1.0, 1.0, 1.0, 1.0, 1.0, 1.0, 0.0, 1.0, 1.0, 1.0, 1.0, 1.0, 0.0, 1.0, 0.0, 0.0, 1.0, 0.0, 0.0, 1.0, 1.0, 1.0, 0.0, 1.0, 1.0, 0.0, 1.0, 1.0, 0.0, 0.0, 0.0, 1.0, 1.0, 1.0, 0.0, 1.0, 1.0, 1.0, 1.0, 1.0, 1.0, 1.0, 1.0, 0.0, 0.0, 0.0, 0.0, 1.0, 1.0, 1.0, 0.0, 0.0, 0.0, 1.0, 0.0, 0.0, 0.0, 1.0, 0.0, 0.0, 0.0, 0.0, 0.0, 1.0, 1.0, 1.0, 0.0, 0.0, 0.0, 1.0, 0.0, 0.0, 0.0, 0.0, 1.0, 0.0, 0.0, 0.0, 0.0, 0.0, 0.0, 0.0, 1.0, 0.0, 0.0, 0.0, 0.0, 1.0, 1.0, 1.0, 1.0, 0.0, 0.0, 0.0, 0.0, 1.0, 1.0, 1.0, 0.0, 0.0, 0.0, 1.0, 0.0, 1.0, 1.0, 1.0, 1.0, 0.0, 0.0, 0.0, 0.0, 1.0, 1.0, 1.0, 1.0, 0.0, 0.0, 0.0, 0.0, 1.0, 1.0, 1.0, 1.0, 1.0, 1.0, 1.0, 0.0, 0.0, 0.0, 0.0, 0.0, 1.0, 0.0, 0.0, 0.0, 1.0, 1.0, 1.0, 1.0, 1.0, 1.0, 1.0, 1.0, 1.0, 1.0, 1.0, 1.0, 1.0, 1.0, 1.0, 0.0, 0.0, 0.0, 0.0, 0.0, 0.0, 0.0, 0.0, 0.0, 0.0, 1.0, 0.0, 1.0, 0.0, 1.0, 0.0, 1.0, 0.0, 0.0, 0.0, 1.0, 0.0, 0.0, 0.0, 0.0, 1.0, 1.0, 1.0, 0.0, 0.0, 0.0, 1.0, 0.0, 1.0, 1.0, 1.0, 1.0, 1.0, 0.0, 1.0, 0.0, 0.0, 1.0, 1.0, 1.0, 0.0, 0.0, 0.0, 0.0, 1.0, 1.0, 1.0, 0.0, 1.0, 1.0, 1.0, 1.0, 0.0, 1.0, 1.0, 1.0, 0.0, 0.0, 0.0, 0.0, 1.0, 1.0, 1.0, 1.0, 1.0, 1.0, 1.0, 0.0, 1.0, 1.0, 1.0, 1.0, 0.0, 0.0, 0.0, 0.0, 1.0, 1.0, 1.0, 1.0, 0.0, 0.0, 0.0, 0.0, 0.0, 1.0, 0.0, 0.0, 0.0, 0.0, 0.0, 0.0, 0.0, 0.0, 0.0, 0.0, 0.0, 0.0, 0.0, 0.0, 1.0, 0.0, 1.0, 1.0, 1.0, 0.0, 0.0, 1.0, 1.0, 1.0, 1.0, 1.0, 1.0, 0.0, 1.0, 0.0, 1.0, 1.0, 1.0, 1.0, 1.0, 0.0, 1.0, 1.0, 0.0, 0.0, 0.0, 0.0, 0.0, 1.0, 1.0, 0.0, 1.0, 0.0, 0.0, 1.0, 0.0, 0.0, 0.0, 0.0, 1.0, 1.0, 1.0, 0.0, 0.0, 0.0, 1.0, 0.0, 1.0, 1.0, 1.0, 0.0, 0.0, 0.0, 0.0, 0.0, 1.0, 1.0, 1.0, 1.0, 1.0, 1.0, 1.0, 0.0, 0.0, 0.0, 0.0, 0.0, 0.0, 0.0, 0.0, 0.0, 1.0, 0.0, 1.0, 0.0, 0.0, 0.0, 0.0, 0.0, 1.0, 1.0, 1.0, 1.0, 1.0, 1.0, 1.0, 0.0, 1.0, 1.0, 1.0, 1.0, 1.0, 1.0, 0.0, 1.0, 1.0, 1.0, 1.0, 1.0, 0.0, 0.0, 0.0, 0.0, 1.0, 1.0, 1.0, 1.0, 1.0, 1.0, 1.0, 0.0, 0.0, 1.0, 1.0, 1.0, 0.0, 0.0, 0.0, 0.0, 1.0, 1.0, 1.0, 1.0, 0.0, 0.0, 0.0, 0.0, 1.0, 0.0, 1.0, 0.0, 0.0, 0.0, 0.0, 0.0, 1.0, 1.0, 1.0, 1.0, 1.0, 0.0, 1.0, 0.0, 1.0, 1.0, 1.0, 0.0, 1.0, 1.0, 0.0, 1.0, 1.0, 1.0, 1.0, 1.0, 0.0, 0.0, 0.0, 0.0, 0.0, 0.0, 0.0, 0.0, 0.0, 1.0, 0.0, 0.0, 1.0, 1.0, 1.0, 1.0, 0.0, 0.0, 0.0, 0.0, 0.0, 0.0, 0.0, 0.0, 0.0, 0.0, 0.0, 0.0, 1.0, 0.0, 1.0, 0.0, 0.0, 0.0, 0.0, 0.0, 1.0, 1.0, 0.0, 0.0, 1.0, 1.0, 1.0, 1.0, 1.0, 1.0, 1.0, 1.0, 1.0, 1.0, 1.0, 1.0, 1.0, 1.0, 1.0, 1.0, 1.0, 0.0, 1.0, 1.0, 0.0, 1.0, 0.0, 1.0, 0.0, 1.0, 0.0, 0.0, 1.0, 1.0, 1.0, 1.0, 0.0, 0.0, 1.0, 0.0, 1.0, 1.0, 1.0, 1.0, 0.0, 0.0, 0.0, 0.0, 0.0, 0.0, 0.0, 1.0, 0.0, 0.0, 0.0, 0.0, 1.0, 1.0, 1.0, 1.0, 0.0, 0.0, 0.0, 0.0, 0.0, 1.0, 1.0, 1.0, 0.0, 1.0, 1.0, 0.0, 1.0, 1.0, 1.0, 1.0, 0.0, 0.0, 0.0, 0.0, 1.0, 0.0, 1.0, 1.0, 1.0, 0.0, 0.0, 1.0, 1.0, 1.0, 1.0, 1.0, 1.0, 1.0, 1.0, 0.0, 0.0, 0.0, 1.0, 0.0, 0.0, 1.0, 0.0, 0.0, 1.0, 1.0, 1.0, 1.0, 0.0, 0.0, 0.0, 0.0, 1.0, 1.0, 1.0, 0.0, 0.0, 0.0, 1.0, 0.0, 1.0, 1.0, 1.0, 1.0, 0.0, 0.0, 0.0, 0.0, 0.0, 0.0, 0.0, 0.0, 0.0, 0.0, 0.0, 0.0, 0.0, 1.0, 0.0, 1.0, 0.0, 1.0, 1.0, 0.0, 1.0, 1.0, 1.0, 1.0, 1.0, 0.0, 0.0, 1.0]",-311.9759791000219,630.4973078603782,-482.430437669722,964.860875339444,0.01,0.0,-5.545177444479562,2.0794415416798357,11.090354888959125,1.0,-10.785617819288028,-16.635532333438686,24.749289468924,33.27106466687737,1.0908740239314543,"[0.0, 0.0, 1.0, 0.0, 0.0, 0.0, 0.0, 0.0, 1.0, 1.0, 1.0, 1.0, 0.877, 0.877, 0.877, 0.0, 1.0, 0.259, 1.0, 1.0, 0.8015, 0.0, 0.259, 1.0, 1.0, 1.0, 1.0, 1.0, 1.0, 1.0, 1.0, 0.0, 0.0, 0.0, 1.0, 0.0, 0.0, 0.0, 1.0, 0.0, 0.0, 0.0, 1.0, 0.0, 0.0, 0.0, 1.0, 0.0, 0.0, 0.0, 0.0, 0.0775, 0.0, 0.0, 0.1635, 0.47100000000000003, 1.0, 1.0, 1.0, 1.0, 0.0, 0.0, 0.0, 0.0, 0.0, 0.0, 0.0, 0.0, 0.0, 0.0, 0.0, 0.0, 1.0, 1.0, 1.0, 1.0, 1.0, 1.0, 1.0, 0.0, 1.0, 1.0, 1.0, 1.0, 0.0, 0.0, 0.0, 0.0, 0.0, 0.0, 0.0, 0.0, 0.0, 0.113, 0.113, 0.0, 0.0, 0.0, 0.0, 1.0, 0.0, 0.0, 0.0, 0.0, 1.0, 1.0, 1.0, 1.0, 0.0, 0.0, 0.0, 0.0, 0.9995, 1.0, 1.0, 0.663, 1.0, 1.0, 1.0, 0.353, 1.0, 1.0, 1.0, 1.0, 0.082, 0.082, 0.0, 0.0, 0.973, 1.0, 0.7655000000000001, 0.605, 0.973, 1.0, 1.0, 0.368, 0.0, 0.0, 1.0, 0.0, 1.0, 0.0, 1.0, 0.0, 1.0, 1.0, 1.0, 1.0, 0.0, 0.0, 1.0, 0.0, 1.0, 1.0, 1.0, 1.0, 0.0, 0.9465, 0.0, 0.0, 0.666, 1.0, 0.666, 0.666, 0.0, 0.0, 0.7975, 0.0, 0.0, 0.9430000000000001, 0.0, 1.0, 1.0, 0.0, 0.0, 0.0, 0.0, 1.0, 0.0, 0.0, 0.0, 0.0, 0.0, 0.0, 1.0, 1.0, 1.0, 1.0, 0.0, 0.0, 0.0, 0.0, 1.0, 1.0, 1.0, 1.0, 1.0, 1.0, 1.0, 0.0005, 1.0, 1.0, 1.0, 1.0, 1.0, 1.0, 0.0, 1.0, 1.0, 1.0, 1.0, 1.0, 0.0, 0.0, 0.0, 0.0, 1.0, 1.0, 1.0, 1.0, 1.0, 1.0, 1.0, 0.0, 1.0, 0.0, 1.0, 0.0, 0.0, 0.0, 0.0, 0.0, 0.0, 1.0, 0.0, 1.0, 0.0, 1.0, 0.0, 1.0, 1.0, 1.0, 1.0, 1.0, 1.0, 1.0, 1.0, 0.0, 1.0, 0.0, 1.0, 1.0, 1.0, 0.0, 0.0, 1.0, 1.0, 1.0, 1.0, 1.0, 1.0, 1.0, 1.0, 1.0, 0.0, 0.9580000000000001, 0.0, 0.0, 0.0, 0.0, 0.0045000000000000005, 0.0, 0.0, 0.0, 0.0, 0.0, 0.0, 0.0, 0.0, 1.0, 0.0, 0.0, 0.0005, 0.0, 0.0, 0.0, 0.0, 0.0, 0.0, 1.0, 0.0, 0.0, 0.0, 0.0, 0.0, 0.0, 1.0, 1.0, 1.0, 0.001, 0.001, 0.001, 1.0, 0.0, 0.0, 0.0, 0.6225, 0.0, 0.0, 0.0, 0.0, 0.0, 1.0, 1.0, 1.0, 1.0, 0.0, 0.0, 0.0, 0.0, 0.0, 0.0, 0.0, 0.0, 0.0, 0.0, 0.0, 0.0, 1.0, 1.0, 1.0, 1.0, 1.0, 1.0, 1.0, 0.0, 0.0, 0.0, 0.0, 1.0, 0.0, 0.0, 1.0, 0.0, 1.0, 1.0, 1.0, 1.0, 0.0, 0.0, 0.0, 0.0, 0.0, 1.0, 0.0, 0.0, 1.0, 0.0, 0.0, 1.0, 1.0, 1.0, 1.0, 1.0, 0.0, 0.0, 0.0, 0.0, 1.0, 1.0, 1.0, 1.0, 1.0, 0.0, 1.0, 1.0, 0.0, 0.0005, 0.0, 0.0, 0.0, 0.38, 0.0, 0.0, 1.0, 1.0, 1.0, 1.0, 0.0, 0.0, 0.0, 0.0, 1.0, 1.0, 1.0, 0.999, 1.0, 1.0, 1.0, 0.0195, 1.0, 1.0, 1.0, 1.0, 0.0, 0.0, 0.0, 0.0, 0.0, 0.6285000000000001, 0.0, 0.328, 0.0, 0.0, 0.6285000000000001, 0.0, 0.0, 0.0, 0.0, 0.0, 0.0, 0.0, 0.0, 1.0, 1.0, 1.0, 1.0, 1.0, 0.0, 0.0, 0.0, 0.0, 1.0, 1.0, 1.0, 1.0, 1.0, 1.0, 1.0, 0.0, 1.0, 1.0, 1.0, 1.0, 1.0, 1.0, 0.0375, 1.0, 1.0, 1.0, 1.0, 1.0, 0.0, 0.0, 0.0, 0.0, 1.0, 1.0, 1.0, 1.0, 1.0, 1.0, 1.0, 0.0, 1.0, 1.0, 1.0, 1.0, 1.0, 1.0, 0.0, 1.0, 1.0, 1.0, 1.0, 1.0, 0.0, 0.0, 0.0, 0.0, 1.0, 1.0, 1.0, 1.0, 1.0, 1.0, 1.0, 1.0, 0.0, 0.0, 0.4395, 0.0, 0.0, 0.0, 0.001, 1.0, 0.0, 0.0, 0.0, 0.0, 0.0, 0.0, 0.0, 0.0, 1.0, 1.0, 1.0, 0.0, 1.0, 0.0, 0.0, 1.0, 0.0, 0.0, 1.0, 1.0, 1.0, 0.0, 0.0, 0.0, 0.0, 0.0, 0.0, 0.0, 0.0, 0.0, 0.0, 0.0, 1.0, 1.0, 1.0, 1.0, 0.0, 0.0, 0.0, 0.0, 0.0, 0.0, 0.0, 0.0, 0.0, 1.0, 0.0, 0.0, 1.0, 1.0, 1.0, 1.0, 0.0, 0.4945, 0.0, 0.0, 1.0, 1.0, 1.0, 1.0, 0.0, 0.0, 1.0, 1.0, 1.0, 1.0, 1.0, 1.0, 0.0, 0.0, 0.0, 0.0, 1.0, 1.0, 1.0, 1.0, 1.0, 0.704, 0.296, 0.0, 1.0, 1.0, 1.0, 1.0, 0.0, 0.0, 1.0, 1.0, 1.0, 1.0, 1.0, 1.0, 0.0, 0.0, 0.0, 0.0, 0.006, 1.0, 0.006, 0.708, 0.298, 1.0, 0.298, 1.0, 1.0, 1.0, 1.0, 1.0, 0.0, 0.0, 0.0, 0.0, 1.0, 0.0, 1.0, 1.0, 1.0, 0.0, 0.0, 1.0, 0.0, 1.0, 1.0, 1.0, 0.0, 0.0, 0.0, 0.0, 1.0, 0.224, 1.0, 1.0, 0.776, 0.0, 0.224, 1.0, 1.0, 1.0, 1.0, 1.0, 0.0, 0.0, 0.0, 0.0, 1.0, 1.0, 0.0, 1.0, 1.0, 1.0, 0.0, 1.0, 1.0, 1.0, 1.0, 1.0, 0.0, 0.0, 0.0, 0.0, 1.0, 1.0, 1.0, 1.0, 1.0, 1.0, 1.0, 0.0, 1.0, 1.0, 1.0, 1.0, 0.0, 0.0, 0.0, 0.0, 0.0, 0.0, 0.0, 0.0, 0.0, 0.0, 0.0, 0.0, 1.0, 0.4865, 1.0, 1.0, 1.0, 0.0075, 0.4865, 1.0, 0.0225, 0.0, 0.0, 0.9775, 0.0, 0.0, 0.0, 0.0]",-419.18595103414617,844.9172517286268,-482.430437669722,964.860875339444,0.01,0.0,-5.545177444479562,2.0794415416798357,11.090354888959125,1.0,-8.518280500437347,-16.635532333438686,20.21461483122264,33.27106466687737,0.5787520451143159,"[1.0, 1.0, 1.0, 1.0, 1.0, 0.0, 1.0, 0.0, 1.0, 1.0, 1.0, 1.0, 1.0, 1.0, 1.0, 0.0, 0.0, 0.0, 0.0, 0.0, 0.0, 0.0, 0.0, 0.0, 1.0, 1.0, 1.0, 1.0, 0.0, 0.0, 1.0, 0.0, 0.0, 0.0, 0.0, 0.0, 0.0, 1.0, 0.0, 0.0, 0.0, 0.0, 0.0, 0.0, 0.0, 0.0, 0.0, 0.0, 1.0, 1.0, 1.0, 1.0, 0.0, 0.0, 0.0, 0.0, 1.0, 1.0, 1.0, 1.0, 0.0, 0.0, 0.0, 0.0, 0.0, 0.0, 0.0, 0.0, 0.0, 1.0, 1.0, 0.0, 1.0, 1.0, 1.0, 1.0, 0.0, 0.0, 0.0, 0.0, 1.0, 1.0, 1.0, 1.0, 0.0, 0.0, 0.0, 0.0, 0.0, 0.0, 0.0, 0.0, 0.0, 0.0, 0.0, 0.0, 1.0, 1.0, 1.0, 1.0, 1.0, 1.0, 1.0, 0.0, 1.0, 1.0, 1.0, 1.0, 1.0, 0.0, 1.0, 0.0, 0.0, 1.0, 0.0, 0.0, 1.0, 1.0, 1.0, 0.0, 1.0, 1.0, 0.0, 1.0, 1.0, 0.0, 0.0, 0.0, 1.0, 1.0, 1.0, 0.0, 1.0, 1.0, 1.0, 1.0, 1.0, 1.0, 1.0, 1.0, 0.0, 0.0, 0.0, 0.0, 1.0, 1.0, 1.0, 0.0, 0.0, 0.0, 1.0, 0.0, 0.0, 0.0, 1.0, 0.0, 0.0, 0.0, 0.0, 0.0, 1.0, 1.0, 1.0, 0.0, 0.0, 0.0, 1.0, 0.0, 0.0, 0.0, 0.0, 1.0, 0.0, 0.0, 0.0, 0.0, 0.0, 0.0, 0.0, 1.0, 0.0, 0.0, 0.0, 0.0, 1.0, 1.0, 1.0, 1.0, 0.0, 0.0, 0.0, 0.0, 1.0, 1.0, 1.0, 0.0, 0.0, 0.0, 1.0, 0.0, 1.0, 1.0, 1.0, 1.0, 0.0, 0.0, 0.0, 0.0, 1.0, 1.0, 1.0, 1.0, 0.0, 0.0, 0.0, 0.0, 1.0, 1.0, 1.0, 1.0, 1.0, 1.0, 1.0, 0.0, 0.0, 0.0, 0.0, 0.0, 1.0, 0.0, 0.0, 0.0, 1.0, 1.0, 1.0, 1.0, 1.0, 1.0, 1.0, 1.0, 1.0, 1.0, 1.0, 1.0, 1.0, 1.0, 1.0, 0.0, 0.0, 0.0, 0.0, 0.0, 0.0, 0.0, 0.0, 0.0, 0.0, 1.0, 0.0, 1.0, 0.0, 1.0, 0.0, 1.0, 0.0, 0.0, 0.0, 1.0, 0.0, 0.0, 0.0, 0.0, 1.0, 1.0, 1.0, 0.0, 0.0, 0.0, 1.0, 0.0, 0.0, 0.0, 1.0, 0.0, 0.0, 0.0, 0.0, 0.0, 0.0, 1.0, 1.0, 1.0, 0.0, 0.0, 0.0, 0.0, 1.0, 1.0, 1.0, 0.0, 1.0, 1.0, 1.0, 1.0, 0.0, 0.0, 1.0, 0.0, 0.0, 0.0, 0.0, 0.0, 1.0, 1.0, 1.0, 1.0, 1.0, 1.0, 1.0, 0.0, 1.0, 1.0, 1.0, 1.0, 0.0, 0.0, 0.0, 0.0, 1.0, 1.0, 1.0, 1.0, 0.0, 0.0, 0.0, 0.0, 0.0, 1.0, 0.0, 0.0, 0.0, 0.0, 0.0, 0.0, 0.0, 0.0, 0.0, 0.0, 0.0, 0.0, 0.0, 0.0, 0.0, 0.0, 0.0, 0.0, 0.0, 0.0, 0.0, 0.0, 1.0, 1.0, 0.0, 1.0, 1.0, 0.0, 1.0, 0.0, 1.0, 1.0, 1.0, 1.0, 1.0, 0.0, 1.0, 1.0, 0.0, 0.0, 0.0, 0.0, 0.0, 1.0, 1.0, 0.0, 1.0, 0.0, 0.0, 1.0, 0.0, 0.0, 0.0, 0.0, 1.0, 1.0, 1.0, 0.0, 0.0, 0.0, 1.0, 0.0, 1.0, 1.0, 1.0, 0.0, 0.0, 0.0, 0.0, 0.0, 1.0, 1.0, 1.0, 1.0, 1.0, 1.0, 1.0, 0.0, 0.0, 0.0, 0.0, 0.0, 0.0, 0.0, 0.0, 0.0, 1.0, 0.0, 1.0, 0.0, 0.0, 0.0, 0.0, 0.0, 1.0, 1.0, 1.0, 1.0, 1.0, 1.0, 1.0, 0.0, 1.0, 1.0, 1.0, 1.0, 1.0, 1.0, 0.0, 1.0, 1.0, 1.0, 1.0, 1.0, 0.0, 0.0, 0.0, 0.0, 1.0, 1.0, 1.0, 1.0, 1.0, 1.0, 1.0, 0.0, 0.0, 1.0, 1.0, 1.0, 0.0, 0.0, 0.0, 0.0, 1.0, 1.0, 1.0, 1.0, 0.0, 0.0, 0.0, 0.0, 1.0, 0.0, 1.0, 0.0, 0.0, 0.0, 0.0, 0.0, 1.0, 1.0, 1.0, 1.0, 1.0, 0.0, 1.0, 0.0, 1.0, 1.0, 1.0, 0.0, 1.0, 1.0, 0.0, 1.0, 1.0, 1.0, 1.0, 1.0, 0.0, 0.0, 0.0, 0.0, 0.0, 0.0, 0.0, 0.0, 0.0, 0.0, 0.0, 0.0, 1.0, 1.0, 1.0, 1.0, 0.0, 0.0, 0.0, 0.0, 0.0, 0.0, 0.0, 0.0, 0.0, 0.0, 0.0, 0.0, 0.0, 0.0, 0.0, 0.0, 0.0, 0.0, 0.0, 0.0, 1.0, 1.0, 0.0, 0.0, 1.0, 1.0, 1.0, 1.0, 1.0, 1.0, 1.0, 1.0, 1.0, 1.0, 1.0, 1.0, 1.0, 1.0, 1.0, 1.0, 1.0, 0.0, 1.0, 1.0, 0.0, 1.0, 0.0, 1.0, 0.0, 1.0, 0.0, 0.0, 1.0, 1.0, 1.0, 1.0, 0.0, 0.0, 1.0, 0.0, 1.0, 1.0, 1.0, 1.0, 0.0, 0.0, 0.0, 0.0, 0.0, 0.0, 0.0, 1.0, 0.0, 0.0, 0.0, 0.0, 1.0, 1.0, 1.0, 1.0, 0.0, 0.0, 0.0, 0.0, 0.0, 1.0, 1.0, 1.0, 0.0, 1.0, 1.0, 0.0, 1.0, 1.0, 1.0, 1.0, 0.0, 0.0, 0.0, 0.0, 1.0, 0.0, 1.0, 1.0, 1.0, 0.0, 0.0, 1.0, 1.0, 1.0, 1.0, 1.0, 1.0, 1.0, 1.0, 0.0, 0.0, 1.0, 1.0, 1.0, 1.0, 1.0, 0.0, 0.0, 1.0, 1.0, 1.0, 1.0, 0.0, 0.0, 0.0, 0.0, 1.0, 1.0, 1.0, 0.0, 0.0, 0.0, 1.0, 0.0, 1.0, 1.0, 1.0, 1.0, 0.0, 0.0, 0.0, 0.0, 0.0, 0.0, 0.0, 0.0, 0.0, 0.0, 0.0, 0.0, 0.0, 0.0, 1.0, 1.0, 0.0, 0.0, 0.0, 0.0, 1.0, 1.0, 1.0, 1.0, 1.0, 0.0, 0.0, 1.0]",-295.2442605392121,597.0338707387587,-482.430437669722,964.860875339444,1.0,-9.518280500437347,22.21461483122264,1.2846122460949685,-433.45128860920846,873.4479268787513,True,True,True,True,True,0.875,1.0,0.5416666666666666,0.625,0.5416666666666666,0.625,0.7083333333333334,0.625,0.5416666666666666,0.625,0.5833333333333334,0.625,"Z.exists(lambda x1: Z.equal(x1,'red','colour'),X)","Z.exists(lambda x1: Z.exists(lambda x2: Z.hor_operator(x1,x2,'contact'),X),X)","Z.exists(lambda x1: Z.exists(lambda x2: Z.hor_operator(x2,x1,'contact'),X),X)","Z.exists(lambda x1: Z.exists(lambda x2: Z.hor_operator(x1,x2,'contact'),X),X)",1.0,1.0,0.625,0.625,0.625,0.7083333333333334,0.6982758620689655,0.6867816091954023,0.6954022988505747,0.6925287356321839,5.241379310344827,2000,1169,1169,0,0,0
47,60,117,Rsvo0qz0zz,#NAME?,Omega,all are blue OR small,"[False, False, False, False, False, False, True, False]","[False, False, False, False, False, False, True, False]",0.375,0.375,There must be two triangles of different colors touching and at least one additional triangle.,"[['x1'],['x1','x2'],['x1','x2','x3']]","Z.exists(lambda x1: Z.exists(lambda x2: Z.exists(lambda x3: Z.and_operator(Z.and_operator(Z.not_operator(Z.equal(x1,x2,'colour')),Z.hor_operator(x1,x2,'contact')),Z.not_operator(Z.hor_operator(x1,x3,'contact'))),X),X),X)",There must be two triangles of different colors touching and at least one additional triangle.,"[{'ids': [0, 1, 2], 'colours': ['green', 'blue', 'green'], 'sizes': [1, 2, 1], 'xpos': [0.3695943902506767, 3.3550150804889523, 2.7203088242630797], 'ypos': [4.128333333333334, 4.128333333333334, 4.043406777668482], 'rotations': [3.1415926535897936, 3.1415926535897922, 2.8545798207955833], 'orientations': ['upright', 'upright', 'upright'], 'contact': [[0], [1, 2], [2, 1]], 'grounded': ['yes', 'yes', 'yes'], 'follow_rule': True}, {'ids': [0, 1], 'colours': ['blue', 'green'], 'sizes': [2, 3], 'xpos': [3.5952283306020973, 5.979903962257171], 'ypos': [3.7459868091003017, 4.125427673397001], 'rotations': [5.050069284765234, 3.1407947998176557], 'orientations': ['rhs', 'upright'], 'contact': [[0], [1]], 'grounded': ['yes', 'yes'], 'follow_rule': False}, {'ids': [0, 1, 2], 'colours': ['blue', 'green', 'green'], 'sizes': [2, 3, 1], 'xpos': [2.620916985668041, 2.0082803017972672, 2.6178605432267292], 'ypos': [4.127948297838909, 3.650721773814669, 3.5144452630338723], 'rotations': [3.142806425707154, 1.2443771997984583, 3.1531131832398818], 'orientations': ['upright', 'lhs', 'upright'], 'contact': [[0, 2], [1], [2, 0]], 'grounded': ['yes', 'yes', 'no'], 'follow_rule': False}, {'ids': [0, 1, 2], 'colours': ['red', 'green', 'blue'], 'sizes': [2, 2, 1], 'xpos': [7.777898368334066, 7.11371098165676, 4.805526576537106], 'ypos': [3.634115752189477, 3.7507899907869313, 3.8432824717503533], 'rotations': [2.02703907796346, 1.2341215074081713, 1.2100919386732416], 'orientations': ['strange', 'lhs', 'lhs'], 'contact': [[0, 1], [1, 0], [2]], 'grounded': ['no', 'yes', 'yes'], 'follow_rule': False}, {'ids': [0, 1, 2], 'colours': ['red', 'green', 'green'], 'sizes': [3, 3, 1], 'xpos': [0.5144183948805544, 1.7992717599184913, 3.588867155644133], 'ypos': [4.125238668740253, 4.124030522702655, 3.843060870077386], 'rotations': [3.1411336823558607, 3.1431822385279067, 5.074055886091], 'orientations': ['upright', 'upright', 'rhs'], 'contact': [[0], [1], [2]], 'grounded': ['yes', 'yes', 'yes'], 'follow_rule': False}, {'ids': [0, 1, 2], 'colours': ['green', 'red', 'red'], 'sizes': [2, 1, 1], 'xpos': [4.106702550138243, 3.1767595001821394, 2.14044127230457], 'ypos': [4.123860207779281, 3.8329691496846805, 4.124617607469604], 'rotations': [3.141991105319435, 4.482469507002737, 3.1445404149696023], 'orientations': ['upright', 'strange', 'upright'], 'contact': [[0, 1], [1, 0], [2]], 'grounded': ['yes', 'yes', 'yes'], 'follow_rule': False}, {'ids': [0, 1, 2], 'colours': ['blue', 'green', 'green'], 'sizes': [2, 2, 2], 'xpos': [0.8737028039542096, 2.442690512448181, 6.690405612824101], 'ypos': [3.75078999078693, 4.124552747797226, 4.124828896917267], 'rotations': [5.0490637997714165, 3.138461677143291, 3.143733099804562], 'orientations': ['rhs', 'upright', 'upright'], 'contact': [[0], [1], [2]], 'grounded': ['yes', 'yes', 'yes'], 'follow_rule': False}, {'ids': [0, 1, 2], 'colours': ['blue', 'green', 'green'], 'sizes': [2, 2, 1], 'xpos': [6.993832666502558, 5.906896181801981, 4.513736280023547], 'ypos': [3.7504432284048232, 3.74694876496578, 4.124499160996503], 'rotations': [5.046429683367105, 5.049058241516325, 3.144279082149369], 'orientations': ['rhs', 'rhs', 'upright'], 'contact': [[0], [1], [2]], 'grounded': ['yes', 'yes', 'yes'], 'follow_rule': False}, {'ids': [0], 'colours': ['red'], 'sizes': [1], 'xpos': [0.980966455584144], 'ypos': [4.15692217898732], 'rotations': [3.14075602080225], 'contact': [{'V1': 0}], 'grounded': ['yes']}, {'ids': [0, 1], 'colours': ['blue', 'blue'], 'sizes': [2, 2], 'xpos': [5.53919900438758, 1.65854079923742], 'ypos': [4.15829751656101, 4.15751198256046], 'rotations': [3.14294469336728, 3.13947439604659], 'contact': [{'V1': 0, 'V2': 1}], 'grounded': ['yes', 'yes']}, {'ids': [0, 1, 2], 'colours': ['blue', 'red', 'blue'], 'sizes': [1, 1, 1], 'xpos': [2.91233558185412, 3.62676822308812, 1.29792616640764], 'ypos': [4.1571699418337, 4.15734457821355, 3.87855314146574], 'rotations': [3.14061931424498, 3.14080979983927, 1.21335141178178], 'contact': [{'V1': 0, 'V2': 1, 'V3': 2}], 'grounded': ['yes', 'yes', 'yes']}, {'ids': [0, 1, 2, 3], 'colours': ['blue', 'red', 'blue', 'green'], 'sizes': [1, 1, 2, 1], 'xpos': [2.95609825059217, 3.96209693679724, 2.2390687716568, 6.71224095289635], 'ypos': [4.15768622476784, 4.15787716497594, 4.15807459370596, 3.87670727460735], 'rotations': [3.13919121672235, 3.14161554480523, 3.13998936351093, 5.07284064751327], 'contact': [{'V1': 0, 'V2': 1, 'V3': 2, 'V4': 3}], 'grounded': ['yes', 'yes', 'yes', 'yes']}, {'ids': [0, 1, 2], 'colours': ['green', 'red', 'red'], 'sizes': [1, 3, 1], 'xpos': [1.21736009446034, 6.88866095105911, 4.29219484852988], 'ypos': [4.15714834736316, 4.15848443530156, 4.15761681621936], 'rotations': [3.14148035908309, 3.14030543965137, 3.14298105798337], 'contact': [{'V1': 0, 'V2': 1, 'V3': 2}], 'grounded': ['yes', 'yes', 'yes']}, {'ids': [0, 1, 2, 3, 4], 'colours': ['green', 'blue', 'green', 'red', 'red'], 'sizes': [2, 2, 2, 2, 3], 'xpos': [3.83090657832267, 2.38910717821051, 3.54259339814947, 1.00881638670343, 0.483372753490727], 'ypos': [4.15913936320131, 4.15701392299474, 3.77761038379749, 3.76166694023043, 3.53535261859211], 'rotations': [3.13980420303635, 3.14077430032494, 1.87848516525718, 1.57196158476873, 2.81423018257197], 'contact': [[0, 2], [1, 2], [2, 0, 1], [3, 4], [4, 3]], 'grounded': ['yes', 'yes', 'yes', 'yes', 'no']}, {'ids': [0, 1, 2], 'colours': ['red', 'blue', 'green'], 'sizes': [2, 2, 2], 'xpos': [6.08097769326034, 5.78861976198164, 1.25011232086784], 'ypos': [3.78458058527285, 4.1039571708585, 3.7795894526631], 'rotations': [5.04856954343186, 3.00593527717321, 5.05105310034866], 'contact': [[0, 1], [1, 0], 2], 'grounded': ['yes', 'yes', 'yes']}, {'ids': [0, 1, 2, 3], 'colours': ['red', 'green', 'red', 'red'], 'sizes': [2, 2, 2, 1], 'xpos': [4.475106476545, 0.413561660061233, 6.37662276433712, 5.00296952327856], 'ypos': [4.1607559072369, 4.15829244701068, 3.77944860362373, 3.87681059949227], 'rotations': [3.14176346787067, 3.1433043689908, 5.0514105380658, 5.07138540402654], 'contact': [{'V1': 0, 'V2': 1, 'V3': 2, 'V4': 3}], 'grounded': ['yes', 'yes', 'yes', 'yes']}]","[False, False, False, False, False, True, False, False]","[True, True, True, True, True, False, False, True]","[False, False, False, False, False, False, True, False]","[False, False, False, False, False, True, False, False]","[False, False, False, False, False, True, True, False]","[True, True, True, True, True, False, True, True]","[False, False, False, False, False, False, False, False]","[False, False, False, False, False, True, False, False]",0.0,0.125,0.0,0.125,0.75,0.875,0.25,0.25,0.125,0.125,-0.125,0.0,0.25,0.125,5.375597200499145,-5.515917859705025,-5.545177444479562,13.111277261089887,11.090354888959125,0.9921931904137791,-14.061470675767872,-16.635532333438686,31.30099518188369,33.27106466687737,1.0502311195665048,"[1.0, 1.0, 1.0, 1.0, 1.0, 0.0, 1.0, 0.0, 1.0, 1.0, 1.0, 1.0, 1.0, 1.0, 1.0, 0.0135, 0.9530000000000001, 0.092, 0.5895, 0.5895, 1.0, 0.0, 0.0, 0.861, 1.0, 1.0, 1.0, 0.2925, 0.999, 0.999, 1.0, 0.7155, 0.0, 0.0, 1.0, 0.0, 0.0, 0.0, 1.0, 0.0, 0.0, 0.0, 1.0, 0.0, 0.0, 0.0, 1.0, 0.0, 1.0, 1.0, 1.0, 1.0, 0.0, 0.0, 0.0, 0.0, 1.0, 1.0, 1.0, 1.0, 0.935, 0.935, 0.935, 0.935, 1.0, 1.0, 1.0, 1.0, 0.0, 1.0, 0.0, 0.0, 0.0, 1.0, 1.0, 1.0, 1.0, 1.0, 1.0, 1.0, 1.0, 1.0, 1.0, 1.0, 0.0935, 0.0935, 0.0935, 0.0935, 1.0, 1.0, 1.0, 1.0, 1.0, 1.0, 1.0, 1.0, 1.0, 1.0, 1.0, 1.0, 1.0, 1.0, 1.0, 0.013000000000000001, 1.0, 1.0, 0.998, 1.0, 1.0, 0.002, 0.998, 0.002, 1.0, 1.0, 1.0, 1.0, 1.0, 1.0, 1.0, 0.0, 0.973, 1.0, 0.9530000000000001, 1.0, 0.8925000000000001, 0.9195, 0.17400000000000002, 0.201, 1.0, 1.0, 1.0, 1.0, 0.0, 0.0, 0.0, 0.0, 1.0, 1.0, 1.0, 0.24, 1.0, 1.0, 0.968, 1.0, 0.653, 0.653, 0.653, 1.0, 0.2535, 0.2535, 0.7035, 0.10300000000000001, 1.0, 1.0, 1.0, 1.0, 0.0, 1.0, 0.0, 0.0, 1.0, 1.0, 1.0, 0.012, 0.988, 0.988, 1.0, 1.0, 1.0, 0.0, 1.0, 1.0, 1.0, 0.0, 0.0, 1.0, 0.0, 0.0, 0.0, 1.0, 1.0, 0.0, 0.0, 0.0, 1.0, 1.0, 1.0, 1.0, 0.0, 0.0, 0.0, 0.0, 1.0, 1.0, 1.0, 1.0, 0.0, 0.0, 0.0, 0.0, 1.0, 1.0, 1.0, 1.0, 1.0, 1.0, 0.841, 1.0, 1.0, 1.0, 1.0, 1.0, 0.0, 0.0, 0.0, 0.0, 1.0, 1.0, 1.0, 1.0, 1.0, 1.0, 1.0, 0.0, 0.197, 0.0, 0.85, 0.653, 0.803, 0.0, 0.0, 0.0, 0.8525, 0.847, 0.9935, 0.847, 0.28300000000000003, 0.4305, 0.426, 0.426, 1.0, 1.0, 1.0, 1.0, 1.0, 1.0, 1.0, 0.0, 0.798, 1.0, 0.7995, 0.7995, 0.0275, 0.029, 0.2265, 0.1975, 1.0, 1.0, 1.0, 1.0, 0.0, 0.0, 0.0, 0.0, 0.862, 0.854, 0.8595, 0.8955000000000001, 0.045, 0.0005, 0.8695, 0.8505, 1.0, 1.0, 1.0, 0.022, 1.0, 1.0, 1.0, 0.978, 0.28400000000000003, 0.0145, 0.1885, 0.0275, 0.2755, 0.0, 0.0015, 0.013000000000000001, 0.0, 0.0, 0.0, 1.0, 1.0, 0.0, 0.0, 0.0, 1.0, 1.0, 1.0, 1.0, 0.0, 0.0, 0.0, 0.0, 1.0, 1.0, 1.0, 1.0, 1.0, 0.0, 1.0, 0.0, 1.0, 1.0, 1.0, 1.0, 1.0, 1.0, 1.0, 0.0, 1.0, 1.0, 1.0, 0.728, 0.8265, 0.5545, 0.5545, 0.8265, 1.0, 1.0, 1.0, 1.0, 1.0, 1.0, 1.0, 1.0, 1.0, 1.0, 1.0, 0.8715, 0.9365, 0.8695, 0.8695, 0.9365, 0.229, 0.229, 0.229, 0.229, 0.801, 0.03, 0.03, 0.801, 0.0, 0.0, 0.0, 1.0, 1.0, 0.0, 0.0, 0.0, 0.108, 0.114, 0.2315, 0.108, 0.114, 0.07050000000000001, 0.0495, 0.006, 1.0, 1.0, 1.0, 1.0, 0.0, 0.0, 0.0, 0.0, 0.8955000000000001, 0.895, 0.0115, 0.0, 0.883, 0.0, 0.0, 0.0, 1.0, 1.0, 1.0, 1.0, 0.0, 0.0, 0.0, 0.0, 0.902, 0.902, 0.902, 0.678, 0.88, 0.88, 0.902, 0.807, 1.0, 1.0, 1.0, 1.0, 0.0, 0.0, 0.0, 0.0, 1.0, 1.0, 1.0, 1.0, 1.0, 1.0, 1.0, 0.0, 1.0, 1.0, 1.0, 1.0, 0.0, 0.0, 0.0, 0.0, 1.0, 1.0, 1.0, 1.0, 0.008, 0.008, 0.008, 0.008, 1.0, 1.0, 1.0, 1.0, 1.0, 1.0, 1.0, 0.0, 1.0, 1.0, 1.0, 1.0, 1.0, 1.0, 0.6980000000000001, 1.0, 1.0, 1.0, 1.0, 1.0, 0.0, 0.0, 0.0, 0.0, 1.0, 1.0, 1.0, 1.0, 1.0, 1.0, 1.0, 0.0, 0.9530000000000001, 0.9530000000000001, 0.9530000000000001, 1.0, 1.0, 1.0, 0.641, 0.9530000000000001, 1.0, 1.0, 1.0, 1.0, 0.0, 0.0, 0.0, 0.0, 1.0, 1.0, 1.0, 1.0, 1.0, 1.0, 1.0, 1.0, 1.0, 1.0, 1.0, 1.0, 0.0, 0.0, 0.0, 0.0, 1.0, 1.0, 1.0, 1.0, 1.0, 1.0, 1.0, 1.0, 1.0, 1.0, 1.0, 1.0, 0.021500000000000002, 0.021500000000000002, 0.021500000000000002, 0.021500000000000002, 0.021500000000000002, 0.003, 0.02, 0.0095, 0.0095, 0.964, 0.9555, 0.0095, 1.0, 1.0, 1.0, 1.0, 1.0, 1.0, 1.0, 1.0, 1.0, 1.0, 1.0, 1.0, 0.0, 0.0, 0.0, 0.0, 1.0, 1.0, 1.0, 1.0, 0.0, 0.0, 1.0, 1.0, 1.0, 0.873, 0.198, 0.198, 1.0, 1.0, 0.6905, 1.0, 1.0, 1.0, 1.0, 1.0, 1.0, 1.0, 1.0, 0.0, 1.0, 0.999, 0.999, 1.0, 0.0025, 0.0025, 0.0025, 0.0025, 1.0, 1.0, 1.0, 1.0, 1.0, 0.686, 0.314, 0.0, 1.0, 1.0, 1.0, 1.0, 0.524, 0.524, 1.0, 0.47600000000000003, 1.0, 1.0, 1.0, 1.0, 0.008, 0.008, 0.008, 0.008, 0.9935, 0.9935, 0.9775, 0.9935, 0.9935, 0.0225, 0.988, 0.017, 1.0, 1.0, 1.0, 1.0, 0.0725, 0.0725, 0.0725, 0.0725, 0.041, 1.0, 1.0, 0.9590000000000001, 0.041, 0.9590000000000001, 1.0, 0.0, 0.7435, 0.9835, 0.7425, 0.986, 0.7435, 0.7435, 0.256, 0.987, 1.0, 0.005, 1.0, 1.0, 1.0, 0.005, 0.005, 1.0, 1.0, 1.0, 1.0, 1.0, 1.0, 1.0, 1.0, 0.0, 1.0, 1.0, 1.0, 1.0, 0.0, 0.0, 0.0, 0.0, 1.0, 1.0, 1.0, 1.0, 0.0, 0.0, 0.0, 0.0, 0.9705, 0.9705, 0.9145, 1.0, 0.8015, 0.8015, 0.9705, 0.7865, 1.0, 1.0, 1.0, 1.0, 0.0, 0.0, 0.0, 0.0, 1.0, 1.0, 1.0, 1.0, 0.0, 0.0, 0.0, 0.0, 1.0, 1.0, 1.0, 1.0, 0.0, 0.0, 0.0, 0.0, 1.0, 1.0, 1.0, 1.0, 1.0, 1.0, 1.0, 1.0]",-418.5875071169283,843.720363894191,-482.430437669722,964.860875339444,1.0,-3.5060935001457825,9.091628541971401,1.0,-8.518280500437347,20.21461483122264,0.6334250289943713,"[1.0, 1.0, 1.0, 1.0, 1.0, 0.0, 1.0, 0.0, 1.0, 1.0, 1.0, 1.0, 1.0, 1.0, 1.0, 0.0, 0.0, 0.0, 0.0, 0.0, 0.0, 0.0, 0.0, 0.0, 1.0, 1.0, 1.0, 0.0, 0.0, 0.0, 1.0, 0.0, 0.0, 0.0, 1.0, 1.0, 0.0, 1.0, 1.0, 1.0, 1.0, 1.0, 1.0, 1.0, 0.0, 0.0, 1.0, 1.0, 1.0, 1.0, 1.0, 1.0, 0.0, 0.0, 0.0, 0.0, 1.0, 1.0, 1.0, 1.0, 0.0, 0.0, 0.0, 0.0, 0.0, 0.0, 0.0, 0.0, 0.0, 1.0, 1.0, 0.0, 1.0, 1.0, 1.0, 1.0, 0.0, 0.0, 0.0, 0.0, 1.0, 1.0, 1.0, 1.0, 0.0, 0.0, 0.0, 0.0, 1.0, 1.0, 1.0, 1.0, 1.0, 1.0, 0.0, 1.0, 1.0, 1.0, 1.0, 1.0, 1.0, 1.0, 1.0, 0.0, 1.0, 1.0, 1.0, 1.0, 1.0, 0.0, 1.0, 0.0, 0.0, 1.0, 0.0, 0.0, 1.0, 1.0, 1.0, 0.0, 1.0, 1.0, 0.0, 1.0, 1.0, 0.0, 0.0, 0.0, 1.0, 1.0, 1.0, 0.0, 1.0, 1.0, 1.0, 1.0, 1.0, 1.0, 1.0, 1.0, 0.0, 0.0, 0.0, 0.0, 1.0, 1.0, 1.0, 0.0, 0.0, 0.0, 1.0, 0.0, 0.0, 0.0, 1.0, 0.0, 0.0, 0.0, 0.0, 0.0, 1.0, 1.0, 1.0, 0.0, 0.0, 0.0, 1.0, 0.0, 0.0, 0.0, 0.0, 1.0, 0.0, 0.0, 0.0, 0.0, 0.0, 0.0, 0.0, 1.0, 0.0, 0.0, 0.0, 0.0, 1.0, 1.0, 1.0, 1.0, 0.0, 0.0, 0.0, 0.0, 1.0, 1.0, 1.0, 0.0, 0.0, 0.0, 1.0, 0.0, 1.0, 1.0, 1.0, 1.0, 0.0, 0.0, 0.0, 0.0, 1.0, 1.0, 1.0, 1.0, 0.0, 0.0, 0.0, 0.0, 1.0, 1.0, 1.0, 1.0, 1.0, 1.0, 1.0, 0.0, 0.0, 0.0, 0.0, 0.0, 1.0, 0.0, 0.0, 0.0, 1.0, 1.0, 1.0, 1.0, 1.0, 1.0, 1.0, 1.0, 1.0, 1.0, 1.0, 1.0, 1.0, 1.0, 1.0, 0.0, 0.0, 0.0, 0.0, 0.0, 0.0, 0.0, 0.0, 0.0, 0.0, 1.0, 0.0, 1.0, 0.0, 1.0, 0.0, 1.0, 0.0, 0.0, 0.0, 1.0, 0.0, 0.0, 0.0, 0.0, 1.0, 1.0, 1.0, 0.0, 0.0, 0.0, 1.0, 0.0, 1.0, 1.0, 1.0, 1.0, 1.0, 0.0, 1.0, 0.0, 0.0, 1.0, 1.0, 1.0, 0.0, 0.0, 0.0, 0.0, 1.0, 1.0, 1.0, 0.0, 1.0, 1.0, 1.0, 1.0, 0.0, 1.0, 1.0, 1.0, 0.0, 0.0, 0.0, 0.0, 1.0, 1.0, 1.0, 1.0, 1.0, 1.0, 1.0, 0.0, 1.0, 1.0, 1.0, 1.0, 0.0, 0.0, 0.0, 0.0, 1.0, 1.0, 1.0, 1.0, 0.0, 0.0, 0.0, 0.0, 0.0, 1.0, 0.0, 0.0, 0.0, 0.0, 0.0, 0.0, 1.0, 1.0, 1.0, 1.0, 1.0, 0.0, 1.0, 1.0, 0.0, 0.0, 0.0, 0.0, 0.0, 1.0, 1.0, 0.0, 1.0, 1.0, 1.0, 1.0, 1.0, 0.0, 1.0, 0.0, 1.0, 1.0, 1.0, 1.0, 1.0, 0.0, 1.0, 1.0, 0.0, 0.0, 0.0, 0.0, 0.0, 1.0, 1.0, 0.0, 1.0, 0.0, 0.0, 1.0, 0.0, 0.0, 0.0, 0.0, 1.0, 1.0, 1.0, 0.0, 0.0, 0.0, 1.0, 0.0, 1.0, 1.0, 1.0, 0.0, 0.0, 0.0, 0.0, 0.0, 1.0, 1.0, 1.0, 1.0, 1.0, 1.0, 1.0, 0.0, 0.0, 0.0, 0.0, 0.0, 0.0, 0.0, 0.0, 0.0, 1.0, 0.0, 1.0, 0.0, 0.0, 0.0, 0.0, 0.0, 1.0, 1.0, 1.0, 1.0, 1.0, 1.0, 1.0, 0.0, 1.0, 1.0, 1.0, 1.0, 1.0, 1.0, 0.0, 1.0, 1.0, 1.0, 1.0, 1.0, 0.0, 0.0, 0.0, 0.0, 1.0, 1.0, 1.0, 1.0, 1.0, 1.0, 1.0, 0.0, 0.0, 1.0, 1.0, 1.0, 0.0, 0.0, 0.0, 0.0, 1.0, 1.0, 1.0, 1.0, 0.0, 0.0, 0.0, 0.0, 1.0, 0.0, 1.0, 0.0, 0.0, 0.0, 0.0, 0.0, 1.0, 1.0, 1.0, 1.0, 1.0, 0.0, 1.0, 0.0, 1.0, 1.0, 1.0, 0.0, 1.0, 1.0, 0.0, 1.0, 1.0, 1.0, 1.0, 1.0, 0.0, 0.0, 0.0, 0.0, 0.0, 0.0, 0.0, 0.0, 0.0, 1.0, 0.0, 0.0, 1.0, 1.0, 1.0, 1.0, 0.0, 0.0, 0.0, 0.0, 0.0, 0.0, 0.0, 0.0, 0.0, 0.0, 0.0, 0.0, 1.0, 0.0, 1.0, 0.0, 0.0, 0.0, 0.0, 0.0, 1.0, 1.0, 0.0, 0.0, 1.0, 1.0, 1.0, 1.0, 1.0, 1.0, 1.0, 1.0, 1.0, 1.0, 1.0, 1.0, 1.0, 1.0, 1.0, 1.0, 1.0, 0.0, 1.0, 1.0, 0.0, 1.0, 0.0, 1.0, 0.0, 1.0, 0.0, 0.0, 1.0, 1.0, 1.0, 1.0, 0.0, 0.0, 1.0, 0.0, 1.0, 1.0, 1.0, 1.0, 0.0, 0.0, 0.0, 0.0, 0.0, 0.0, 0.0, 1.0, 0.0, 0.0, 0.0, 0.0, 1.0, 1.0, 1.0, 1.0, 0.0, 0.0, 0.0, 0.0, 0.0, 1.0, 1.0, 1.0, 0.0, 1.0, 1.0, 0.0, 1.0, 1.0, 1.0, 1.0, 0.0, 0.0, 0.0, 0.0, 1.0, 0.0, 1.0, 1.0, 1.0, 0.0, 0.0, 1.0, 1.0, 1.0, 1.0, 1.0, 1.0, 1.0, 1.0, 0.0, 0.0, 1.0, 1.0, 1.0, 1.0, 1.0, 0.0, 0.0, 1.0, 1.0, 1.0, 1.0, 0.0, 0.0, 0.0, 0.0, 1.0, 1.0, 1.0, 0.0, 0.0, 0.0, 1.0, 0.0, 1.0, 1.0, 1.0, 1.0, 0.0, 0.0, 0.0, 0.0, 0.0, 0.0, 0.0, 0.0, 0.0, 0.0, 0.0, 0.0, 0.0, 1.0, 0.0, 1.0, 0.0, 1.0, 1.0, 0.0, 1.0, 1.0, 1.0, 1.0, 1.0, 0.0, 0.0, 1.0]",-318.3726801373107,643.2907099349558,1.0,-3.5060935001457825,-5.545177444479562,9.091628541971401,11.090354888959125,1.0,-8.518280500437347,-16.635532333438686,20.21461483122264,33.27106466687737,0.6173530694834558,"[1.0, 1.0, 1.0, 1.0, 1.0, 0.0, 1.0, 0.0, 1.0, 1.0, 1.0, 1.0, 1.0, 1.0, 1.0, 0.0, 0.0, 0.0, 0.0, 0.0, 0.0, 0.0, 0.0, 0.0, 1.0, 1.0, 1.0, 0.0, 0.0, 0.0, 1.0, 0.0, 0.0, 0.0, 1.0, 1.0, 0.0, 1.0, 1.0, 1.0, 0.0, 0.0, 0.0, 0.0, 0.0, 0.0, 0.0, 0.0, 1.0, 1.0, 1.0, 1.0, 0.0, 0.0, 0.0, 0.0, 1.0, 1.0, 1.0, 1.0, 0.0, 0.0, 0.0, 0.0, 0.0, 0.0, 0.0, 0.0, 0.0, 1.0, 1.0, 0.0, 0.0, 0.0, 0.0, 1.0, 0.0, 0.0, 0.0, 0.0, 1.0, 1.0, 1.0, 1.0, 0.0, 0.0, 0.0, 0.0, 0.0, 0.0, 0.0, 0.0, 1.0, 1.0, 0.0, 1.0, 1.0, 1.0, 1.0, 1.0, 1.0, 1.0, 1.0, 0.0, 1.0, 1.0, 1.0, 1.0, 1.0, 0.0, 1.0, 0.0, 0.0, 1.0, 0.0, 0.0, 1.0, 1.0, 1.0, 0.0, 1.0, 1.0, 0.0, 1.0, 1.0, 0.0, 0.0, 0.0, 1.0, 1.0, 1.0, 0.0, 1.0, 1.0, 1.0, 1.0, 1.0, 1.0, 1.0, 1.0, 0.0, 0.0, 0.0, 0.0, 1.0, 1.0, 1.0, 0.0, 0.0, 0.0, 1.0, 0.0, 0.0, 0.0, 1.0, 0.0, 0.0, 0.0, 0.0, 0.0, 1.0, 1.0, 1.0, 0.0, 0.0, 0.0, 1.0, 0.0, 0.0, 0.0, 0.0, 1.0, 0.0, 0.0, 0.0, 0.0, 0.0, 0.0, 0.0, 1.0, 0.0, 0.0, 0.0, 0.0, 1.0, 1.0, 1.0, 1.0, 0.0, 0.0, 0.0, 0.0, 1.0, 1.0, 1.0, 0.0, 0.0, 0.0, 1.0, 0.0, 1.0, 1.0, 1.0, 1.0, 0.0, 0.0, 0.0, 0.0, 1.0, 1.0, 1.0, 1.0, 0.0, 0.0, 0.0, 0.0, 1.0, 1.0, 1.0, 1.0, 1.0, 1.0, 1.0, 0.0, 0.0, 0.0, 0.0, 0.0, 1.0, 0.0, 0.0, 0.0, 1.0, 1.0, 1.0, 1.0, 1.0, 1.0, 1.0, 1.0, 1.0, 1.0, 1.0, 1.0, 1.0, 1.0, 1.0, 0.0, 0.0, 0.0, 0.0, 0.0, 0.0, 0.0, 0.0, 0.0, 0.0, 1.0, 0.0, 1.0, 0.0, 1.0, 0.0, 1.0, 0.0, 0.0, 0.0, 1.0, 0.0, 0.0, 0.0, 0.0, 1.0, 1.0, 1.0, 0.0, 0.0, 0.0, 1.0, 0.0, 1.0, 1.0, 1.0, 1.0, 1.0, 0.0, 1.0, 0.0, 0.0, 1.0, 1.0, 1.0, 0.0, 0.0, 0.0, 0.0, 1.0, 1.0, 1.0, 0.0, 1.0, 1.0, 1.0, 1.0, 0.0, 1.0, 1.0, 1.0, 0.0, 0.0, 0.0, 0.0, 1.0, 1.0, 1.0, 1.0, 1.0, 1.0, 1.0, 0.0, 1.0, 1.0, 1.0, 1.0, 0.0, 0.0, 0.0, 0.0, 1.0, 1.0, 1.0, 1.0, 0.0, 0.0, 0.0, 0.0, 0.0, 1.0, 0.0, 0.0, 0.0, 0.0, 0.0, 0.0, 0.0, 0.0, 0.0, 0.0, 0.0, 0.0, 0.0, 0.0, 1.0, 0.0, 1.0, 1.0, 1.0, 0.0, 0.0, 1.0, 1.0, 1.0, 1.0, 1.0, 1.0, 0.0, 1.0, 0.0, 1.0, 1.0, 1.0, 1.0, 1.0, 0.0, 1.0, 1.0, 0.0, 0.0, 0.0, 0.0, 0.0, 1.0, 1.0, 0.0, 1.0, 0.0, 0.0, 1.0, 0.0, 0.0, 0.0, 0.0, 1.0, 1.0, 1.0, 0.0, 0.0, 0.0, 1.0, 0.0, 1.0, 1.0, 1.0, 0.0, 0.0, 0.0, 0.0, 0.0, 1.0, 1.0, 1.0, 1.0, 1.0, 1.0, 1.0, 0.0, 0.0, 0.0, 0.0, 0.0, 0.0, 0.0, 0.0, 0.0, 1.0, 0.0, 1.0, 0.0, 0.0, 0.0, 0.0, 0.0, 1.0, 1.0, 1.0, 1.0, 1.0, 1.0, 1.0, 0.0, 1.0, 1.0, 1.0, 1.0, 1.0, 1.0, 0.0, 1.0, 1.0, 1.0, 1.0, 1.0, 0.0, 0.0, 0.0, 0.0, 1.0, 1.0, 1.0, 1.0, 1.0, 1.0, 1.0, 0.0, 0.0, 1.0, 1.0, 1.0, 0.0, 0.0, 0.0, 0.0, 1.0, 1.0, 1.0, 1.0, 0.0, 0.0, 0.0, 0.0, 1.0, 0.0, 1.0, 0.0, 0.0, 0.0, 0.0, 0.0, 1.0, 1.0, 1.0, 1.0, 1.0, 0.0, 1.0, 0.0, 1.0, 1.0, 1.0, 0.0, 1.0, 1.0, 0.0, 1.0, 1.0, 1.0, 1.0, 1.0, 0.0, 0.0, 0.0, 0.0, 0.0, 0.0, 0.0, 0.0, 0.0, 1.0, 0.0, 0.0, 1.0, 1.0, 1.0, 1.0, 0.0, 0.0, 0.0, 0.0, 0.0, 0.0, 0.0, 0.0, 0.0, 0.0, 0.0, 0.0, 1.0, 0.0, 1.0, 0.0, 0.0, 0.0, 0.0, 0.0, 1.0, 1.0, 0.0, 0.0, 1.0, 1.0, 1.0, 1.0, 1.0, 1.0, 1.0, 1.0, 1.0, 1.0, 1.0, 1.0, 1.0, 1.0, 1.0, 1.0, 1.0, 0.0, 1.0, 1.0, 0.0, 1.0, 0.0, 1.0, 0.0, 1.0, 0.0, 0.0, 1.0, 1.0, 1.0, 1.0, 0.0, 0.0, 1.0, 0.0, 1.0, 1.0, 1.0, 1.0, 0.0, 0.0, 0.0, 0.0, 0.0, 0.0, 0.0, 1.0, 0.0, 0.0, 0.0, 0.0, 1.0, 1.0, 1.0, 1.0, 0.0, 0.0, 0.0, 0.0, 0.0, 1.0, 1.0, 1.0, 0.0, 1.0, 1.0, 0.0, 1.0, 1.0, 1.0, 1.0, 0.0, 0.0, 0.0, 0.0, 1.0, 0.0, 1.0, 1.0, 1.0, 0.0, 0.0, 1.0, 1.0, 1.0, 1.0, 1.0, 1.0, 1.0, 1.0, 0.0, 0.0, 0.0, 1.0, 0.0, 0.0, 1.0, 0.0, 0.0, 1.0, 1.0, 1.0, 1.0, 0.0, 0.0, 0.0, 0.0, 1.0, 1.0, 1.0, 0.0, 0.0, 0.0, 1.0, 0.0, 1.0, 1.0, 1.0, 1.0, 0.0, 0.0, 0.0, 0.0, 0.0, 0.0, 0.0, 0.0, 0.0, 0.0, 0.0, 0.0, 0.0, 1.0, 0.0, 1.0, 0.0, 1.0, 1.0, 0.0, 1.0, 1.0, 1.0, 1.0, 1.0, 0.0, 0.0, 1.0]",-311.9759791000219,630.4973078603782,-482.430437669722,964.860875339444,0.5249595717312773,-3.366862092300757,-5.545177444479562,8.81316572628135,11.090354888959125,1.0,-10.785617819288028,-16.635532333438686,24.749289468924,33.27106466687737,1.0908740239314543,"[0.0, 0.0, 1.0, 0.0, 0.0, 0.0, 0.0, 0.0, 1.0, 1.0, 1.0, 1.0, 0.877, 0.877, 0.877, 0.0, 1.0, 0.259, 1.0, 1.0, 0.8015, 0.0, 0.259, 1.0, 1.0, 1.0, 1.0, 1.0, 1.0, 1.0, 1.0, 0.0, 0.0, 0.0, 1.0, 0.0, 0.0, 0.0, 1.0, 0.0, 0.0, 0.0, 1.0, 0.0, 0.0, 0.0, 1.0, 0.0, 0.0, 0.0, 0.0, 0.0775, 0.0, 0.0, 0.1635, 0.47100000000000003, 1.0, 1.0, 1.0, 1.0, 0.0, 0.0, 0.0, 0.0, 0.0, 0.0, 0.0, 0.0, 0.0, 0.0, 0.0, 0.0, 1.0, 1.0, 1.0, 1.0, 1.0, 1.0, 1.0, 0.0, 1.0, 1.0, 1.0, 1.0, 0.0, 0.0, 0.0, 0.0, 0.0, 0.0, 0.0, 0.0, 0.0, 0.113, 0.113, 0.0, 0.0, 0.0, 0.0, 1.0, 0.0, 0.0, 0.0, 0.0, 1.0, 1.0, 1.0, 1.0, 0.0, 0.0, 0.0, 0.0, 0.9995, 1.0, 1.0, 0.663, 1.0, 1.0, 1.0, 0.353, 1.0, 1.0, 1.0, 1.0, 0.082, 0.082, 0.0, 0.0, 0.973, 1.0, 0.7655000000000001, 0.605, 0.973, 1.0, 1.0, 0.368, 0.0, 0.0, 1.0, 0.0, 1.0, 0.0, 1.0, 0.0, 1.0, 1.0, 1.0, 1.0, 0.0, 0.0, 1.0, 0.0, 1.0, 1.0, 1.0, 1.0, 0.0, 0.9465, 0.0, 0.0, 0.666, 1.0, 0.666, 0.666, 0.0, 0.0, 0.7975, 0.0, 0.0, 0.9430000000000001, 0.0, 1.0, 1.0, 0.0, 0.0, 0.0, 0.0, 1.0, 0.0, 0.0, 0.0, 0.0, 0.0, 0.0, 1.0, 1.0, 1.0, 1.0, 0.0, 0.0, 0.0, 0.0, 1.0, 1.0, 1.0, 1.0, 1.0, 1.0, 1.0, 0.0005, 1.0, 1.0, 1.0, 1.0, 1.0, 1.0, 0.0, 1.0, 1.0, 1.0, 1.0, 1.0, 0.0, 0.0, 0.0, 0.0, 1.0, 1.0, 1.0, 1.0, 1.0, 1.0, 1.0, 0.0, 1.0, 0.0, 1.0, 0.0, 0.0, 0.0, 0.0, 0.0, 0.0, 1.0, 0.0, 1.0, 0.0, 1.0, 0.0, 1.0, 1.0, 1.0, 1.0, 1.0, 1.0, 1.0, 1.0, 0.0, 1.0, 0.0, 1.0, 1.0, 1.0, 0.0, 0.0, 1.0, 1.0, 1.0, 1.0, 1.0, 1.0, 1.0, 1.0, 1.0, 0.0, 0.9580000000000001, 0.0, 0.0, 0.0, 0.0, 0.0045000000000000005, 0.0, 0.0, 0.0, 0.0, 0.0, 0.0, 0.0, 0.0, 1.0, 0.0, 0.0, 0.0005, 0.0, 0.0, 0.0, 0.0, 0.0, 0.0, 1.0, 0.0, 0.0, 0.0, 0.0, 0.0, 0.0, 1.0, 1.0, 1.0, 0.001, 0.001, 0.001, 1.0, 0.0, 0.0, 0.0, 0.6225, 0.0, 0.0, 0.0, 0.0, 0.0, 1.0, 1.0, 1.0, 1.0, 0.0, 0.0, 0.0, 0.0, 0.0, 0.0, 0.0, 0.0, 0.0, 0.0, 0.0, 0.0, 1.0, 1.0, 1.0, 1.0, 1.0, 1.0, 1.0, 0.0, 0.0, 0.0, 0.0, 1.0, 0.0, 0.0, 1.0, 0.0, 1.0, 1.0, 1.0, 1.0, 0.0, 0.0, 0.0, 0.0, 0.0, 1.0, 0.0, 0.0, 1.0, 0.0, 0.0, 1.0, 1.0, 1.0, 1.0, 1.0, 0.0, 0.0, 0.0, 0.0, 1.0, 1.0, 1.0, 1.0, 1.0, 0.0, 1.0, 1.0, 0.0, 0.0005, 0.0, 0.0, 0.0, 0.38, 0.0, 0.0, 1.0, 1.0, 1.0, 1.0, 0.0, 0.0, 0.0, 0.0, 1.0, 1.0, 1.0, 0.999, 1.0, 1.0, 1.0, 0.0195, 1.0, 1.0, 1.0, 1.0, 0.0, 0.0, 0.0, 0.0, 0.0, 0.6285000000000001, 0.0, 0.328, 0.0, 0.0, 0.6285000000000001, 0.0, 0.0, 0.0, 0.0, 0.0, 0.0, 0.0, 0.0, 1.0, 1.0, 1.0, 1.0, 1.0, 0.0, 0.0, 0.0, 0.0, 1.0, 1.0, 1.0, 1.0, 1.0, 1.0, 1.0, 0.0, 1.0, 1.0, 1.0, 1.0, 1.0, 1.0, 0.0375, 1.0, 1.0, 1.0, 1.0, 1.0, 0.0, 0.0, 0.0, 0.0, 1.0, 1.0, 1.0, 1.0, 1.0, 1.0, 1.0, 0.0, 1.0, 1.0, 1.0, 1.0, 1.0, 1.0, 0.0, 1.0, 1.0, 1.0, 1.0, 1.0, 0.0, 0.0, 0.0, 0.0, 1.0, 1.0, 1.0, 1.0, 1.0, 1.0, 1.0, 1.0, 0.0, 0.0, 0.4395, 0.0, 0.0, 0.0, 0.001, 1.0, 0.0, 0.0, 0.0, 0.0, 0.0, 0.0, 0.0, 0.0, 1.0, 1.0, 1.0, 0.0, 1.0, 0.0, 0.0, 1.0, 0.0, 0.0, 1.0, 1.0, 1.0, 0.0, 0.0, 0.0, 0.0, 0.0, 0.0, 0.0, 0.0, 0.0, 0.0, 0.0, 1.0, 1.0, 1.0, 1.0, 0.0, 0.0, 0.0, 0.0, 0.0, 0.0, 0.0, 0.0, 0.0, 1.0, 0.0, 0.0, 1.0, 1.0, 1.0, 1.0, 0.0, 0.4945, 0.0, 0.0, 1.0, 1.0, 1.0, 1.0, 0.0, 0.0, 1.0, 1.0, 1.0, 1.0, 1.0, 1.0, 0.0, 0.0, 0.0, 0.0, 1.0, 1.0, 1.0, 1.0, 1.0, 0.704, 0.296, 0.0, 1.0, 1.0, 1.0, 1.0, 0.0, 0.0, 1.0, 1.0, 1.0, 1.0, 1.0, 1.0, 0.0, 0.0, 0.0, 0.0, 0.006, 1.0, 0.006, 0.708, 0.298, 1.0, 0.298, 1.0, 1.0, 1.0, 1.0, 1.0, 0.0, 0.0, 0.0, 0.0, 1.0, 0.0, 1.0, 1.0, 1.0, 0.0, 0.0, 1.0, 0.0, 1.0, 1.0, 1.0, 0.0, 0.0, 0.0, 0.0, 1.0, 0.224, 1.0, 1.0, 0.776, 0.0, 0.224, 1.0, 1.0, 1.0, 1.0, 1.0, 0.0, 0.0, 0.0, 0.0, 1.0, 1.0, 0.0, 1.0, 1.0, 1.0, 0.0, 1.0, 1.0, 1.0, 1.0, 1.0, 0.0, 0.0, 0.0, 0.0, 1.0, 1.0, 1.0, 1.0, 1.0, 1.0, 1.0, 0.0, 1.0, 1.0, 1.0, 1.0, 0.0, 0.0, 0.0, 0.0, 0.0, 0.0, 0.0, 0.0, 0.0, 0.0, 0.0, 0.0, 1.0, 0.4865, 1.0, 1.0, 1.0, 0.0075, 0.4865, 1.0, 0.0225, 0.0, 0.0, 0.9775, 0.0, 0.0, 0.0, 0.0]",-419.18595103414617,844.9172517286268,-482.430437669722,964.860875339444,1.0,-3.5060935001457825,-5.545177444479562,9.091628541971401,11.090354888959125,1.0,-8.518280500437347,-16.635532333438686,20.21461483122264,33.27106466687737,0.5787520451143159,"[1.0, 1.0, 1.0, 1.0, 1.0, 0.0, 1.0, 0.0, 1.0, 1.0, 1.0, 1.0, 1.0, 1.0, 1.0, 0.0, 0.0, 0.0, 0.0, 0.0, 0.0, 0.0, 0.0, 0.0, 1.0, 1.0, 1.0, 1.0, 0.0, 0.0, 1.0, 0.0, 0.0, 0.0, 0.0, 0.0, 0.0, 1.0, 0.0, 0.0, 0.0, 0.0, 0.0, 0.0, 0.0, 0.0, 0.0, 0.0, 1.0, 1.0, 1.0, 1.0, 0.0, 0.0, 0.0, 0.0, 1.0, 1.0, 1.0, 1.0, 0.0, 0.0, 0.0, 0.0, 0.0, 0.0, 0.0, 0.0, 0.0, 1.0, 1.0, 0.0, 1.0, 1.0, 1.0, 1.0, 0.0, 0.0, 0.0, 0.0, 1.0, 1.0, 1.0, 1.0, 0.0, 0.0, 0.0, 0.0, 0.0, 0.0, 0.0, 0.0, 0.0, 0.0, 0.0, 0.0, 1.0, 1.0, 1.0, 1.0, 1.0, 1.0, 1.0, 0.0, 1.0, 1.0, 1.0, 1.0, 1.0, 0.0, 1.0, 0.0, 0.0, 1.0, 0.0, 0.0, 1.0, 1.0, 1.0, 0.0, 1.0, 1.0, 0.0, 1.0, 1.0, 0.0, 0.0, 0.0, 1.0, 1.0, 1.0, 0.0, 1.0, 1.0, 1.0, 1.0, 1.0, 1.0, 1.0, 1.0, 0.0, 0.0, 0.0, 0.0, 1.0, 1.0, 1.0, 0.0, 0.0, 0.0, 1.0, 0.0, 0.0, 0.0, 1.0, 0.0, 0.0, 0.0, 0.0, 0.0, 1.0, 1.0, 1.0, 0.0, 0.0, 0.0, 1.0, 0.0, 0.0, 0.0, 0.0, 1.0, 0.0, 0.0, 0.0, 0.0, 0.0, 0.0, 0.0, 1.0, 0.0, 0.0, 0.0, 0.0, 1.0, 1.0, 1.0, 1.0, 0.0, 0.0, 0.0, 0.0, 1.0, 1.0, 1.0, 0.0, 0.0, 0.0, 1.0, 0.0, 1.0, 1.0, 1.0, 1.0, 0.0, 0.0, 0.0, 0.0, 1.0, 1.0, 1.0, 1.0, 0.0, 0.0, 0.0, 0.0, 1.0, 1.0, 1.0, 1.0, 1.0, 1.0, 1.0, 0.0, 0.0, 0.0, 0.0, 0.0, 1.0, 0.0, 0.0, 0.0, 1.0, 1.0, 1.0, 1.0, 1.0, 1.0, 1.0, 1.0, 1.0, 1.0, 1.0, 1.0, 1.0, 1.0, 1.0, 0.0, 0.0, 0.0, 0.0, 0.0, 0.0, 0.0, 0.0, 0.0, 0.0, 1.0, 0.0, 1.0, 0.0, 1.0, 0.0, 1.0, 0.0, 0.0, 0.0, 1.0, 0.0, 0.0, 0.0, 0.0, 1.0, 1.0, 1.0, 0.0, 0.0, 0.0, 1.0, 0.0, 0.0, 0.0, 1.0, 0.0, 0.0, 0.0, 0.0, 0.0, 0.0, 1.0, 1.0, 1.0, 0.0, 0.0, 0.0, 0.0, 1.0, 1.0, 1.0, 0.0, 1.0, 1.0, 1.0, 1.0, 0.0, 0.0, 1.0, 0.0, 0.0, 0.0, 0.0, 0.0, 1.0, 1.0, 1.0, 1.0, 1.0, 1.0, 1.0, 0.0, 1.0, 1.0, 1.0, 1.0, 0.0, 0.0, 0.0, 0.0, 1.0, 1.0, 1.0, 1.0, 0.0, 0.0, 0.0, 0.0, 0.0, 1.0, 0.0, 0.0, 0.0, 0.0, 0.0, 0.0, 0.0, 0.0, 0.0, 0.0, 0.0, 0.0, 0.0, 0.0, 0.0, 0.0, 0.0, 0.0, 0.0, 0.0, 0.0, 0.0, 1.0, 1.0, 0.0, 1.0, 1.0, 0.0, 1.0, 0.0, 1.0, 1.0, 1.0, 1.0, 1.0, 0.0, 1.0, 1.0, 0.0, 0.0, 0.0, 0.0, 0.0, 1.0, 1.0, 0.0, 1.0, 0.0, 0.0, 1.0, 0.0, 0.0, 0.0, 0.0, 1.0, 1.0, 1.0, 0.0, 0.0, 0.0, 1.0, 0.0, 1.0, 1.0, 1.0, 0.0, 0.0, 0.0, 0.0, 0.0, 1.0, 1.0, 1.0, 1.0, 1.0, 1.0, 1.0, 0.0, 0.0, 0.0, 0.0, 0.0, 0.0, 0.0, 0.0, 0.0, 1.0, 0.0, 1.0, 0.0, 0.0, 0.0, 0.0, 0.0, 1.0, 1.0, 1.0, 1.0, 1.0, 1.0, 1.0, 0.0, 1.0, 1.0, 1.0, 1.0, 1.0, 1.0, 0.0, 1.0, 1.0, 1.0, 1.0, 1.0, 0.0, 0.0, 0.0, 0.0, 1.0, 1.0, 1.0, 1.0, 1.0, 1.0, 1.0, 0.0, 0.0, 1.0, 1.0, 1.0, 0.0, 0.0, 0.0, 0.0, 1.0, 1.0, 1.0, 1.0, 0.0, 0.0, 0.0, 0.0, 1.0, 0.0, 1.0, 0.0, 0.0, 0.0, 0.0, 0.0, 1.0, 1.0, 1.0, 1.0, 1.0, 0.0, 1.0, 0.0, 1.0, 1.0, 1.0, 0.0, 1.0, 1.0, 0.0, 1.0, 1.0, 1.0, 1.0, 1.0, 0.0, 0.0, 0.0, 0.0, 0.0, 0.0, 0.0, 0.0, 0.0, 0.0, 0.0, 0.0, 1.0, 1.0, 1.0, 1.0, 0.0, 0.0, 0.0, 0.0, 0.0, 0.0, 0.0, 0.0, 0.0, 0.0, 0.0, 0.0, 0.0, 0.0, 0.0, 0.0, 0.0, 0.0, 0.0, 0.0, 1.0, 1.0, 0.0, 0.0, 1.0, 1.0, 1.0, 1.0, 1.0, 1.0, 1.0, 1.0, 1.0, 1.0, 1.0, 1.0, 1.0, 1.0, 1.0, 1.0, 1.0, 0.0, 1.0, 1.0, 0.0, 1.0, 0.0, 1.0, 0.0, 1.0, 0.0, 0.0, 1.0, 1.0, 1.0, 1.0, 0.0, 0.0, 1.0, 0.0, 1.0, 1.0, 1.0, 1.0, 0.0, 0.0, 0.0, 0.0, 0.0, 0.0, 0.0, 1.0, 0.0, 0.0, 0.0, 0.0, 1.0, 1.0, 1.0, 1.0, 0.0, 0.0, 0.0, 0.0, 0.0, 1.0, 1.0, 1.0, 0.0, 1.0, 1.0, 0.0, 1.0, 1.0, 1.0, 1.0, 0.0, 0.0, 0.0, 0.0, 1.0, 0.0, 1.0, 1.0, 1.0, 0.0, 0.0, 1.0, 1.0, 1.0, 1.0, 1.0, 1.0, 1.0, 1.0, 0.0, 0.0, 1.0, 1.0, 1.0, 1.0, 1.0, 0.0, 0.0, 1.0, 1.0, 1.0, 1.0, 0.0, 0.0, 0.0, 0.0, 1.0, 1.0, 1.0, 0.0, 0.0, 0.0, 1.0, 0.0, 1.0, 1.0, 1.0, 1.0, 0.0, 0.0, 0.0, 0.0, 0.0, 0.0, 0.0, 0.0, 0.0, 0.0, 0.0, 0.0, 0.0, 0.0, 1.0, 1.0, 0.0, 0.0, 0.0, 0.0, 1.0, 1.0, 1.0, 1.0, 1.0, 0.0, 0.0, 1.0]",-295.2442605392121,597.0338707387587,-482.430437669722,964.860875339444,1.0,-9.518280500437347,22.21461483122264,1.2846122460949685,-433.45128860920846,873.4479268787513,True,True,True,True,True,0.875,0.625,0.5416666666666666,0.25,0.5416666666666666,0.25,0.7083333333333334,0.5,0.5416666666666666,0.25,0.5833333333333334,0.375,"Z.forall(lambda x1: Z.equal(x1,'upright','orientation'),X)","Z.exists(lambda x1: Z.exists(lambda x2: Z.exists(lambda x3: Z.and_operator(Z.and_operator(Z.not_operator(Z.equal(x1,x2,'colour')),Z.hor_operator(x1,x2,'contact')),Z.not_operator(Z.hor_operator(x1,x3,'contact'))),X),X),X)","Z.forall(lambda x1: Z.atleast(lambda x2: Z.hor_operator(x2,x1,'contact'),1,X),X)","Z.exists(lambda x1: Z.exists(lambda x2: Z.exists(lambda x3: Z.and_operator(Z.and_operator(Z.not_operator(Z.equal(x1,x2,'colour')),Z.hor_operator(x1,x2,'contact')),Z.not_operator(Z.hor_operator(x1,x3,'contact'))),X),X),X)",0.625,0.5,0.25,0.375,0.25,0.7083333333333334,0.6982758620689655,0.6867816091954023,0.6954022988505747,0.6925287356321839,5.241379310344827,0,0,0,0,0,0
48,61,119,Rsvo0qz0zz,#NAME?,Upsilon,none are upright,"[True, True, False, True, True, False, False, False]","[True, False, False, True, False, False, False, False]",0.75,0.75,A small triangle must be touching a larger triangle,"[['x1'],['x1','x2']]","Z.exists(lambda x1: Z.exists(lambda x2: Z.and_operator(Z.and_operator(Z.equal(x1,1,'size'),Z.equal(x2,3,'size')),Z.hor_operator(x1,x2,'contact')),X),X)",There must be a cluster of triangles all together,"[{'ids': [0, 1, 2], 'colours': ['red', 'red', 'blue'], 'sizes': [3, 3, 1], 'xpos': [1.1024584922975356, 0.13102624073692204, 4.250041242566648], 'ypos': [3.819862119445497, 3.317867649737533, 3.8474172757654395], 'rotations': [3.806444625513318, 4.4575879735734105, 1.2121899680576886], 'orientations': ['strange', 'strange', 'lhs'], 'contact': [[0, 1], [1, 0], [2]], 'grounded': ['yes', 'no', 'yes'], 'follow_rule': True}, {'ids': [0, 1, 2], 'colours': ['green', 'green', 'blue'], 'sizes': [3, 3, 1], 'xpos': [1.8498600303203228, 0.484751267599943, 6.531910278554471], 'ypos': [3.6545993090465116, 3.8947550745420063, 3.844678472003946], 'rotations': [1.24522470760537, 2.811191140743627, 1.2117757162580625], 'orientations': ['lhs', 'upright', 'lhs'], 'contact': [[0, 1], [1, 0], [2]], 'grounded': ['yes', 'no', 'yes'], 'follow_rule': False}, {'ids': [0, 1, 2], 'colours': ['green', 'green', 'red'], 'sizes': [3, 3, 1], 'xpos': [1.3989342290388174, 6.130689476866013, 6.557508666581525], 'ypos': [3.650158278429667, 3.6543658280825393, 3.75217514272401], 'rotations': [1.2439871154831712, 1.2466879021423907, 1.2277222378407666], 'orientations': ['lhs', 'lhs', 'lhs'], 'contact': [[0], [1, 2], [2, 1]], 'grounded': ['yes', 'yes', 'no'], 'follow_rule': True}, {'ids': [0, 1, 2], 'colours': ['blue', 'blue', 'red'], 'sizes': [3, 3, 1], 'xpos': [1.3761504584085091, 0.4848055520589746, 4.63658845308544], 'ypos': [4.125657815801066, 3.9857328110878343, 3.843824820788445], 'rotations': [3.137707247407603, 2.856412921417649, 5.072795950827353], 'orientations': ['upright', 'upright', 'rhs'], 'contact': [[0, 1], [1, 0], [2]], 'grounded': ['yes', 'yes', 'yes'], 'follow_rule': False}, {'ids': [0, 1, 2], 'colours': ['red', 'red', 'green'], 'sizes': [3, 3, 1], 'xpos': [1.8112578598718003, 0.2153215796095631, 5.8733952935476], 'ypos': [3.6541051577669315, 3.651315596566792, 4.12445342438786], 'rotations': [1.2483288740837128, 4.400449508754204, 3.143533608553678], 'orientations': ['lhs', 'strange', 'upright'], 'contact': [[0, 1], [1, 0], [2]], 'grounded': ['yes', 'yes', 'yes'], 'follow_rule': False}, {'ids': [0, 1, 2], 'colours': ['blue', 'red', 'blue'], 'sizes': [3, 1, 3], 'xpos': [6.707779807393092, 6.637086600899857, 6.464202002810333], 'ypos': [3.6686345041982795, 3.84511383959958, 3.6509165552260896], 'rotations': [4.308138994535218, 4.354763812549176, 1.245707605698076], 'orientations': ['strange', 'strange', 'lhs'], 'contact': [[0, 1], [1, 0], [2]], 'grounded': ['yes', 'yes', 'yes'], 'follow_rule': True}, {'ids': [0, 1, 2], 'colours': ['red', 'green', 'red'], 'sizes': [2, 1, 2], 'xpos': [7.822861612451522, 6.61000206326597, 4.63927412683288], 'ypos': [3.750789343367171, 3.8375512092089976, 3.74732290129464], 'rotations': [1.2341262283000192, 4.43155280708083, 1.2336280912891913], 'orientations': ['lhs', 'strange', 'lhs'], 'contact': [[0, 1], [1, 0], [2]], 'grounded': ['yes', 'yes', 'yes'], 'follow_rule': True}, {'ids': [0, 1, 2], 'colours': ['green', 'red', 'green'], 'sizes': [3, 1, 3], 'xpos': [7.792738028031067, 6.535437253734866, 3.306359668562677], 'ypos': [3.654599309046512, 3.6334199321142977, 4.125150991818066], 'rotations': [7.528410014784957, 7.1019350700379, 3.1432639935763955], 'orientations': ['lhs', 'lhs', 'upright'], 'contact': [[0, 1], [1, 0], [2]], 'grounded': ['yes', 'yes', 'yes'], 'follow_rule': False}, {'ids': [0, 1, 2, 3, 4, 5], 'colours': ['red', 'green', 'green', 'red', 'red', 'green'], 'sizes': [3, 3, 3, 1, 3, 1], 'xpos': [4.04539932046708, 6.25367104406576, 1.31220887489158, 2.54397206141056, 5.03680142626962, 2.83313903630872], 'ypos': [3.68714653723475, 3.68793264237984, 3.68536700039956, 3.87290072175348, 3.71647947714512, 3.32290442001056], 'rotations': [1.24459422608336, 1.24522470760537, 5.03721490711028, 4.41693289260746, 2.04844681297516, 1.27753534246253], 'contact': [[0, 4, 3], 1, 2, [3, 0, 5], [4, 0], [5, 3]], 'grounded': ['yes', 'yes', 'yes', 'yes', 'yes', 'no']}, {'ids': [0, 1, 2, 3], 'colours': ['green', 'red', 'blue', 'red'], 'sizes': [1, 3, 2, 2], 'xpos': [3.91130904169482, 5.46428515532996, 6.02804597253327, 2.75909465803677], 'ypos': [3.88039857557471, 3.68809661044642, 3.83039687351375, 3.76829024369344], 'rotations': [1.21554845923219, 5.037860999749, 2.523398913166, 4.53015371920961], 'contact': [{'V1': [0, 3], 'V2': [1, 2], 'V3': [2, 1], 'V4': [3, 0]}], 'grounded': ['yes', 'yes', 'no', 'yes']}, {'ids': [0, 1], 'colours': ['red', 'red'], 'sizes': [1, 1], 'xpos': [2.66334600794472, 1.80432622054734], 'ypos': [3.88090170709236, 3.87778384307705], 'rotations': [1.21239198245414, 4.35415315781273], 'contact': [{'V1': [0, 1], 'V2': [1, 0]}], 'grounded': ['yes', 'yes']}, {'ids': [0, 1, 2, 3, 4], 'colours': ['red', 'red', 'blue', 'blue', 'green'], 'sizes': [3, 3, 1, 1, 1], 'xpos': [1.85360354206331, 4.53707158711655, 2.22962536171588, 3.31491059447484, 3.75418292003644], 'ypos': [3.68810486672765, 3.68793278435064, 3.60822662705904, 3.84556069624473, 3.52884365217974], 'rotations': [5.03784882313905, 1.24522475821424, 2.57929284346434, 1.86403082200312, 2.07051561191284], 'contact': [[0, 3, 2], [1, 4, 3], [2, 0], [3, 0, 1, 4], [4, 1, 3]], 'grounded': ['yes', 'yes', 'no', 'no', 'no']}, {'ids': [0, 1, 2, 3, 4, 5, 6], 'colours': ['red', 'green', 'red', 'red', 'green', 'green', 'red'], 'sizes': [1, 3, 2, 3, 3, 2, 2], 'xpos': [3.25946614949676, 2.44588297516233, 5.88127197371132, 4.16563349275137, 0.72362012303879, 2.368329881437, 7.02789960687692], 'ypos': [3.95518911276486, 3.68824247585198, 4.15744335942523, 4.15757462621801, 3.67646349730594, 3.64875460383896, 3.78297829877943], 'rotations': [3.90055989251386, 1.24543827105161, 3.14018849938784, 3.14209271550925, 4.46919423935855, 4.5928664481854, 5.04768654725134], 'contact': [[0, 5], [1, 5, 4], 2, 3, [4, 1], [5, 0, 1], 6], 'grounded': ['yes', 'yes', 'yes', 'yes', 'yes', 'no', 'yes']}, {'ids': [0, 1, 2, 3, 4], 'colours': ['red', 'blue', 'green', 'green', 'red'], 'sizes': [2, 1, 3, 3, 3], 'xpos': [1.81709153920562, 5.97480057561886, 3.31338082383512, 4.38059628007586, 6.61025661823443], 'ypos': [3.77963548478066, 4.15709914239659, 4.15857486018002, 4.1579783197977, 3.68443952609824], 'rotations': [1.2339014812192, 3.13995537974587, 3.14125891347883, 3.1426763466907, 5.03874238310661], 'contact': [{'V1': 0, 'V2': 1, 'V3': 2, 'V4': 3, 'V5': 4}], 'grounded': ['yes', 'yes', 'yes', 'yes', 'yes']}, {'ids': [0, 1, 2, 3, 4], 'colours': ['red', 'red', 'red', 'green', 'red'], 'sizes': [2, 3, 1, 3, 3], 'xpos': [3.73841073372075, 3.73677173096754, 2.76148516662288, 4.77214062348621, 4.69143283396105], 'ypos': [4.16009367569396, 4.14643505860911, 4.15849207519273, 4.15973417931752, 3.17867488361144], 'rotations': [3.13742681162325, 3.12687131684704, 3.14631730814226, 3.13796262321945, 2.12453024265947], 'contact': [[0, 1], [1, 0, 4], 2, [3, 4], [4, 1, 3]], 'grounded': ['yes', 'no', 'yes', 'yes', 'no']}, {'ids': [0, 1], 'colours': ['blue', 'red'], 'sizes': [1, 3], 'xpos': [4.12725264721393, 2.49227679939128], 'ypos': [4.15816511179978, 3.68449947257032], 'rotations': [3.13776634013453, 5.03835652479557], 'contact': [{'V1': 0, 'V2': 1}], 'grounded': ['yes', 'yes']}]","[True, False, False, True, False, False, False, False]","[True, False, True, True, False, True, True, True]","[False, True, False, False, True, False, False, False]","[False, False, False, False, False, False, False, False]","[True, False, False, False, True, False, False, False]","[True, True, True, False, False, True, True, True]","[False, False, False, True, False, False, False, False]","[False, False, False, False, True, False, False, False]",0.0,0.25,0.0,0.25,0.75,0.75,0.625,0.5,0.125,0.25,-0.25,0.0,0.25,0.25,0.9102430717057811,-4.49868115696662,-5.545177444479562,11.076803855613075,11.090354888959125,0.9921931904137791,-14.061470675767872,-16.635532333438686,31.30099518188369,33.27106466687737,1.0502311195665048,"[1.0, 1.0, 1.0, 1.0, 1.0, 0.0, 1.0, 0.0, 1.0, 1.0, 1.0, 1.0, 1.0, 1.0, 1.0, 0.0135, 0.9530000000000001, 0.092, 0.5895, 0.5895, 1.0, 0.0, 0.0, 0.861, 1.0, 1.0, 1.0, 0.2925, 0.999, 0.999, 1.0, 0.7155, 0.0, 0.0, 1.0, 0.0, 0.0, 0.0, 1.0, 0.0, 0.0, 0.0, 1.0, 0.0, 0.0, 0.0, 1.0, 0.0, 1.0, 1.0, 1.0, 1.0, 0.0, 0.0, 0.0, 0.0, 1.0, 1.0, 1.0, 1.0, 0.935, 0.935, 0.935, 0.935, 1.0, 1.0, 1.0, 1.0, 0.0, 1.0, 0.0, 0.0, 0.0, 1.0, 1.0, 1.0, 1.0, 1.0, 1.0, 1.0, 1.0, 1.0, 1.0, 1.0, 0.0935, 0.0935, 0.0935, 0.0935, 1.0, 1.0, 1.0, 1.0, 1.0, 1.0, 1.0, 1.0, 1.0, 1.0, 1.0, 1.0, 1.0, 1.0, 1.0, 0.013000000000000001, 1.0, 1.0, 0.998, 1.0, 1.0, 0.002, 0.998, 0.002, 1.0, 1.0, 1.0, 1.0, 1.0, 1.0, 1.0, 0.0, 0.973, 1.0, 0.9530000000000001, 1.0, 0.8925000000000001, 0.9195, 0.17400000000000002, 0.201, 1.0, 1.0, 1.0, 1.0, 0.0, 0.0, 0.0, 0.0, 1.0, 1.0, 1.0, 0.24, 1.0, 1.0, 0.968, 1.0, 0.653, 0.653, 0.653, 1.0, 0.2535, 0.2535, 0.7035, 0.10300000000000001, 1.0, 1.0, 1.0, 1.0, 0.0, 1.0, 0.0, 0.0, 1.0, 1.0, 1.0, 0.012, 0.988, 0.988, 1.0, 1.0, 1.0, 0.0, 1.0, 1.0, 1.0, 0.0, 0.0, 1.0, 0.0, 0.0, 0.0, 1.0, 1.0, 0.0, 0.0, 0.0, 1.0, 1.0, 1.0, 1.0, 0.0, 0.0, 0.0, 0.0, 1.0, 1.0, 1.0, 1.0, 0.0, 0.0, 0.0, 0.0, 1.0, 1.0, 1.0, 1.0, 1.0, 1.0, 0.841, 1.0, 1.0, 1.0, 1.0, 1.0, 0.0, 0.0, 0.0, 0.0, 1.0, 1.0, 1.0, 1.0, 1.0, 1.0, 1.0, 0.0, 0.197, 0.0, 0.85, 0.653, 0.803, 0.0, 0.0, 0.0, 0.8525, 0.847, 0.9935, 0.847, 0.28300000000000003, 0.4305, 0.426, 0.426, 1.0, 1.0, 1.0, 1.0, 1.0, 1.0, 1.0, 0.0, 0.798, 1.0, 0.7995, 0.7995, 0.0275, 0.029, 0.2265, 0.1975, 1.0, 1.0, 1.0, 1.0, 0.0, 0.0, 0.0, 0.0, 0.862, 0.854, 0.8595, 0.8955000000000001, 0.045, 0.0005, 0.8695, 0.8505, 1.0, 1.0, 1.0, 0.022, 1.0, 1.0, 1.0, 0.978, 0.28400000000000003, 0.0145, 0.1885, 0.0275, 0.2755, 0.0, 0.0015, 0.013000000000000001, 0.0, 0.0, 0.0, 1.0, 1.0, 0.0, 0.0, 0.0, 1.0, 1.0, 1.0, 1.0, 0.0, 0.0, 0.0, 0.0, 1.0, 1.0, 1.0, 1.0, 1.0, 0.0, 1.0, 0.0, 1.0, 1.0, 1.0, 1.0, 1.0, 1.0, 1.0, 0.0, 1.0, 1.0, 1.0, 0.728, 0.8265, 0.5545, 0.5545, 0.8265, 1.0, 1.0, 1.0, 1.0, 1.0, 1.0, 1.0, 1.0, 1.0, 1.0, 1.0, 0.8715, 0.9365, 0.8695, 0.8695, 0.9365, 0.229, 0.229, 0.229, 0.229, 0.801, 0.03, 0.03, 0.801, 0.0, 0.0, 0.0, 1.0, 1.0, 0.0, 0.0, 0.0, 0.108, 0.114, 0.2315, 0.108, 0.114, 0.07050000000000001, 0.0495, 0.006, 1.0, 1.0, 1.0, 1.0, 0.0, 0.0, 0.0, 0.0, 0.8955000000000001, 0.895, 0.0115, 0.0, 0.883, 0.0, 0.0, 0.0, 1.0, 1.0, 1.0, 1.0, 0.0, 0.0, 0.0, 0.0, 0.902, 0.902, 0.902, 0.678, 0.88, 0.88, 0.902, 0.807, 1.0, 1.0, 1.0, 1.0, 0.0, 0.0, 0.0, 0.0, 1.0, 1.0, 1.0, 1.0, 1.0, 1.0, 1.0, 0.0, 1.0, 1.0, 1.0, 1.0, 0.0, 0.0, 0.0, 0.0, 1.0, 1.0, 1.0, 1.0, 0.008, 0.008, 0.008, 0.008, 1.0, 1.0, 1.0, 1.0, 1.0, 1.0, 1.0, 0.0, 1.0, 1.0, 1.0, 1.0, 1.0, 1.0, 0.6980000000000001, 1.0, 1.0, 1.0, 1.0, 1.0, 0.0, 0.0, 0.0, 0.0, 1.0, 1.0, 1.0, 1.0, 1.0, 1.0, 1.0, 0.0, 0.9530000000000001, 0.9530000000000001, 0.9530000000000001, 1.0, 1.0, 1.0, 0.641, 0.9530000000000001, 1.0, 1.0, 1.0, 1.0, 0.0, 0.0, 0.0, 0.0, 1.0, 1.0, 1.0, 1.0, 1.0, 1.0, 1.0, 1.0, 1.0, 1.0, 1.0, 1.0, 0.0, 0.0, 0.0, 0.0, 1.0, 1.0, 1.0, 1.0, 1.0, 1.0, 1.0, 1.0, 1.0, 1.0, 1.0, 1.0, 0.021500000000000002, 0.021500000000000002, 0.021500000000000002, 0.021500000000000002, 0.021500000000000002, 0.003, 0.02, 0.0095, 0.0095, 0.964, 0.9555, 0.0095, 1.0, 1.0, 1.0, 1.0, 1.0, 1.0, 1.0, 1.0, 1.0, 1.0, 1.0, 1.0, 0.0, 0.0, 0.0, 0.0, 1.0, 1.0, 1.0, 1.0, 0.0, 0.0, 1.0, 1.0, 1.0, 0.873, 0.198, 0.198, 1.0, 1.0, 0.6905, 1.0, 1.0, 1.0, 1.0, 1.0, 1.0, 1.0, 1.0, 0.0, 1.0, 0.999, 0.999, 1.0, 0.0025, 0.0025, 0.0025, 0.0025, 1.0, 1.0, 1.0, 1.0, 1.0, 0.686, 0.314, 0.0, 1.0, 1.0, 1.0, 1.0, 0.524, 0.524, 1.0, 0.47600000000000003, 1.0, 1.0, 1.0, 1.0, 0.008, 0.008, 0.008, 0.008, 0.9935, 0.9935, 0.9775, 0.9935, 0.9935, 0.0225, 0.988, 0.017, 1.0, 1.0, 1.0, 1.0, 0.0725, 0.0725, 0.0725, 0.0725, 0.041, 1.0, 1.0, 0.9590000000000001, 0.041, 0.9590000000000001, 1.0, 0.0, 0.7435, 0.9835, 0.7425, 0.986, 0.7435, 0.7435, 0.256, 0.987, 1.0, 0.005, 1.0, 1.0, 1.0, 0.005, 0.005, 1.0, 1.0, 1.0, 1.0, 1.0, 1.0, 1.0, 1.0, 0.0, 1.0, 1.0, 1.0, 1.0, 0.0, 0.0, 0.0, 0.0, 1.0, 1.0, 1.0, 1.0, 0.0, 0.0, 0.0, 0.0, 0.9705, 0.9705, 0.9145, 1.0, 0.8015, 0.8015, 0.9705, 0.7865, 1.0, 1.0, 1.0, 1.0, 0.0, 0.0, 0.0, 0.0, 1.0, 1.0, 1.0, 1.0, 0.0, 0.0, 0.0, 0.0, 1.0, 1.0, 1.0, 1.0, 0.0, 0.0, 0.0, 0.0, 1.0, 1.0, 1.0, 1.0, 1.0, 1.0, 1.0, 1.0]",-418.5875071169283,843.720363894191,-482.430437669722,964.860875339444,0.01,0.0,2.0794415416798357,1.0,-8.518280500437347,20.21461483122264,0.6334250289943713,"[1.0, 1.0, 1.0, 1.0, 1.0, 0.0, 1.0, 0.0, 1.0, 1.0, 1.0, 1.0, 1.0, 1.0, 1.0, 0.0, 0.0, 0.0, 0.0, 0.0, 0.0, 0.0, 0.0, 0.0, 1.0, 1.0, 1.0, 0.0, 0.0, 0.0, 1.0, 0.0, 0.0, 0.0, 1.0, 1.0, 0.0, 1.0, 1.0, 1.0, 1.0, 1.0, 1.0, 1.0, 0.0, 0.0, 1.0, 1.0, 1.0, 1.0, 1.0, 1.0, 0.0, 0.0, 0.0, 0.0, 1.0, 1.0, 1.0, 1.0, 0.0, 0.0, 0.0, 0.0, 0.0, 0.0, 0.0, 0.0, 0.0, 1.0, 1.0, 0.0, 1.0, 1.0, 1.0, 1.0, 0.0, 0.0, 0.0, 0.0, 1.0, 1.0, 1.0, 1.0, 0.0, 0.0, 0.0, 0.0, 1.0, 1.0, 1.0, 1.0, 1.0, 1.0, 0.0, 1.0, 1.0, 1.0, 1.0, 1.0, 1.0, 1.0, 1.0, 0.0, 1.0, 1.0, 1.0, 1.0, 1.0, 0.0, 1.0, 0.0, 0.0, 1.0, 0.0, 0.0, 1.0, 1.0, 1.0, 0.0, 1.0, 1.0, 0.0, 1.0, 1.0, 0.0, 0.0, 0.0, 1.0, 1.0, 1.0, 0.0, 1.0, 1.0, 1.0, 1.0, 1.0, 1.0, 1.0, 1.0, 0.0, 0.0, 0.0, 0.0, 1.0, 1.0, 1.0, 0.0, 0.0, 0.0, 1.0, 0.0, 0.0, 0.0, 1.0, 0.0, 0.0, 0.0, 0.0, 0.0, 1.0, 1.0, 1.0, 0.0, 0.0, 0.0, 1.0, 0.0, 0.0, 0.0, 0.0, 1.0, 0.0, 0.0, 0.0, 0.0, 0.0, 0.0, 0.0, 1.0, 0.0, 0.0, 0.0, 0.0, 1.0, 1.0, 1.0, 1.0, 0.0, 0.0, 0.0, 0.0, 1.0, 1.0, 1.0, 0.0, 0.0, 0.0, 1.0, 0.0, 1.0, 1.0, 1.0, 1.0, 0.0, 0.0, 0.0, 0.0, 1.0, 1.0, 1.0, 1.0, 0.0, 0.0, 0.0, 0.0, 1.0, 1.0, 1.0, 1.0, 1.0, 1.0, 1.0, 0.0, 0.0, 0.0, 0.0, 0.0, 1.0, 0.0, 0.0, 0.0, 1.0, 1.0, 1.0, 1.0, 1.0, 1.0, 1.0, 1.0, 1.0, 1.0, 1.0, 1.0, 1.0, 1.0, 1.0, 0.0, 0.0, 0.0, 0.0, 0.0, 0.0, 0.0, 0.0, 0.0, 0.0, 1.0, 0.0, 1.0, 0.0, 1.0, 0.0, 1.0, 0.0, 0.0, 0.0, 1.0, 0.0, 0.0, 0.0, 0.0, 1.0, 1.0, 1.0, 0.0, 0.0, 0.0, 1.0, 0.0, 1.0, 1.0, 1.0, 1.0, 1.0, 0.0, 1.0, 0.0, 0.0, 1.0, 1.0, 1.0, 0.0, 0.0, 0.0, 0.0, 1.0, 1.0, 1.0, 0.0, 1.0, 1.0, 1.0, 1.0, 0.0, 1.0, 1.0, 1.0, 0.0, 0.0, 0.0, 0.0, 1.0, 1.0, 1.0, 1.0, 1.0, 1.0, 1.0, 0.0, 1.0, 1.0, 1.0, 1.0, 0.0, 0.0, 0.0, 0.0, 1.0, 1.0, 1.0, 1.0, 0.0, 0.0, 0.0, 0.0, 0.0, 1.0, 0.0, 0.0, 0.0, 0.0, 0.0, 0.0, 1.0, 1.0, 1.0, 1.0, 1.0, 0.0, 1.0, 1.0, 0.0, 0.0, 0.0, 0.0, 0.0, 1.0, 1.0, 0.0, 1.0, 1.0, 1.0, 1.0, 1.0, 0.0, 1.0, 0.0, 1.0, 1.0, 1.0, 1.0, 1.0, 0.0, 1.0, 1.0, 0.0, 0.0, 0.0, 0.0, 0.0, 1.0, 1.0, 0.0, 1.0, 0.0, 0.0, 1.0, 0.0, 0.0, 0.0, 0.0, 1.0, 1.0, 1.0, 0.0, 0.0, 0.0, 1.0, 0.0, 1.0, 1.0, 1.0, 0.0, 0.0, 0.0, 0.0, 0.0, 1.0, 1.0, 1.0, 1.0, 1.0, 1.0, 1.0, 0.0, 0.0, 0.0, 0.0, 0.0, 0.0, 0.0, 0.0, 0.0, 1.0, 0.0, 1.0, 0.0, 0.0, 0.0, 0.0, 0.0, 1.0, 1.0, 1.0, 1.0, 1.0, 1.0, 1.0, 0.0, 1.0, 1.0, 1.0, 1.0, 1.0, 1.0, 0.0, 1.0, 1.0, 1.0, 1.0, 1.0, 0.0, 0.0, 0.0, 0.0, 1.0, 1.0, 1.0, 1.0, 1.0, 1.0, 1.0, 0.0, 0.0, 1.0, 1.0, 1.0, 0.0, 0.0, 0.0, 0.0, 1.0, 1.0, 1.0, 1.0, 0.0, 0.0, 0.0, 0.0, 1.0, 0.0, 1.0, 0.0, 0.0, 0.0, 0.0, 0.0, 1.0, 1.0, 1.0, 1.0, 1.0, 0.0, 1.0, 0.0, 1.0, 1.0, 1.0, 0.0, 1.0, 1.0, 0.0, 1.0, 1.0, 1.0, 1.0, 1.0, 0.0, 0.0, 0.0, 0.0, 0.0, 0.0, 0.0, 0.0, 0.0, 1.0, 0.0, 0.0, 1.0, 1.0, 1.0, 1.0, 0.0, 0.0, 0.0, 0.0, 0.0, 0.0, 0.0, 0.0, 0.0, 0.0, 0.0, 0.0, 1.0, 0.0, 1.0, 0.0, 0.0, 0.0, 0.0, 0.0, 1.0, 1.0, 0.0, 0.0, 1.0, 1.0, 1.0, 1.0, 1.0, 1.0, 1.0, 1.0, 1.0, 1.0, 1.0, 1.0, 1.0, 1.0, 1.0, 1.0, 1.0, 0.0, 1.0, 1.0, 0.0, 1.0, 0.0, 1.0, 0.0, 1.0, 0.0, 0.0, 1.0, 1.0, 1.0, 1.0, 0.0, 0.0, 1.0, 0.0, 1.0, 1.0, 1.0, 1.0, 0.0, 0.0, 0.0, 0.0, 0.0, 0.0, 0.0, 1.0, 0.0, 0.0, 0.0, 0.0, 1.0, 1.0, 1.0, 1.0, 0.0, 0.0, 0.0, 0.0, 0.0, 1.0, 1.0, 1.0, 0.0, 1.0, 1.0, 0.0, 1.0, 1.0, 1.0, 1.0, 0.0, 0.0, 0.0, 0.0, 1.0, 0.0, 1.0, 1.0, 1.0, 0.0, 0.0, 1.0, 1.0, 1.0, 1.0, 1.0, 1.0, 1.0, 1.0, 0.0, 0.0, 1.0, 1.0, 1.0, 1.0, 1.0, 0.0, 0.0, 1.0, 1.0, 1.0, 1.0, 0.0, 0.0, 0.0, 0.0, 1.0, 1.0, 1.0, 0.0, 0.0, 0.0, 1.0, 0.0, 1.0, 1.0, 1.0, 1.0, 0.0, 0.0, 0.0, 0.0, 0.0, 0.0, 0.0, 0.0, 0.0, 0.0, 0.0, 0.0, 0.0, 1.0, 0.0, 1.0, 0.0, 1.0, 1.0, 0.0, 1.0, 1.0, 1.0, 1.0, 1.0, 0.0, 0.0, 1.0]",-318.3726801373107,643.2907099349558,0.01,0.0,-5.545177444479562,2.0794415416798357,11.090354888959125,1.0,-8.518280500437347,-16.635532333438686,20.21461483122264,33.27106466687737,0.6173530694834558,"[1.0, 1.0, 1.0, 1.0, 1.0, 0.0, 1.0, 0.0, 1.0, 1.0, 1.0, 1.0, 1.0, 1.0, 1.0, 0.0, 0.0, 0.0, 0.0, 0.0, 0.0, 0.0, 0.0, 0.0, 1.0, 1.0, 1.0, 0.0, 0.0, 0.0, 1.0, 0.0, 0.0, 0.0, 1.0, 1.0, 0.0, 1.0, 1.0, 1.0, 0.0, 0.0, 0.0, 0.0, 0.0, 0.0, 0.0, 0.0, 1.0, 1.0, 1.0, 1.0, 0.0, 0.0, 0.0, 0.0, 1.0, 1.0, 1.0, 1.0, 0.0, 0.0, 0.0, 0.0, 0.0, 0.0, 0.0, 0.0, 0.0, 1.0, 1.0, 0.0, 0.0, 0.0, 0.0, 1.0, 0.0, 0.0, 0.0, 0.0, 1.0, 1.0, 1.0, 1.0, 0.0, 0.0, 0.0, 0.0, 0.0, 0.0, 0.0, 0.0, 1.0, 1.0, 0.0, 1.0, 1.0, 1.0, 1.0, 1.0, 1.0, 1.0, 1.0, 0.0, 1.0, 1.0, 1.0, 1.0, 1.0, 0.0, 1.0, 0.0, 0.0, 1.0, 0.0, 0.0, 1.0, 1.0, 1.0, 0.0, 1.0, 1.0, 0.0, 1.0, 1.0, 0.0, 0.0, 0.0, 1.0, 1.0, 1.0, 0.0, 1.0, 1.0, 1.0, 1.0, 1.0, 1.0, 1.0, 1.0, 0.0, 0.0, 0.0, 0.0, 1.0, 1.0, 1.0, 0.0, 0.0, 0.0, 1.0, 0.0, 0.0, 0.0, 1.0, 0.0, 0.0, 0.0, 0.0, 0.0, 1.0, 1.0, 1.0, 0.0, 0.0, 0.0, 1.0, 0.0, 0.0, 0.0, 0.0, 1.0, 0.0, 0.0, 0.0, 0.0, 0.0, 0.0, 0.0, 1.0, 0.0, 0.0, 0.0, 0.0, 1.0, 1.0, 1.0, 1.0, 0.0, 0.0, 0.0, 0.0, 1.0, 1.0, 1.0, 0.0, 0.0, 0.0, 1.0, 0.0, 1.0, 1.0, 1.0, 1.0, 0.0, 0.0, 0.0, 0.0, 1.0, 1.0, 1.0, 1.0, 0.0, 0.0, 0.0, 0.0, 1.0, 1.0, 1.0, 1.0, 1.0, 1.0, 1.0, 0.0, 0.0, 0.0, 0.0, 0.0, 1.0, 0.0, 0.0, 0.0, 1.0, 1.0, 1.0, 1.0, 1.0, 1.0, 1.0, 1.0, 1.0, 1.0, 1.0, 1.0, 1.0, 1.0, 1.0, 0.0, 0.0, 0.0, 0.0, 0.0, 0.0, 0.0, 0.0, 0.0, 0.0, 1.0, 0.0, 1.0, 0.0, 1.0, 0.0, 1.0, 0.0, 0.0, 0.0, 1.0, 0.0, 0.0, 0.0, 0.0, 1.0, 1.0, 1.0, 0.0, 0.0, 0.0, 1.0, 0.0, 1.0, 1.0, 1.0, 1.0, 1.0, 0.0, 1.0, 0.0, 0.0, 1.0, 1.0, 1.0, 0.0, 0.0, 0.0, 0.0, 1.0, 1.0, 1.0, 0.0, 1.0, 1.0, 1.0, 1.0, 0.0, 1.0, 1.0, 1.0, 0.0, 0.0, 0.0, 0.0, 1.0, 1.0, 1.0, 1.0, 1.0, 1.0, 1.0, 0.0, 1.0, 1.0, 1.0, 1.0, 0.0, 0.0, 0.0, 0.0, 1.0, 1.0, 1.0, 1.0, 0.0, 0.0, 0.0, 0.0, 0.0, 1.0, 0.0, 0.0, 0.0, 0.0, 0.0, 0.0, 0.0, 0.0, 0.0, 0.0, 0.0, 0.0, 0.0, 0.0, 1.0, 0.0, 1.0, 1.0, 1.0, 0.0, 0.0, 1.0, 1.0, 1.0, 1.0, 1.0, 1.0, 0.0, 1.0, 0.0, 1.0, 1.0, 1.0, 1.0, 1.0, 0.0, 1.0, 1.0, 0.0, 0.0, 0.0, 0.0, 0.0, 1.0, 1.0, 0.0, 1.0, 0.0, 0.0, 1.0, 0.0, 0.0, 0.0, 0.0, 1.0, 1.0, 1.0, 0.0, 0.0, 0.0, 1.0, 0.0, 1.0, 1.0, 1.0, 0.0, 0.0, 0.0, 0.0, 0.0, 1.0, 1.0, 1.0, 1.0, 1.0, 1.0, 1.0, 0.0, 0.0, 0.0, 0.0, 0.0, 0.0, 0.0, 0.0, 0.0, 1.0, 0.0, 1.0, 0.0, 0.0, 0.0, 0.0, 0.0, 1.0, 1.0, 1.0, 1.0, 1.0, 1.0, 1.0, 0.0, 1.0, 1.0, 1.0, 1.0, 1.0, 1.0, 0.0, 1.0, 1.0, 1.0, 1.0, 1.0, 0.0, 0.0, 0.0, 0.0, 1.0, 1.0, 1.0, 1.0, 1.0, 1.0, 1.0, 0.0, 0.0, 1.0, 1.0, 1.0, 0.0, 0.0, 0.0, 0.0, 1.0, 1.0, 1.0, 1.0, 0.0, 0.0, 0.0, 0.0, 1.0, 0.0, 1.0, 0.0, 0.0, 0.0, 0.0, 0.0, 1.0, 1.0, 1.0, 1.0, 1.0, 0.0, 1.0, 0.0, 1.0, 1.0, 1.0, 0.0, 1.0, 1.0, 0.0, 1.0, 1.0, 1.0, 1.0, 1.0, 0.0, 0.0, 0.0, 0.0, 0.0, 0.0, 0.0, 0.0, 0.0, 1.0, 0.0, 0.0, 1.0, 1.0, 1.0, 1.0, 0.0, 0.0, 0.0, 0.0, 0.0, 0.0, 0.0, 0.0, 0.0, 0.0, 0.0, 0.0, 1.0, 0.0, 1.0, 0.0, 0.0, 0.0, 0.0, 0.0, 1.0, 1.0, 0.0, 0.0, 1.0, 1.0, 1.0, 1.0, 1.0, 1.0, 1.0, 1.0, 1.0, 1.0, 1.0, 1.0, 1.0, 1.0, 1.0, 1.0, 1.0, 0.0, 1.0, 1.0, 0.0, 1.0, 0.0, 1.0, 0.0, 1.0, 0.0, 0.0, 1.0, 1.0, 1.0, 1.0, 0.0, 0.0, 1.0, 0.0, 1.0, 1.0, 1.0, 1.0, 0.0, 0.0, 0.0, 0.0, 0.0, 0.0, 0.0, 1.0, 0.0, 0.0, 0.0, 0.0, 1.0, 1.0, 1.0, 1.0, 0.0, 0.0, 0.0, 0.0, 0.0, 1.0, 1.0, 1.0, 0.0, 1.0, 1.0, 0.0, 1.0, 1.0, 1.0, 1.0, 0.0, 0.0, 0.0, 0.0, 1.0, 0.0, 1.0, 1.0, 1.0, 0.0, 0.0, 1.0, 1.0, 1.0, 1.0, 1.0, 1.0, 1.0, 1.0, 0.0, 0.0, 0.0, 1.0, 0.0, 0.0, 1.0, 0.0, 0.0, 1.0, 1.0, 1.0, 1.0, 0.0, 0.0, 0.0, 0.0, 1.0, 1.0, 1.0, 0.0, 0.0, 0.0, 1.0, 0.0, 1.0, 1.0, 1.0, 1.0, 0.0, 0.0, 0.0, 0.0, 0.0, 0.0, 0.0, 0.0, 0.0, 0.0, 0.0, 0.0, 0.0, 1.0, 0.0, 1.0, 0.0, 1.0, 1.0, 0.0, 1.0, 1.0, 1.0, 1.0, 1.0, 0.0, 0.0, 1.0]",-311.9759791000219,630.4973078603782,-482.430437669722,964.860875339444,0.9102431057535886,-4.4986811569669065,-5.545177444479562,11.07680385561365,11.090354888959125,1.0,-10.785617819288028,-16.635532333438686,24.749289468924,33.27106466687737,1.0908740239314543,"[0.0, 0.0, 1.0, 0.0, 0.0, 0.0, 0.0, 0.0, 1.0, 1.0, 1.0, 1.0, 0.877, 0.877, 0.877, 0.0, 1.0, 0.259, 1.0, 1.0, 0.8015, 0.0, 0.259, 1.0, 1.0, 1.0, 1.0, 1.0, 1.0, 1.0, 1.0, 0.0, 0.0, 0.0, 1.0, 0.0, 0.0, 0.0, 1.0, 0.0, 0.0, 0.0, 1.0, 0.0, 0.0, 0.0, 1.0, 0.0, 0.0, 0.0, 0.0, 0.0775, 0.0, 0.0, 0.1635, 0.47100000000000003, 1.0, 1.0, 1.0, 1.0, 0.0, 0.0, 0.0, 0.0, 0.0, 0.0, 0.0, 0.0, 0.0, 0.0, 0.0, 0.0, 1.0, 1.0, 1.0, 1.0, 1.0, 1.0, 1.0, 0.0, 1.0, 1.0, 1.0, 1.0, 0.0, 0.0, 0.0, 0.0, 0.0, 0.0, 0.0, 0.0, 0.0, 0.113, 0.113, 0.0, 0.0, 0.0, 0.0, 1.0, 0.0, 0.0, 0.0, 0.0, 1.0, 1.0, 1.0, 1.0, 0.0, 0.0, 0.0, 0.0, 0.9995, 1.0, 1.0, 0.663, 1.0, 1.0, 1.0, 0.353, 1.0, 1.0, 1.0, 1.0, 0.082, 0.082, 0.0, 0.0, 0.973, 1.0, 0.7655000000000001, 0.605, 0.973, 1.0, 1.0, 0.368, 0.0, 0.0, 1.0, 0.0, 1.0, 0.0, 1.0, 0.0, 1.0, 1.0, 1.0, 1.0, 0.0, 0.0, 1.0, 0.0, 1.0, 1.0, 1.0, 1.0, 0.0, 0.9465, 0.0, 0.0, 0.666, 1.0, 0.666, 0.666, 0.0, 0.0, 0.7975, 0.0, 0.0, 0.9430000000000001, 0.0, 1.0, 1.0, 0.0, 0.0, 0.0, 0.0, 1.0, 0.0, 0.0, 0.0, 0.0, 0.0, 0.0, 1.0, 1.0, 1.0, 1.0, 0.0, 0.0, 0.0, 0.0, 1.0, 1.0, 1.0, 1.0, 1.0, 1.0, 1.0, 0.0005, 1.0, 1.0, 1.0, 1.0, 1.0, 1.0, 0.0, 1.0, 1.0, 1.0, 1.0, 1.0, 0.0, 0.0, 0.0, 0.0, 1.0, 1.0, 1.0, 1.0, 1.0, 1.0, 1.0, 0.0, 1.0, 0.0, 1.0, 0.0, 0.0, 0.0, 0.0, 0.0, 0.0, 1.0, 0.0, 1.0, 0.0, 1.0, 0.0, 1.0, 1.0, 1.0, 1.0, 1.0, 1.0, 1.0, 1.0, 0.0, 1.0, 0.0, 1.0, 1.0, 1.0, 0.0, 0.0, 1.0, 1.0, 1.0, 1.0, 1.0, 1.0, 1.0, 1.0, 1.0, 0.0, 0.9580000000000001, 0.0, 0.0, 0.0, 0.0, 0.0045000000000000005, 0.0, 0.0, 0.0, 0.0, 0.0, 0.0, 0.0, 0.0, 1.0, 0.0, 0.0, 0.0005, 0.0, 0.0, 0.0, 0.0, 0.0, 0.0, 1.0, 0.0, 0.0, 0.0, 0.0, 0.0, 0.0, 1.0, 1.0, 1.0, 0.001, 0.001, 0.001, 1.0, 0.0, 0.0, 0.0, 0.6225, 0.0, 0.0, 0.0, 0.0, 0.0, 1.0, 1.0, 1.0, 1.0, 0.0, 0.0, 0.0, 0.0, 0.0, 0.0, 0.0, 0.0, 0.0, 0.0, 0.0, 0.0, 1.0, 1.0, 1.0, 1.0, 1.0, 1.0, 1.0, 0.0, 0.0, 0.0, 0.0, 1.0, 0.0, 0.0, 1.0, 0.0, 1.0, 1.0, 1.0, 1.0, 0.0, 0.0, 0.0, 0.0, 0.0, 1.0, 0.0, 0.0, 1.0, 0.0, 0.0, 1.0, 1.0, 1.0, 1.0, 1.0, 0.0, 0.0, 0.0, 0.0, 1.0, 1.0, 1.0, 1.0, 1.0, 0.0, 1.0, 1.0, 0.0, 0.0005, 0.0, 0.0, 0.0, 0.38, 0.0, 0.0, 1.0, 1.0, 1.0, 1.0, 0.0, 0.0, 0.0, 0.0, 1.0, 1.0, 1.0, 0.999, 1.0, 1.0, 1.0, 0.0195, 1.0, 1.0, 1.0, 1.0, 0.0, 0.0, 0.0, 0.0, 0.0, 0.6285000000000001, 0.0, 0.328, 0.0, 0.0, 0.6285000000000001, 0.0, 0.0, 0.0, 0.0, 0.0, 0.0, 0.0, 0.0, 1.0, 1.0, 1.0, 1.0, 1.0, 0.0, 0.0, 0.0, 0.0, 1.0, 1.0, 1.0, 1.0, 1.0, 1.0, 1.0, 0.0, 1.0, 1.0, 1.0, 1.0, 1.0, 1.0, 0.0375, 1.0, 1.0, 1.0, 1.0, 1.0, 0.0, 0.0, 0.0, 0.0, 1.0, 1.0, 1.0, 1.0, 1.0, 1.0, 1.0, 0.0, 1.0, 1.0, 1.0, 1.0, 1.0, 1.0, 0.0, 1.0, 1.0, 1.0, 1.0, 1.0, 0.0, 0.0, 0.0, 0.0, 1.0, 1.0, 1.0, 1.0, 1.0, 1.0, 1.0, 1.0, 0.0, 0.0, 0.4395, 0.0, 0.0, 0.0, 0.001, 1.0, 0.0, 0.0, 0.0, 0.0, 0.0, 0.0, 0.0, 0.0, 1.0, 1.0, 1.0, 0.0, 1.0, 0.0, 0.0, 1.0, 0.0, 0.0, 1.0, 1.0, 1.0, 0.0, 0.0, 0.0, 0.0, 0.0, 0.0, 0.0, 0.0, 0.0, 0.0, 0.0, 1.0, 1.0, 1.0, 1.0, 0.0, 0.0, 0.0, 0.0, 0.0, 0.0, 0.0, 0.0, 0.0, 1.0, 0.0, 0.0, 1.0, 1.0, 1.0, 1.0, 0.0, 0.4945, 0.0, 0.0, 1.0, 1.0, 1.0, 1.0, 0.0, 0.0, 1.0, 1.0, 1.0, 1.0, 1.0, 1.0, 0.0, 0.0, 0.0, 0.0, 1.0, 1.0, 1.0, 1.0, 1.0, 0.704, 0.296, 0.0, 1.0, 1.0, 1.0, 1.0, 0.0, 0.0, 1.0, 1.0, 1.0, 1.0, 1.0, 1.0, 0.0, 0.0, 0.0, 0.0, 0.006, 1.0, 0.006, 0.708, 0.298, 1.0, 0.298, 1.0, 1.0, 1.0, 1.0, 1.0, 0.0, 0.0, 0.0, 0.0, 1.0, 0.0, 1.0, 1.0, 1.0, 0.0, 0.0, 1.0, 0.0, 1.0, 1.0, 1.0, 0.0, 0.0, 0.0, 0.0, 1.0, 0.224, 1.0, 1.0, 0.776, 0.0, 0.224, 1.0, 1.0, 1.0, 1.0, 1.0, 0.0, 0.0, 0.0, 0.0, 1.0, 1.0, 0.0, 1.0, 1.0, 1.0, 0.0, 1.0, 1.0, 1.0, 1.0, 1.0, 0.0, 0.0, 0.0, 0.0, 1.0, 1.0, 1.0, 1.0, 1.0, 1.0, 1.0, 0.0, 1.0, 1.0, 1.0, 1.0, 0.0, 0.0, 0.0, 0.0, 0.0, 0.0, 0.0, 0.0, 0.0, 0.0, 0.0, 0.0, 1.0, 0.4865, 1.0, 1.0, 1.0, 0.0075, 0.4865, 1.0, 0.0225, 0.0, 0.0, 0.9775, 0.0, 0.0, 0.0, 0.0]",-419.18595103414617,844.9172517286268,-482.430437669722,964.860875339444,0.01,0.0,-5.545177444479562,2.0794415416798357,11.090354888959125,1.0,-8.518280500437347,-16.635532333438686,20.21461483122264,33.27106466687737,0.5787520451143159,"[1.0, 1.0, 1.0, 1.0, 1.0, 0.0, 1.0, 0.0, 1.0, 1.0, 1.0, 1.0, 1.0, 1.0, 1.0, 0.0, 0.0, 0.0, 0.0, 0.0, 0.0, 0.0, 0.0, 0.0, 1.0, 1.0, 1.0, 1.0, 0.0, 0.0, 1.0, 0.0, 0.0, 0.0, 0.0, 0.0, 0.0, 1.0, 0.0, 0.0, 0.0, 0.0, 0.0, 0.0, 0.0, 0.0, 0.0, 0.0, 1.0, 1.0, 1.0, 1.0, 0.0, 0.0, 0.0, 0.0, 1.0, 1.0, 1.0, 1.0, 0.0, 0.0, 0.0, 0.0, 0.0, 0.0, 0.0, 0.0, 0.0, 1.0, 1.0, 0.0, 1.0, 1.0, 1.0, 1.0, 0.0, 0.0, 0.0, 0.0, 1.0, 1.0, 1.0, 1.0, 0.0, 0.0, 0.0, 0.0, 0.0, 0.0, 0.0, 0.0, 0.0, 0.0, 0.0, 0.0, 1.0, 1.0, 1.0, 1.0, 1.0, 1.0, 1.0, 0.0, 1.0, 1.0, 1.0, 1.0, 1.0, 0.0, 1.0, 0.0, 0.0, 1.0, 0.0, 0.0, 1.0, 1.0, 1.0, 0.0, 1.0, 1.0, 0.0, 1.0, 1.0, 0.0, 0.0, 0.0, 1.0, 1.0, 1.0, 0.0, 1.0, 1.0, 1.0, 1.0, 1.0, 1.0, 1.0, 1.0, 0.0, 0.0, 0.0, 0.0, 1.0, 1.0, 1.0, 0.0, 0.0, 0.0, 1.0, 0.0, 0.0, 0.0, 1.0, 0.0, 0.0, 0.0, 0.0, 0.0, 1.0, 1.0, 1.0, 0.0, 0.0, 0.0, 1.0, 0.0, 0.0, 0.0, 0.0, 1.0, 0.0, 0.0, 0.0, 0.0, 0.0, 0.0, 0.0, 1.0, 0.0, 0.0, 0.0, 0.0, 1.0, 1.0, 1.0, 1.0, 0.0, 0.0, 0.0, 0.0, 1.0, 1.0, 1.0, 0.0, 0.0, 0.0, 1.0, 0.0, 1.0, 1.0, 1.0, 1.0, 0.0, 0.0, 0.0, 0.0, 1.0, 1.0, 1.0, 1.0, 0.0, 0.0, 0.0, 0.0, 1.0, 1.0, 1.0, 1.0, 1.0, 1.0, 1.0, 0.0, 0.0, 0.0, 0.0, 0.0, 1.0, 0.0, 0.0, 0.0, 1.0, 1.0, 1.0, 1.0, 1.0, 1.0, 1.0, 1.0, 1.0, 1.0, 1.0, 1.0, 1.0, 1.0, 1.0, 0.0, 0.0, 0.0, 0.0, 0.0, 0.0, 0.0, 0.0, 0.0, 0.0, 1.0, 0.0, 1.0, 0.0, 1.0, 0.0, 1.0, 0.0, 0.0, 0.0, 1.0, 0.0, 0.0, 0.0, 0.0, 1.0, 1.0, 1.0, 0.0, 0.0, 0.0, 1.0, 0.0, 0.0, 0.0, 1.0, 0.0, 0.0, 0.0, 0.0, 0.0, 0.0, 1.0, 1.0, 1.0, 0.0, 0.0, 0.0, 0.0, 1.0, 1.0, 1.0, 0.0, 1.0, 1.0, 1.0, 1.0, 0.0, 0.0, 1.0, 0.0, 0.0, 0.0, 0.0, 0.0, 1.0, 1.0, 1.0, 1.0, 1.0, 1.0, 1.0, 0.0, 1.0, 1.0, 1.0, 1.0, 0.0, 0.0, 0.0, 0.0, 1.0, 1.0, 1.0, 1.0, 0.0, 0.0, 0.0, 0.0, 0.0, 1.0, 0.0, 0.0, 0.0, 0.0, 0.0, 0.0, 0.0, 0.0, 0.0, 0.0, 0.0, 0.0, 0.0, 0.0, 0.0, 0.0, 0.0, 0.0, 0.0, 0.0, 0.0, 0.0, 1.0, 1.0, 0.0, 1.0, 1.0, 0.0, 1.0, 0.0, 1.0, 1.0, 1.0, 1.0, 1.0, 0.0, 1.0, 1.0, 0.0, 0.0, 0.0, 0.0, 0.0, 1.0, 1.0, 0.0, 1.0, 0.0, 0.0, 1.0, 0.0, 0.0, 0.0, 0.0, 1.0, 1.0, 1.0, 0.0, 0.0, 0.0, 1.0, 0.0, 1.0, 1.0, 1.0, 0.0, 0.0, 0.0, 0.0, 0.0, 1.0, 1.0, 1.0, 1.0, 1.0, 1.0, 1.0, 0.0, 0.0, 0.0, 0.0, 0.0, 0.0, 0.0, 0.0, 0.0, 1.0, 0.0, 1.0, 0.0, 0.0, 0.0, 0.0, 0.0, 1.0, 1.0, 1.0, 1.0, 1.0, 1.0, 1.0, 0.0, 1.0, 1.0, 1.0, 1.0, 1.0, 1.0, 0.0, 1.0, 1.0, 1.0, 1.0, 1.0, 0.0, 0.0, 0.0, 0.0, 1.0, 1.0, 1.0, 1.0, 1.0, 1.0, 1.0, 0.0, 0.0, 1.0, 1.0, 1.0, 0.0, 0.0, 0.0, 0.0, 1.0, 1.0, 1.0, 1.0, 0.0, 0.0, 0.0, 0.0, 1.0, 0.0, 1.0, 0.0, 0.0, 0.0, 0.0, 0.0, 1.0, 1.0, 1.0, 1.0, 1.0, 0.0, 1.0, 0.0, 1.0, 1.0, 1.0, 0.0, 1.0, 1.0, 0.0, 1.0, 1.0, 1.0, 1.0, 1.0, 0.0, 0.0, 0.0, 0.0, 0.0, 0.0, 0.0, 0.0, 0.0, 0.0, 0.0, 0.0, 1.0, 1.0, 1.0, 1.0, 0.0, 0.0, 0.0, 0.0, 0.0, 0.0, 0.0, 0.0, 0.0, 0.0, 0.0, 0.0, 0.0, 0.0, 0.0, 0.0, 0.0, 0.0, 0.0, 0.0, 1.0, 1.0, 0.0, 0.0, 1.0, 1.0, 1.0, 1.0, 1.0, 1.0, 1.0, 1.0, 1.0, 1.0, 1.0, 1.0, 1.0, 1.0, 1.0, 1.0, 1.0, 0.0, 1.0, 1.0, 0.0, 1.0, 0.0, 1.0, 0.0, 1.0, 0.0, 0.0, 1.0, 1.0, 1.0, 1.0, 0.0, 0.0, 1.0, 0.0, 1.0, 1.0, 1.0, 1.0, 0.0, 0.0, 0.0, 0.0, 0.0, 0.0, 0.0, 1.0, 0.0, 0.0, 0.0, 0.0, 1.0, 1.0, 1.0, 1.0, 0.0, 0.0, 0.0, 0.0, 0.0, 1.0, 1.0, 1.0, 0.0, 1.0, 1.0, 0.0, 1.0, 1.0, 1.0, 1.0, 0.0, 0.0, 0.0, 0.0, 1.0, 0.0, 1.0, 1.0, 1.0, 0.0, 0.0, 1.0, 1.0, 1.0, 1.0, 1.0, 1.0, 1.0, 1.0, 0.0, 0.0, 1.0, 1.0, 1.0, 1.0, 1.0, 0.0, 0.0, 1.0, 1.0, 1.0, 1.0, 0.0, 0.0, 0.0, 0.0, 1.0, 1.0, 1.0, 0.0, 0.0, 0.0, 1.0, 0.0, 1.0, 1.0, 1.0, 1.0, 0.0, 0.0, 0.0, 0.0, 0.0, 0.0, 0.0, 0.0, 0.0, 0.0, 0.0, 0.0, 0.0, 0.0, 1.0, 1.0, 0.0, 0.0, 0.0, 0.0, 1.0, 1.0, 1.0, 1.0, 1.0, 0.0, 0.0, 1.0]",-295.2442605392121,597.0338707387587,-482.430437669722,964.860875339444,1.0,-9.518280500437347,22.21461483122264,1.2846122460949685,-433.45128860920846,873.4479268787513,True,True,True,True,True,0.875,1.0,0.5416666666666666,0.75,0.5416666666666666,0.75,0.7083333333333334,1.0,0.5416666666666666,0.75,0.5833333333333334,0.75,"Z.forall(lambda x1: Z.not_operator(Z.equal(x1,'upright','orientation')),X)","Z.exists(lambda x1: Z.exists(lambda x2: Z.and_operator(Z.and_operator(Z.equal(x1,1,'size'),Z.equal(x2,3,'size')),Z.hor_operator(x1,x2,'contact')),X),X)","Z.forall(lambda x1: Z.not_operator(Z.equal(x1,'upright','orientation')),X)","Z.exists(lambda x1: Z.exists(lambda x2: Z.and_operator(Z.and_operator(Z.equal(x1,1,'size'),Z.equal(x2,3,'size')),Z.hor_operator(x1,x2,'contact')),X),X)",1.0,0.625,0.75,1.0,0.75,0.7083333333333334,0.6982758620689655,0.6867816091954023,0.6954022988505747,0.6925287356321839,5.241379310344827,2000,0,0,0,1222,0
49,62,120,oCJaqaucjp,R-K0qkUWDG80WRcIAAAG,Iota,one is blue,"[False, True, False, False, False, False, False, False]","[False, True, True, False, False, False, True, False]",0.625,0.625,"There has to be at least one of each color, size doesn't matter.","[['x1'],['x1','x2'],['x1','x2','x3']]","Z.exists(lambda x1: Z.exists(lambda x2: Z.exists(lambda x3: Z.and_operator(Z.and_operator(Z.equal(x1,'red','colour'),Z.equal(x2,'blue','colour')),Z.equal(x3,'green','colour')),X),X),X)","There must be one of each color, size does not matter.","[{'ids': [0, 1, 2], 'colours': ['blue', 'green', 'red'], 'sizes': [2, 1, 3], 'xpos': [2.2846380601467535, 6.769269068926366, 3.3641074008761205], 'ypos': [4.136161611836955, 4.136666666666668, 3.726711690585251], 'rotations': [3.1403300161800143, 3.141592653589793, 2.180339241953408], 'orientations': ['upright', 'upright', 'strange'], 'contact': [[0, 2], [1], [2, 0]], 'grounded': ['yes', 'yes', 'yes'], 'follow_rule': True}, {'ids': [0, 1, 2], 'colours': ['blue', 'red', 'green'], 'sizes': [2, 3, 1], 'xpos': [2.2667833687662657, 2.265504128518913, 4.41641396833093], 'ypos': [4.133141021276574, 4.117411306443003, 4.133058428243966], 'rotations': [3.137985397504318, 3.1304019233764104, 3.1412007895556613], 'orientations': ['upright', 'upright', 'upright'], 'contact': [[0, 1], [1, 0], [2]], 'grounded': ['yes', 'no', 'yes'], 'follow_rule': True}, {'ids': [0, 1, 2], 'colours': ['red', 'blue', 'green'], 'sizes': [3, 2, 1], 'xpos': [4.177260699303087, 2.6227089660953515, 4.184790721538396], 'ypos': [4.136729741421444, 3.755625732606132, 3.1910957856380047], 'rotations': [3.1415873141018924, 5.048745754073177, 3.1208569248042854], 'orientations': ['upright', 'rhs', 'upright'], 'contact': [[0, 2], [1], [2, 0]], 'grounded': ['yes', 'yes', 'no'], 'follow_rule': True}, {'ids': [0, 1, 2], 'colours': ['green', 'blue', 'red'], 'sizes': [1, 2, 3], 'xpos': [3.6979101628647153, 5.257713632189877, 5.1113793450529], 'ypos': [3.8547330232958354, 3.756168343940372, 4.078924823906712], 'rotations': [5.072672349254439, 5.052259311543205, 3.031956462217536], 'orientations': ['rhs', 'rhs', 'upright'], 'contact': [[0], [1, 2], [2, 1]], 'grounded': ['yes', 'yes', 'yes'], 'follow_rule': True}, {'ids': [0, 1, 2], 'colours': ['blue', 'red', 'green'], 'sizes': [2, 3, 1], 'xpos': [4.435760192221024, 4.4358038020890795, 4.433442103366047], 'ypos': [4.1367300579928665, 4.128347317580666, 3.1820795148072865], 'rotations': [3.141595751985644, 3.143705767875557, -3.1276129205702947], 'orientations': ['upright', 'upright', 'upright'], 'contact': [[0, 1], [1, 0, 2], [2, 1]], 'grounded': ['yes', 'no', 'no'], 'follow_rule': True}, {'ids': [0, 1, 2], 'colours': ['blue', 'green', 'red'], 'sizes': [3, 3, 3], 'xpos': [4.8766959434448225, 1.852110519035401, 0.47060589771938865], 'ypos': [3.658960045579504, 4.133494584852631, 3.9493894141185795], 'rotations': [1.2443385189767593, 3.141837298813932, 3.515822350565627], 'orientations': ['lhs', 'upright', 'upright'], 'contact': [[0], [1], [2]], 'grounded': ['yes', 'yes', 'yes'], 'follow_rule': True}, {'ids': [0, 1, 2, 3, 4, 5], 'colours': ['green', 'green', 'blue', 'blue', 'red', 'red'], 'sizes': [3, 3, 3, 3, 1, 1], 'xpos': [2.971064860497468, 3.676140901424467, 1.0238124617758362, 0.47873402335653514, 5.385035230138678, 4.163890003272744], 'ypos': [4.136533752089586, 3.663914747072343, 3.917924322478117, 3.4683635165764044, 3.835288547942779, 3.3669186363490584], 'rotations': [3.141531177433851, 5.036770840259368, 3.5943922215741573, 2.8160210347135837, 1.6259925173879006, 1.9093449615649225], 'orientations': ['upright', 'rhs', 'upright', 'upright', 'lhs', 'strange'], 'contact': [[0], [1, 5, 4], [2, 3], [3, 2], [4, 1], [5, 1]], 'grounded': ['yes', 'yes', 'yes', 'no', 'yes', 'no'], 'follow_rule': False}, {'ids': [0, 1, 2], 'colours': ['blue', 'green', 'red'], 'sizes': [3, 2, 1], 'xpos': [0.5803823288190004, 1.2308973720017908, 5.593032404553053], 'ypos': [4.134028355561493, 3.755800592152056, 3.959543703266435], 'rotations': [3.1420792887254043, 5.049959596149018, 2.524019139200578], 'orientations': ['upright', 'rhs', 'strange'], 'contact': [[0], [1], [2]], 'grounded': ['yes', 'yes', 'yes'], 'follow_rule': True}, {'ids': [0, 1, 2, 3, 4], 'colours': ['red', 'green', 'red', 'blue', 'green'], 'sizes': [3, 1, 1, 2, 3], 'xpos': [5.12691938557365, 5.11503131679493, 4.23727953775697, 6.19519140108846, 3.42148978150856], 'ypos': [4.16166666682932, 3.21450769513128, 4.15833270210236, 3.780270212316, 4.15777826181353], 'rotations': [3.14159265356107, 3.17396503839037, 3.13596899439433, 5.0484168782327, 3.14163950292034], 'contact': [[0, 1], [1, 0], 2, 3, 4], 'grounded': ['yes', 'no', 'yes', 'yes', 'yes']}, {'ids': [0, 1, 2, 3], 'colours': ['green', 'green', 'red', 'blue'], 'sizes': [1, 3, 1, 2], 'xpos': [1.95640316882102, 3.82119006463636, 5.49466900932729, 4.94512429018313], 'ypos': [4.1575463669092, 3.68793264237984, 3.88075060909874, 3.82370041726639], 'rotations': [3.14042586215534, 5.03796059957422, 5.07099533912214, 4.13396592888911], 'contact': [0, 1, [2, 3], [3, 2]], 'grounded': ['yes', 'yes', 'yes', 'yes']}, {'ids': [0, 1, 2, 3, 4], 'colours': ['red', 'blue', 'red', 'green', 'green'], 'sizes': [3, 1, 2, 2, 1], 'xpos': [6.01871423256697, 2.01992789098242, 4.13597794449854, 0.774406281828649, 4.80555851531279], 'ypos': [3.68393205570556, 4.15898574652681, 4.15794140291817, 3.77979942907755, 3.98725786368743], 'rotations': [1.24414891831718, 3.14156263599238, 3.14292046357041, 5.04964608195148, 2.53998237313469], 'contact': [[0, 4], 1, 2, 3, [4, 0]], 'grounded': ['yes', 'yes', 'yes', 'yes', 'yes']}, {'ids': [0, 1], 'colours': ['blue', 'green'], 'sizes': [1, 2], 'xpos': [1.67047327443096, 4.46813203908946], 'ypos': [4.15694705663294, 4.15819949787589], 'rotations': [3.14214596161258, 3.14225319301416], 'contact': [{'V1': 0, 'V2': 1}], 'grounded': ['yes', 'yes']}, {'ids': [0, 1, 2, 3, 4], 'colours': ['blue', 'blue', 'red', 'blue', 'red'], 'sizes': [1, 1, 3, 2, 3], 'xpos': [2.9749447690173, 1.59038636414738, 1.89943344290003, 0.742265142690783, 5.82945571924824], 'ypos': [4.14706432996679, 4.15682792868204, 3.68436535365509, 3.87793736870491, 4.15825788448378], 'rotations': [3.19018443917557, 3.14127258207092, 4.38185242264156, 2.36758036264438, 3.14223131257379], 'contact': [[0, 2], 1, [2, 0], 3, 4], 'grounded': ['yes', 'yes', 'yes', 'yes', 'yes']}, {'ids': [0, 1, 2, 3, 4], 'colours': ['blue', 'blue', 'red', 'red', 'blue'], 'sizes': [1, 1, 2, 3, 2], 'xpos': [3.86710801315826, 0.780465760873674, 4.72248955423569, 3.06295468416754, 7.04671297081929], 'ypos': [4.1448491118357, 4.15796013032216, 4.15793209798963, 3.75002575259372, 4.15761808534214], 'rotations': [3.19364501547634, 3.14186836777695, 3.13970081999877, 4.09252896570911, 3.14406240189392], 'contact': [[0, 3], 1, 2, [3, 0], 4], 'grounded': ['yes', 'yes', 'yes', 'yes', 'yes']}, {'ids': [0, 1, 2, 3], 'colours': ['blue', 'green', 'blue', 'red'], 'sizes': [1, 2, 1, 3], 'xpos': [0.414928997162714, 1.7723984589512, 5.75738502777065, 6.08770777718876], 'ypos': [4.15743978227501, 4.15711897749998, 3.88075060909862, 3.89628768750355], 'rotations': [3.14447951863788, 3.14010156096646, 5.07099533912207, 3.69409526653564], 'contact': [0, 1, [2, 3], [3, 2]], 'grounded': ['yes', 'yes', 'yes', 'yes']}, {'ids': [0, 1, 2, 3, 4], 'colours': ['green', 'red', 'green', 'green', 'red'], 'sizes': [2, 2, 3, 3, 2], 'xpos': [1.30426887924571, 1.8868098606311, 6.83333126813548, 2.79429839111229, 3.83407517131883], 'ypos': [3.78000391300947, 4.15881602818333, 3.73307814239637, 4.15736329550291, 4.15804254736289], 'rotations': [1.23253748876037, 3.14240000646429, 4.1567939442383, 3.14166932108615, 3.1439673324419], 'contact': [0, [1, 3], 2, [3, 1], 4], 'grounded': ['yes', 'yes', 'yes', 'yes', 'yes']}]","[True, True, True, True, True, True, True, False]","[False, True, False, False, False, False, False, True]","[False, False, False, False, False, False, False, False]","[True, False, True, True, True, True, True, False]","[True, True, True, True, True, True, True, False]","[False, True, True, False, False, False, True, True]","[False, False, False, False, False, False, False, False]","[True, False, False, True, True, True, False, False]",0.0,0.0,0.0,0.0,0.25,0.5,0.25,0.375,0.375,0.25,0.0,0.0,0.75,0.5,561.1215704856706,-5.5488307447061835,-5.545177444479562,13.177103031092203,11.090354888959125,3.196561290298028,-10.942119059913903,-11.090354888959125,24.656826842067588,22.18070977791825,1.0502311195665048,"[1.0, 1.0, 1.0, 1.0, 1.0, 0.0, 1.0, 0.0, 1.0, 1.0, 1.0, 1.0, 1.0, 1.0, 1.0, 0.0135, 0.9530000000000001, 0.092, 0.5895, 0.5895, 1.0, 0.0, 0.0, 0.861, 1.0, 1.0, 1.0, 0.2925, 0.999, 0.999, 1.0, 0.7155, 0.0, 0.0, 1.0, 0.0, 0.0, 0.0, 1.0, 0.0, 0.0, 0.0, 1.0, 0.0, 0.0, 0.0, 1.0, 0.0, 1.0, 1.0, 1.0, 1.0, 0.0, 0.0, 0.0, 0.0, 1.0, 1.0, 1.0, 1.0, 0.935, 0.935, 0.935, 0.935, 1.0, 1.0, 1.0, 1.0, 0.0, 1.0, 0.0, 0.0, 0.0, 1.0, 1.0, 1.0, 1.0, 1.0, 1.0, 1.0, 1.0, 1.0, 1.0, 1.0, 0.0935, 0.0935, 0.0935, 0.0935, 1.0, 1.0, 1.0, 1.0, 1.0, 1.0, 1.0, 1.0, 1.0, 1.0, 1.0, 1.0, 1.0, 1.0, 1.0, 0.013000000000000001, 1.0, 1.0, 0.998, 1.0, 1.0, 0.002, 0.998, 0.002, 1.0, 1.0, 1.0, 1.0, 1.0, 1.0, 1.0, 0.0, 0.973, 1.0, 0.9530000000000001, 1.0, 0.8925000000000001, 0.9195, 0.17400000000000002, 0.201, 1.0, 1.0, 1.0, 1.0, 0.0, 0.0, 0.0, 0.0, 1.0, 1.0, 1.0, 0.24, 1.0, 1.0, 0.968, 1.0, 0.653, 0.653, 0.653, 1.0, 0.2535, 0.2535, 0.7035, 0.10300000000000001, 1.0, 1.0, 1.0, 1.0, 0.0, 1.0, 0.0, 0.0, 1.0, 1.0, 1.0, 0.012, 0.988, 0.988, 1.0, 1.0, 1.0, 0.0, 1.0, 1.0, 1.0, 0.0, 0.0, 1.0, 0.0, 0.0, 0.0, 1.0, 1.0, 0.0, 0.0, 0.0, 1.0, 1.0, 1.0, 1.0, 0.0, 0.0, 0.0, 0.0, 1.0, 1.0, 1.0, 1.0, 0.0, 0.0, 0.0, 0.0, 1.0, 1.0, 1.0, 1.0, 1.0, 1.0, 0.841, 1.0, 1.0, 1.0, 1.0, 1.0, 0.0, 0.0, 0.0, 0.0, 1.0, 1.0, 1.0, 1.0, 1.0, 1.0, 1.0, 0.0, 0.197, 0.0, 0.85, 0.653, 0.803, 0.0, 0.0, 0.0, 0.8525, 0.847, 0.9935, 0.847, 0.28300000000000003, 0.4305, 0.426, 0.426, 1.0, 1.0, 1.0, 1.0, 1.0, 1.0, 1.0, 0.0, 0.798, 1.0, 0.7995, 0.7995, 0.0275, 0.029, 0.2265, 0.1975, 1.0, 1.0, 1.0, 1.0, 0.0, 0.0, 0.0, 0.0, 0.862, 0.854, 0.8595, 0.8955000000000001, 0.045, 0.0005, 0.8695, 0.8505, 1.0, 1.0, 1.0, 0.022, 1.0, 1.0, 1.0, 0.978, 0.28400000000000003, 0.0145, 0.1885, 0.0275, 0.2755, 0.0, 0.0015, 0.013000000000000001, 0.0, 0.0, 0.0, 1.0, 1.0, 0.0, 0.0, 0.0, 1.0, 1.0, 1.0, 1.0, 0.0, 0.0, 0.0, 0.0, 1.0, 1.0, 1.0, 1.0, 1.0, 0.0, 1.0, 0.0, 1.0, 1.0, 1.0, 1.0, 1.0, 1.0, 1.0, 0.0, 1.0, 1.0, 1.0, 0.728, 0.8265, 0.5545, 0.5545, 0.8265, 1.0, 1.0, 1.0, 1.0, 1.0, 1.0, 1.0, 1.0, 1.0, 1.0, 1.0, 0.8715, 0.9365, 0.8695, 0.8695, 0.9365, 0.229, 0.229, 0.229, 0.229, 0.801, 0.03, 0.03, 0.801, 0.0, 0.0, 0.0, 1.0, 1.0, 0.0, 0.0, 0.0, 0.108, 0.114, 0.2315, 0.108, 0.114, 0.07050000000000001, 0.0495, 0.006, 1.0, 1.0, 1.0, 1.0, 0.0, 0.0, 0.0, 0.0, 0.8955000000000001, 0.895, 0.0115, 0.0, 0.883, 0.0, 0.0, 0.0, 1.0, 1.0, 1.0, 1.0, 0.0, 0.0, 0.0, 0.0, 0.902, 0.902, 0.902, 0.678, 0.88, 0.88, 0.902, 0.807, 1.0, 1.0, 1.0, 1.0, 0.0, 0.0, 0.0, 0.0, 1.0, 1.0, 1.0, 1.0, 1.0, 1.0, 1.0, 0.0, 1.0, 1.0, 1.0, 1.0, 0.0, 0.0, 0.0, 0.0, 1.0, 1.0, 1.0, 1.0, 0.008, 0.008, 0.008, 0.008, 1.0, 1.0, 1.0, 1.0, 1.0, 1.0, 1.0, 0.0, 1.0, 1.0, 1.0, 1.0, 1.0, 1.0, 0.6980000000000001, 1.0, 1.0, 1.0, 1.0, 1.0, 0.0, 0.0, 0.0, 0.0, 1.0, 1.0, 1.0, 1.0, 1.0, 1.0, 1.0, 0.0, 0.9530000000000001, 0.9530000000000001, 0.9530000000000001, 1.0, 1.0, 1.0, 0.641, 0.9530000000000001, 1.0, 1.0, 1.0, 1.0, 0.0, 0.0, 0.0, 0.0, 1.0, 1.0, 1.0, 1.0, 1.0, 1.0, 1.0, 1.0, 1.0, 1.0, 1.0, 1.0, 0.0, 0.0, 0.0, 0.0, 1.0, 1.0, 1.0, 1.0, 1.0, 1.0, 1.0, 1.0, 1.0, 1.0, 1.0, 1.0, 0.021500000000000002, 0.021500000000000002, 0.021500000000000002, 0.021500000000000002, 0.021500000000000002, 0.003, 0.02, 0.0095, 0.0095, 0.964, 0.9555, 0.0095, 1.0, 1.0, 1.0, 1.0, 1.0, 1.0, 1.0, 1.0, 1.0, 1.0, 1.0, 1.0, 0.0, 0.0, 0.0, 0.0, 1.0, 1.0, 1.0, 1.0, 0.0, 0.0, 1.0, 1.0, 1.0, 0.873, 0.198, 0.198, 1.0, 1.0, 0.6905, 1.0, 1.0, 1.0, 1.0, 1.0, 1.0, 1.0, 1.0, 0.0, 1.0, 0.999, 0.999, 1.0, 0.0025, 0.0025, 0.0025, 0.0025, 1.0, 1.0, 1.0, 1.0, 1.0, 0.686, 0.314, 0.0, 1.0, 1.0, 1.0, 1.0, 0.524, 0.524, 1.0, 0.47600000000000003, 1.0, 1.0, 1.0, 1.0, 0.008, 0.008, 0.008, 0.008, 0.9935, 0.9935, 0.9775, 0.9935, 0.9935, 0.0225, 0.988, 0.017, 1.0, 1.0, 1.0, 1.0, 0.0725, 0.0725, 0.0725, 0.0725, 0.041, 1.0, 1.0, 0.9590000000000001, 0.041, 0.9590000000000001, 1.0, 0.0, 0.7435, 0.9835, 0.7425, 0.986, 0.7435, 0.7435, 0.256, 0.987, 1.0, 0.005, 1.0, 1.0, 1.0, 0.005, 0.005, 1.0, 1.0, 1.0, 1.0, 1.0, 1.0, 1.0, 1.0, 0.0, 1.0, 1.0, 1.0, 1.0, 0.0, 0.0, 0.0, 0.0, 1.0, 1.0, 1.0, 1.0, 0.0, 0.0, 0.0, 0.0, 0.9705, 0.9705, 0.9145, 1.0, 0.8015, 0.8015, 0.9705, 0.7865, 1.0, 1.0, 1.0, 1.0, 0.0, 0.0, 0.0, 0.0, 1.0, 1.0, 1.0, 1.0, 0.0, 0.0, 0.0, 0.0, 1.0, 1.0, 1.0, 1.0, 0.0, 0.0, 0.0, 0.0, 1.0, 1.0, 1.0, 1.0, 1.0, 1.0, 1.0, 1.0]",-418.5875071169283,843.720363894191,-482.430437669722,964.860875339444,1.0,-3.5060935001457825,9.091628541971401,1.0,-7.012187000291565,16.79696272282291,0.6334250289943713,"[1.0, 1.0, 1.0, 1.0, 1.0, 0.0, 1.0, 0.0, 1.0, 1.0, 1.0, 1.0, 1.0, 1.0, 1.0, 0.0, 0.0, 0.0, 0.0, 0.0, 0.0, 0.0, 0.0, 0.0, 1.0, 1.0, 1.0, 0.0, 0.0, 0.0, 1.0, 0.0, 0.0, 0.0, 1.0, 1.0, 0.0, 1.0, 1.0, 1.0, 1.0, 1.0, 1.0, 1.0, 0.0, 0.0, 1.0, 1.0, 1.0, 1.0, 1.0, 1.0, 0.0, 0.0, 0.0, 0.0, 1.0, 1.0, 1.0, 1.0, 0.0, 0.0, 0.0, 0.0, 0.0, 0.0, 0.0, 0.0, 0.0, 1.0, 1.0, 0.0, 1.0, 1.0, 1.0, 1.0, 0.0, 0.0, 0.0, 0.0, 1.0, 1.0, 1.0, 1.0, 0.0, 0.0, 0.0, 0.0, 1.0, 1.0, 1.0, 1.0, 1.0, 1.0, 0.0, 1.0, 1.0, 1.0, 1.0, 1.0, 1.0, 1.0, 1.0, 0.0, 1.0, 1.0, 1.0, 1.0, 1.0, 0.0, 1.0, 0.0, 0.0, 1.0, 0.0, 0.0, 1.0, 1.0, 1.0, 0.0, 1.0, 1.0, 0.0, 1.0, 1.0, 0.0, 0.0, 0.0, 1.0, 1.0, 1.0, 0.0, 1.0, 1.0, 1.0, 1.0, 1.0, 1.0, 1.0, 1.0, 0.0, 0.0, 0.0, 0.0, 1.0, 1.0, 1.0, 0.0, 0.0, 0.0, 1.0, 0.0, 0.0, 0.0, 1.0, 0.0, 0.0, 0.0, 0.0, 0.0, 1.0, 1.0, 1.0, 0.0, 0.0, 0.0, 1.0, 0.0, 0.0, 0.0, 0.0, 1.0, 0.0, 0.0, 0.0, 0.0, 0.0, 0.0, 0.0, 1.0, 0.0, 0.0, 0.0, 0.0, 1.0, 1.0, 1.0, 1.0, 0.0, 0.0, 0.0, 0.0, 1.0, 1.0, 1.0, 0.0, 0.0, 0.0, 1.0, 0.0, 1.0, 1.0, 1.0, 1.0, 0.0, 0.0, 0.0, 0.0, 1.0, 1.0, 1.0, 1.0, 0.0, 0.0, 0.0, 0.0, 1.0, 1.0, 1.0, 1.0, 1.0, 1.0, 1.0, 0.0, 0.0, 0.0, 0.0, 0.0, 1.0, 0.0, 0.0, 0.0, 1.0, 1.0, 1.0, 1.0, 1.0, 1.0, 1.0, 1.0, 1.0, 1.0, 1.0, 1.0, 1.0, 1.0, 1.0, 0.0, 0.0, 0.0, 0.0, 0.0, 0.0, 0.0, 0.0, 0.0, 0.0, 1.0, 0.0, 1.0, 0.0, 1.0, 0.0, 1.0, 0.0, 0.0, 0.0, 1.0, 0.0, 0.0, 0.0, 0.0, 1.0, 1.0, 1.0, 0.0, 0.0, 0.0, 1.0, 0.0, 1.0, 1.0, 1.0, 1.0, 1.0, 0.0, 1.0, 0.0, 0.0, 1.0, 1.0, 1.0, 0.0, 0.0, 0.0, 0.0, 1.0, 1.0, 1.0, 0.0, 1.0, 1.0, 1.0, 1.0, 0.0, 1.0, 1.0, 1.0, 0.0, 0.0, 0.0, 0.0, 1.0, 1.0, 1.0, 1.0, 1.0, 1.0, 1.0, 0.0, 1.0, 1.0, 1.0, 1.0, 0.0, 0.0, 0.0, 0.0, 1.0, 1.0, 1.0, 1.0, 0.0, 0.0, 0.0, 0.0, 0.0, 1.0, 0.0, 0.0, 0.0, 0.0, 0.0, 0.0, 1.0, 1.0, 1.0, 1.0, 1.0, 0.0, 1.0, 1.0, 0.0, 0.0, 0.0, 0.0, 0.0, 1.0, 1.0, 0.0, 1.0, 1.0, 1.0, 1.0, 1.0, 0.0, 1.0, 0.0, 1.0, 1.0, 1.0, 1.0, 1.0, 0.0, 1.0, 1.0, 0.0, 0.0, 0.0, 0.0, 0.0, 1.0, 1.0, 0.0, 1.0, 0.0, 0.0, 1.0, 0.0, 0.0, 0.0, 0.0, 1.0, 1.0, 1.0, 0.0, 0.0, 0.0, 1.0, 0.0, 1.0, 1.0, 1.0, 0.0, 0.0, 0.0, 0.0, 0.0, 1.0, 1.0, 1.0, 1.0, 1.0, 1.0, 1.0, 0.0, 0.0, 0.0, 0.0, 0.0, 0.0, 0.0, 0.0, 0.0, 1.0, 0.0, 1.0, 0.0, 0.0, 0.0, 0.0, 0.0, 1.0, 1.0, 1.0, 1.0, 1.0, 1.0, 1.0, 0.0, 1.0, 1.0, 1.0, 1.0, 1.0, 1.0, 0.0, 1.0, 1.0, 1.0, 1.0, 1.0, 0.0, 0.0, 0.0, 0.0, 1.0, 1.0, 1.0, 1.0, 1.0, 1.0, 1.0, 0.0, 0.0, 1.0, 1.0, 1.0, 0.0, 0.0, 0.0, 0.0, 1.0, 1.0, 1.0, 1.0, 0.0, 0.0, 0.0, 0.0, 1.0, 0.0, 1.0, 0.0, 0.0, 0.0, 0.0, 0.0, 1.0, 1.0, 1.0, 1.0, 1.0, 0.0, 1.0, 0.0, 1.0, 1.0, 1.0, 0.0, 1.0, 1.0, 0.0, 1.0, 1.0, 1.0, 1.0, 1.0, 0.0, 0.0, 0.0, 0.0, 0.0, 0.0, 0.0, 0.0, 0.0, 1.0, 0.0, 0.0, 1.0, 1.0, 1.0, 1.0, 0.0, 0.0, 0.0, 0.0, 0.0, 0.0, 0.0, 0.0, 0.0, 0.0, 0.0, 0.0, 1.0, 0.0, 1.0, 0.0, 0.0, 0.0, 0.0, 0.0, 1.0, 1.0, 0.0, 0.0, 1.0, 1.0, 1.0, 1.0, 1.0, 1.0, 1.0, 1.0, 1.0, 1.0, 1.0, 1.0, 1.0, 1.0, 1.0, 1.0, 1.0, 0.0, 1.0, 1.0, 0.0, 1.0, 0.0, 1.0, 0.0, 1.0, 0.0, 0.0, 1.0, 1.0, 1.0, 1.0, 0.0, 0.0, 1.0, 0.0, 1.0, 1.0, 1.0, 1.0, 0.0, 0.0, 0.0, 0.0, 0.0, 0.0, 0.0, 1.0, 0.0, 0.0, 0.0, 0.0, 1.0, 1.0, 1.0, 1.0, 0.0, 0.0, 0.0, 0.0, 0.0, 1.0, 1.0, 1.0, 0.0, 1.0, 1.0, 0.0, 1.0, 1.0, 1.0, 1.0, 0.0, 0.0, 0.0, 0.0, 1.0, 0.0, 1.0, 1.0, 1.0, 0.0, 0.0, 1.0, 1.0, 1.0, 1.0, 1.0, 1.0, 1.0, 1.0, 0.0, 0.0, 1.0, 1.0, 1.0, 1.0, 1.0, 0.0, 0.0, 1.0, 1.0, 1.0, 1.0, 0.0, 0.0, 0.0, 0.0, 1.0, 1.0, 1.0, 0.0, 0.0, 0.0, 1.0, 0.0, 1.0, 1.0, 1.0, 1.0, 0.0, 0.0, 0.0, 0.0, 0.0, 0.0, 0.0, 0.0, 0.0, 0.0, 0.0, 0.0, 0.0, 1.0, 0.0, 1.0, 0.0, 1.0, 1.0, 0.0, 1.0, 1.0, 1.0, 1.0, 1.0, 0.0, 0.0, 1.0]",-318.3726801373107,643.2907099349558,1.0,-3.5060935001457825,-5.545177444479562,9.091628541971401,11.090354888959125,1.0,-7.012187000291565,-11.090354888959125,16.79696272282291,22.18070977791825,0.6173530694834558,"[1.0, 1.0, 1.0, 1.0, 1.0, 0.0, 1.0, 0.0, 1.0, 1.0, 1.0, 1.0, 1.0, 1.0, 1.0, 0.0, 0.0, 0.0, 0.0, 0.0, 0.0, 0.0, 0.0, 0.0, 1.0, 1.0, 1.0, 0.0, 0.0, 0.0, 1.0, 0.0, 0.0, 0.0, 1.0, 1.0, 0.0, 1.0, 1.0, 1.0, 0.0, 0.0, 0.0, 0.0, 0.0, 0.0, 0.0, 0.0, 1.0, 1.0, 1.0, 1.0, 0.0, 0.0, 0.0, 0.0, 1.0, 1.0, 1.0, 1.0, 0.0, 0.0, 0.0, 0.0, 0.0, 0.0, 0.0, 0.0, 0.0, 1.0, 1.0, 0.0, 0.0, 0.0, 0.0, 1.0, 0.0, 0.0, 0.0, 0.0, 1.0, 1.0, 1.0, 1.0, 0.0, 0.0, 0.0, 0.0, 0.0, 0.0, 0.0, 0.0, 1.0, 1.0, 0.0, 1.0, 1.0, 1.0, 1.0, 1.0, 1.0, 1.0, 1.0, 0.0, 1.0, 1.0, 1.0, 1.0, 1.0, 0.0, 1.0, 0.0, 0.0, 1.0, 0.0, 0.0, 1.0, 1.0, 1.0, 0.0, 1.0, 1.0, 0.0, 1.0, 1.0, 0.0, 0.0, 0.0, 1.0, 1.0, 1.0, 0.0, 1.0, 1.0, 1.0, 1.0, 1.0, 1.0, 1.0, 1.0, 0.0, 0.0, 0.0, 0.0, 1.0, 1.0, 1.0, 0.0, 0.0, 0.0, 1.0, 0.0, 0.0, 0.0, 1.0, 0.0, 0.0, 0.0, 0.0, 0.0, 1.0, 1.0, 1.0, 0.0, 0.0, 0.0, 1.0, 0.0, 0.0, 0.0, 0.0, 1.0, 0.0, 0.0, 0.0, 0.0, 0.0, 0.0, 0.0, 1.0, 0.0, 0.0, 0.0, 0.0, 1.0, 1.0, 1.0, 1.0, 0.0, 0.0, 0.0, 0.0, 1.0, 1.0, 1.0, 0.0, 0.0, 0.0, 1.0, 0.0, 1.0, 1.0, 1.0, 1.0, 0.0, 0.0, 0.0, 0.0, 1.0, 1.0, 1.0, 1.0, 0.0, 0.0, 0.0, 0.0, 1.0, 1.0, 1.0, 1.0, 1.0, 1.0, 1.0, 0.0, 0.0, 0.0, 0.0, 0.0, 1.0, 0.0, 0.0, 0.0, 1.0, 1.0, 1.0, 1.0, 1.0, 1.0, 1.0, 1.0, 1.0, 1.0, 1.0, 1.0, 1.0, 1.0, 1.0, 0.0, 0.0, 0.0, 0.0, 0.0, 0.0, 0.0, 0.0, 0.0, 0.0, 1.0, 0.0, 1.0, 0.0, 1.0, 0.0, 1.0, 0.0, 0.0, 0.0, 1.0, 0.0, 0.0, 0.0, 0.0, 1.0, 1.0, 1.0, 0.0, 0.0, 0.0, 1.0, 0.0, 1.0, 1.0, 1.0, 1.0, 1.0, 0.0, 1.0, 0.0, 0.0, 1.0, 1.0, 1.0, 0.0, 0.0, 0.0, 0.0, 1.0, 1.0, 1.0, 0.0, 1.0, 1.0, 1.0, 1.0, 0.0, 1.0, 1.0, 1.0, 0.0, 0.0, 0.0, 0.0, 1.0, 1.0, 1.0, 1.0, 1.0, 1.0, 1.0, 0.0, 1.0, 1.0, 1.0, 1.0, 0.0, 0.0, 0.0, 0.0, 1.0, 1.0, 1.0, 1.0, 0.0, 0.0, 0.0, 0.0, 0.0, 1.0, 0.0, 0.0, 0.0, 0.0, 0.0, 0.0, 0.0, 0.0, 0.0, 0.0, 0.0, 0.0, 0.0, 0.0, 1.0, 0.0, 1.0, 1.0, 1.0, 0.0, 0.0, 1.0, 1.0, 1.0, 1.0, 1.0, 1.0, 0.0, 1.0, 0.0, 1.0, 1.0, 1.0, 1.0, 1.0, 0.0, 1.0, 1.0, 0.0, 0.0, 0.0, 0.0, 0.0, 1.0, 1.0, 0.0, 1.0, 0.0, 0.0, 1.0, 0.0, 0.0, 0.0, 0.0, 1.0, 1.0, 1.0, 0.0, 0.0, 0.0, 1.0, 0.0, 1.0, 1.0, 1.0, 0.0, 0.0, 0.0, 0.0, 0.0, 1.0, 1.0, 1.0, 1.0, 1.0, 1.0, 1.0, 0.0, 0.0, 0.0, 0.0, 0.0, 0.0, 0.0, 0.0, 0.0, 1.0, 0.0, 1.0, 0.0, 0.0, 0.0, 0.0, 0.0, 1.0, 1.0, 1.0, 1.0, 1.0, 1.0, 1.0, 0.0, 1.0, 1.0, 1.0, 1.0, 1.0, 1.0, 0.0, 1.0, 1.0, 1.0, 1.0, 1.0, 0.0, 0.0, 0.0, 0.0, 1.0, 1.0, 1.0, 1.0, 1.0, 1.0, 1.0, 0.0, 0.0, 1.0, 1.0, 1.0, 0.0, 0.0, 0.0, 0.0, 1.0, 1.0, 1.0, 1.0, 0.0, 0.0, 0.0, 0.0, 1.0, 0.0, 1.0, 0.0, 0.0, 0.0, 0.0, 0.0, 1.0, 1.0, 1.0, 1.0, 1.0, 0.0, 1.0, 0.0, 1.0, 1.0, 1.0, 0.0, 1.0, 1.0, 0.0, 1.0, 1.0, 1.0, 1.0, 1.0, 0.0, 0.0, 0.0, 0.0, 0.0, 0.0, 0.0, 0.0, 0.0, 1.0, 0.0, 0.0, 1.0, 1.0, 1.0, 1.0, 0.0, 0.0, 0.0, 0.0, 0.0, 0.0, 0.0, 0.0, 0.0, 0.0, 0.0, 0.0, 1.0, 0.0, 1.0, 0.0, 0.0, 0.0, 0.0, 0.0, 1.0, 1.0, 0.0, 0.0, 1.0, 1.0, 1.0, 1.0, 1.0, 1.0, 1.0, 1.0, 1.0, 1.0, 1.0, 1.0, 1.0, 1.0, 1.0, 1.0, 1.0, 0.0, 1.0, 1.0, 0.0, 1.0, 0.0, 1.0, 0.0, 1.0, 0.0, 0.0, 1.0, 1.0, 1.0, 1.0, 0.0, 0.0, 1.0, 0.0, 1.0, 1.0, 1.0, 1.0, 0.0, 0.0, 0.0, 0.0, 0.0, 0.0, 0.0, 1.0, 0.0, 0.0, 0.0, 0.0, 1.0, 1.0, 1.0, 1.0, 0.0, 0.0, 0.0, 0.0, 0.0, 1.0, 1.0, 1.0, 0.0, 1.0, 1.0, 0.0, 1.0, 1.0, 1.0, 1.0, 0.0, 0.0, 0.0, 0.0, 1.0, 0.0, 1.0, 1.0, 1.0, 0.0, 0.0, 1.0, 1.0, 1.0, 1.0, 1.0, 1.0, 1.0, 1.0, 0.0, 0.0, 0.0, 1.0, 0.0, 0.0, 1.0, 0.0, 0.0, 1.0, 1.0, 1.0, 1.0, 0.0, 0.0, 0.0, 0.0, 1.0, 1.0, 1.0, 0.0, 0.0, 0.0, 1.0, 0.0, 1.0, 1.0, 1.0, 1.0, 0.0, 0.0, 0.0, 0.0, 0.0, 0.0, 0.0, 0.0, 0.0, 0.0, 0.0, 0.0, 0.0, 1.0, 0.0, 1.0, 0.0, 1.0, 1.0, 0.0, 1.0, 1.0, 1.0, 1.0, 1.0, 0.0, 0.0, 1.0]",-311.9759791000219,630.4973078603782,-482.430437669722,964.860875339444,76.33467698851891,-5.545589686144599,-5.545177444479562,13.170620913969033,11.090354888959125,1.9665398956796991,-10.591880819677618,-11.090354888959125,23.956350361595018,22.18070977791825,1.0908740239314543,"[0.0, 0.0, 1.0, 0.0, 0.0, 0.0, 0.0, 0.0, 1.0, 1.0, 1.0, 1.0, 0.877, 0.877, 0.877, 0.0, 1.0, 0.259, 1.0, 1.0, 0.8015, 0.0, 0.259, 1.0, 1.0, 1.0, 1.0, 1.0, 1.0, 1.0, 1.0, 0.0, 0.0, 0.0, 1.0, 0.0, 0.0, 0.0, 1.0, 0.0, 0.0, 0.0, 1.0, 0.0, 0.0, 0.0, 1.0, 0.0, 0.0, 0.0, 0.0, 0.0775, 0.0, 0.0, 0.1635, 0.47100000000000003, 1.0, 1.0, 1.0, 1.0, 0.0, 0.0, 0.0, 0.0, 0.0, 0.0, 0.0, 0.0, 0.0, 0.0, 0.0, 0.0, 1.0, 1.0, 1.0, 1.0, 1.0, 1.0, 1.0, 0.0, 1.0, 1.0, 1.0, 1.0, 0.0, 0.0, 0.0, 0.0, 0.0, 0.0, 0.0, 0.0, 0.0, 0.113, 0.113, 0.0, 0.0, 0.0, 0.0, 1.0, 0.0, 0.0, 0.0, 0.0, 1.0, 1.0, 1.0, 1.0, 0.0, 0.0, 0.0, 0.0, 0.9995, 1.0, 1.0, 0.663, 1.0, 1.0, 1.0, 0.353, 1.0, 1.0, 1.0, 1.0, 0.082, 0.082, 0.0, 0.0, 0.973, 1.0, 0.7655000000000001, 0.605, 0.973, 1.0, 1.0, 0.368, 0.0, 0.0, 1.0, 0.0, 1.0, 0.0, 1.0, 0.0, 1.0, 1.0, 1.0, 1.0, 0.0, 0.0, 1.0, 0.0, 1.0, 1.0, 1.0, 1.0, 0.0, 0.9465, 0.0, 0.0, 0.666, 1.0, 0.666, 0.666, 0.0, 0.0, 0.7975, 0.0, 0.0, 0.9430000000000001, 0.0, 1.0, 1.0, 0.0, 0.0, 0.0, 0.0, 1.0, 0.0, 0.0, 0.0, 0.0, 0.0, 0.0, 1.0, 1.0, 1.0, 1.0, 0.0, 0.0, 0.0, 0.0, 1.0, 1.0, 1.0, 1.0, 1.0, 1.0, 1.0, 0.0005, 1.0, 1.0, 1.0, 1.0, 1.0, 1.0, 0.0, 1.0, 1.0, 1.0, 1.0, 1.0, 0.0, 0.0, 0.0, 0.0, 1.0, 1.0, 1.0, 1.0, 1.0, 1.0, 1.0, 0.0, 1.0, 0.0, 1.0, 0.0, 0.0, 0.0, 0.0, 0.0, 0.0, 1.0, 0.0, 1.0, 0.0, 1.0, 0.0, 1.0, 1.0, 1.0, 1.0, 1.0, 1.0, 1.0, 1.0, 0.0, 1.0, 0.0, 1.0, 1.0, 1.0, 0.0, 0.0, 1.0, 1.0, 1.0, 1.0, 1.0, 1.0, 1.0, 1.0, 1.0, 0.0, 0.9580000000000001, 0.0, 0.0, 0.0, 0.0, 0.0045000000000000005, 0.0, 0.0, 0.0, 0.0, 0.0, 0.0, 0.0, 0.0, 1.0, 0.0, 0.0, 0.0005, 0.0, 0.0, 0.0, 0.0, 0.0, 0.0, 1.0, 0.0, 0.0, 0.0, 0.0, 0.0, 0.0, 1.0, 1.0, 1.0, 0.001, 0.001, 0.001, 1.0, 0.0, 0.0, 0.0, 0.6225, 0.0, 0.0, 0.0, 0.0, 0.0, 1.0, 1.0, 1.0, 1.0, 0.0, 0.0, 0.0, 0.0, 0.0, 0.0, 0.0, 0.0, 0.0, 0.0, 0.0, 0.0, 1.0, 1.0, 1.0, 1.0, 1.0, 1.0, 1.0, 0.0, 0.0, 0.0, 0.0, 1.0, 0.0, 0.0, 1.0, 0.0, 1.0, 1.0, 1.0, 1.0, 0.0, 0.0, 0.0, 0.0, 0.0, 1.0, 0.0, 0.0, 1.0, 0.0, 0.0, 1.0, 1.0, 1.0, 1.0, 1.0, 0.0, 0.0, 0.0, 0.0, 1.0, 1.0, 1.0, 1.0, 1.0, 0.0, 1.0, 1.0, 0.0, 0.0005, 0.0, 0.0, 0.0, 0.38, 0.0, 0.0, 1.0, 1.0, 1.0, 1.0, 0.0, 0.0, 0.0, 0.0, 1.0, 1.0, 1.0, 0.999, 1.0, 1.0, 1.0, 0.0195, 1.0, 1.0, 1.0, 1.0, 0.0, 0.0, 0.0, 0.0, 0.0, 0.6285000000000001, 0.0, 0.328, 0.0, 0.0, 0.6285000000000001, 0.0, 0.0, 0.0, 0.0, 0.0, 0.0, 0.0, 0.0, 1.0, 1.0, 1.0, 1.0, 1.0, 0.0, 0.0, 0.0, 0.0, 1.0, 1.0, 1.0, 1.0, 1.0, 1.0, 1.0, 0.0, 1.0, 1.0, 1.0, 1.0, 1.0, 1.0, 0.0375, 1.0, 1.0, 1.0, 1.0, 1.0, 0.0, 0.0, 0.0, 0.0, 1.0, 1.0, 1.0, 1.0, 1.0, 1.0, 1.0, 0.0, 1.0, 1.0, 1.0, 1.0, 1.0, 1.0, 0.0, 1.0, 1.0, 1.0, 1.0, 1.0, 0.0, 0.0, 0.0, 0.0, 1.0, 1.0, 1.0, 1.0, 1.0, 1.0, 1.0, 1.0, 0.0, 0.0, 0.4395, 0.0, 0.0, 0.0, 0.001, 1.0, 0.0, 0.0, 0.0, 0.0, 0.0, 0.0, 0.0, 0.0, 1.0, 1.0, 1.0, 0.0, 1.0, 0.0, 0.0, 1.0, 0.0, 0.0, 1.0, 1.0, 1.0, 0.0, 0.0, 0.0, 0.0, 0.0, 0.0, 0.0, 0.0, 0.0, 0.0, 0.0, 1.0, 1.0, 1.0, 1.0, 0.0, 0.0, 0.0, 0.0, 0.0, 0.0, 0.0, 0.0, 0.0, 1.0, 0.0, 0.0, 1.0, 1.0, 1.0, 1.0, 0.0, 0.4945, 0.0, 0.0, 1.0, 1.0, 1.0, 1.0, 0.0, 0.0, 1.0, 1.0, 1.0, 1.0, 1.0, 1.0, 0.0, 0.0, 0.0, 0.0, 1.0, 1.0, 1.0, 1.0, 1.0, 0.704, 0.296, 0.0, 1.0, 1.0, 1.0, 1.0, 0.0, 0.0, 1.0, 1.0, 1.0, 1.0, 1.0, 1.0, 0.0, 0.0, 0.0, 0.0, 0.006, 1.0, 0.006, 0.708, 0.298, 1.0, 0.298, 1.0, 1.0, 1.0, 1.0, 1.0, 0.0, 0.0, 0.0, 0.0, 1.0, 0.0, 1.0, 1.0, 1.0, 0.0, 0.0, 1.0, 0.0, 1.0, 1.0, 1.0, 0.0, 0.0, 0.0, 0.0, 1.0, 0.224, 1.0, 1.0, 0.776, 0.0, 0.224, 1.0, 1.0, 1.0, 1.0, 1.0, 0.0, 0.0, 0.0, 0.0, 1.0, 1.0, 0.0, 1.0, 1.0, 1.0, 0.0, 1.0, 1.0, 1.0, 1.0, 1.0, 0.0, 0.0, 0.0, 0.0, 1.0, 1.0, 1.0, 1.0, 1.0, 1.0, 1.0, 0.0, 1.0, 1.0, 1.0, 1.0, 0.0, 0.0, 0.0, 0.0, 0.0, 0.0, 0.0, 0.0, 0.0, 0.0, 0.0, 0.0, 1.0, 0.4865, 1.0, 1.0, 1.0, 0.0075, 0.4865, 1.0, 0.0225, 0.0, 0.0, 0.9775, 0.0, 0.0, 0.0, 0.0]",-419.18595103414617,844.9172517286268,-482.430437669722,964.860875339444,1.0,-3.5060935001457825,-5.545177444479562,9.091628541971401,11.090354888959125,1.0,-7.012187000291565,-11.090354888959125,16.79696272282291,22.18070977791825,0.5787520451143159,"[1.0, 1.0, 1.0, 1.0, 1.0, 0.0, 1.0, 0.0, 1.0, 1.0, 1.0, 1.0, 1.0, 1.0, 1.0, 0.0, 0.0, 0.0, 0.0, 0.0, 0.0, 0.0, 0.0, 0.0, 1.0, 1.0, 1.0, 1.0, 0.0, 0.0, 1.0, 0.0, 0.0, 0.0, 0.0, 0.0, 0.0, 1.0, 0.0, 0.0, 0.0, 0.0, 0.0, 0.0, 0.0, 0.0, 0.0, 0.0, 1.0, 1.0, 1.0, 1.0, 0.0, 0.0, 0.0, 0.0, 1.0, 1.0, 1.0, 1.0, 0.0, 0.0, 0.0, 0.0, 0.0, 0.0, 0.0, 0.0, 0.0, 1.0, 1.0, 0.0, 1.0, 1.0, 1.0, 1.0, 0.0, 0.0, 0.0, 0.0, 1.0, 1.0, 1.0, 1.0, 0.0, 0.0, 0.0, 0.0, 0.0, 0.0, 0.0, 0.0, 0.0, 0.0, 0.0, 0.0, 1.0, 1.0, 1.0, 1.0, 1.0, 1.0, 1.0, 0.0, 1.0, 1.0, 1.0, 1.0, 1.0, 0.0, 1.0, 0.0, 0.0, 1.0, 0.0, 0.0, 1.0, 1.0, 1.0, 0.0, 1.0, 1.0, 0.0, 1.0, 1.0, 0.0, 0.0, 0.0, 1.0, 1.0, 1.0, 0.0, 1.0, 1.0, 1.0, 1.0, 1.0, 1.0, 1.0, 1.0, 0.0, 0.0, 0.0, 0.0, 1.0, 1.0, 1.0, 0.0, 0.0, 0.0, 1.0, 0.0, 0.0, 0.0, 1.0, 0.0, 0.0, 0.0, 0.0, 0.0, 1.0, 1.0, 1.0, 0.0, 0.0, 0.0, 1.0, 0.0, 0.0, 0.0, 0.0, 1.0, 0.0, 0.0, 0.0, 0.0, 0.0, 0.0, 0.0, 1.0, 0.0, 0.0, 0.0, 0.0, 1.0, 1.0, 1.0, 1.0, 0.0, 0.0, 0.0, 0.0, 1.0, 1.0, 1.0, 0.0, 0.0, 0.0, 1.0, 0.0, 1.0, 1.0, 1.0, 1.0, 0.0, 0.0, 0.0, 0.0, 1.0, 1.0, 1.0, 1.0, 0.0, 0.0, 0.0, 0.0, 1.0, 1.0, 1.0, 1.0, 1.0, 1.0, 1.0, 0.0, 0.0, 0.0, 0.0, 0.0, 1.0, 0.0, 0.0, 0.0, 1.0, 1.0, 1.0, 1.0, 1.0, 1.0, 1.0, 1.0, 1.0, 1.0, 1.0, 1.0, 1.0, 1.0, 1.0, 0.0, 0.0, 0.0, 0.0, 0.0, 0.0, 0.0, 0.0, 0.0, 0.0, 1.0, 0.0, 1.0, 0.0, 1.0, 0.0, 1.0, 0.0, 0.0, 0.0, 1.0, 0.0, 0.0, 0.0, 0.0, 1.0, 1.0, 1.0, 0.0, 0.0, 0.0, 1.0, 0.0, 0.0, 0.0, 1.0, 0.0, 0.0, 0.0, 0.0, 0.0, 0.0, 1.0, 1.0, 1.0, 0.0, 0.0, 0.0, 0.0, 1.0, 1.0, 1.0, 0.0, 1.0, 1.0, 1.0, 1.0, 0.0, 0.0, 1.0, 0.0, 0.0, 0.0, 0.0, 0.0, 1.0, 1.0, 1.0, 1.0, 1.0, 1.0, 1.0, 0.0, 1.0, 1.0, 1.0, 1.0, 0.0, 0.0, 0.0, 0.0, 1.0, 1.0, 1.0, 1.0, 0.0, 0.0, 0.0, 0.0, 0.0, 1.0, 0.0, 0.0, 0.0, 0.0, 0.0, 0.0, 0.0, 0.0, 0.0, 0.0, 0.0, 0.0, 0.0, 0.0, 0.0, 0.0, 0.0, 0.0, 0.0, 0.0, 0.0, 0.0, 1.0, 1.0, 0.0, 1.0, 1.0, 0.0, 1.0, 0.0, 1.0, 1.0, 1.0, 1.0, 1.0, 0.0, 1.0, 1.0, 0.0, 0.0, 0.0, 0.0, 0.0, 1.0, 1.0, 0.0, 1.0, 0.0, 0.0, 1.0, 0.0, 0.0, 0.0, 0.0, 1.0, 1.0, 1.0, 0.0, 0.0, 0.0, 1.0, 0.0, 1.0, 1.0, 1.0, 0.0, 0.0, 0.0, 0.0, 0.0, 1.0, 1.0, 1.0, 1.0, 1.0, 1.0, 1.0, 0.0, 0.0, 0.0, 0.0, 0.0, 0.0, 0.0, 0.0, 0.0, 1.0, 0.0, 1.0, 0.0, 0.0, 0.0, 0.0, 0.0, 1.0, 1.0, 1.0, 1.0, 1.0, 1.0, 1.0, 0.0, 1.0, 1.0, 1.0, 1.0, 1.0, 1.0, 0.0, 1.0, 1.0, 1.0, 1.0, 1.0, 0.0, 0.0, 0.0, 0.0, 1.0, 1.0, 1.0, 1.0, 1.0, 1.0, 1.0, 0.0, 0.0, 1.0, 1.0, 1.0, 0.0, 0.0, 0.0, 0.0, 1.0, 1.0, 1.0, 1.0, 0.0, 0.0, 0.0, 0.0, 1.0, 0.0, 1.0, 0.0, 0.0, 0.0, 0.0, 0.0, 1.0, 1.0, 1.0, 1.0, 1.0, 0.0, 1.0, 0.0, 1.0, 1.0, 1.0, 0.0, 1.0, 1.0, 0.0, 1.0, 1.0, 1.0, 1.0, 1.0, 0.0, 0.0, 0.0, 0.0, 0.0, 0.0, 0.0, 0.0, 0.0, 0.0, 0.0, 0.0, 1.0, 1.0, 1.0, 1.0, 0.0, 0.0, 0.0, 0.0, 0.0, 0.0, 0.0, 0.0, 0.0, 0.0, 0.0, 0.0, 0.0, 0.0, 0.0, 0.0, 0.0, 0.0, 0.0, 0.0, 1.0, 1.0, 0.0, 0.0, 1.0, 1.0, 1.0, 1.0, 1.0, 1.0, 1.0, 1.0, 1.0, 1.0, 1.0, 1.0, 1.0, 1.0, 1.0, 1.0, 1.0, 0.0, 1.0, 1.0, 0.0, 1.0, 0.0, 1.0, 0.0, 1.0, 0.0, 0.0, 1.0, 1.0, 1.0, 1.0, 0.0, 0.0, 1.0, 0.0, 1.0, 1.0, 1.0, 1.0, 0.0, 0.0, 0.0, 0.0, 0.0, 0.0, 0.0, 1.0, 0.0, 0.0, 0.0, 0.0, 1.0, 1.0, 1.0, 1.0, 0.0, 0.0, 0.0, 0.0, 0.0, 1.0, 1.0, 1.0, 0.0, 1.0, 1.0, 0.0, 1.0, 1.0, 1.0, 1.0, 0.0, 0.0, 0.0, 0.0, 1.0, 0.0, 1.0, 1.0, 1.0, 0.0, 0.0, 1.0, 1.0, 1.0, 1.0, 1.0, 1.0, 1.0, 1.0, 0.0, 0.0, 1.0, 1.0, 1.0, 1.0, 1.0, 0.0, 0.0, 1.0, 1.0, 1.0, 1.0, 0.0, 0.0, 0.0, 0.0, 1.0, 1.0, 1.0, 0.0, 0.0, 0.0, 1.0, 0.0, 1.0, 1.0, 1.0, 1.0, 0.0, 0.0, 0.0, 0.0, 0.0, 0.0, 0.0, 0.0, 0.0, 0.0, 0.0, 0.0, 0.0, 0.0, 1.0, 1.0, 0.0, 0.0, 0.0, 0.0, 1.0, 1.0, 1.0, 1.0, 1.0, 0.0, 0.0, 1.0]",-295.2442605392121,597.0338707387587,-482.430437669722,964.860875339444,0.9102401122128739,-8.997362313902647,20.767313350045075,1.2846122460949685,-433.45128860920846,873.4479268787513,False,True,True,False,True,0.75,0.5,0.8125,0.75,0.8125,0.75,0.8125,0.625,0.8125,0.75,0.6875,0.625,"Z.exists(lambda x1: Z.equal(x1,'yes','grounded'),X)","Z.exists(lambda x1: Z.exists(lambda x2: Z.exists(lambda x3: Z.and_operator(Z.and_operator(Z.equal(x1,'red','colour'),Z.equal(x2,'blue','colour')),Z.equal(x3,'green','colour')),X),X),X)","Z.exists(lambda x1: Z.equal(x1,'blue','colour'),X)","Z.exists(lambda x1: Z.exists(lambda x2: Z.exists(lambda x3: Z.and_operator(Z.and_operator(Z.equal(x1,'red','colour'),Z.equal(x2,'blue','colour')),Z.equal(x3,'green','colour')),X),X),X)",0.5,0.5,0.75,0.625,0.75,0.7083333333333334,0.6982758620689655,0.6867816091954023,0.6954022988505747,0.6925287356321839,5.241379310344827,0,0,0,0,0,0
50,64,124,oCJaqaucjp,R-K0qkUWDG80WRcIAAAG,Zeta,there is a red,"[True, True, True, False, False, False, False, False]","[True, False, True, False, False, False, False, False]",0.875,0.75,There must be one red and one green.,"[['x1'],['x1','x2']]","Z.exists(lambda x1: Z.exists(lambda x2: Z.and_operator(Z.equal(x1,'red','colour'),Z.equal(x2,'green','colour')),X),X)",There must be one red and one green.,"[{'ids': [0, 1, 2], 'colours': ['red', 'green', 'red'], 'sizes': [2, 2, 1], 'xpos': [1.2082633136580658, 1.2082633136557634, 3.655562675831928], 'ypos': [4.120000000003407, 3.819150271426132, 3.8390839424319516], 'rotations': [3.1415926535892313, 3.1415926535853806, 1.2121899680575183], 'orientations': ['upright', 'upright', 'lhs'], 'contact': [[0, 1], [1, 0], [2]], 'grounded': ['yes', 'no', 'yes'], 'follow_rule': True}, {'ids': [0, 1], 'colours': ['red', 'green'], 'sizes': [3, 2], 'xpos': [0.5218406307817306, 0.5218629950811953], 'ypos': [4.120263637022495, 3.4899927474857066], 'rotations': [3.1418839032603283, 3.142329990987475], 'orientations': ['upright', 'upright'], 'contact': [[0, 1], [1, 0]], 'grounded': ['yes', 'no'], 'follow_rule': True}, {'ids': [0, 1, 2, 3], 'colours': ['red', 'green', 'red', 'green'], 'sizes': [3, 2, 3, 2], 'xpos': [0.6696972932074525, 0.6680748714652776, 5.467126292134604, 3.9189376370866724], 'ypos': [4.120000006373919, 3.48614898001875, 4.117962732027388, 3.7397437092705994], 'rotations': [3.1415926536971144, 3.1439727899537138, 3.1375181063699746, -1.235737206090304], 'orientations': ['upright', 'upright', 'upright', 'rhs'], 'contact': [[0, 1], [1, 0], [2], [3]], 'grounded': ['yes', 'no', 'yes', 'yes'], 'follow_rule': True}, {'ids': [0, 1], 'colours': ['red', 'green'], 'sizes': [3, 2], 'xpos': [2.2540535974542917, 6.039945302977716], 'ypos': [4.1164849797613785, 4.116380126231091], 'rotations': [3.1427525633314666, 3.1432280754956725], 'orientations': ['upright', 'upright'], 'contact': [[0], [1]], 'grounded': ['yes', 'yes'], 'follow_rule': True}, {'ids': [0, 1, 2], 'colours': ['red', 'green', 'blue'], 'sizes': [3, 3, 3], 'xpos': [5.003437120907746, 5.0043613313299105, 6.552998237202976], 'ypos': [4.11852238909949, 3.806721801819421, 3.659565985276652], 'rotations': [3.1445692894334716, 3.1445729288578566, 1.9860143011034186], 'orientations': ['upright', 'upright', 'strange'], 'contact': [[0, 1], [1, 0], [2]], 'grounded': ['yes', 'no', 'no'], 'follow_rule': True}, {'ids': [0, 1], 'colours': ['blue', 'green'], 'sizes': [3, 3], 'xpos': [0.936331335618299, 2.691243609376995], 'ypos': [3.78162771843581, 4.117194607405993], 'rotations': [2.406372018422166, 3.142764320385851], 'orientations': ['strange', 'upright'], 'contact': [[0], [1]], 'grounded': ['yes', 'yes'], 'follow_rule': False}, {'ids': [0, 1], 'colours': ['green', 'blue'], 'sizes': [3, 2], 'xpos': [4.434244039373949, 6.159327675871259], 'ypos': [3.646091638041495, 3.7228213602392985], 'rotations': [5.036868662586276, 1.7435334150630137], 'orientations': ['rhs', 'lhs'], 'contact': [[0, 1], [1, 0]], 'grounded': ['yes', 'yes'], 'follow_rule': False}, {'ids': [0, 1], 'colours': ['green', 'red'], 'sizes': [2, 2], 'xpos': [1.7571635437465272, 2.74841581605331], 'ypos': [4.115758896141357, 4.116203638287227], 'rotations': [3.1438392437087908, 3.139803816732241], 'orientations': ['upright', 'upright'], 'contact': [[0], [1]], 'grounded': ['yes', 'yes'], 'follow_rule': True}, {'ids': [0, 1, 2, 3], 'colours': ['red', 'green', 'green', 'red'], 'sizes': [1, 3, 1, 2], 'xpos': [4.99719497412721, 5.33966521510595, 6.7812617602386, 0.647214122653947], 'ypos': [3.87616110226316, 3.89757703212827, 4.15810225565523, 4.15717162300964], 'rotations': [1.21015432030723, 3.69203273094864, 3.14416974526282, 3.14125264303298], 'contact': [[0, 1], [1, 0], 2, 3], 'grounded': ['yes', 'yes', 'yes', 'yes']}, {'ids': [0, 1, 2, 3, 4], 'colours': ['red', 'red', 'blue', 'blue', 'green'], 'sizes': [2, 1, 2, 2, 1], 'xpos': [0.756045112876682, 5.7930538088619, 4.02912968049722, 0.607249611808554, 2.34445062198903], 'ypos': [3.78128677692435, 3.87663053995449, 3.77926220180112, 4.09987976609843, 4.15797989686201], 'rotations': [5.04734512360657, 1.21097145412816, 1.2338944765227, 2.99747085022243, 3.14330311350596], 'contact': [[0, 3], 1, 2, [3, 0], 4], 'grounded': ['yes', 'yes', 'yes', 'yes', 'yes']}, {'ids': [0, 1, 2, 3, 4, 5], 'colours': ['green', 'green', 'green', 'green', 'red', 'red'], 'sizes': [1, 1, 2, 2, 1, 1], 'xpos': [0.392205266119112, 6.46736091582645, 5.87132830651543, 2.56842478452184, 1.05497225772388, 3.35722507237469], 'ypos': [4.15754519774028, 3.87672651888649, 3.80774864689194, 4.15891117383473, 4.15835090526104, 4.15780493355124], 'rotations': [3.14560426344892, 5.07442800349693, 4.20513160762651, 3.14652142167178, 3.14300168792949, 3.1450254884391], 'contact': [0, [1, 2], [2, 1], 3, 4, 5], 'grounded': ['yes', 'yes', 'yes', 'yes', 'yes', 'yes']}, {'ids': [0, 1, 2], 'colours': ['blue', 'red', 'blue'], 'sizes': [1, 3, 1], 'xpos': [3.65329156447024, 3.06074315033349, 4.60711408951368], 'ypos': [3.87683998879975, 3.89790852126602, 4.15748043316142], 'rotations': [1.21104984409195, 2.59341814797494, 3.14017425270441], 'contact': [[0, 1], [1, 0], 2], 'grounded': ['yes', 'yes', 'yes']}, {'ids': [0, 1, 2, 3, 4, 5], 'colours': ['green', 'green', 'green', 'green', 'blue', 'blue'], 'sizes': [1, 3, 2, 1, 2, 1], 'xpos': [2.9046526114666, 3.68975290255409, 5.65833149766197, 2.8246611501998, 2.89449149866101, 1.87269773742003], 'ypos': [3.88094533031908, 3.68797064017839, 4.15757175612118, 3.68349548447456, 3.68583647526567, 3.8760767087662], 'rotations': [1.21243000430047, 5.03772434357929, 3.14324414103154, 5.06868148794976, 5.04716419664426, 1.2105262200236], 'contact': [[0, 4], [1, 4], 2, [3, 4], [4, 0, 1, 3], 5], 'grounded': ['yes', 'yes', 'yes', 'no', 'no', 'yes']}, {'ids': [0, 1], 'colours': ['green', 'green'], 'sizes': [1, 3], 'xpos': [0.670764619467334, 5.261348820008], 'ypos': [3.86447444538309, 4.15793495472947], 'rotations': [1.77488765373097, 3.13951555729719], 'contact': [{'V1': 0, 'V2': 1}], 'grounded': ['yes', 'yes']}, {'ids': [0, 1, 2], 'colours': ['blue', 'green', 'green'], 'sizes': [1, 1, 3], 'xpos': [4.69009713254434, 2.93439461350621, 4.78205690186546], 'ypos': [4.15772510399043, 4.15704164375121, 4.15823822985147], 'rotations': [3.14100478933091, 3.14035932239342, 3.14115234487408], 'contact': [[0, 2], 1, [2, 0]], 'grounded': ['yes', 'yes', 'yes']}, {'ids': [0, 1, 2, 3, 4, 5], 'colours': ['green', 'blue', 'blue', 'green', 'green', 'green'], 'sizes': [3, 2, 1, 1, 3, 2], 'xpos': [4.08915128061252, 2.29489936724743, 2.81704915678861, 6.85663898790724, 1.00051084466887, 4.09237106060331], 'ypos': [4.1616688599196, 4.16166316032898, 3.87799901532656, 4.1578940642729, 4.15850762807611, 3.52787490122945], 'rotations': [3.14159237119885, 3.14158410154621, 5.07138880585438, 3.13808482008692, 3.14212541938172, 3.13686252238553], 'contact': [[0, 5], 1, 2, 3, 4, [5, 0]], 'grounded': ['yes', 'yes', 'yes', 'yes', 'yes', 'no']}]","[True, False, True, False, False, False, False, False]","[True, False, True, True, True, True, True, True]","[False, True, False, False, False, False, False, False]","[False, False, False, False, False, False, False, False]","[True, False, True, False, False, False, False, False]","[True, True, True, True, True, True, True, True]","[False, False, False, False, False, False, False, False]","[False, False, False, False, False, False, False, False]",0.125,0.0,0.125,0.0,0.875,1.0,0.75,0.75,0.125,0.0,0.0,-0.125,0.125,0.0,1.0,-3.5060935001457825,-5.545177444479562,9.091628541971401,11.090354888959125,3.196561290298028,-10.942119059913903,-11.090354888959125,24.656826842067588,22.18070977791825,1.0502311195665048,"[1.0, 1.0, 1.0, 1.0, 1.0, 0.0, 1.0, 0.0, 1.0, 1.0, 1.0, 1.0, 1.0, 1.0, 1.0, 0.0135, 0.9530000000000001, 0.092, 0.5895, 0.5895, 1.0, 0.0, 0.0, 0.861, 1.0, 1.0, 1.0, 0.2925, 0.999, 0.999, 1.0, 0.7155, 0.0, 0.0, 1.0, 0.0, 0.0, 0.0, 1.0, 0.0, 0.0, 0.0, 1.0, 0.0, 0.0, 0.0, 1.0, 0.0, 1.0, 1.0, 1.0, 1.0, 0.0, 0.0, 0.0, 0.0, 1.0, 1.0, 1.0, 1.0, 0.935, 0.935, 0.935, 0.935, 1.0, 1.0, 1.0, 1.0, 0.0, 1.0, 0.0, 0.0, 0.0, 1.0, 1.0, 1.0, 1.0, 1.0, 1.0, 1.0, 1.0, 1.0, 1.0, 1.0, 0.0935, 0.0935, 0.0935, 0.0935, 1.0, 1.0, 1.0, 1.0, 1.0, 1.0, 1.0, 1.0, 1.0, 1.0, 1.0, 1.0, 1.0, 1.0, 1.0, 0.013000000000000001, 1.0, 1.0, 0.998, 1.0, 1.0, 0.002, 0.998, 0.002, 1.0, 1.0, 1.0, 1.0, 1.0, 1.0, 1.0, 0.0, 0.973, 1.0, 0.9530000000000001, 1.0, 0.8925000000000001, 0.9195, 0.17400000000000002, 0.201, 1.0, 1.0, 1.0, 1.0, 0.0, 0.0, 0.0, 0.0, 1.0, 1.0, 1.0, 0.24, 1.0, 1.0, 0.968, 1.0, 0.653, 0.653, 0.653, 1.0, 0.2535, 0.2535, 0.7035, 0.10300000000000001, 1.0, 1.0, 1.0, 1.0, 0.0, 1.0, 0.0, 0.0, 1.0, 1.0, 1.0, 0.012, 0.988, 0.988, 1.0, 1.0, 1.0, 0.0, 1.0, 1.0, 1.0, 0.0, 0.0, 1.0, 0.0, 0.0, 0.0, 1.0, 1.0, 0.0, 0.0, 0.0, 1.0, 1.0, 1.0, 1.0, 0.0, 0.0, 0.0, 0.0, 1.0, 1.0, 1.0, 1.0, 0.0, 0.0, 0.0, 0.0, 1.0, 1.0, 1.0, 1.0, 1.0, 1.0, 0.841, 1.0, 1.0, 1.0, 1.0, 1.0, 0.0, 0.0, 0.0, 0.0, 1.0, 1.0, 1.0, 1.0, 1.0, 1.0, 1.0, 0.0, 0.197, 0.0, 0.85, 0.653, 0.803, 0.0, 0.0, 0.0, 0.8525, 0.847, 0.9935, 0.847, 0.28300000000000003, 0.4305, 0.426, 0.426, 1.0, 1.0, 1.0, 1.0, 1.0, 1.0, 1.0, 0.0, 0.798, 1.0, 0.7995, 0.7995, 0.0275, 0.029, 0.2265, 0.1975, 1.0, 1.0, 1.0, 1.0, 0.0, 0.0, 0.0, 0.0, 0.862, 0.854, 0.8595, 0.8955000000000001, 0.045, 0.0005, 0.8695, 0.8505, 1.0, 1.0, 1.0, 0.022, 1.0, 1.0, 1.0, 0.978, 0.28400000000000003, 0.0145, 0.1885, 0.0275, 0.2755, 0.0, 0.0015, 0.013000000000000001, 0.0, 0.0, 0.0, 1.0, 1.0, 0.0, 0.0, 0.0, 1.0, 1.0, 1.0, 1.0, 0.0, 0.0, 0.0, 0.0, 1.0, 1.0, 1.0, 1.0, 1.0, 0.0, 1.0, 0.0, 1.0, 1.0, 1.0, 1.0, 1.0, 1.0, 1.0, 0.0, 1.0, 1.0, 1.0, 0.728, 0.8265, 0.5545, 0.5545, 0.8265, 1.0, 1.0, 1.0, 1.0, 1.0, 1.0, 1.0, 1.0, 1.0, 1.0, 1.0, 0.8715, 0.9365, 0.8695, 0.8695, 0.9365, 0.229, 0.229, 0.229, 0.229, 0.801, 0.03, 0.03, 0.801, 0.0, 0.0, 0.0, 1.0, 1.0, 0.0, 0.0, 0.0, 0.108, 0.114, 0.2315, 0.108, 0.114, 0.07050000000000001, 0.0495, 0.006, 1.0, 1.0, 1.0, 1.0, 0.0, 0.0, 0.0, 0.0, 0.8955000000000001, 0.895, 0.0115, 0.0, 0.883, 0.0, 0.0, 0.0, 1.0, 1.0, 1.0, 1.0, 0.0, 0.0, 0.0, 0.0, 0.902, 0.902, 0.902, 0.678, 0.88, 0.88, 0.902, 0.807, 1.0, 1.0, 1.0, 1.0, 0.0, 0.0, 0.0, 0.0, 1.0, 1.0, 1.0, 1.0, 1.0, 1.0, 1.0, 0.0, 1.0, 1.0, 1.0, 1.0, 0.0, 0.0, 0.0, 0.0, 1.0, 1.0, 1.0, 1.0, 0.008, 0.008, 0.008, 0.008, 1.0, 1.0, 1.0, 1.0, 1.0, 1.0, 1.0, 0.0, 1.0, 1.0, 1.0, 1.0, 1.0, 1.0, 0.6980000000000001, 1.0, 1.0, 1.0, 1.0, 1.0, 0.0, 0.0, 0.0, 0.0, 1.0, 1.0, 1.0, 1.0, 1.0, 1.0, 1.0, 0.0, 0.9530000000000001, 0.9530000000000001, 0.9530000000000001, 1.0, 1.0, 1.0, 0.641, 0.9530000000000001, 1.0, 1.0, 1.0, 1.0, 0.0, 0.0, 0.0, 0.0, 1.0, 1.0, 1.0, 1.0, 1.0, 1.0, 1.0, 1.0, 1.0, 1.0, 1.0, 1.0, 0.0, 0.0, 0.0, 0.0, 1.0, 1.0, 1.0, 1.0, 1.0, 1.0, 1.0, 1.0, 1.0, 1.0, 1.0, 1.0, 0.021500000000000002, 0.021500000000000002, 0.021500000000000002, 0.021500000000000002, 0.021500000000000002, 0.003, 0.02, 0.0095, 0.0095, 0.964, 0.9555, 0.0095, 1.0, 1.0, 1.0, 1.0, 1.0, 1.0, 1.0, 1.0, 1.0, 1.0, 1.0, 1.0, 0.0, 0.0, 0.0, 0.0, 1.0, 1.0, 1.0, 1.0, 0.0, 0.0, 1.0, 1.0, 1.0, 0.873, 0.198, 0.198, 1.0, 1.0, 0.6905, 1.0, 1.0, 1.0, 1.0, 1.0, 1.0, 1.0, 1.0, 0.0, 1.0, 0.999, 0.999, 1.0, 0.0025, 0.0025, 0.0025, 0.0025, 1.0, 1.0, 1.0, 1.0, 1.0, 0.686, 0.314, 0.0, 1.0, 1.0, 1.0, 1.0, 0.524, 0.524, 1.0, 0.47600000000000003, 1.0, 1.0, 1.0, 1.0, 0.008, 0.008, 0.008, 0.008, 0.9935, 0.9935, 0.9775, 0.9935, 0.9935, 0.0225, 0.988, 0.017, 1.0, 1.0, 1.0, 1.0, 0.0725, 0.0725, 0.0725, 0.0725, 0.041, 1.0, 1.0, 0.9590000000000001, 0.041, 0.9590000000000001, 1.0, 0.0, 0.7435, 0.9835, 0.7425, 0.986, 0.7435, 0.7435, 0.256, 0.987, 1.0, 0.005, 1.0, 1.0, 1.0, 0.005, 0.005, 1.0, 1.0, 1.0, 1.0, 1.0, 1.0, 1.0, 1.0, 0.0, 1.0, 1.0, 1.0, 1.0, 0.0, 0.0, 0.0, 0.0, 1.0, 1.0, 1.0, 1.0, 0.0, 0.0, 0.0, 0.0, 0.9705, 0.9705, 0.9145, 1.0, 0.8015, 0.8015, 0.9705, 0.7865, 1.0, 1.0, 1.0, 1.0, 0.0, 0.0, 0.0, 0.0, 1.0, 1.0, 1.0, 1.0, 0.0, 0.0, 0.0, 0.0, 1.0, 1.0, 1.0, 1.0, 0.0, 0.0, 0.0, 0.0, 1.0, 1.0, 1.0, 1.0, 1.0, 1.0, 1.0, 1.0]",-418.5875071169283,843.720363894191,-482.430437669722,964.860875339444,1.0,-3.5060935001457825,9.091628541971401,1.0,-7.012187000291565,16.79696272282291,0.6334250289943713,"[1.0, 1.0, 1.0, 1.0, 1.0, 0.0, 1.0, 0.0, 1.0, 1.0, 1.0, 1.0, 1.0, 1.0, 1.0, 0.0, 0.0, 0.0, 0.0, 0.0, 0.0, 0.0, 0.0, 0.0, 1.0, 1.0, 1.0, 0.0, 0.0, 0.0, 1.0, 0.0, 0.0, 0.0, 1.0, 1.0, 0.0, 1.0, 1.0, 1.0, 1.0, 1.0, 1.0, 1.0, 0.0, 0.0, 1.0, 1.0, 1.0, 1.0, 1.0, 1.0, 0.0, 0.0, 0.0, 0.0, 1.0, 1.0, 1.0, 1.0, 0.0, 0.0, 0.0, 0.0, 0.0, 0.0, 0.0, 0.0, 0.0, 1.0, 1.0, 0.0, 1.0, 1.0, 1.0, 1.0, 0.0, 0.0, 0.0, 0.0, 1.0, 1.0, 1.0, 1.0, 0.0, 0.0, 0.0, 0.0, 1.0, 1.0, 1.0, 1.0, 1.0, 1.0, 0.0, 1.0, 1.0, 1.0, 1.0, 1.0, 1.0, 1.0, 1.0, 0.0, 1.0, 1.0, 1.0, 1.0, 1.0, 0.0, 1.0, 0.0, 0.0, 1.0, 0.0, 0.0, 1.0, 1.0, 1.0, 0.0, 1.0, 1.0, 0.0, 1.0, 1.0, 0.0, 0.0, 0.0, 1.0, 1.0, 1.0, 0.0, 1.0, 1.0, 1.0, 1.0, 1.0, 1.0, 1.0, 1.0, 0.0, 0.0, 0.0, 0.0, 1.0, 1.0, 1.0, 0.0, 0.0, 0.0, 1.0, 0.0, 0.0, 0.0, 1.0, 0.0, 0.0, 0.0, 0.0, 0.0, 1.0, 1.0, 1.0, 0.0, 0.0, 0.0, 1.0, 0.0, 0.0, 0.0, 0.0, 1.0, 0.0, 0.0, 0.0, 0.0, 0.0, 0.0, 0.0, 1.0, 0.0, 0.0, 0.0, 0.0, 1.0, 1.0, 1.0, 1.0, 0.0, 0.0, 0.0, 0.0, 1.0, 1.0, 1.0, 0.0, 0.0, 0.0, 1.0, 0.0, 1.0, 1.0, 1.0, 1.0, 0.0, 0.0, 0.0, 0.0, 1.0, 1.0, 1.0, 1.0, 0.0, 0.0, 0.0, 0.0, 1.0, 1.0, 1.0, 1.0, 1.0, 1.0, 1.0, 0.0, 0.0, 0.0, 0.0, 0.0, 1.0, 0.0, 0.0, 0.0, 1.0, 1.0, 1.0, 1.0, 1.0, 1.0, 1.0, 1.0, 1.0, 1.0, 1.0, 1.0, 1.0, 1.0, 1.0, 0.0, 0.0, 0.0, 0.0, 0.0, 0.0, 0.0, 0.0, 0.0, 0.0, 1.0, 0.0, 1.0, 0.0, 1.0, 0.0, 1.0, 0.0, 0.0, 0.0, 1.0, 0.0, 0.0, 0.0, 0.0, 1.0, 1.0, 1.0, 0.0, 0.0, 0.0, 1.0, 0.0, 1.0, 1.0, 1.0, 1.0, 1.0, 0.0, 1.0, 0.0, 0.0, 1.0, 1.0, 1.0, 0.0, 0.0, 0.0, 0.0, 1.0, 1.0, 1.0, 0.0, 1.0, 1.0, 1.0, 1.0, 0.0, 1.0, 1.0, 1.0, 0.0, 0.0, 0.0, 0.0, 1.0, 1.0, 1.0, 1.0, 1.0, 1.0, 1.0, 0.0, 1.0, 1.0, 1.0, 1.0, 0.0, 0.0, 0.0, 0.0, 1.0, 1.0, 1.0, 1.0, 0.0, 0.0, 0.0, 0.0, 0.0, 1.0, 0.0, 0.0, 0.0, 0.0, 0.0, 0.0, 1.0, 1.0, 1.0, 1.0, 1.0, 0.0, 1.0, 1.0, 0.0, 0.0, 0.0, 0.0, 0.0, 1.0, 1.0, 0.0, 1.0, 1.0, 1.0, 1.0, 1.0, 0.0, 1.0, 0.0, 1.0, 1.0, 1.0, 1.0, 1.0, 0.0, 1.0, 1.0, 0.0, 0.0, 0.0, 0.0, 0.0, 1.0, 1.0, 0.0, 1.0, 0.0, 0.0, 1.0, 0.0, 0.0, 0.0, 0.0, 1.0, 1.0, 1.0, 0.0, 0.0, 0.0, 1.0, 0.0, 1.0, 1.0, 1.0, 0.0, 0.0, 0.0, 0.0, 0.0, 1.0, 1.0, 1.0, 1.0, 1.0, 1.0, 1.0, 0.0, 0.0, 0.0, 0.0, 0.0, 0.0, 0.0, 0.0, 0.0, 1.0, 0.0, 1.0, 0.0, 0.0, 0.0, 0.0, 0.0, 1.0, 1.0, 1.0, 1.0, 1.0, 1.0, 1.0, 0.0, 1.0, 1.0, 1.0, 1.0, 1.0, 1.0, 0.0, 1.0, 1.0, 1.0, 1.0, 1.0, 0.0, 0.0, 0.0, 0.0, 1.0, 1.0, 1.0, 1.0, 1.0, 1.0, 1.0, 0.0, 0.0, 1.0, 1.0, 1.0, 0.0, 0.0, 0.0, 0.0, 1.0, 1.0, 1.0, 1.0, 0.0, 0.0, 0.0, 0.0, 1.0, 0.0, 1.0, 0.0, 0.0, 0.0, 0.0, 0.0, 1.0, 1.0, 1.0, 1.0, 1.0, 0.0, 1.0, 0.0, 1.0, 1.0, 1.0, 0.0, 1.0, 1.0, 0.0, 1.0, 1.0, 1.0, 1.0, 1.0, 0.0, 0.0, 0.0, 0.0, 0.0, 0.0, 0.0, 0.0, 0.0, 1.0, 0.0, 0.0, 1.0, 1.0, 1.0, 1.0, 0.0, 0.0, 0.0, 0.0, 0.0, 0.0, 0.0, 0.0, 0.0, 0.0, 0.0, 0.0, 1.0, 0.0, 1.0, 0.0, 0.0, 0.0, 0.0, 0.0, 1.0, 1.0, 0.0, 0.0, 1.0, 1.0, 1.0, 1.0, 1.0, 1.0, 1.0, 1.0, 1.0, 1.0, 1.0, 1.0, 1.0, 1.0, 1.0, 1.0, 1.0, 0.0, 1.0, 1.0, 0.0, 1.0, 0.0, 1.0, 0.0, 1.0, 0.0, 0.0, 1.0, 1.0, 1.0, 1.0, 0.0, 0.0, 1.0, 0.0, 1.0, 1.0, 1.0, 1.0, 0.0, 0.0, 0.0, 0.0, 0.0, 0.0, 0.0, 1.0, 0.0, 0.0, 0.0, 0.0, 1.0, 1.0, 1.0, 1.0, 0.0, 0.0, 0.0, 0.0, 0.0, 1.0, 1.0, 1.0, 0.0, 1.0, 1.0, 0.0, 1.0, 1.0, 1.0, 1.0, 0.0, 0.0, 0.0, 0.0, 1.0, 0.0, 1.0, 1.0, 1.0, 0.0, 0.0, 1.0, 1.0, 1.0, 1.0, 1.0, 1.0, 1.0, 1.0, 0.0, 0.0, 1.0, 1.0, 1.0, 1.0, 1.0, 0.0, 0.0, 1.0, 1.0, 1.0, 1.0, 0.0, 0.0, 0.0, 0.0, 1.0, 1.0, 1.0, 0.0, 0.0, 0.0, 1.0, 0.0, 1.0, 1.0, 1.0, 1.0, 0.0, 0.0, 0.0, 0.0, 0.0, 0.0, 0.0, 0.0, 0.0, 0.0, 0.0, 0.0, 0.0, 1.0, 0.0, 1.0, 0.0, 1.0, 1.0, 0.0, 1.0, 1.0, 1.0, 1.0, 1.0, 0.0, 0.0, 1.0]",-318.3726801373107,643.2907099349558,1.0,-3.5060935001457825,-5.545177444479562,9.091628541971401,11.090354888959125,1.0,-7.012187000291565,-11.090354888959125,16.79696272282291,22.18070977791825,0.6173530694834558,"[1.0, 1.0, 1.0, 1.0, 1.0, 0.0, 1.0, 0.0, 1.0, 1.0, 1.0, 1.0, 1.0, 1.0, 1.0, 0.0, 0.0, 0.0, 0.0, 0.0, 0.0, 0.0, 0.0, 0.0, 1.0, 1.0, 1.0, 0.0, 0.0, 0.0, 1.0, 0.0, 0.0, 0.0, 1.0, 1.0, 0.0, 1.0, 1.0, 1.0, 0.0, 0.0, 0.0, 0.0, 0.0, 0.0, 0.0, 0.0, 1.0, 1.0, 1.0, 1.0, 0.0, 0.0, 0.0, 0.0, 1.0, 1.0, 1.0, 1.0, 0.0, 0.0, 0.0, 0.0, 0.0, 0.0, 0.0, 0.0, 0.0, 1.0, 1.0, 0.0, 0.0, 0.0, 0.0, 1.0, 0.0, 0.0, 0.0, 0.0, 1.0, 1.0, 1.0, 1.0, 0.0, 0.0, 0.0, 0.0, 0.0, 0.0, 0.0, 0.0, 1.0, 1.0, 0.0, 1.0, 1.0, 1.0, 1.0, 1.0, 1.0, 1.0, 1.0, 0.0, 1.0, 1.0, 1.0, 1.0, 1.0, 0.0, 1.0, 0.0, 0.0, 1.0, 0.0, 0.0, 1.0, 1.0, 1.0, 0.0, 1.0, 1.0, 0.0, 1.0, 1.0, 0.0, 0.0, 0.0, 1.0, 1.0, 1.0, 0.0, 1.0, 1.0, 1.0, 1.0, 1.0, 1.0, 1.0, 1.0, 0.0, 0.0, 0.0, 0.0, 1.0, 1.0, 1.0, 0.0, 0.0, 0.0, 1.0, 0.0, 0.0, 0.0, 1.0, 0.0, 0.0, 0.0, 0.0, 0.0, 1.0, 1.0, 1.0, 0.0, 0.0, 0.0, 1.0, 0.0, 0.0, 0.0, 0.0, 1.0, 0.0, 0.0, 0.0, 0.0, 0.0, 0.0, 0.0, 1.0, 0.0, 0.0, 0.0, 0.0, 1.0, 1.0, 1.0, 1.0, 0.0, 0.0, 0.0, 0.0, 1.0, 1.0, 1.0, 0.0, 0.0, 0.0, 1.0, 0.0, 1.0, 1.0, 1.0, 1.0, 0.0, 0.0, 0.0, 0.0, 1.0, 1.0, 1.0, 1.0, 0.0, 0.0, 0.0, 0.0, 1.0, 1.0, 1.0, 1.0, 1.0, 1.0, 1.0, 0.0, 0.0, 0.0, 0.0, 0.0, 1.0, 0.0, 0.0, 0.0, 1.0, 1.0, 1.0, 1.0, 1.0, 1.0, 1.0, 1.0, 1.0, 1.0, 1.0, 1.0, 1.0, 1.0, 1.0, 0.0, 0.0, 0.0, 0.0, 0.0, 0.0, 0.0, 0.0, 0.0, 0.0, 1.0, 0.0, 1.0, 0.0, 1.0, 0.0, 1.0, 0.0, 0.0, 0.0, 1.0, 0.0, 0.0, 0.0, 0.0, 1.0, 1.0, 1.0, 0.0, 0.0, 0.0, 1.0, 0.0, 1.0, 1.0, 1.0, 1.0, 1.0, 0.0, 1.0, 0.0, 0.0, 1.0, 1.0, 1.0, 0.0, 0.0, 0.0, 0.0, 1.0, 1.0, 1.0, 0.0, 1.0, 1.0, 1.0, 1.0, 0.0, 1.0, 1.0, 1.0, 0.0, 0.0, 0.0, 0.0, 1.0, 1.0, 1.0, 1.0, 1.0, 1.0, 1.0, 0.0, 1.0, 1.0, 1.0, 1.0, 0.0, 0.0, 0.0, 0.0, 1.0, 1.0, 1.0, 1.0, 0.0, 0.0, 0.0, 0.0, 0.0, 1.0, 0.0, 0.0, 0.0, 0.0, 0.0, 0.0, 0.0, 0.0, 0.0, 0.0, 0.0, 0.0, 0.0, 0.0, 1.0, 0.0, 1.0, 1.0, 1.0, 0.0, 0.0, 1.0, 1.0, 1.0, 1.0, 1.0, 1.0, 0.0, 1.0, 0.0, 1.0, 1.0, 1.0, 1.0, 1.0, 0.0, 1.0, 1.0, 0.0, 0.0, 0.0, 0.0, 0.0, 1.0, 1.0, 0.0, 1.0, 0.0, 0.0, 1.0, 0.0, 0.0, 0.0, 0.0, 1.0, 1.0, 1.0, 0.0, 0.0, 0.0, 1.0, 0.0, 1.0, 1.0, 1.0, 0.0, 0.0, 0.0, 0.0, 0.0, 1.0, 1.0, 1.0, 1.0, 1.0, 1.0, 1.0, 0.0, 0.0, 0.0, 0.0, 0.0, 0.0, 0.0, 0.0, 0.0, 1.0, 0.0, 1.0, 0.0, 0.0, 0.0, 0.0, 0.0, 1.0, 1.0, 1.0, 1.0, 1.0, 1.0, 1.0, 0.0, 1.0, 1.0, 1.0, 1.0, 1.0, 1.0, 0.0, 1.0, 1.0, 1.0, 1.0, 1.0, 0.0, 0.0, 0.0, 0.0, 1.0, 1.0, 1.0, 1.0, 1.0, 1.0, 1.0, 0.0, 0.0, 1.0, 1.0, 1.0, 0.0, 0.0, 0.0, 0.0, 1.0, 1.0, 1.0, 1.0, 0.0, 0.0, 0.0, 0.0, 1.0, 0.0, 1.0, 0.0, 0.0, 0.0, 0.0, 0.0, 1.0, 1.0, 1.0, 1.0, 1.0, 0.0, 1.0, 0.0, 1.0, 1.0, 1.0, 0.0, 1.0, 1.0, 0.0, 1.0, 1.0, 1.0, 1.0, 1.0, 0.0, 0.0, 0.0, 0.0, 0.0, 0.0, 0.0, 0.0, 0.0, 1.0, 0.0, 0.0, 1.0, 1.0, 1.0, 1.0, 0.0, 0.0, 0.0, 0.0, 0.0, 0.0, 0.0, 0.0, 0.0, 0.0, 0.0, 0.0, 1.0, 0.0, 1.0, 0.0, 0.0, 0.0, 0.0, 0.0, 1.0, 1.0, 0.0, 0.0, 1.0, 1.0, 1.0, 1.0, 1.0, 1.0, 1.0, 1.0, 1.0, 1.0, 1.0, 1.0, 1.0, 1.0, 1.0, 1.0, 1.0, 0.0, 1.0, 1.0, 0.0, 1.0, 0.0, 1.0, 0.0, 1.0, 0.0, 0.0, 1.0, 1.0, 1.0, 1.0, 0.0, 0.0, 1.0, 0.0, 1.0, 1.0, 1.0, 1.0, 0.0, 0.0, 0.0, 0.0, 0.0, 0.0, 0.0, 1.0, 0.0, 0.0, 0.0, 0.0, 1.0, 1.0, 1.0, 1.0, 0.0, 0.0, 0.0, 0.0, 0.0, 1.0, 1.0, 1.0, 0.0, 1.0, 1.0, 0.0, 1.0, 1.0, 1.0, 1.0, 0.0, 0.0, 0.0, 0.0, 1.0, 0.0, 1.0, 1.0, 1.0, 0.0, 0.0, 1.0, 1.0, 1.0, 1.0, 1.0, 1.0, 1.0, 1.0, 0.0, 0.0, 0.0, 1.0, 0.0, 0.0, 1.0, 0.0, 0.0, 1.0, 1.0, 1.0, 1.0, 0.0, 0.0, 0.0, 0.0, 1.0, 1.0, 1.0, 0.0, 0.0, 0.0, 1.0, 0.0, 1.0, 1.0, 1.0, 1.0, 0.0, 0.0, 0.0, 0.0, 0.0, 0.0, 0.0, 0.0, 0.0, 0.0, 0.0, 0.0, 0.0, 1.0, 0.0, 1.0, 0.0, 1.0, 1.0, 0.0, 1.0, 1.0, 1.0, 1.0, 1.0, 0.0, 0.0, 1.0]",-311.9759791000219,630.4973078603782,-482.430437669722,964.860875339444,0.9102431057535886,-4.4986811569669065,-5.545177444479562,11.07680385561365,11.090354888959125,1.9665398956796991,-10.591880819677618,-11.090354888959125,23.956350361595018,22.18070977791825,1.0908740239314543,"[0.0, 0.0, 1.0, 0.0, 0.0, 0.0, 0.0, 0.0, 1.0, 1.0, 1.0, 1.0, 0.877, 0.877, 0.877, 0.0, 1.0, 0.259, 1.0, 1.0, 0.8015, 0.0, 0.259, 1.0, 1.0, 1.0, 1.0, 1.0, 1.0, 1.0, 1.0, 0.0, 0.0, 0.0, 1.0, 0.0, 0.0, 0.0, 1.0, 0.0, 0.0, 0.0, 1.0, 0.0, 0.0, 0.0, 1.0, 0.0, 0.0, 0.0, 0.0, 0.0775, 0.0, 0.0, 0.1635, 0.47100000000000003, 1.0, 1.0, 1.0, 1.0, 0.0, 0.0, 0.0, 0.0, 0.0, 0.0, 0.0, 0.0, 0.0, 0.0, 0.0, 0.0, 1.0, 1.0, 1.0, 1.0, 1.0, 1.0, 1.0, 0.0, 1.0, 1.0, 1.0, 1.0, 0.0, 0.0, 0.0, 0.0, 0.0, 0.0, 0.0, 0.0, 0.0, 0.113, 0.113, 0.0, 0.0, 0.0, 0.0, 1.0, 0.0, 0.0, 0.0, 0.0, 1.0, 1.0, 1.0, 1.0, 0.0, 0.0, 0.0, 0.0, 0.9995, 1.0, 1.0, 0.663, 1.0, 1.0, 1.0, 0.353, 1.0, 1.0, 1.0, 1.0, 0.082, 0.082, 0.0, 0.0, 0.973, 1.0, 0.7655000000000001, 0.605, 0.973, 1.0, 1.0, 0.368, 0.0, 0.0, 1.0, 0.0, 1.0, 0.0, 1.0, 0.0, 1.0, 1.0, 1.0, 1.0, 0.0, 0.0, 1.0, 0.0, 1.0, 1.0, 1.0, 1.0, 0.0, 0.9465, 0.0, 0.0, 0.666, 1.0, 0.666, 0.666, 0.0, 0.0, 0.7975, 0.0, 0.0, 0.9430000000000001, 0.0, 1.0, 1.0, 0.0, 0.0, 0.0, 0.0, 1.0, 0.0, 0.0, 0.0, 0.0, 0.0, 0.0, 1.0, 1.0, 1.0, 1.0, 0.0, 0.0, 0.0, 0.0, 1.0, 1.0, 1.0, 1.0, 1.0, 1.0, 1.0, 0.0005, 1.0, 1.0, 1.0, 1.0, 1.0, 1.0, 0.0, 1.0, 1.0, 1.0, 1.0, 1.0, 0.0, 0.0, 0.0, 0.0, 1.0, 1.0, 1.0, 1.0, 1.0, 1.0, 1.0, 0.0, 1.0, 0.0, 1.0, 0.0, 0.0, 0.0, 0.0, 0.0, 0.0, 1.0, 0.0, 1.0, 0.0, 1.0, 0.0, 1.0, 1.0, 1.0, 1.0, 1.0, 1.0, 1.0, 1.0, 0.0, 1.0, 0.0, 1.0, 1.0, 1.0, 0.0, 0.0, 1.0, 1.0, 1.0, 1.0, 1.0, 1.0, 1.0, 1.0, 1.0, 0.0, 0.9580000000000001, 0.0, 0.0, 0.0, 0.0, 0.0045000000000000005, 0.0, 0.0, 0.0, 0.0, 0.0, 0.0, 0.0, 0.0, 1.0, 0.0, 0.0, 0.0005, 0.0, 0.0, 0.0, 0.0, 0.0, 0.0, 1.0, 0.0, 0.0, 0.0, 0.0, 0.0, 0.0, 1.0, 1.0, 1.0, 0.001, 0.001, 0.001, 1.0, 0.0, 0.0, 0.0, 0.6225, 0.0, 0.0, 0.0, 0.0, 0.0, 1.0, 1.0, 1.0, 1.0, 0.0, 0.0, 0.0, 0.0, 0.0, 0.0, 0.0, 0.0, 0.0, 0.0, 0.0, 0.0, 1.0, 1.0, 1.0, 1.0, 1.0, 1.0, 1.0, 0.0, 0.0, 0.0, 0.0, 1.0, 0.0, 0.0, 1.0, 0.0, 1.0, 1.0, 1.0, 1.0, 0.0, 0.0, 0.0, 0.0, 0.0, 1.0, 0.0, 0.0, 1.0, 0.0, 0.0, 1.0, 1.0, 1.0, 1.0, 1.0, 0.0, 0.0, 0.0, 0.0, 1.0, 1.0, 1.0, 1.0, 1.0, 0.0, 1.0, 1.0, 0.0, 0.0005, 0.0, 0.0, 0.0, 0.38, 0.0, 0.0, 1.0, 1.0, 1.0, 1.0, 0.0, 0.0, 0.0, 0.0, 1.0, 1.0, 1.0, 0.999, 1.0, 1.0, 1.0, 0.0195, 1.0, 1.0, 1.0, 1.0, 0.0, 0.0, 0.0, 0.0, 0.0, 0.6285000000000001, 0.0, 0.328, 0.0, 0.0, 0.6285000000000001, 0.0, 0.0, 0.0, 0.0, 0.0, 0.0, 0.0, 0.0, 1.0, 1.0, 1.0, 1.0, 1.0, 0.0, 0.0, 0.0, 0.0, 1.0, 1.0, 1.0, 1.0, 1.0, 1.0, 1.0, 0.0, 1.0, 1.0, 1.0, 1.0, 1.0, 1.0, 0.0375, 1.0, 1.0, 1.0, 1.0, 1.0, 0.0, 0.0, 0.0, 0.0, 1.0, 1.0, 1.0, 1.0, 1.0, 1.0, 1.0, 0.0, 1.0, 1.0, 1.0, 1.0, 1.0, 1.0, 0.0, 1.0, 1.0, 1.0, 1.0, 1.0, 0.0, 0.0, 0.0, 0.0, 1.0, 1.0, 1.0, 1.0, 1.0, 1.0, 1.0, 1.0, 0.0, 0.0, 0.4395, 0.0, 0.0, 0.0, 0.001, 1.0, 0.0, 0.0, 0.0, 0.0, 0.0, 0.0, 0.0, 0.0, 1.0, 1.0, 1.0, 0.0, 1.0, 0.0, 0.0, 1.0, 0.0, 0.0, 1.0, 1.0, 1.0, 0.0, 0.0, 0.0, 0.0, 0.0, 0.0, 0.0, 0.0, 0.0, 0.0, 0.0, 1.0, 1.0, 1.0, 1.0, 0.0, 0.0, 0.0, 0.0, 0.0, 0.0, 0.0, 0.0, 0.0, 1.0, 0.0, 0.0, 1.0, 1.0, 1.0, 1.0, 0.0, 0.4945, 0.0, 0.0, 1.0, 1.0, 1.0, 1.0, 0.0, 0.0, 1.0, 1.0, 1.0, 1.0, 1.0, 1.0, 0.0, 0.0, 0.0, 0.0, 1.0, 1.0, 1.0, 1.0, 1.0, 0.704, 0.296, 0.0, 1.0, 1.0, 1.0, 1.0, 0.0, 0.0, 1.0, 1.0, 1.0, 1.0, 1.0, 1.0, 0.0, 0.0, 0.0, 0.0, 0.006, 1.0, 0.006, 0.708, 0.298, 1.0, 0.298, 1.0, 1.0, 1.0, 1.0, 1.0, 0.0, 0.0, 0.0, 0.0, 1.0, 0.0, 1.0, 1.0, 1.0, 0.0, 0.0, 1.0, 0.0, 1.0, 1.0, 1.0, 0.0, 0.0, 0.0, 0.0, 1.0, 0.224, 1.0, 1.0, 0.776, 0.0, 0.224, 1.0, 1.0, 1.0, 1.0, 1.0, 0.0, 0.0, 0.0, 0.0, 1.0, 1.0, 0.0, 1.0, 1.0, 1.0, 0.0, 1.0, 1.0, 1.0, 1.0, 1.0, 0.0, 0.0, 0.0, 0.0, 1.0, 1.0, 1.0, 1.0, 1.0, 1.0, 1.0, 0.0, 1.0, 1.0, 1.0, 1.0, 0.0, 0.0, 0.0, 0.0, 0.0, 0.0, 0.0, 0.0, 0.0, 0.0, 0.0, 0.0, 1.0, 0.4865, 1.0, 1.0, 1.0, 0.0075, 0.4865, 1.0, 0.0225, 0.0, 0.0, 0.9775, 0.0, 0.0, 0.0, 0.0]",-419.18595103414617,844.9172517286268,-482.430437669722,964.860875339444,1.0,-3.5060935001457825,-5.545177444479562,9.091628541971401,11.090354888959125,1.0,-7.012187000291565,-11.090354888959125,16.79696272282291,22.18070977791825,0.5787520451143159,"[1.0, 1.0, 1.0, 1.0, 1.0, 0.0, 1.0, 0.0, 1.0, 1.0, 1.0, 1.0, 1.0, 1.0, 1.0, 0.0, 0.0, 0.0, 0.0, 0.0, 0.0, 0.0, 0.0, 0.0, 1.0, 1.0, 1.0, 1.0, 0.0, 0.0, 1.0, 0.0, 0.0, 0.0, 0.0, 0.0, 0.0, 1.0, 0.0, 0.0, 0.0, 0.0, 0.0, 0.0, 0.0, 0.0, 0.0, 0.0, 1.0, 1.0, 1.0, 1.0, 0.0, 0.0, 0.0, 0.0, 1.0, 1.0, 1.0, 1.0, 0.0, 0.0, 0.0, 0.0, 0.0, 0.0, 0.0, 0.0, 0.0, 1.0, 1.0, 0.0, 1.0, 1.0, 1.0, 1.0, 0.0, 0.0, 0.0, 0.0, 1.0, 1.0, 1.0, 1.0, 0.0, 0.0, 0.0, 0.0, 0.0, 0.0, 0.0, 0.0, 0.0, 0.0, 0.0, 0.0, 1.0, 1.0, 1.0, 1.0, 1.0, 1.0, 1.0, 0.0, 1.0, 1.0, 1.0, 1.0, 1.0, 0.0, 1.0, 0.0, 0.0, 1.0, 0.0, 0.0, 1.0, 1.0, 1.0, 0.0, 1.0, 1.0, 0.0, 1.0, 1.0, 0.0, 0.0, 0.0, 1.0, 1.0, 1.0, 0.0, 1.0, 1.0, 1.0, 1.0, 1.0, 1.0, 1.0, 1.0, 0.0, 0.0, 0.0, 0.0, 1.0, 1.0, 1.0, 0.0, 0.0, 0.0, 1.0, 0.0, 0.0, 0.0, 1.0, 0.0, 0.0, 0.0, 0.0, 0.0, 1.0, 1.0, 1.0, 0.0, 0.0, 0.0, 1.0, 0.0, 0.0, 0.0, 0.0, 1.0, 0.0, 0.0, 0.0, 0.0, 0.0, 0.0, 0.0, 1.0, 0.0, 0.0, 0.0, 0.0, 1.0, 1.0, 1.0, 1.0, 0.0, 0.0, 0.0, 0.0, 1.0, 1.0, 1.0, 0.0, 0.0, 0.0, 1.0, 0.0, 1.0, 1.0, 1.0, 1.0, 0.0, 0.0, 0.0, 0.0, 1.0, 1.0, 1.0, 1.0, 0.0, 0.0, 0.0, 0.0, 1.0, 1.0, 1.0, 1.0, 1.0, 1.0, 1.0, 0.0, 0.0, 0.0, 0.0, 0.0, 1.0, 0.0, 0.0, 0.0, 1.0, 1.0, 1.0, 1.0, 1.0, 1.0, 1.0, 1.0, 1.0, 1.0, 1.0, 1.0, 1.0, 1.0, 1.0, 0.0, 0.0, 0.0, 0.0, 0.0, 0.0, 0.0, 0.0, 0.0, 0.0, 1.0, 0.0, 1.0, 0.0, 1.0, 0.0, 1.0, 0.0, 0.0, 0.0, 1.0, 0.0, 0.0, 0.0, 0.0, 1.0, 1.0, 1.0, 0.0, 0.0, 0.0, 1.0, 0.0, 0.0, 0.0, 1.0, 0.0, 0.0, 0.0, 0.0, 0.0, 0.0, 1.0, 1.0, 1.0, 0.0, 0.0, 0.0, 0.0, 1.0, 1.0, 1.0, 0.0, 1.0, 1.0, 1.0, 1.0, 0.0, 0.0, 1.0, 0.0, 0.0, 0.0, 0.0, 0.0, 1.0, 1.0, 1.0, 1.0, 1.0, 1.0, 1.0, 0.0, 1.0, 1.0, 1.0, 1.0, 0.0, 0.0, 0.0, 0.0, 1.0, 1.0, 1.0, 1.0, 0.0, 0.0, 0.0, 0.0, 0.0, 1.0, 0.0, 0.0, 0.0, 0.0, 0.0, 0.0, 0.0, 0.0, 0.0, 0.0, 0.0, 0.0, 0.0, 0.0, 0.0, 0.0, 0.0, 0.0, 0.0, 0.0, 0.0, 0.0, 1.0, 1.0, 0.0, 1.0, 1.0, 0.0, 1.0, 0.0, 1.0, 1.0, 1.0, 1.0, 1.0, 0.0, 1.0, 1.0, 0.0, 0.0, 0.0, 0.0, 0.0, 1.0, 1.0, 0.0, 1.0, 0.0, 0.0, 1.0, 0.0, 0.0, 0.0, 0.0, 1.0, 1.0, 1.0, 0.0, 0.0, 0.0, 1.0, 0.0, 1.0, 1.0, 1.0, 0.0, 0.0, 0.0, 0.0, 0.0, 1.0, 1.0, 1.0, 1.0, 1.0, 1.0, 1.0, 0.0, 0.0, 0.0, 0.0, 0.0, 0.0, 0.0, 0.0, 0.0, 1.0, 0.0, 1.0, 0.0, 0.0, 0.0, 0.0, 0.0, 1.0, 1.0, 1.0, 1.0, 1.0, 1.0, 1.0, 0.0, 1.0, 1.0, 1.0, 1.0, 1.0, 1.0, 0.0, 1.0, 1.0, 1.0, 1.0, 1.0, 0.0, 0.0, 0.0, 0.0, 1.0, 1.0, 1.0, 1.0, 1.0, 1.0, 1.0, 0.0, 0.0, 1.0, 1.0, 1.0, 0.0, 0.0, 0.0, 0.0, 1.0, 1.0, 1.0, 1.0, 0.0, 0.0, 0.0, 0.0, 1.0, 0.0, 1.0, 0.0, 0.0, 0.0, 0.0, 0.0, 1.0, 1.0, 1.0, 1.0, 1.0, 0.0, 1.0, 0.0, 1.0, 1.0, 1.0, 0.0, 1.0, 1.0, 0.0, 1.0, 1.0, 1.0, 1.0, 1.0, 0.0, 0.0, 0.0, 0.0, 0.0, 0.0, 0.0, 0.0, 0.0, 0.0, 0.0, 0.0, 1.0, 1.0, 1.0, 1.0, 0.0, 0.0, 0.0, 0.0, 0.0, 0.0, 0.0, 0.0, 0.0, 0.0, 0.0, 0.0, 0.0, 0.0, 0.0, 0.0, 0.0, 0.0, 0.0, 0.0, 1.0, 1.0, 0.0, 0.0, 1.0, 1.0, 1.0, 1.0, 1.0, 1.0, 1.0, 1.0, 1.0, 1.0, 1.0, 1.0, 1.0, 1.0, 1.0, 1.0, 1.0, 0.0, 1.0, 1.0, 0.0, 1.0, 0.0, 1.0, 0.0, 1.0, 0.0, 0.0, 1.0, 1.0, 1.0, 1.0, 0.0, 0.0, 1.0, 0.0, 1.0, 1.0, 1.0, 1.0, 0.0, 0.0, 0.0, 0.0, 0.0, 0.0, 0.0, 1.0, 0.0, 0.0, 0.0, 0.0, 1.0, 1.0, 1.0, 1.0, 0.0, 0.0, 0.0, 0.0, 0.0, 1.0, 1.0, 1.0, 0.0, 1.0, 1.0, 0.0, 1.0, 1.0, 1.0, 1.0, 0.0, 0.0, 0.0, 0.0, 1.0, 0.0, 1.0, 1.0, 1.0, 0.0, 0.0, 1.0, 1.0, 1.0, 1.0, 1.0, 1.0, 1.0, 1.0, 0.0, 0.0, 1.0, 1.0, 1.0, 1.0, 1.0, 0.0, 0.0, 1.0, 1.0, 1.0, 1.0, 0.0, 0.0, 0.0, 0.0, 1.0, 1.0, 1.0, 0.0, 0.0, 0.0, 1.0, 0.0, 1.0, 1.0, 1.0, 1.0, 0.0, 0.0, 0.0, 0.0, 0.0, 0.0, 0.0, 0.0, 0.0, 0.0, 0.0, 0.0, 0.0, 0.0, 1.0, 1.0, 0.0, 0.0, 0.0, 0.0, 1.0, 1.0, 1.0, 1.0, 1.0, 0.0, 0.0, 1.0]",-295.2442605392121,597.0338707387587,-482.430437669722,964.860875339444,0.9102401122128739,-8.997362313902647,20.767313350045075,1.2846122460949685,-433.45128860920846,873.4479268787513,False,True,True,False,True,0.75,1.0,0.8125,0.875,0.8125,0.875,0.8125,1.0,0.8125,0.875,0.6875,0.75,"Z.exists(lambda x1: Z.equal(x1,'red','colour'),X)","Z.exists(lambda x1: Z.exists(lambda x2: Z.and_operator(Z.equal(x1,'red','colour'),Z.equal(x2,'green','colour')),X),X)","Z.exists(lambda x1: Z.equal(x1,'red','colour'),X)","Z.exists(lambda x1: Z.exists(lambda x2: Z.and_operator(Z.equal(x1,'red','colour'),Z.equal(x2,'green','colour')),X),X)",1.0,0.75,0.875,1.0,0.875,0.7083333333333334,0.6982758620689655,0.6867816091954023,0.6954022988505747,0.6925287356321839,5.241379310344827,2000,263,263,0,2000,0
51,65,125,oCJaqaucjp,KA5-D_zR5aPJi-RyAAAH,Iota,one is blue,"[True, True, True, True, True, True, True, False]","[True, True, True, True, True, True, True, False]",0.625,0.625,There must be at least one purple cone.,[['x1']],"Z.atleast(lambda x1: Z.equal(x1,'blue','colour'),1,X)",There must be at least one purple cone.,"[{'ids': [0, 1, 2], 'colours': ['blue', 'green', 'red'], 'sizes': [2, 1, 3], 'xpos': [2.2833923467255732, 6.76926557046708, 3.3669703336145718], 'ypos': [4.127690184310035, 4.128333333333334, 3.717295476888299], 'rotations': [3.1399847803387497, 3.1415926535897927, 2.1765458583575734], 'orientations': ['upright', 'upright', 'strange'], 'contact': [[0, 2], [1], [2, 0]], 'grounded': ['yes', 'yes', 'yes'], 'follow_rule': True}, {'ids': [0, 1], 'colours': ['red', 'blue'], 'sizes': [3, 2], 'xpos': [4.064388489652294, 5.048361252883126], 'ypos': [4.128139943502194, 4.124799042238277], 'rotations': [3.1419794332617177, 3.1380598682261494], 'orientations': ['upright', 'upright'], 'contact': [[0], [1]], 'grounded': ['yes', 'yes'], 'follow_rule': True}, {'ids': [0, 1], 'colours': ['red', 'green'], 'sizes': [3, 1], 'xpos': [3.68075371714696, 5.224669224067429], 'ypos': [3.6544756412790944, 3.8471012082141556], 'rotations': [1.245998880363903, 5.067981365182203], 'orientations': ['lhs', 'rhs'], 'contact': [[0], [1]], 'grounded': ['yes', 'yes'], 'follow_rule': False}, {'ids': [0, 1], 'colours': ['green', 'blue'], 'sizes': [1, 3], 'xpos': [1.8562968225174612, 4.9742399673011635], 'ypos': [4.1246685790502, 3.6542960267858895], 'rotations': [3.1447211007608775, 5.036058841192981], 'orientations': ['upright', 'rhs'], 'contact': [[0], [1]], 'grounded': ['yes', 'yes'], 'follow_rule': True}, {'ids': [0, 1, 2], 'colours': ['blue', 'green', 'red'], 'sizes': [1, 1, 1], 'xpos': [3.0300950847186803, 2.5460037441671046, 4.9717689339622515], 'ypos': [4.124647698125396, 3.8436840884822385, 4.124442369788554], 'rotations': [3.1444050720151187, 1.2109626301739465, 3.1449672374657074], 'orientations': ['upright', 'lhs', 'upright'], 'contact': [[0], [1], [2]], 'grounded': ['yes', 'yes', 'yes'], 'follow_rule': True}, {'ids': [0, 1], 'colours': ['red', 'green'], 'sizes': [1, 1], 'xpos': [0.39800091471570526, 4.68629181083217], 'ypos': [4.125513811300711, 3.843168225329872], 'rotations': [3.1375603329928814, 1.209327866262212], 'orientations': ['upright', 'lhs'], 'contact': [[0], [1]], 'grounded': ['yes', 'yes'], 'follow_rule': False}, {'ids': [0], 'colours': ['blue'], 'sizes': [1], 'xpos': [5.498418381442255], 'ypos': [4.125123783159777], 'rotations': [3.142829250799177], 'orientations': ['upright'], 'contact': [[0]], 'grounded': ['yes'], 'follow_rule': True}, {'ids': [0, 1, 2, 3, 4, 5], 'colours': ['red', 'green', 'green', 'red', 'green', 'red'], 'sizes': [2, 2, 3, 3, 1, 1], 'xpos': [2.88154047906576, 0.5083676469977807, 4.772608823642251, 5.290464088369053, 1.029067781059187, 3.8253002730771635], 'ypos': [3.750747704233831, 4.125813283309955, 3.6273847257920835, 4.124442087594759, 3.844856419806253, 3.158974388993322], 'rotations': [5.04874364047769, 3.1443263271858934, 1.5504024275527561, 3.14355021443374, 5.0710725047985425, 0.864971346389278], 'orientations': ['rhs', 'upright', 'lhs', 'upright', 'rhs', 'lhs'], 'contact': [[0, 5, 2], [1], [2, 0, 5, 3], [3, 2], [4], [5, 0, 2]], 'grounded': ['yes', 'yes', 'yes', 'yes', 'yes', 'no'], 'follow_rule': False}, {'ids': [0, 1, 2, 3, 4], 'colours': ['red', 'green', 'red', 'blue', 'green'], 'sizes': [3, 1, 1, 2, 3], 'xpos': [5.12691938557365, 5.11503131679493, 4.23727953775697, 6.19519140108846, 3.42148978150856], 'ypos': [4.16166666682932, 3.21450769513128, 4.15833270210236, 3.780270212316, 4.15777826181353], 'rotations': [3.14159265356107, 3.17396503839037, 3.13596899439433, 5.0484168782327, 3.14163950292034], 'contact': [[0, 1], [1, 0], 2, 3, 4], 'grounded': ['yes', 'no', 'yes', 'yes', 'yes']}, {'ids': [0, 1, 2, 3], 'colours': ['green', 'green', 'red', 'blue'], 'sizes': [1, 3, 1, 2], 'xpos': [1.95640316882102, 3.82119006463636, 5.49466900932729, 4.94512429018313], 'ypos': [4.1575463669092, 3.68793264237984, 3.88075060909874, 3.82370041726639], 'rotations': [3.14042586215534, 5.03796059957422, 5.07099533912214, 4.13396592888911], 'contact': [0, 1, [2, 3], [3, 2]], 'grounded': ['yes', 'yes', 'yes', 'yes']}, {'ids': [0, 1, 2, 3, 4], 'colours': ['red', 'blue', 'red', 'green', 'green'], 'sizes': [3, 1, 2, 2, 1], 'xpos': [6.01871423256697, 2.01992789098242, 4.13597794449854, 0.774406281828649, 4.80555851531279], 'ypos': [3.68393205570556, 4.15898574652681, 4.15794140291817, 3.77979942907755, 3.98725786368743], 'rotations': [1.24414891831718, 3.14156263599238, 3.14292046357041, 5.04964608195148, 2.53998237313469], 'contact': [[0, 4], 1, 2, 3, [4, 0]], 'grounded': ['yes', 'yes', 'yes', 'yes', 'yes']}, {'ids': [0, 1], 'colours': ['blue', 'green'], 'sizes': [1, 2], 'xpos': [1.67047327443096, 4.46813203908946], 'ypos': [4.15694705663294, 4.15819949787589], 'rotations': [3.14214596161258, 3.14225319301416], 'contact': [{'V1': 0, 'V2': 1}], 'grounded': ['yes', 'yes']}, {'ids': [0, 1, 2, 3, 4], 'colours': ['blue', 'blue', 'red', 'blue', 'red'], 'sizes': [1, 1, 3, 2, 3], 'xpos': [2.9749447690173, 1.59038636414738, 1.89943344290003, 0.742265142690783, 5.82945571924824], 'ypos': [4.14706432996679, 4.15682792868204, 3.68436535365509, 3.87793736870491, 4.15825788448378], 'rotations': [3.19018443917557, 3.14127258207092, 4.38185242264156, 2.36758036264438, 3.14223131257379], 'contact': [[0, 2], 1, [2, 0], 3, 4], 'grounded': ['yes', 'yes', 'yes', 'yes', 'yes']}, {'ids': [0, 1, 2, 3, 4], 'colours': ['blue', 'blue', 'red', 'red', 'blue'], 'sizes': [1, 1, 2, 3, 2], 'xpos': [3.86710801315826, 0.780465760873674, 4.72248955423569, 3.06295468416754, 7.04671297081929], 'ypos': [4.1448491118357, 4.15796013032216, 4.15793209798963, 3.75002575259372, 4.15761808534214], 'rotations': [3.19364501547634, 3.14186836777695, 3.13970081999877, 4.09252896570911, 3.14406240189392], 'contact': [[0, 3], 1, 2, [3, 0], 4], 'grounded': ['yes', 'yes', 'yes', 'yes', 'yes']}, {'ids': [0, 1, 2, 3], 'colours': ['blue', 'green', 'blue', 'red'], 'sizes': [1, 2, 1, 3], 'xpos': [0.414928997162714, 1.7723984589512, 5.75738502777065, 6.08770777718876], 'ypos': [4.15743978227501, 4.15711897749998, 3.88075060909862, 3.89628768750355], 'rotations': [3.14447951863788, 3.14010156096646, 5.07099533912207, 3.69409526653564], 'contact': [0, 1, [2, 3], [3, 2]], 'grounded': ['yes', 'yes', 'yes', 'yes']}, {'ids': [0, 1, 2, 3, 4], 'colours': ['green', 'red', 'green', 'green', 'red'], 'sizes': [2, 2, 3, 3, 2], 'xpos': [1.30426887924571, 1.8868098606311, 6.83333126813548, 2.79429839111229, 3.83407517131883], 'ypos': [3.78000391300947, 4.15881602818333, 3.73307814239637, 4.15736329550291, 4.15804254736289], 'rotations': [1.23253748876037, 3.14240000646429, 4.1567939442383, 3.14166932108615, 3.1439673324419], 'contact': [0, [1, 3], 2, [3, 1], 4], 'grounded': ['yes', 'yes', 'yes', 'yes', 'yes']}]","[False, True, False, False, False, False, False, False]","[False, True, False, False, False, False, False, True]","[True, False, True, True, True, True, True, False]","[False, False, False, False, False, False, False, False]","[False, True, True, False, False, False, True, False]","[False, True, True, False, False, False, True, True]","[True, False, False, True, True, True, False, False]","[False, False, False, False, False, False, False, False]",0.0,0.0,0.0,0.0,0.25,0.5,0.25,0.375,0.375,0.25,0.0,0.0,0.75,0.5,0.01,0.0,-5.545177444479562,2.0794415416798357,11.090354888959125,1.0,-11.535593664426898,-16.635532333438686,26.24924115920174,33.27106466687737,1.0502311195665048,"[1.0, 1.0, 1.0, 1.0, 1.0, 0.0, 1.0, 0.0, 1.0, 1.0, 1.0, 1.0, 1.0, 1.0, 1.0, 0.0135, 0.9530000000000001, 0.092, 0.5895, 0.5895, 1.0, 0.0, 0.0, 0.861, 1.0, 1.0, 1.0, 0.2925, 0.999, 0.999, 1.0, 0.7155, 0.0, 0.0, 1.0, 0.0, 0.0, 0.0, 1.0, 0.0, 0.0, 0.0, 1.0, 0.0, 0.0, 0.0, 1.0, 0.0, 1.0, 1.0, 1.0, 1.0, 0.0, 0.0, 0.0, 0.0, 1.0, 1.0, 1.0, 1.0, 0.935, 0.935, 0.935, 0.935, 1.0, 1.0, 1.0, 1.0, 0.0, 1.0, 0.0, 0.0, 0.0, 1.0, 1.0, 1.0, 1.0, 1.0, 1.0, 1.0, 1.0, 1.0, 1.0, 1.0, 0.0935, 0.0935, 0.0935, 0.0935, 1.0, 1.0, 1.0, 1.0, 1.0, 1.0, 1.0, 1.0, 1.0, 1.0, 1.0, 1.0, 1.0, 1.0, 1.0, 0.013000000000000001, 1.0, 1.0, 0.998, 1.0, 1.0, 0.002, 0.998, 0.002, 1.0, 1.0, 1.0, 1.0, 1.0, 1.0, 1.0, 0.0, 0.973, 1.0, 0.9530000000000001, 1.0, 0.8925000000000001, 0.9195, 0.17400000000000002, 0.201, 1.0, 1.0, 1.0, 1.0, 0.0, 0.0, 0.0, 0.0, 1.0, 1.0, 1.0, 0.24, 1.0, 1.0, 0.968, 1.0, 0.653, 0.653, 0.653, 1.0, 0.2535, 0.2535, 0.7035, 0.10300000000000001, 1.0, 1.0, 1.0, 1.0, 0.0, 1.0, 0.0, 0.0, 1.0, 1.0, 1.0, 0.012, 0.988, 0.988, 1.0, 1.0, 1.0, 0.0, 1.0, 1.0, 1.0, 0.0, 0.0, 1.0, 0.0, 0.0, 0.0, 1.0, 1.0, 0.0, 0.0, 0.0, 1.0, 1.0, 1.0, 1.0, 0.0, 0.0, 0.0, 0.0, 1.0, 1.0, 1.0, 1.0, 0.0, 0.0, 0.0, 0.0, 1.0, 1.0, 1.0, 1.0, 1.0, 1.0, 0.841, 1.0, 1.0, 1.0, 1.0, 1.0, 0.0, 0.0, 0.0, 0.0, 1.0, 1.0, 1.0, 1.0, 1.0, 1.0, 1.0, 0.0, 0.197, 0.0, 0.85, 0.653, 0.803, 0.0, 0.0, 0.0, 0.8525, 0.847, 0.9935, 0.847, 0.28300000000000003, 0.4305, 0.426, 0.426, 1.0, 1.0, 1.0, 1.0, 1.0, 1.0, 1.0, 0.0, 0.798, 1.0, 0.7995, 0.7995, 0.0275, 0.029, 0.2265, 0.1975, 1.0, 1.0, 1.0, 1.0, 0.0, 0.0, 0.0, 0.0, 0.862, 0.854, 0.8595, 0.8955000000000001, 0.045, 0.0005, 0.8695, 0.8505, 1.0, 1.0, 1.0, 0.022, 1.0, 1.0, 1.0, 0.978, 0.28400000000000003, 0.0145, 0.1885, 0.0275, 0.2755, 0.0, 0.0015, 0.013000000000000001, 0.0, 0.0, 0.0, 1.0, 1.0, 0.0, 0.0, 0.0, 1.0, 1.0, 1.0, 1.0, 0.0, 0.0, 0.0, 0.0, 1.0, 1.0, 1.0, 1.0, 1.0, 0.0, 1.0, 0.0, 1.0, 1.0, 1.0, 1.0, 1.0, 1.0, 1.0, 0.0, 1.0, 1.0, 1.0, 0.728, 0.8265, 0.5545, 0.5545, 0.8265, 1.0, 1.0, 1.0, 1.0, 1.0, 1.0, 1.0, 1.0, 1.0, 1.0, 1.0, 0.8715, 0.9365, 0.8695, 0.8695, 0.9365, 0.229, 0.229, 0.229, 0.229, 0.801, 0.03, 0.03, 0.801, 0.0, 0.0, 0.0, 1.0, 1.0, 0.0, 0.0, 0.0, 0.108, 0.114, 0.2315, 0.108, 0.114, 0.07050000000000001, 0.0495, 0.006, 1.0, 1.0, 1.0, 1.0, 0.0, 0.0, 0.0, 0.0, 0.8955000000000001, 0.895, 0.0115, 0.0, 0.883, 0.0, 0.0, 0.0, 1.0, 1.0, 1.0, 1.0, 0.0, 0.0, 0.0, 0.0, 0.902, 0.902, 0.902, 0.678, 0.88, 0.88, 0.902, 0.807, 1.0, 1.0, 1.0, 1.0, 0.0, 0.0, 0.0, 0.0, 1.0, 1.0, 1.0, 1.0, 1.0, 1.0, 1.0, 0.0, 1.0, 1.0, 1.0, 1.0, 0.0, 0.0, 0.0, 0.0, 1.0, 1.0, 1.0, 1.0, 0.008, 0.008, 0.008, 0.008, 1.0, 1.0, 1.0, 1.0, 1.0, 1.0, 1.0, 0.0, 1.0, 1.0, 1.0, 1.0, 1.0, 1.0, 0.6980000000000001, 1.0, 1.0, 1.0, 1.0, 1.0, 0.0, 0.0, 0.0, 0.0, 1.0, 1.0, 1.0, 1.0, 1.0, 1.0, 1.0, 0.0, 0.9530000000000001, 0.9530000000000001, 0.9530000000000001, 1.0, 1.0, 1.0, 0.641, 0.9530000000000001, 1.0, 1.0, 1.0, 1.0, 0.0, 0.0, 0.0, 0.0, 1.0, 1.0, 1.0, 1.0, 1.0, 1.0, 1.0, 1.0, 1.0, 1.0, 1.0, 1.0, 0.0, 0.0, 0.0, 0.0, 1.0, 1.0, 1.0, 1.0, 1.0, 1.0, 1.0, 1.0, 1.0, 1.0, 1.0, 1.0, 0.021500000000000002, 0.021500000000000002, 0.021500000000000002, 0.021500000000000002, 0.021500000000000002, 0.003, 0.02, 0.0095, 0.0095, 0.964, 0.9555, 0.0095, 1.0, 1.0, 1.0, 1.0, 1.0, 1.0, 1.0, 1.0, 1.0, 1.0, 1.0, 1.0, 0.0, 0.0, 0.0, 0.0, 1.0, 1.0, 1.0, 1.0, 0.0, 0.0, 1.0, 1.0, 1.0, 0.873, 0.198, 0.198, 1.0, 1.0, 0.6905, 1.0, 1.0, 1.0, 1.0, 1.0, 1.0, 1.0, 1.0, 0.0, 1.0, 0.999, 0.999, 1.0, 0.0025, 0.0025, 0.0025, 0.0025, 1.0, 1.0, 1.0, 1.0, 1.0, 0.686, 0.314, 0.0, 1.0, 1.0, 1.0, 1.0, 0.524, 0.524, 1.0, 0.47600000000000003, 1.0, 1.0, 1.0, 1.0, 0.008, 0.008, 0.008, 0.008, 0.9935, 0.9935, 0.9775, 0.9935, 0.9935, 0.0225, 0.988, 0.017, 1.0, 1.0, 1.0, 1.0, 0.0725, 0.0725, 0.0725, 0.0725, 0.041, 1.0, 1.0, 0.9590000000000001, 0.041, 0.9590000000000001, 1.0, 0.0, 0.7435, 0.9835, 0.7425, 0.986, 0.7435, 0.7435, 0.256, 0.987, 1.0, 0.005, 1.0, 1.0, 1.0, 0.005, 0.005, 1.0, 1.0, 1.0, 1.0, 1.0, 1.0, 1.0, 1.0, 0.0, 1.0, 1.0, 1.0, 1.0, 0.0, 0.0, 0.0, 0.0, 1.0, 1.0, 1.0, 1.0, 0.0, 0.0, 0.0, 0.0, 0.9705, 0.9705, 0.9145, 1.0, 0.8015, 0.8015, 0.9705, 0.7865, 1.0, 1.0, 1.0, 1.0, 0.0, 0.0, 0.0, 0.0, 1.0, 1.0, 1.0, 1.0, 0.0, 0.0, 0.0, 0.0, 1.0, 1.0, 1.0, 1.0, 0.0, 0.0, 0.0, 0.0, 1.0, 1.0, 1.0, 1.0, 1.0, 1.0, 1.0, 1.0]",-418.5875071169283,843.720363894191,-482.430437669722,964.860875339444,0.01,0.0,2.0794415416798357,0.41703231205519414,-6.884063593348047,16.94618101704404,0.6334250289943713,"[1.0, 1.0, 1.0, 1.0, 1.0, 0.0, 1.0, 0.0, 1.0, 1.0, 1.0, 1.0, 1.0, 1.0, 1.0, 0.0, 0.0, 0.0, 0.0, 0.0, 0.0, 0.0, 0.0, 0.0, 1.0, 1.0, 1.0, 0.0, 0.0, 0.0, 1.0, 0.0, 0.0, 0.0, 1.0, 1.0, 0.0, 1.0, 1.0, 1.0, 1.0, 1.0, 1.0, 1.0, 0.0, 0.0, 1.0, 1.0, 1.0, 1.0, 1.0, 1.0, 0.0, 0.0, 0.0, 0.0, 1.0, 1.0, 1.0, 1.0, 0.0, 0.0, 0.0, 0.0, 0.0, 0.0, 0.0, 0.0, 0.0, 1.0, 1.0, 0.0, 1.0, 1.0, 1.0, 1.0, 0.0, 0.0, 0.0, 0.0, 1.0, 1.0, 1.0, 1.0, 0.0, 0.0, 0.0, 0.0, 1.0, 1.0, 1.0, 1.0, 1.0, 1.0, 0.0, 1.0, 1.0, 1.0, 1.0, 1.0, 1.0, 1.0, 1.0, 0.0, 1.0, 1.0, 1.0, 1.0, 1.0, 0.0, 1.0, 0.0, 0.0, 1.0, 0.0, 0.0, 1.0, 1.0, 1.0, 0.0, 1.0, 1.0, 0.0, 1.0, 1.0, 0.0, 0.0, 0.0, 1.0, 1.0, 1.0, 0.0, 1.0, 1.0, 1.0, 1.0, 1.0, 1.0, 1.0, 1.0, 0.0, 0.0, 0.0, 0.0, 1.0, 1.0, 1.0, 0.0, 0.0, 0.0, 1.0, 0.0, 0.0, 0.0, 1.0, 0.0, 0.0, 0.0, 0.0, 0.0, 1.0, 1.0, 1.0, 0.0, 0.0, 0.0, 1.0, 0.0, 0.0, 0.0, 0.0, 1.0, 0.0, 0.0, 0.0, 0.0, 0.0, 0.0, 0.0, 1.0, 0.0, 0.0, 0.0, 0.0, 1.0, 1.0, 1.0, 1.0, 0.0, 0.0, 0.0, 0.0, 1.0, 1.0, 1.0, 0.0, 0.0, 0.0, 1.0, 0.0, 1.0, 1.0, 1.0, 1.0, 0.0, 0.0, 0.0, 0.0, 1.0, 1.0, 1.0, 1.0, 0.0, 0.0, 0.0, 0.0, 1.0, 1.0, 1.0, 1.0, 1.0, 1.0, 1.0, 0.0, 0.0, 0.0, 0.0, 0.0, 1.0, 0.0, 0.0, 0.0, 1.0, 1.0, 1.0, 1.0, 1.0, 1.0, 1.0, 1.0, 1.0, 1.0, 1.0, 1.0, 1.0, 1.0, 1.0, 0.0, 0.0, 0.0, 0.0, 0.0, 0.0, 0.0, 0.0, 0.0, 0.0, 1.0, 0.0, 1.0, 0.0, 1.0, 0.0, 1.0, 0.0, 0.0, 0.0, 1.0, 0.0, 0.0, 0.0, 0.0, 1.0, 1.0, 1.0, 0.0, 0.0, 0.0, 1.0, 0.0, 1.0, 1.0, 1.0, 1.0, 1.0, 0.0, 1.0, 0.0, 0.0, 1.0, 1.0, 1.0, 0.0, 0.0, 0.0, 0.0, 1.0, 1.0, 1.0, 0.0, 1.0, 1.0, 1.0, 1.0, 0.0, 1.0, 1.0, 1.0, 0.0, 0.0, 0.0, 0.0, 1.0, 1.0, 1.0, 1.0, 1.0, 1.0, 1.0, 0.0, 1.0, 1.0, 1.0, 1.0, 0.0, 0.0, 0.0, 0.0, 1.0, 1.0, 1.0, 1.0, 0.0, 0.0, 0.0, 0.0, 0.0, 1.0, 0.0, 0.0, 0.0, 0.0, 0.0, 0.0, 1.0, 1.0, 1.0, 1.0, 1.0, 0.0, 1.0, 1.0, 0.0, 0.0, 0.0, 0.0, 0.0, 1.0, 1.0, 0.0, 1.0, 1.0, 1.0, 1.0, 1.0, 0.0, 1.0, 0.0, 1.0, 1.0, 1.0, 1.0, 1.0, 0.0, 1.0, 1.0, 0.0, 0.0, 0.0, 0.0, 0.0, 1.0, 1.0, 0.0, 1.0, 0.0, 0.0, 1.0, 0.0, 0.0, 0.0, 0.0, 1.0, 1.0, 1.0, 0.0, 0.0, 0.0, 1.0, 0.0, 1.0, 1.0, 1.0, 0.0, 0.0, 0.0, 0.0, 0.0, 1.0, 1.0, 1.0, 1.0, 1.0, 1.0, 1.0, 0.0, 0.0, 0.0, 0.0, 0.0, 0.0, 0.0, 0.0, 0.0, 1.0, 0.0, 1.0, 0.0, 0.0, 0.0, 0.0, 0.0, 1.0, 1.0, 1.0, 1.0, 1.0, 1.0, 1.0, 0.0, 1.0, 1.0, 1.0, 1.0, 1.0, 1.0, 0.0, 1.0, 1.0, 1.0, 1.0, 1.0, 0.0, 0.0, 0.0, 0.0, 1.0, 1.0, 1.0, 1.0, 1.0, 1.0, 1.0, 0.0, 0.0, 1.0, 1.0, 1.0, 0.0, 0.0, 0.0, 0.0, 1.0, 1.0, 1.0, 1.0, 0.0, 0.0, 0.0, 0.0, 1.0, 0.0, 1.0, 0.0, 0.0, 0.0, 0.0, 0.0, 1.0, 1.0, 1.0, 1.0, 1.0, 0.0, 1.0, 0.0, 1.0, 1.0, 1.0, 0.0, 1.0, 1.0, 0.0, 1.0, 1.0, 1.0, 1.0, 1.0, 0.0, 0.0, 0.0, 0.0, 0.0, 0.0, 0.0, 0.0, 0.0, 1.0, 0.0, 0.0, 1.0, 1.0, 1.0, 1.0, 0.0, 0.0, 0.0, 0.0, 0.0, 0.0, 0.0, 0.0, 0.0, 0.0, 0.0, 0.0, 1.0, 0.0, 1.0, 0.0, 0.0, 0.0, 0.0, 0.0, 1.0, 1.0, 0.0, 0.0, 1.0, 1.0, 1.0, 1.0, 1.0, 1.0, 1.0, 1.0, 1.0, 1.0, 1.0, 1.0, 1.0, 1.0, 1.0, 1.0, 1.0, 0.0, 1.0, 1.0, 0.0, 1.0, 0.0, 1.0, 0.0, 1.0, 0.0, 0.0, 1.0, 1.0, 1.0, 1.0, 0.0, 0.0, 1.0, 0.0, 1.0, 1.0, 1.0, 1.0, 0.0, 0.0, 0.0, 0.0, 0.0, 0.0, 0.0, 1.0, 0.0, 0.0, 0.0, 0.0, 1.0, 1.0, 1.0, 1.0, 0.0, 0.0, 0.0, 0.0, 0.0, 1.0, 1.0, 1.0, 0.0, 1.0, 1.0, 0.0, 1.0, 1.0, 1.0, 1.0, 0.0, 0.0, 0.0, 0.0, 1.0, 0.0, 1.0, 1.0, 1.0, 0.0, 0.0, 1.0, 1.0, 1.0, 1.0, 1.0, 1.0, 1.0, 1.0, 0.0, 0.0, 1.0, 1.0, 1.0, 1.0, 1.0, 0.0, 0.0, 1.0, 1.0, 1.0, 1.0, 0.0, 0.0, 0.0, 0.0, 1.0, 1.0, 1.0, 0.0, 0.0, 0.0, 1.0, 0.0, 1.0, 1.0, 1.0, 1.0, 0.0, 0.0, 0.0, 0.0, 0.0, 0.0, 0.0, 0.0, 0.0, 0.0, 0.0, 0.0, 0.0, 1.0, 0.0, 1.0, 0.0, 1.0, 1.0, 0.0, 1.0, 1.0, 1.0, 1.0, 1.0, 0.0, 0.0, 1.0]",-318.3726801373107,643.2907099349558,0.01,0.0,-5.545177444479562,2.0794415416798357,11.090354888959125,0.41703231205519414,-6.884063593348047,-16.635532333438686,16.94618101704404,33.27106466687737,0.6173530694834558,"[1.0, 1.0, 1.0, 1.0, 1.0, 0.0, 1.0, 0.0, 1.0, 1.0, 1.0, 1.0, 1.0, 1.0, 1.0, 0.0, 0.0, 0.0, 0.0, 0.0, 0.0, 0.0, 0.0, 0.0, 1.0, 1.0, 1.0, 0.0, 0.0, 0.0, 1.0, 0.0, 0.0, 0.0, 1.0, 1.0, 0.0, 1.0, 1.0, 1.0, 0.0, 0.0, 0.0, 0.0, 0.0, 0.0, 0.0, 0.0, 1.0, 1.0, 1.0, 1.0, 0.0, 0.0, 0.0, 0.0, 1.0, 1.0, 1.0, 1.0, 0.0, 0.0, 0.0, 0.0, 0.0, 0.0, 0.0, 0.0, 0.0, 1.0, 1.0, 0.0, 0.0, 0.0, 0.0, 1.0, 0.0, 0.0, 0.0, 0.0, 1.0, 1.0, 1.0, 1.0, 0.0, 0.0, 0.0, 0.0, 0.0, 0.0, 0.0, 0.0, 1.0, 1.0, 0.0, 1.0, 1.0, 1.0, 1.0, 1.0, 1.0, 1.0, 1.0, 0.0, 1.0, 1.0, 1.0, 1.0, 1.0, 0.0, 1.0, 0.0, 0.0, 1.0, 0.0, 0.0, 1.0, 1.0, 1.0, 0.0, 1.0, 1.0, 0.0, 1.0, 1.0, 0.0, 0.0, 0.0, 1.0, 1.0, 1.0, 0.0, 1.0, 1.0, 1.0, 1.0, 1.0, 1.0, 1.0, 1.0, 0.0, 0.0, 0.0, 0.0, 1.0, 1.0, 1.0, 0.0, 0.0, 0.0, 1.0, 0.0, 0.0, 0.0, 1.0, 0.0, 0.0, 0.0, 0.0, 0.0, 1.0, 1.0, 1.0, 0.0, 0.0, 0.0, 1.0, 0.0, 0.0, 0.0, 0.0, 1.0, 0.0, 0.0, 0.0, 0.0, 0.0, 0.0, 0.0, 1.0, 0.0, 0.0, 0.0, 0.0, 1.0, 1.0, 1.0, 1.0, 0.0, 0.0, 0.0, 0.0, 1.0, 1.0, 1.0, 0.0, 0.0, 0.0, 1.0, 0.0, 1.0, 1.0, 1.0, 1.0, 0.0, 0.0, 0.0, 0.0, 1.0, 1.0, 1.0, 1.0, 0.0, 0.0, 0.0, 0.0, 1.0, 1.0, 1.0, 1.0, 1.0, 1.0, 1.0, 0.0, 0.0, 0.0, 0.0, 0.0, 1.0, 0.0, 0.0, 0.0, 1.0, 1.0, 1.0, 1.0, 1.0, 1.0, 1.0, 1.0, 1.0, 1.0, 1.0, 1.0, 1.0, 1.0, 1.0, 0.0, 0.0, 0.0, 0.0, 0.0, 0.0, 0.0, 0.0, 0.0, 0.0, 1.0, 0.0, 1.0, 0.0, 1.0, 0.0, 1.0, 0.0, 0.0, 0.0, 1.0, 0.0, 0.0, 0.0, 0.0, 1.0, 1.0, 1.0, 0.0, 0.0, 0.0, 1.0, 0.0, 1.0, 1.0, 1.0, 1.0, 1.0, 0.0, 1.0, 0.0, 0.0, 1.0, 1.0, 1.0, 0.0, 0.0, 0.0, 0.0, 1.0, 1.0, 1.0, 0.0, 1.0, 1.0, 1.0, 1.0, 0.0, 1.0, 1.0, 1.0, 0.0, 0.0, 0.0, 0.0, 1.0, 1.0, 1.0, 1.0, 1.0, 1.0, 1.0, 0.0, 1.0, 1.0, 1.0, 1.0, 0.0, 0.0, 0.0, 0.0, 1.0, 1.0, 1.0, 1.0, 0.0, 0.0, 0.0, 0.0, 0.0, 1.0, 0.0, 0.0, 0.0, 0.0, 0.0, 0.0, 0.0, 0.0, 0.0, 0.0, 0.0, 0.0, 0.0, 0.0, 1.0, 0.0, 1.0, 1.0, 1.0, 0.0, 0.0, 1.0, 1.0, 1.0, 1.0, 1.0, 1.0, 0.0, 1.0, 0.0, 1.0, 1.0, 1.0, 1.0, 1.0, 0.0, 1.0, 1.0, 0.0, 0.0, 0.0, 0.0, 0.0, 1.0, 1.0, 0.0, 1.0, 0.0, 0.0, 1.0, 0.0, 0.0, 0.0, 0.0, 1.0, 1.0, 1.0, 0.0, 0.0, 0.0, 1.0, 0.0, 1.0, 1.0, 1.0, 0.0, 0.0, 0.0, 0.0, 0.0, 1.0, 1.0, 1.0, 1.0, 1.0, 1.0, 1.0, 0.0, 0.0, 0.0, 0.0, 0.0, 0.0, 0.0, 0.0, 0.0, 1.0, 0.0, 1.0, 0.0, 0.0, 0.0, 0.0, 0.0, 1.0, 1.0, 1.0, 1.0, 1.0, 1.0, 1.0, 0.0, 1.0, 1.0, 1.0, 1.0, 1.0, 1.0, 0.0, 1.0, 1.0, 1.0, 1.0, 1.0, 0.0, 0.0, 0.0, 0.0, 1.0, 1.0, 1.0, 1.0, 1.0, 1.0, 1.0, 0.0, 0.0, 1.0, 1.0, 1.0, 0.0, 0.0, 0.0, 0.0, 1.0, 1.0, 1.0, 1.0, 0.0, 0.0, 0.0, 0.0, 1.0, 0.0, 1.0, 0.0, 0.0, 0.0, 0.0, 0.0, 1.0, 1.0, 1.0, 1.0, 1.0, 0.0, 1.0, 0.0, 1.0, 1.0, 1.0, 0.0, 1.0, 1.0, 0.0, 1.0, 1.0, 1.0, 1.0, 1.0, 0.0, 0.0, 0.0, 0.0, 0.0, 0.0, 0.0, 0.0, 0.0, 1.0, 0.0, 0.0, 1.0, 1.0, 1.0, 1.0, 0.0, 0.0, 0.0, 0.0, 0.0, 0.0, 0.0, 0.0, 0.0, 0.0, 0.0, 0.0, 1.0, 0.0, 1.0, 0.0, 0.0, 0.0, 0.0, 0.0, 1.0, 1.0, 0.0, 0.0, 1.0, 1.0, 1.0, 1.0, 1.0, 1.0, 1.0, 1.0, 1.0, 1.0, 1.0, 1.0, 1.0, 1.0, 1.0, 1.0, 1.0, 0.0, 1.0, 1.0, 0.0, 1.0, 0.0, 1.0, 0.0, 1.0, 0.0, 0.0, 1.0, 1.0, 1.0, 1.0, 0.0, 0.0, 1.0, 0.0, 1.0, 1.0, 1.0, 1.0, 0.0, 0.0, 0.0, 0.0, 0.0, 0.0, 0.0, 1.0, 0.0, 0.0, 0.0, 0.0, 1.0, 1.0, 1.0, 1.0, 0.0, 0.0, 0.0, 0.0, 0.0, 1.0, 1.0, 1.0, 0.0, 1.0, 1.0, 0.0, 1.0, 1.0, 1.0, 1.0, 0.0, 0.0, 0.0, 0.0, 1.0, 0.0, 1.0, 1.0, 1.0, 0.0, 0.0, 1.0, 1.0, 1.0, 1.0, 1.0, 1.0, 1.0, 1.0, 0.0, 0.0, 0.0, 1.0, 0.0, 0.0, 1.0, 0.0, 0.0, 1.0, 1.0, 1.0, 1.0, 0.0, 0.0, 0.0, 0.0, 1.0, 1.0, 1.0, 0.0, 0.0, 0.0, 1.0, 0.0, 1.0, 1.0, 1.0, 1.0, 0.0, 0.0, 0.0, 0.0, 0.0, 0.0, 0.0, 0.0, 0.0, 0.0, 0.0, 0.0, 0.0, 1.0, 0.0, 1.0, 0.0, 1.0, 1.0, 0.0, 1.0, 1.0, 1.0, 1.0, 1.0, 0.0, 0.0, 1.0]",-311.9759791000219,630.4973078603782,-482.430437669722,964.860875339444,485.03850501183825,-5.548097528312805,-5.545177444479562,13.175636598305447,11.090354888959125,3.3270594656625176,-16.398217269457795,-16.635532333438686,35.97448836926354,33.27106466687737,1.0908740239314543,"[0.0, 0.0, 1.0, 0.0, 0.0, 0.0, 0.0, 0.0, 1.0, 1.0, 1.0, 1.0, 0.877, 0.877, 0.877, 0.0, 1.0, 0.259, 1.0, 1.0, 0.8015, 0.0, 0.259, 1.0, 1.0, 1.0, 1.0, 1.0, 1.0, 1.0, 1.0, 0.0, 0.0, 0.0, 1.0, 0.0, 0.0, 0.0, 1.0, 0.0, 0.0, 0.0, 1.0, 0.0, 0.0, 0.0, 1.0, 0.0, 0.0, 0.0, 0.0, 0.0775, 0.0, 0.0, 0.1635, 0.47100000000000003, 1.0, 1.0, 1.0, 1.0, 0.0, 0.0, 0.0, 0.0, 0.0, 0.0, 0.0, 0.0, 0.0, 0.0, 0.0, 0.0, 1.0, 1.0, 1.0, 1.0, 1.0, 1.0, 1.0, 0.0, 1.0, 1.0, 1.0, 1.0, 0.0, 0.0, 0.0, 0.0, 0.0, 0.0, 0.0, 0.0, 0.0, 0.113, 0.113, 0.0, 0.0, 0.0, 0.0, 1.0, 0.0, 0.0, 0.0, 0.0, 1.0, 1.0, 1.0, 1.0, 0.0, 0.0, 0.0, 0.0, 0.9995, 1.0, 1.0, 0.663, 1.0, 1.0, 1.0, 0.353, 1.0, 1.0, 1.0, 1.0, 0.082, 0.082, 0.0, 0.0, 0.973, 1.0, 0.7655000000000001, 0.605, 0.973, 1.0, 1.0, 0.368, 0.0, 0.0, 1.0, 0.0, 1.0, 0.0, 1.0, 0.0, 1.0, 1.0, 1.0, 1.0, 0.0, 0.0, 1.0, 0.0, 1.0, 1.0, 1.0, 1.0, 0.0, 0.9465, 0.0, 0.0, 0.666, 1.0, 0.666, 0.666, 0.0, 0.0, 0.7975, 0.0, 0.0, 0.9430000000000001, 0.0, 1.0, 1.0, 0.0, 0.0, 0.0, 0.0, 1.0, 0.0, 0.0, 0.0, 0.0, 0.0, 0.0, 1.0, 1.0, 1.0, 1.0, 0.0, 0.0, 0.0, 0.0, 1.0, 1.0, 1.0, 1.0, 1.0, 1.0, 1.0, 0.0005, 1.0, 1.0, 1.0, 1.0, 1.0, 1.0, 0.0, 1.0, 1.0, 1.0, 1.0, 1.0, 0.0, 0.0, 0.0, 0.0, 1.0, 1.0, 1.0, 1.0, 1.0, 1.0, 1.0, 0.0, 1.0, 0.0, 1.0, 0.0, 0.0, 0.0, 0.0, 0.0, 0.0, 1.0, 0.0, 1.0, 0.0, 1.0, 0.0, 1.0, 1.0, 1.0, 1.0, 1.0, 1.0, 1.0, 1.0, 0.0, 1.0, 0.0, 1.0, 1.0, 1.0, 0.0, 0.0, 1.0, 1.0, 1.0, 1.0, 1.0, 1.0, 1.0, 1.0, 1.0, 0.0, 0.9580000000000001, 0.0, 0.0, 0.0, 0.0, 0.0045000000000000005, 0.0, 0.0, 0.0, 0.0, 0.0, 0.0, 0.0, 0.0, 1.0, 0.0, 0.0, 0.0005, 0.0, 0.0, 0.0, 0.0, 0.0, 0.0, 1.0, 0.0, 0.0, 0.0, 0.0, 0.0, 0.0, 1.0, 1.0, 1.0, 0.001, 0.001, 0.001, 1.0, 0.0, 0.0, 0.0, 0.6225, 0.0, 0.0, 0.0, 0.0, 0.0, 1.0, 1.0, 1.0, 1.0, 0.0, 0.0, 0.0, 0.0, 0.0, 0.0, 0.0, 0.0, 0.0, 0.0, 0.0, 0.0, 1.0, 1.0, 1.0, 1.0, 1.0, 1.0, 1.0, 0.0, 0.0, 0.0, 0.0, 1.0, 0.0, 0.0, 1.0, 0.0, 1.0, 1.0, 1.0, 1.0, 0.0, 0.0, 0.0, 0.0, 0.0, 1.0, 0.0, 0.0, 1.0, 0.0, 0.0, 1.0, 1.0, 1.0, 1.0, 1.0, 0.0, 0.0, 0.0, 0.0, 1.0, 1.0, 1.0, 1.0, 1.0, 0.0, 1.0, 1.0, 0.0, 0.0005, 0.0, 0.0, 0.0, 0.38, 0.0, 0.0, 1.0, 1.0, 1.0, 1.0, 0.0, 0.0, 0.0, 0.0, 1.0, 1.0, 1.0, 0.999, 1.0, 1.0, 1.0, 0.0195, 1.0, 1.0, 1.0, 1.0, 0.0, 0.0, 0.0, 0.0, 0.0, 0.6285000000000001, 0.0, 0.328, 0.0, 0.0, 0.6285000000000001, 0.0, 0.0, 0.0, 0.0, 0.0, 0.0, 0.0, 0.0, 1.0, 1.0, 1.0, 1.0, 1.0, 0.0, 0.0, 0.0, 0.0, 1.0, 1.0, 1.0, 1.0, 1.0, 1.0, 1.0, 0.0, 1.0, 1.0, 1.0, 1.0, 1.0, 1.0, 0.0375, 1.0, 1.0, 1.0, 1.0, 1.0, 0.0, 0.0, 0.0, 0.0, 1.0, 1.0, 1.0, 1.0, 1.0, 1.0, 1.0, 0.0, 1.0, 1.0, 1.0, 1.0, 1.0, 1.0, 0.0, 1.0, 1.0, 1.0, 1.0, 1.0, 0.0, 0.0, 0.0, 0.0, 1.0, 1.0, 1.0, 1.0, 1.0, 1.0, 1.0, 1.0, 0.0, 0.0, 0.4395, 0.0, 0.0, 0.0, 0.001, 1.0, 0.0, 0.0, 0.0, 0.0, 0.0, 0.0, 0.0, 0.0, 1.0, 1.0, 1.0, 0.0, 1.0, 0.0, 0.0, 1.0, 0.0, 0.0, 1.0, 1.0, 1.0, 0.0, 0.0, 0.0, 0.0, 0.0, 0.0, 0.0, 0.0, 0.0, 0.0, 0.0, 1.0, 1.0, 1.0, 1.0, 0.0, 0.0, 0.0, 0.0, 0.0, 0.0, 0.0, 0.0, 0.0, 1.0, 0.0, 0.0, 1.0, 1.0, 1.0, 1.0, 0.0, 0.4945, 0.0, 0.0, 1.0, 1.0, 1.0, 1.0, 0.0, 0.0, 1.0, 1.0, 1.0, 1.0, 1.0, 1.0, 0.0, 0.0, 0.0, 0.0, 1.0, 1.0, 1.0, 1.0, 1.0, 0.704, 0.296, 0.0, 1.0, 1.0, 1.0, 1.0, 0.0, 0.0, 1.0, 1.0, 1.0, 1.0, 1.0, 1.0, 0.0, 0.0, 0.0, 0.0, 0.006, 1.0, 0.006, 0.708, 0.298, 1.0, 0.298, 1.0, 1.0, 1.0, 1.0, 1.0, 0.0, 0.0, 0.0, 0.0, 1.0, 0.0, 1.0, 1.0, 1.0, 0.0, 0.0, 1.0, 0.0, 1.0, 1.0, 1.0, 0.0, 0.0, 0.0, 0.0, 1.0, 0.224, 1.0, 1.0, 0.776, 0.0, 0.224, 1.0, 1.0, 1.0, 1.0, 1.0, 0.0, 0.0, 0.0, 0.0, 1.0, 1.0, 0.0, 1.0, 1.0, 1.0, 0.0, 1.0, 1.0, 1.0, 1.0, 1.0, 0.0, 0.0, 0.0, 0.0, 1.0, 1.0, 1.0, 1.0, 1.0, 1.0, 1.0, 0.0, 1.0, 1.0, 1.0, 1.0, 0.0, 0.0, 0.0, 0.0, 0.0, 0.0, 0.0, 0.0, 0.0, 0.0, 0.0, 0.0, 1.0, 0.4865, 1.0, 1.0, 1.0, 0.0075, 0.4865, 1.0, 0.0225, 0.0, 0.0, 0.9775, 0.0, 0.0, 0.0, 0.0]",-419.18595103414617,844.9172517286268,-482.430437669722,964.860875339444,0.01,0.0,-5.545177444479562,2.0794415416798357,11.090354888959125,0.41703231205519414,-6.884063593348047,-16.635532333438686,16.94618101704404,33.27106466687737,0.5787520451143159,"[1.0, 1.0, 1.0, 1.0, 1.0, 0.0, 1.0, 0.0, 1.0, 1.0, 1.0, 1.0, 1.0, 1.0, 1.0, 0.0, 0.0, 0.0, 0.0, 0.0, 0.0, 0.0, 0.0, 0.0, 1.0, 1.0, 1.0, 1.0, 0.0, 0.0, 1.0, 0.0, 0.0, 0.0, 0.0, 0.0, 0.0, 1.0, 0.0, 0.0, 0.0, 0.0, 0.0, 0.0, 0.0, 0.0, 0.0, 0.0, 1.0, 1.0, 1.0, 1.0, 0.0, 0.0, 0.0, 0.0, 1.0, 1.0, 1.0, 1.0, 0.0, 0.0, 0.0, 0.0, 0.0, 0.0, 0.0, 0.0, 0.0, 1.0, 1.0, 0.0, 1.0, 1.0, 1.0, 1.0, 0.0, 0.0, 0.0, 0.0, 1.0, 1.0, 1.0, 1.0, 0.0, 0.0, 0.0, 0.0, 0.0, 0.0, 0.0, 0.0, 0.0, 0.0, 0.0, 0.0, 1.0, 1.0, 1.0, 1.0, 1.0, 1.0, 1.0, 0.0, 1.0, 1.0, 1.0, 1.0, 1.0, 0.0, 1.0, 0.0, 0.0, 1.0, 0.0, 0.0, 1.0, 1.0, 1.0, 0.0, 1.0, 1.0, 0.0, 1.0, 1.0, 0.0, 0.0, 0.0, 1.0, 1.0, 1.0, 0.0, 1.0, 1.0, 1.0, 1.0, 1.0, 1.0, 1.0, 1.0, 0.0, 0.0, 0.0, 0.0, 1.0, 1.0, 1.0, 0.0, 0.0, 0.0, 1.0, 0.0, 0.0, 0.0, 1.0, 0.0, 0.0, 0.0, 0.0, 0.0, 1.0, 1.0, 1.0, 0.0, 0.0, 0.0, 1.0, 0.0, 0.0, 0.0, 0.0, 1.0, 0.0, 0.0, 0.0, 0.0, 0.0, 0.0, 0.0, 1.0, 0.0, 0.0, 0.0, 0.0, 1.0, 1.0, 1.0, 1.0, 0.0, 0.0, 0.0, 0.0, 1.0, 1.0, 1.0, 0.0, 0.0, 0.0, 1.0, 0.0, 1.0, 1.0, 1.0, 1.0, 0.0, 0.0, 0.0, 0.0, 1.0, 1.0, 1.0, 1.0, 0.0, 0.0, 0.0, 0.0, 1.0, 1.0, 1.0, 1.0, 1.0, 1.0, 1.0, 0.0, 0.0, 0.0, 0.0, 0.0, 1.0, 0.0, 0.0, 0.0, 1.0, 1.0, 1.0, 1.0, 1.0, 1.0, 1.0, 1.0, 1.0, 1.0, 1.0, 1.0, 1.0, 1.0, 1.0, 0.0, 0.0, 0.0, 0.0, 0.0, 0.0, 0.0, 0.0, 0.0, 0.0, 1.0, 0.0, 1.0, 0.0, 1.0, 0.0, 1.0, 0.0, 0.0, 0.0, 1.0, 0.0, 0.0, 0.0, 0.0, 1.0, 1.0, 1.0, 0.0, 0.0, 0.0, 1.0, 0.0, 0.0, 0.0, 1.0, 0.0, 0.0, 0.0, 0.0, 0.0, 0.0, 1.0, 1.0, 1.0, 0.0, 0.0, 0.0, 0.0, 1.0, 1.0, 1.0, 0.0, 1.0, 1.0, 1.0, 1.0, 0.0, 0.0, 1.0, 0.0, 0.0, 0.0, 0.0, 0.0, 1.0, 1.0, 1.0, 1.0, 1.0, 1.0, 1.0, 0.0, 1.0, 1.0, 1.0, 1.0, 0.0, 0.0, 0.0, 0.0, 1.0, 1.0, 1.0, 1.0, 0.0, 0.0, 0.0, 0.0, 0.0, 1.0, 0.0, 0.0, 0.0, 0.0, 0.0, 0.0, 0.0, 0.0, 0.0, 0.0, 0.0, 0.0, 0.0, 0.0, 0.0, 0.0, 0.0, 0.0, 0.0, 0.0, 0.0, 0.0, 1.0, 1.0, 0.0, 1.0, 1.0, 0.0, 1.0, 0.0, 1.0, 1.0, 1.0, 1.0, 1.0, 0.0, 1.0, 1.0, 0.0, 0.0, 0.0, 0.0, 0.0, 1.0, 1.0, 0.0, 1.0, 0.0, 0.0, 1.0, 0.0, 0.0, 0.0, 0.0, 1.0, 1.0, 1.0, 0.0, 0.0, 0.0, 1.0, 0.0, 1.0, 1.0, 1.0, 0.0, 0.0, 0.0, 0.0, 0.0, 1.0, 1.0, 1.0, 1.0, 1.0, 1.0, 1.0, 0.0, 0.0, 0.0, 0.0, 0.0, 0.0, 0.0, 0.0, 0.0, 1.0, 0.0, 1.0, 0.0, 0.0, 0.0, 0.0, 0.0, 1.0, 1.0, 1.0, 1.0, 1.0, 1.0, 1.0, 0.0, 1.0, 1.0, 1.0, 1.0, 1.0, 1.0, 0.0, 1.0, 1.0, 1.0, 1.0, 1.0, 0.0, 0.0, 0.0, 0.0, 1.0, 1.0, 1.0, 1.0, 1.0, 1.0, 1.0, 0.0, 0.0, 1.0, 1.0, 1.0, 0.0, 0.0, 0.0, 0.0, 1.0, 1.0, 1.0, 1.0, 0.0, 0.0, 0.0, 0.0, 1.0, 0.0, 1.0, 0.0, 0.0, 0.0, 0.0, 0.0, 1.0, 1.0, 1.0, 1.0, 1.0, 0.0, 1.0, 0.0, 1.0, 1.0, 1.0, 0.0, 1.0, 1.0, 0.0, 1.0, 1.0, 1.0, 1.0, 1.0, 0.0, 0.0, 0.0, 0.0, 0.0, 0.0, 0.0, 0.0, 0.0, 0.0, 0.0, 0.0, 1.0, 1.0, 1.0, 1.0, 0.0, 0.0, 0.0, 0.0, 0.0, 0.0, 0.0, 0.0, 0.0, 0.0, 0.0, 0.0, 0.0, 0.0, 0.0, 0.0, 0.0, 0.0, 0.0, 0.0, 1.0, 1.0, 0.0, 0.0, 1.0, 1.0, 1.0, 1.0, 1.0, 1.0, 1.0, 1.0, 1.0, 1.0, 1.0, 1.0, 1.0, 1.0, 1.0, 1.0, 1.0, 0.0, 1.0, 1.0, 0.0, 1.0, 0.0, 1.0, 0.0, 1.0, 0.0, 0.0, 1.0, 1.0, 1.0, 1.0, 0.0, 0.0, 1.0, 0.0, 1.0, 1.0, 1.0, 1.0, 0.0, 0.0, 0.0, 0.0, 0.0, 0.0, 0.0, 1.0, 0.0, 0.0, 0.0, 0.0, 1.0, 1.0, 1.0, 1.0, 0.0, 0.0, 0.0, 0.0, 0.0, 1.0, 1.0, 1.0, 0.0, 1.0, 1.0, 0.0, 1.0, 1.0, 1.0, 1.0, 0.0, 0.0, 0.0, 0.0, 1.0, 0.0, 1.0, 1.0, 1.0, 0.0, 0.0, 1.0, 1.0, 1.0, 1.0, 1.0, 1.0, 1.0, 1.0, 0.0, 0.0, 1.0, 1.0, 1.0, 1.0, 1.0, 0.0, 0.0, 1.0, 1.0, 1.0, 1.0, 0.0, 0.0, 0.0, 0.0, 1.0, 1.0, 1.0, 0.0, 0.0, 0.0, 1.0, 0.0, 1.0, 1.0, 1.0, 1.0, 0.0, 0.0, 0.0, 0.0, 0.0, 0.0, 0.0, 0.0, 0.0, 0.0, 0.0, 0.0, 0.0, 0.0, 1.0, 1.0, 0.0, 0.0, 0.0, 0.0, 1.0, 1.0, 1.0, 1.0, 1.0, 0.0, 0.0, 1.0]",-295.2442605392121,597.0338707387587,-482.430437669722,964.860875339444,5.985760553857975,-16.55210228081335,36.28225839197465,1.2846122460949685,-433.45128860920846,873.4479268787513,True,True,True,False,True,0.875,0.625,0.625,0.625,0.625,0.625,0.625,0.5,0.625,0.625,0.5833333333333334,0.625,"Z.exists(lambda x1: Z.equal(x1,'blue','colour'),X)","Z.atleast(lambda x1: Z.equal(x1,'blue','colour'),1,X)","Z.exactly(lambda x1: Z.grequal(x1,2,'size'),2,X)","Z.atleast(lambda x1: Z.equal(x1,'blue','colour'),1,X)",0.625,0.625,0.625,0.5,0.625,0.7083333333333334,0.6982758620689655,0.6867816091954023,0.6954022988505747,0.6925287356321839,5.241379310344827,0,0,0,0,0,0
52,66,126,oCJaqaucjp,KA5-D_zR5aPJi-RyAAAH,Upsilon,none are upright,"[False, True, False, True, False, False, False, False]","[False, True, False, True, False, False, False, False]",0.75,0.75,There must be one purple cone pointing to the left.,[['x1']],"Z.exists(lambda x1: Z.and_operator(Z.equal(x1,'blue','colour'),Z.equal(x1,'lhs','orientation')),X)",There must be one purple cone pointing to the left.,"[{'ids': [0, 1, 2], 'colours': ['red', 'red', 'blue'], 'sizes': [3, 3, 1], 'xpos': [1.1125726083638094, 0.13458663264617698, 4.2500411668069225], 'ypos': [3.8061018462451717, 3.31319633054182, 3.8307506090986188], 'rotations': [3.7990796200046604, 4.45022285849046, 1.2121899680575183], 'orientations': ['strange', 'strange', 'lhs'], 'contact': [[0, 1], [1, 0], [2]], 'grounded': ['yes', 'no', 'yes'], 'follow_rule': True}, {'ids': [0, 1, 2], 'colours': ['red', 'red', 'green'], 'sizes': [3, 3, 1], 'xpos': [1.101073005902796, 3.141754402482854, 2.2219867091237937], 'ypos': [4.10851999978616, 3.6345761647016857, 3.826614144518022], 'rotations': [3.143078891370123, 5.03761034356687, 1.2107052900407285], 'orientations': ['upright', 'rhs', 'lhs'], 'contact': [[0], [1], [2]], 'grounded': ['yes', 'yes', 'yes'], 'follow_rule': False}, {'ids': [0, 1, 2], 'colours': ['blue', 'green', 'green'], 'sizes': [1, 1, 1], 'xpos': [1.397735280763762, 5.409679306406778, 2.7528847857173067], 'ypos': [4.107699401078667, 4.107438966332902, 4.1077975726603135], 'rotations': [3.1401460948914397, 3.142352702463134, 3.1431813943251585], 'orientations': ['upright', 'upright', 'upright'], 'contact': [[0], [1], [2]], 'grounded': ['yes', 'yes', 'yes'], 'follow_rule': False}, {'ids': [0, 1, 2], 'colours': ['red', 'blue', 'green'], 'sizes': [3, 2, 2], 'xpos': [6.324538966926207, 0.9715815426953098, 4.934056379986545], 'ypos': [4.107984785513974, 3.7296701922270805, 4.108102273114104], 'rotations': [3.1436143217464916, 1.232555566554628, 3.1441997039211156], 'orientations': ['upright', 'lhs', 'upright'], 'contact': [[0], [1], [2]], 'grounded': ['yes', 'yes', 'yes'], 'follow_rule': False}, {'ids': [0, 1, 2], 'colours': ['red', 'red', 'green'], 'sizes': [3, 3, 1], 'xpos': [2.9123968380055705, 1.9784949183024971, 4.993139129567717], 'ypos': [3.637493627392617, 3.620826868864302, 4.109902444241637], 'rotations': [5.0352042163613735, 4.927830922164596, 3.1357118782742273], 'orientations': ['rhs', 'rhs', 'upright'], 'contact': [[0, 1], [1, 0], [2]], 'grounded': ['yes', 'yes', 'yes'], 'follow_rule': False}, {'ids': [0, 1], 'colours': ['blue', 'blue'], 'sizes': [1, 2], 'xpos': [5.083028277298668, 2.457884948946366], 'ypos': [3.826578889913081, 3.729640197416018], 'rotations': [5.0737512073369615, 1.2325460893704638], 'orientations': ['rhs', 'lhs'], 'contact': [[0], [1]], 'grounded': ['yes', 'yes'], 'follow_rule': True}, {'ids': [0], 'colours': ['blue'], 'sizes': [1], 'xpos': [0.30944831771931264], 'ypos': [4.106990996951313], 'rotations': [3.142313566754704], 'orientations': ['upright'], 'contact': [[0]], 'grounded': ['yes'], 'follow_rule': False}, {'ids': [0], 'colours': ['blue'], 'sizes': [1], 'xpos': [3.68697321407505], 'ypos': [3.830243920092514], 'rotations': [1.2170335614773176], 'orientations': ['lhs'], 'contact': [[0]], 'grounded': ['yes'], 'follow_rule': True}, {'ids': [0, 1, 2, 3, 4, 5], 'colours': ['red', 'green', 'green', 'red', 'red', 'green'], 'sizes': [3, 3, 3, 1, 3, 1], 'xpos': [4.04539932046708, 6.25367104406576, 1.31220887489158, 2.54397206141056, 5.03680142626962, 2.83313903630872], 'ypos': [3.68714653723475, 3.68793264237984, 3.68536700039956, 3.87290072175348, 3.71647947714512, 3.32290442001056], 'rotations': [1.24459422608336, 1.24522470760537, 5.03721490711028, 4.41693289260746, 2.04844681297516, 1.27753534246253], 'contact': [[0, 4, 3], 1, 2, [3, 0, 5], [4, 0], [5, 3]], 'grounded': ['yes', 'yes', 'yes', 'yes', 'yes', 'no']}, {'ids': [0, 1, 2, 3], 'colours': ['green', 'red', 'blue', 'red'], 'sizes': [1, 3, 2, 2], 'xpos': [3.91130904169482, 5.46428515532996, 6.02804597253327, 2.75909465803677], 'ypos': [3.88039857557471, 3.68809661044642, 3.83039687351375, 3.76829024369344], 'rotations': [1.21554845923219, 5.037860999749, 2.523398913166, 4.53015371920961], 'contact': [{'V1': [0, 3], 'V2': [1, 2], 'V3': [2, 1], 'V4': [3, 0]}], 'grounded': ['yes', 'yes', 'no', 'yes']}, {'ids': [0, 1], 'colours': ['red', 'red'], 'sizes': [1, 1], 'xpos': [2.66334600794472, 1.80432622054734], 'ypos': [3.88090170709236, 3.87778384307705], 'rotations': [1.21239198245414, 4.35415315781273], 'contact': [{'V1': [0, 1], 'V2': [1, 0]}], 'grounded': ['yes', 'yes']}, {'ids': [0, 1, 2, 3, 4], 'colours': ['red', 'red', 'blue', 'blue', 'green'], 'sizes': [3, 3, 1, 1, 1], 'xpos': [1.85360354206331, 4.53707158711655, 2.22962536171588, 3.31491059447484, 3.75418292003644], 'ypos': [3.68810486672765, 3.68793278435064, 3.60822662705904, 3.84556069624473, 3.52884365217974], 'rotations': [5.03784882313905, 1.24522475821424, 2.57929284346434, 1.86403082200312, 2.07051561191284], 'contact': [[0, 3, 2], [1, 4, 3], [2, 0], [3, 0, 1, 4], [4, 1, 3]], 'grounded': ['yes', 'yes', 'no', 'no', 'no']}, {'ids': [0, 1, 2, 3, 4, 5, 6], 'colours': ['red', 'green', 'red', 'red', 'green', 'green', 'red'], 'sizes': [1, 3, 2, 3, 3, 2, 2], 'xpos': [3.25946614949676, 2.44588297516233, 5.88127197371132, 4.16563349275137, 0.72362012303879, 2.368329881437, 7.02789960687692], 'ypos': [3.95518911276486, 3.68824247585198, 4.15744335942523, 4.15757462621801, 3.67646349730594, 3.64875460383896, 3.78297829877943], 'rotations': [3.90055989251386, 1.24543827105161, 3.14018849938784, 3.14209271550925, 4.46919423935855, 4.5928664481854, 5.04768654725134], 'contact': [[0, 5], [1, 5, 4], 2, 3, [4, 1], [5, 0, 1], 6], 'grounded': ['yes', 'yes', 'yes', 'yes', 'yes', 'no', 'yes']}, {'ids': [0, 1, 2, 3, 4], 'colours': ['red', 'blue', 'green', 'green', 'red'], 'sizes': [2, 1, 3, 3, 3], 'xpos': [1.81709153920562, 5.97480057561886, 3.31338082383512, 4.38059628007586, 6.61025661823443], 'ypos': [3.77963548478066, 4.15709914239659, 4.15857486018002, 4.1579783197977, 3.68443952609824], 'rotations': [1.2339014812192, 3.13995537974587, 3.14125891347883, 3.1426763466907, 5.03874238310661], 'contact': [{'V1': 0, 'V2': 1, 'V3': 2, 'V4': 3, 'V5': 4}], 'grounded': ['yes', 'yes', 'yes', 'yes', 'yes']}, {'ids': [0, 1, 2, 3, 4], 'colours': ['red', 'red', 'red', 'green', 'red'], 'sizes': [2, 3, 1, 3, 3], 'xpos': [3.73841073372075, 3.73677173096754, 2.76148516662288, 4.77214062348621, 4.69143283396105], 'ypos': [4.16009367569396, 4.14643505860911, 4.15849207519273, 4.15973417931752, 3.17867488361144], 'rotations': [3.13742681162325, 3.12687131684704, 3.14631730814226, 3.13796262321945, 2.12453024265947], 'contact': [[0, 1], [1, 0, 4], 2, [3, 4], [4, 1, 3]], 'grounded': ['yes', 'no', 'yes', 'yes', 'no']}, {'ids': [0, 1], 'colours': ['blue', 'red'], 'sizes': [1, 3], 'xpos': [4.12725264721393, 2.49227679939128], 'ypos': [4.15816511179978, 3.68449947257032], 'rotations': [3.13776634013453, 5.03835652479557], 'contact': [{'V1': 0, 'V2': 1}], 'grounded': ['yes', 'yes']}]","[False, False, False, False, False, False, True, True]","[True, False, True, False, True, True, False, False]","[False, True, False, True, False, False, False, False]","[False, False, False, False, False, False, True, True]","[False, True, False, False, False, False, True, False]","[True, True, True, False, True, True, False, True]","[False, False, False, True, False, False, False, False]","[False, False, False, False, False, False, True, False]",0.5,0.25,0.0,-0.25,0.5,0.75,0.25,0.5,0.5,0.25,0.25,0.0,0.5,0.25,0.9102431057535886,-4.4986811569669065,-5.545177444479562,11.07680385561365,11.090354888959125,1.0,-11.535593664426898,-16.635532333438686,26.24924115920174,33.27106466687737,1.0502311195665048,"[1.0, 1.0, 1.0, 1.0, 1.0, 0.0, 1.0, 0.0, 1.0, 1.0, 1.0, 1.0, 1.0, 1.0, 1.0, 0.0135, 0.9530000000000001, 0.092, 0.5895, 0.5895, 1.0, 0.0, 0.0, 0.861, 1.0, 1.0, 1.0, 0.2925, 0.999, 0.999, 1.0, 0.7155, 0.0, 0.0, 1.0, 0.0, 0.0, 0.0, 1.0, 0.0, 0.0, 0.0, 1.0, 0.0, 0.0, 0.0, 1.0, 0.0, 1.0, 1.0, 1.0, 1.0, 0.0, 0.0, 0.0, 0.0, 1.0, 1.0, 1.0, 1.0, 0.935, 0.935, 0.935, 0.935, 1.0, 1.0, 1.0, 1.0, 0.0, 1.0, 0.0, 0.0, 0.0, 1.0, 1.0, 1.0, 1.0, 1.0, 1.0, 1.0, 1.0, 1.0, 1.0, 1.0, 0.0935, 0.0935, 0.0935, 0.0935, 1.0, 1.0, 1.0, 1.0, 1.0, 1.0, 1.0, 1.0, 1.0, 1.0, 1.0, 1.0, 1.0, 1.0, 1.0, 0.013000000000000001, 1.0, 1.0, 0.998, 1.0, 1.0, 0.002, 0.998, 0.002, 1.0, 1.0, 1.0, 1.0, 1.0, 1.0, 1.0, 0.0, 0.973, 1.0, 0.9530000000000001, 1.0, 0.8925000000000001, 0.9195, 0.17400000000000002, 0.201, 1.0, 1.0, 1.0, 1.0, 0.0, 0.0, 0.0, 0.0, 1.0, 1.0, 1.0, 0.24, 1.0, 1.0, 0.968, 1.0, 0.653, 0.653, 0.653, 1.0, 0.2535, 0.2535, 0.7035, 0.10300000000000001, 1.0, 1.0, 1.0, 1.0, 0.0, 1.0, 0.0, 0.0, 1.0, 1.0, 1.0, 0.012, 0.988, 0.988, 1.0, 1.0, 1.0, 0.0, 1.0, 1.0, 1.0, 0.0, 0.0, 1.0, 0.0, 0.0, 0.0, 1.0, 1.0, 0.0, 0.0, 0.0, 1.0, 1.0, 1.0, 1.0, 0.0, 0.0, 0.0, 0.0, 1.0, 1.0, 1.0, 1.0, 0.0, 0.0, 0.0, 0.0, 1.0, 1.0, 1.0, 1.0, 1.0, 1.0, 0.841, 1.0, 1.0, 1.0, 1.0, 1.0, 0.0, 0.0, 0.0, 0.0, 1.0, 1.0, 1.0, 1.0, 1.0, 1.0, 1.0, 0.0, 0.197, 0.0, 0.85, 0.653, 0.803, 0.0, 0.0, 0.0, 0.8525, 0.847, 0.9935, 0.847, 0.28300000000000003, 0.4305, 0.426, 0.426, 1.0, 1.0, 1.0, 1.0, 1.0, 1.0, 1.0, 0.0, 0.798, 1.0, 0.7995, 0.7995, 0.0275, 0.029, 0.2265, 0.1975, 1.0, 1.0, 1.0, 1.0, 0.0, 0.0, 0.0, 0.0, 0.862, 0.854, 0.8595, 0.8955000000000001, 0.045, 0.0005, 0.8695, 0.8505, 1.0, 1.0, 1.0, 0.022, 1.0, 1.0, 1.0, 0.978, 0.28400000000000003, 0.0145, 0.1885, 0.0275, 0.2755, 0.0, 0.0015, 0.013000000000000001, 0.0, 0.0, 0.0, 1.0, 1.0, 0.0, 0.0, 0.0, 1.0, 1.0, 1.0, 1.0, 0.0, 0.0, 0.0, 0.0, 1.0, 1.0, 1.0, 1.0, 1.0, 0.0, 1.0, 0.0, 1.0, 1.0, 1.0, 1.0, 1.0, 1.0, 1.0, 0.0, 1.0, 1.0, 1.0, 0.728, 0.8265, 0.5545, 0.5545, 0.8265, 1.0, 1.0, 1.0, 1.0, 1.0, 1.0, 1.0, 1.0, 1.0, 1.0, 1.0, 0.8715, 0.9365, 0.8695, 0.8695, 0.9365, 0.229, 0.229, 0.229, 0.229, 0.801, 0.03, 0.03, 0.801, 0.0, 0.0, 0.0, 1.0, 1.0, 0.0, 0.0, 0.0, 0.108, 0.114, 0.2315, 0.108, 0.114, 0.07050000000000001, 0.0495, 0.006, 1.0, 1.0, 1.0, 1.0, 0.0, 0.0, 0.0, 0.0, 0.8955000000000001, 0.895, 0.0115, 0.0, 0.883, 0.0, 0.0, 0.0, 1.0, 1.0, 1.0, 1.0, 0.0, 0.0, 0.0, 0.0, 0.902, 0.902, 0.902, 0.678, 0.88, 0.88, 0.902, 0.807, 1.0, 1.0, 1.0, 1.0, 0.0, 0.0, 0.0, 0.0, 1.0, 1.0, 1.0, 1.0, 1.0, 1.0, 1.0, 0.0, 1.0, 1.0, 1.0, 1.0, 0.0, 0.0, 0.0, 0.0, 1.0, 1.0, 1.0, 1.0, 0.008, 0.008, 0.008, 0.008, 1.0, 1.0, 1.0, 1.0, 1.0, 1.0, 1.0, 0.0, 1.0, 1.0, 1.0, 1.0, 1.0, 1.0, 0.6980000000000001, 1.0, 1.0, 1.0, 1.0, 1.0, 0.0, 0.0, 0.0, 0.0, 1.0, 1.0, 1.0, 1.0, 1.0, 1.0, 1.0, 0.0, 0.9530000000000001, 0.9530000000000001, 0.9530000000000001, 1.0, 1.0, 1.0, 0.641, 0.9530000000000001, 1.0, 1.0, 1.0, 1.0, 0.0, 0.0, 0.0, 0.0, 1.0, 1.0, 1.0, 1.0, 1.0, 1.0, 1.0, 1.0, 1.0, 1.0, 1.0, 1.0, 0.0, 0.0, 0.0, 0.0, 1.0, 1.0, 1.0, 1.0, 1.0, 1.0, 1.0, 1.0, 1.0, 1.0, 1.0, 1.0, 0.021500000000000002, 0.021500000000000002, 0.021500000000000002, 0.021500000000000002, 0.021500000000000002, 0.003, 0.02, 0.0095, 0.0095, 0.964, 0.9555, 0.0095, 1.0, 1.0, 1.0, 1.0, 1.0, 1.0, 1.0, 1.0, 1.0, 1.0, 1.0, 1.0, 0.0, 0.0, 0.0, 0.0, 1.0, 1.0, 1.0, 1.0, 0.0, 0.0, 1.0, 1.0, 1.0, 0.873, 0.198, 0.198, 1.0, 1.0, 0.6905, 1.0, 1.0, 1.0, 1.0, 1.0, 1.0, 1.0, 1.0, 0.0, 1.0, 0.999, 0.999, 1.0, 0.0025, 0.0025, 0.0025, 0.0025, 1.0, 1.0, 1.0, 1.0, 1.0, 0.686, 0.314, 0.0, 1.0, 1.0, 1.0, 1.0, 0.524, 0.524, 1.0, 0.47600000000000003, 1.0, 1.0, 1.0, 1.0, 0.008, 0.008, 0.008, 0.008, 0.9935, 0.9935, 0.9775, 0.9935, 0.9935, 0.0225, 0.988, 0.017, 1.0, 1.0, 1.0, 1.0, 0.0725, 0.0725, 0.0725, 0.0725, 0.041, 1.0, 1.0, 0.9590000000000001, 0.041, 0.9590000000000001, 1.0, 0.0, 0.7435, 0.9835, 0.7425, 0.986, 0.7435, 0.7435, 0.256, 0.987, 1.0, 0.005, 1.0, 1.0, 1.0, 0.005, 0.005, 1.0, 1.0, 1.0, 1.0, 1.0, 1.0, 1.0, 1.0, 0.0, 1.0, 1.0, 1.0, 1.0, 0.0, 0.0, 0.0, 0.0, 1.0, 1.0, 1.0, 1.0, 0.0, 0.0, 0.0, 0.0, 0.9705, 0.9705, 0.9145, 1.0, 0.8015, 0.8015, 0.9705, 0.7865, 1.0, 1.0, 1.0, 1.0, 0.0, 0.0, 0.0, 0.0, 1.0, 1.0, 1.0, 1.0, 0.0, 0.0, 0.0, 0.0, 1.0, 1.0, 1.0, 1.0, 0.0, 0.0, 0.0, 0.0, 1.0, 1.0, 1.0, 1.0, 1.0, 1.0, 1.0, 1.0]",-418.5875071169283,843.720363894191,-482.430437669722,964.860875339444,0.9102430794110984,-4.498681156966684,11.076803855613203,0.41703231205519414,-6.884063593348047,16.94618101704404,0.6334250289943713,"[1.0, 1.0, 1.0, 1.0, 1.0, 0.0, 1.0, 0.0, 1.0, 1.0, 1.0, 1.0, 1.0, 1.0, 1.0, 0.0, 0.0, 0.0, 0.0, 0.0, 0.0, 0.0, 0.0, 0.0, 1.0, 1.0, 1.0, 0.0, 0.0, 0.0, 1.0, 0.0, 0.0, 0.0, 1.0, 1.0, 0.0, 1.0, 1.0, 1.0, 1.0, 1.0, 1.0, 1.0, 0.0, 0.0, 1.0, 1.0, 1.0, 1.0, 1.0, 1.0, 0.0, 0.0, 0.0, 0.0, 1.0, 1.0, 1.0, 1.0, 0.0, 0.0, 0.0, 0.0, 0.0, 0.0, 0.0, 0.0, 0.0, 1.0, 1.0, 0.0, 1.0, 1.0, 1.0, 1.0, 0.0, 0.0, 0.0, 0.0, 1.0, 1.0, 1.0, 1.0, 0.0, 0.0, 0.0, 0.0, 1.0, 1.0, 1.0, 1.0, 1.0, 1.0, 0.0, 1.0, 1.0, 1.0, 1.0, 1.0, 1.0, 1.0, 1.0, 0.0, 1.0, 1.0, 1.0, 1.0, 1.0, 0.0, 1.0, 0.0, 0.0, 1.0, 0.0, 0.0, 1.0, 1.0, 1.0, 0.0, 1.0, 1.0, 0.0, 1.0, 1.0, 0.0, 0.0, 0.0, 1.0, 1.0, 1.0, 0.0, 1.0, 1.0, 1.0, 1.0, 1.0, 1.0, 1.0, 1.0, 0.0, 0.0, 0.0, 0.0, 1.0, 1.0, 1.0, 0.0, 0.0, 0.0, 1.0, 0.0, 0.0, 0.0, 1.0, 0.0, 0.0, 0.0, 0.0, 0.0, 1.0, 1.0, 1.0, 0.0, 0.0, 0.0, 1.0, 0.0, 0.0, 0.0, 0.0, 1.0, 0.0, 0.0, 0.0, 0.0, 0.0, 0.0, 0.0, 1.0, 0.0, 0.0, 0.0, 0.0, 1.0, 1.0, 1.0, 1.0, 0.0, 0.0, 0.0, 0.0, 1.0, 1.0, 1.0, 0.0, 0.0, 0.0, 1.0, 0.0, 1.0, 1.0, 1.0, 1.0, 0.0, 0.0, 0.0, 0.0, 1.0, 1.0, 1.0, 1.0, 0.0, 0.0, 0.0, 0.0, 1.0, 1.0, 1.0, 1.0, 1.0, 1.0, 1.0, 0.0, 0.0, 0.0, 0.0, 0.0, 1.0, 0.0, 0.0, 0.0, 1.0, 1.0, 1.0, 1.0, 1.0, 1.0, 1.0, 1.0, 1.0, 1.0, 1.0, 1.0, 1.0, 1.0, 1.0, 0.0, 0.0, 0.0, 0.0, 0.0, 0.0, 0.0, 0.0, 0.0, 0.0, 1.0, 0.0, 1.0, 0.0, 1.0, 0.0, 1.0, 0.0, 0.0, 0.0, 1.0, 0.0, 0.0, 0.0, 0.0, 1.0, 1.0, 1.0, 0.0, 0.0, 0.0, 1.0, 0.0, 1.0, 1.0, 1.0, 1.0, 1.0, 0.0, 1.0, 0.0, 0.0, 1.0, 1.0, 1.0, 0.0, 0.0, 0.0, 0.0, 1.0, 1.0, 1.0, 0.0, 1.0, 1.0, 1.0, 1.0, 0.0, 1.0, 1.0, 1.0, 0.0, 0.0, 0.0, 0.0, 1.0, 1.0, 1.0, 1.0, 1.0, 1.0, 1.0, 0.0, 1.0, 1.0, 1.0, 1.0, 0.0, 0.0, 0.0, 0.0, 1.0, 1.0, 1.0, 1.0, 0.0, 0.0, 0.0, 0.0, 0.0, 1.0, 0.0, 0.0, 0.0, 0.0, 0.0, 0.0, 1.0, 1.0, 1.0, 1.0, 1.0, 0.0, 1.0, 1.0, 0.0, 0.0, 0.0, 0.0, 0.0, 1.0, 1.0, 0.0, 1.0, 1.0, 1.0, 1.0, 1.0, 0.0, 1.0, 0.0, 1.0, 1.0, 1.0, 1.0, 1.0, 0.0, 1.0, 1.0, 0.0, 0.0, 0.0, 0.0, 0.0, 1.0, 1.0, 0.0, 1.0, 0.0, 0.0, 1.0, 0.0, 0.0, 0.0, 0.0, 1.0, 1.0, 1.0, 0.0, 0.0, 0.0, 1.0, 0.0, 1.0, 1.0, 1.0, 0.0, 0.0, 0.0, 0.0, 0.0, 1.0, 1.0, 1.0, 1.0, 1.0, 1.0, 1.0, 0.0, 0.0, 0.0, 0.0, 0.0, 0.0, 0.0, 0.0, 0.0, 1.0, 0.0, 1.0, 0.0, 0.0, 0.0, 0.0, 0.0, 1.0, 1.0, 1.0, 1.0, 1.0, 1.0, 1.0, 0.0, 1.0, 1.0, 1.0, 1.0, 1.0, 1.0, 0.0, 1.0, 1.0, 1.0, 1.0, 1.0, 0.0, 0.0, 0.0, 0.0, 1.0, 1.0, 1.0, 1.0, 1.0, 1.0, 1.0, 0.0, 0.0, 1.0, 1.0, 1.0, 0.0, 0.0, 0.0, 0.0, 1.0, 1.0, 1.0, 1.0, 0.0, 0.0, 0.0, 0.0, 1.0, 0.0, 1.0, 0.0, 0.0, 0.0, 0.0, 0.0, 1.0, 1.0, 1.0, 1.0, 1.0, 0.0, 1.0, 0.0, 1.0, 1.0, 1.0, 0.0, 1.0, 1.0, 0.0, 1.0, 1.0, 1.0, 1.0, 1.0, 0.0, 0.0, 0.0, 0.0, 0.0, 0.0, 0.0, 0.0, 0.0, 1.0, 0.0, 0.0, 1.0, 1.0, 1.0, 1.0, 0.0, 0.0, 0.0, 0.0, 0.0, 0.0, 0.0, 0.0, 0.0, 0.0, 0.0, 0.0, 1.0, 0.0, 1.0, 0.0, 0.0, 0.0, 0.0, 0.0, 1.0, 1.0, 0.0, 0.0, 1.0, 1.0, 1.0, 1.0, 1.0, 1.0, 1.0, 1.0, 1.0, 1.0, 1.0, 1.0, 1.0, 1.0, 1.0, 1.0, 1.0, 0.0, 1.0, 1.0, 0.0, 1.0, 0.0, 1.0, 0.0, 1.0, 0.0, 0.0, 1.0, 1.0, 1.0, 1.0, 0.0, 0.0, 1.0, 0.0, 1.0, 1.0, 1.0, 1.0, 0.0, 0.0, 0.0, 0.0, 0.0, 0.0, 0.0, 1.0, 0.0, 0.0, 0.0, 0.0, 1.0, 1.0, 1.0, 1.0, 0.0, 0.0, 0.0, 0.0, 0.0, 1.0, 1.0, 1.0, 0.0, 1.0, 1.0, 0.0, 1.0, 1.0, 1.0, 1.0, 0.0, 0.0, 0.0, 0.0, 1.0, 0.0, 1.0, 1.0, 1.0, 0.0, 0.0, 1.0, 1.0, 1.0, 1.0, 1.0, 1.0, 1.0, 1.0, 0.0, 0.0, 1.0, 1.0, 1.0, 1.0, 1.0, 0.0, 0.0, 1.0, 1.0, 1.0, 1.0, 0.0, 0.0, 0.0, 0.0, 1.0, 1.0, 1.0, 0.0, 0.0, 0.0, 1.0, 0.0, 1.0, 1.0, 1.0, 1.0, 0.0, 0.0, 0.0, 0.0, 0.0, 0.0, 0.0, 0.0, 0.0, 0.0, 0.0, 0.0, 0.0, 1.0, 0.0, 1.0, 0.0, 1.0, 1.0, 0.0, 1.0, 1.0, 1.0, 1.0, 1.0, 0.0, 0.0, 1.0]",-318.3726801373107,643.2907099349558,0.9102430794110984,-4.498681156966684,-5.545177444479562,11.076803855613203,11.090354888959125,0.41703231205519414,-6.884063593348047,-16.635532333438686,16.94618101704404,33.27106466687737,0.6173530694834558,"[1.0, 1.0, 1.0, 1.0, 1.0, 0.0, 1.0, 0.0, 1.0, 1.0, 1.0, 1.0, 1.0, 1.0, 1.0, 0.0, 0.0, 0.0, 0.0, 0.0, 0.0, 0.0, 0.0, 0.0, 1.0, 1.0, 1.0, 0.0, 0.0, 0.0, 1.0, 0.0, 0.0, 0.0, 1.0, 1.0, 0.0, 1.0, 1.0, 1.0, 0.0, 0.0, 0.0, 0.0, 0.0, 0.0, 0.0, 0.0, 1.0, 1.0, 1.0, 1.0, 0.0, 0.0, 0.0, 0.0, 1.0, 1.0, 1.0, 1.0, 0.0, 0.0, 0.0, 0.0, 0.0, 0.0, 0.0, 0.0, 0.0, 1.0, 1.0, 0.0, 0.0, 0.0, 0.0, 1.0, 0.0, 0.0, 0.0, 0.0, 1.0, 1.0, 1.0, 1.0, 0.0, 0.0, 0.0, 0.0, 0.0, 0.0, 0.0, 0.0, 1.0, 1.0, 0.0, 1.0, 1.0, 1.0, 1.0, 1.0, 1.0, 1.0, 1.0, 0.0, 1.0, 1.0, 1.0, 1.0, 1.0, 0.0, 1.0, 0.0, 0.0, 1.0, 0.0, 0.0, 1.0, 1.0, 1.0, 0.0, 1.0, 1.0, 0.0, 1.0, 1.0, 0.0, 0.0, 0.0, 1.0, 1.0, 1.0, 0.0, 1.0, 1.0, 1.0, 1.0, 1.0, 1.0, 1.0, 1.0, 0.0, 0.0, 0.0, 0.0, 1.0, 1.0, 1.0, 0.0, 0.0, 0.0, 1.0, 0.0, 0.0, 0.0, 1.0, 0.0, 0.0, 0.0, 0.0, 0.0, 1.0, 1.0, 1.0, 0.0, 0.0, 0.0, 1.0, 0.0, 0.0, 0.0, 0.0, 1.0, 0.0, 0.0, 0.0, 0.0, 0.0, 0.0, 0.0, 1.0, 0.0, 0.0, 0.0, 0.0, 1.0, 1.0, 1.0, 1.0, 0.0, 0.0, 0.0, 0.0, 1.0, 1.0, 1.0, 0.0, 0.0, 0.0, 1.0, 0.0, 1.0, 1.0, 1.0, 1.0, 0.0, 0.0, 0.0, 0.0, 1.0, 1.0, 1.0, 1.0, 0.0, 0.0, 0.0, 0.0, 1.0, 1.0, 1.0, 1.0, 1.0, 1.0, 1.0, 0.0, 0.0, 0.0, 0.0, 0.0, 1.0, 0.0, 0.0, 0.0, 1.0, 1.0, 1.0, 1.0, 1.0, 1.0, 1.0, 1.0, 1.0, 1.0, 1.0, 1.0, 1.0, 1.0, 1.0, 0.0, 0.0, 0.0, 0.0, 0.0, 0.0, 0.0, 0.0, 0.0, 0.0, 1.0, 0.0, 1.0, 0.0, 1.0, 0.0, 1.0, 0.0, 0.0, 0.0, 1.0, 0.0, 0.0, 0.0, 0.0, 1.0, 1.0, 1.0, 0.0, 0.0, 0.0, 1.0, 0.0, 1.0, 1.0, 1.0, 1.0, 1.0, 0.0, 1.0, 0.0, 0.0, 1.0, 1.0, 1.0, 0.0, 0.0, 0.0, 0.0, 1.0, 1.0, 1.0, 0.0, 1.0, 1.0, 1.0, 1.0, 0.0, 1.0, 1.0, 1.0, 0.0, 0.0, 0.0, 0.0, 1.0, 1.0, 1.0, 1.0, 1.0, 1.0, 1.0, 0.0, 1.0, 1.0, 1.0, 1.0, 0.0, 0.0, 0.0, 0.0, 1.0, 1.0, 1.0, 1.0, 0.0, 0.0, 0.0, 0.0, 0.0, 1.0, 0.0, 0.0, 0.0, 0.0, 0.0, 0.0, 0.0, 0.0, 0.0, 0.0, 0.0, 0.0, 0.0, 0.0, 1.0, 0.0, 1.0, 1.0, 1.0, 0.0, 0.0, 1.0, 1.0, 1.0, 1.0, 1.0, 1.0, 0.0, 1.0, 0.0, 1.0, 1.0, 1.0, 1.0, 1.0, 0.0, 1.0, 1.0, 0.0, 0.0, 0.0, 0.0, 0.0, 1.0, 1.0, 0.0, 1.0, 0.0, 0.0, 1.0, 0.0, 0.0, 0.0, 0.0, 1.0, 1.0, 1.0, 0.0, 0.0, 0.0, 1.0, 0.0, 1.0, 1.0, 1.0, 0.0, 0.0, 0.0, 0.0, 0.0, 1.0, 1.0, 1.0, 1.0, 1.0, 1.0, 1.0, 0.0, 0.0, 0.0, 0.0, 0.0, 0.0, 0.0, 0.0, 0.0, 1.0, 0.0, 1.0, 0.0, 0.0, 0.0, 0.0, 0.0, 1.0, 1.0, 1.0, 1.0, 1.0, 1.0, 1.0, 0.0, 1.0, 1.0, 1.0, 1.0, 1.0, 1.0, 0.0, 1.0, 1.0, 1.0, 1.0, 1.0, 0.0, 0.0, 0.0, 0.0, 1.0, 1.0, 1.0, 1.0, 1.0, 1.0, 1.0, 0.0, 0.0, 1.0, 1.0, 1.0, 0.0, 0.0, 0.0, 0.0, 1.0, 1.0, 1.0, 1.0, 0.0, 0.0, 0.0, 0.0, 1.0, 0.0, 1.0, 0.0, 0.0, 0.0, 0.0, 0.0, 1.0, 1.0, 1.0, 1.0, 1.0, 0.0, 1.0, 0.0, 1.0, 1.0, 1.0, 0.0, 1.0, 1.0, 0.0, 1.0, 1.0, 1.0, 1.0, 1.0, 0.0, 0.0, 0.0, 0.0, 0.0, 0.0, 0.0, 0.0, 0.0, 1.0, 0.0, 0.0, 1.0, 1.0, 1.0, 1.0, 0.0, 0.0, 0.0, 0.0, 0.0, 0.0, 0.0, 0.0, 0.0, 0.0, 0.0, 0.0, 1.0, 0.0, 1.0, 0.0, 0.0, 0.0, 0.0, 0.0, 1.0, 1.0, 0.0, 0.0, 1.0, 1.0, 1.0, 1.0, 1.0, 1.0, 1.0, 1.0, 1.0, 1.0, 1.0, 1.0, 1.0, 1.0, 1.0, 1.0, 1.0, 0.0, 1.0, 1.0, 0.0, 1.0, 0.0, 1.0, 0.0, 1.0, 0.0, 0.0, 1.0, 1.0, 1.0, 1.0, 0.0, 0.0, 1.0, 0.0, 1.0, 1.0, 1.0, 1.0, 0.0, 0.0, 0.0, 0.0, 0.0, 0.0, 0.0, 1.0, 0.0, 0.0, 0.0, 0.0, 1.0, 1.0, 1.0, 1.0, 0.0, 0.0, 0.0, 0.0, 0.0, 1.0, 1.0, 1.0, 0.0, 1.0, 1.0, 0.0, 1.0, 1.0, 1.0, 1.0, 0.0, 0.0, 0.0, 0.0, 1.0, 0.0, 1.0, 1.0, 1.0, 0.0, 0.0, 1.0, 1.0, 1.0, 1.0, 1.0, 1.0, 1.0, 1.0, 0.0, 0.0, 0.0, 1.0, 0.0, 0.0, 1.0, 0.0, 0.0, 1.0, 1.0, 1.0, 1.0, 0.0, 0.0, 0.0, 0.0, 1.0, 1.0, 1.0, 0.0, 0.0, 0.0, 1.0, 0.0, 1.0, 1.0, 1.0, 1.0, 0.0, 0.0, 0.0, 0.0, 0.0, 0.0, 0.0, 0.0, 0.0, 0.0, 0.0, 0.0, 0.0, 1.0, 0.0, 1.0, 0.0, 1.0, 1.0, 0.0, 1.0, 1.0, 1.0, 1.0, 1.0, 0.0, 0.0, 1.0]",-311.9759791000219,630.4973078603782,-482.430437669722,964.860875339444,1.9575792222330917,-5.292505905346438,-5.545177444479562,12.664453352372712,11.090354888959125,3.3270594656625176,-16.398217269457795,-16.635532333438686,35.97448836926354,33.27106466687737,1.0908740239314543,"[0.0, 0.0, 1.0, 0.0, 0.0, 0.0, 0.0, 0.0, 1.0, 1.0, 1.0, 1.0, 0.877, 0.877, 0.877, 0.0, 1.0, 0.259, 1.0, 1.0, 0.8015, 0.0, 0.259, 1.0, 1.0, 1.0, 1.0, 1.0, 1.0, 1.0, 1.0, 0.0, 0.0, 0.0, 1.0, 0.0, 0.0, 0.0, 1.0, 0.0, 0.0, 0.0, 1.0, 0.0, 0.0, 0.0, 1.0, 0.0, 0.0, 0.0, 0.0, 0.0775, 0.0, 0.0, 0.1635, 0.47100000000000003, 1.0, 1.0, 1.0, 1.0, 0.0, 0.0, 0.0, 0.0, 0.0, 0.0, 0.0, 0.0, 0.0, 0.0, 0.0, 0.0, 1.0, 1.0, 1.0, 1.0, 1.0, 1.0, 1.0, 0.0, 1.0, 1.0, 1.0, 1.0, 0.0, 0.0, 0.0, 0.0, 0.0, 0.0, 0.0, 0.0, 0.0, 0.113, 0.113, 0.0, 0.0, 0.0, 0.0, 1.0, 0.0, 0.0, 0.0, 0.0, 1.0, 1.0, 1.0, 1.0, 0.0, 0.0, 0.0, 0.0, 0.9995, 1.0, 1.0, 0.663, 1.0, 1.0, 1.0, 0.353, 1.0, 1.0, 1.0, 1.0, 0.082, 0.082, 0.0, 0.0, 0.973, 1.0, 0.7655000000000001, 0.605, 0.973, 1.0, 1.0, 0.368, 0.0, 0.0, 1.0, 0.0, 1.0, 0.0, 1.0, 0.0, 1.0, 1.0, 1.0, 1.0, 0.0, 0.0, 1.0, 0.0, 1.0, 1.0, 1.0, 1.0, 0.0, 0.9465, 0.0, 0.0, 0.666, 1.0, 0.666, 0.666, 0.0, 0.0, 0.7975, 0.0, 0.0, 0.9430000000000001, 0.0, 1.0, 1.0, 0.0, 0.0, 0.0, 0.0, 1.0, 0.0, 0.0, 0.0, 0.0, 0.0, 0.0, 1.0, 1.0, 1.0, 1.0, 0.0, 0.0, 0.0, 0.0, 1.0, 1.0, 1.0, 1.0, 1.0, 1.0, 1.0, 0.0005, 1.0, 1.0, 1.0, 1.0, 1.0, 1.0, 0.0, 1.0, 1.0, 1.0, 1.0, 1.0, 0.0, 0.0, 0.0, 0.0, 1.0, 1.0, 1.0, 1.0, 1.0, 1.0, 1.0, 0.0, 1.0, 0.0, 1.0, 0.0, 0.0, 0.0, 0.0, 0.0, 0.0, 1.0, 0.0, 1.0, 0.0, 1.0, 0.0, 1.0, 1.0, 1.0, 1.0, 1.0, 1.0, 1.0, 1.0, 0.0, 1.0, 0.0, 1.0, 1.0, 1.0, 0.0, 0.0, 1.0, 1.0, 1.0, 1.0, 1.0, 1.0, 1.0, 1.0, 1.0, 0.0, 0.9580000000000001, 0.0, 0.0, 0.0, 0.0, 0.0045000000000000005, 0.0, 0.0, 0.0, 0.0, 0.0, 0.0, 0.0, 0.0, 1.0, 0.0, 0.0, 0.0005, 0.0, 0.0, 0.0, 0.0, 0.0, 0.0, 1.0, 0.0, 0.0, 0.0, 0.0, 0.0, 0.0, 1.0, 1.0, 1.0, 0.001, 0.001, 0.001, 1.0, 0.0, 0.0, 0.0, 0.6225, 0.0, 0.0, 0.0, 0.0, 0.0, 1.0, 1.0, 1.0, 1.0, 0.0, 0.0, 0.0, 0.0, 0.0, 0.0, 0.0, 0.0, 0.0, 0.0, 0.0, 0.0, 1.0, 1.0, 1.0, 1.0, 1.0, 1.0, 1.0, 0.0, 0.0, 0.0, 0.0, 1.0, 0.0, 0.0, 1.0, 0.0, 1.0, 1.0, 1.0, 1.0, 0.0, 0.0, 0.0, 0.0, 0.0, 1.0, 0.0, 0.0, 1.0, 0.0, 0.0, 1.0, 1.0, 1.0, 1.0, 1.0, 0.0, 0.0, 0.0, 0.0, 1.0, 1.0, 1.0, 1.0, 1.0, 0.0, 1.0, 1.0, 0.0, 0.0005, 0.0, 0.0, 0.0, 0.38, 0.0, 0.0, 1.0, 1.0, 1.0, 1.0, 0.0, 0.0, 0.0, 0.0, 1.0, 1.0, 1.0, 0.999, 1.0, 1.0, 1.0, 0.0195, 1.0, 1.0, 1.0, 1.0, 0.0, 0.0, 0.0, 0.0, 0.0, 0.6285000000000001, 0.0, 0.328, 0.0, 0.0, 0.6285000000000001, 0.0, 0.0, 0.0, 0.0, 0.0, 0.0, 0.0, 0.0, 1.0, 1.0, 1.0, 1.0, 1.0, 0.0, 0.0, 0.0, 0.0, 1.0, 1.0, 1.0, 1.0, 1.0, 1.0, 1.0, 0.0, 1.0, 1.0, 1.0, 1.0, 1.0, 1.0, 0.0375, 1.0, 1.0, 1.0, 1.0, 1.0, 0.0, 0.0, 0.0, 0.0, 1.0, 1.0, 1.0, 1.0, 1.0, 1.0, 1.0, 0.0, 1.0, 1.0, 1.0, 1.0, 1.0, 1.0, 0.0, 1.0, 1.0, 1.0, 1.0, 1.0, 0.0, 0.0, 0.0, 0.0, 1.0, 1.0, 1.0, 1.0, 1.0, 1.0, 1.0, 1.0, 0.0, 0.0, 0.4395, 0.0, 0.0, 0.0, 0.001, 1.0, 0.0, 0.0, 0.0, 0.0, 0.0, 0.0, 0.0, 0.0, 1.0, 1.0, 1.0, 0.0, 1.0, 0.0, 0.0, 1.0, 0.0, 0.0, 1.0, 1.0, 1.0, 0.0, 0.0, 0.0, 0.0, 0.0, 0.0, 0.0, 0.0, 0.0, 0.0, 0.0, 1.0, 1.0, 1.0, 1.0, 0.0, 0.0, 0.0, 0.0, 0.0, 0.0, 0.0, 0.0, 0.0, 1.0, 0.0, 0.0, 1.0, 1.0, 1.0, 1.0, 0.0, 0.4945, 0.0, 0.0, 1.0, 1.0, 1.0, 1.0, 0.0, 0.0, 1.0, 1.0, 1.0, 1.0, 1.0, 1.0, 0.0, 0.0, 0.0, 0.0, 1.0, 1.0, 1.0, 1.0, 1.0, 0.704, 0.296, 0.0, 1.0, 1.0, 1.0, 1.0, 0.0, 0.0, 1.0, 1.0, 1.0, 1.0, 1.0, 1.0, 0.0, 0.0, 0.0, 0.0, 0.006, 1.0, 0.006, 0.708, 0.298, 1.0, 0.298, 1.0, 1.0, 1.0, 1.0, 1.0, 0.0, 0.0, 0.0, 0.0, 1.0, 0.0, 1.0, 1.0, 1.0, 0.0, 0.0, 1.0, 0.0, 1.0, 1.0, 1.0, 0.0, 0.0, 0.0, 0.0, 1.0, 0.224, 1.0, 1.0, 0.776, 0.0, 0.224, 1.0, 1.0, 1.0, 1.0, 1.0, 0.0, 0.0, 0.0, 0.0, 1.0, 1.0, 0.0, 1.0, 1.0, 1.0, 0.0, 1.0, 1.0, 1.0, 1.0, 1.0, 0.0, 0.0, 0.0, 0.0, 1.0, 1.0, 1.0, 1.0, 1.0, 1.0, 1.0, 0.0, 1.0, 1.0, 1.0, 1.0, 0.0, 0.0, 0.0, 0.0, 0.0, 0.0, 0.0, 0.0, 0.0, 0.0, 0.0, 0.0, 1.0, 0.4865, 1.0, 1.0, 1.0, 0.0075, 0.4865, 1.0, 0.0225, 0.0, 0.0, 0.9775, 0.0, 0.0, 0.0, 0.0]",-419.18595103414617,844.9172517286268,-482.430437669722,964.860875339444,0.9102430794110984,-4.498681156966684,-5.545177444479562,11.076803855613203,11.090354888959125,0.41703231205519414,-6.884063593348047,-16.635532333438686,16.94618101704404,33.27106466687737,0.5787520451143159,"[1.0, 1.0, 1.0, 1.0, 1.0, 0.0, 1.0, 0.0, 1.0, 1.0, 1.0, 1.0, 1.0, 1.0, 1.0, 0.0, 0.0, 0.0, 0.0, 0.0, 0.0, 0.0, 0.0, 0.0, 1.0, 1.0, 1.0, 1.0, 0.0, 0.0, 1.0, 0.0, 0.0, 0.0, 0.0, 0.0, 0.0, 1.0, 0.0, 0.0, 0.0, 0.0, 0.0, 0.0, 0.0, 0.0, 0.0, 0.0, 1.0, 1.0, 1.0, 1.0, 0.0, 0.0, 0.0, 0.0, 1.0, 1.0, 1.0, 1.0, 0.0, 0.0, 0.0, 0.0, 0.0, 0.0, 0.0, 0.0, 0.0, 1.0, 1.0, 0.0, 1.0, 1.0, 1.0, 1.0, 0.0, 0.0, 0.0, 0.0, 1.0, 1.0, 1.0, 1.0, 0.0, 0.0, 0.0, 0.0, 0.0, 0.0, 0.0, 0.0, 0.0, 0.0, 0.0, 0.0, 1.0, 1.0, 1.0, 1.0, 1.0, 1.0, 1.0, 0.0, 1.0, 1.0, 1.0, 1.0, 1.0, 0.0, 1.0, 0.0, 0.0, 1.0, 0.0, 0.0, 1.0, 1.0, 1.0, 0.0, 1.0, 1.0, 0.0, 1.0, 1.0, 0.0, 0.0, 0.0, 1.0, 1.0, 1.0, 0.0, 1.0, 1.0, 1.0, 1.0, 1.0, 1.0, 1.0, 1.0, 0.0, 0.0, 0.0, 0.0, 1.0, 1.0, 1.0, 0.0, 0.0, 0.0, 1.0, 0.0, 0.0, 0.0, 1.0, 0.0, 0.0, 0.0, 0.0, 0.0, 1.0, 1.0, 1.0, 0.0, 0.0, 0.0, 1.0, 0.0, 0.0, 0.0, 0.0, 1.0, 0.0, 0.0, 0.0, 0.0, 0.0, 0.0, 0.0, 1.0, 0.0, 0.0, 0.0, 0.0, 1.0, 1.0, 1.0, 1.0, 0.0, 0.0, 0.0, 0.0, 1.0, 1.0, 1.0, 0.0, 0.0, 0.0, 1.0, 0.0, 1.0, 1.0, 1.0, 1.0, 0.0, 0.0, 0.0, 0.0, 1.0, 1.0, 1.0, 1.0, 0.0, 0.0, 0.0, 0.0, 1.0, 1.0, 1.0, 1.0, 1.0, 1.0, 1.0, 0.0, 0.0, 0.0, 0.0, 0.0, 1.0, 0.0, 0.0, 0.0, 1.0, 1.0, 1.0, 1.0, 1.0, 1.0, 1.0, 1.0, 1.0, 1.0, 1.0, 1.0, 1.0, 1.0, 1.0, 0.0, 0.0, 0.0, 0.0, 0.0, 0.0, 0.0, 0.0, 0.0, 0.0, 1.0, 0.0, 1.0, 0.0, 1.0, 0.0, 1.0, 0.0, 0.0, 0.0, 1.0, 0.0, 0.0, 0.0, 0.0, 1.0, 1.0, 1.0, 0.0, 0.0, 0.0, 1.0, 0.0, 0.0, 0.0, 1.0, 0.0, 0.0, 0.0, 0.0, 0.0, 0.0, 1.0, 1.0, 1.0, 0.0, 0.0, 0.0, 0.0, 1.0, 1.0, 1.0, 0.0, 1.0, 1.0, 1.0, 1.0, 0.0, 0.0, 1.0, 0.0, 0.0, 0.0, 0.0, 0.0, 1.0, 1.0, 1.0, 1.0, 1.0, 1.0, 1.0, 0.0, 1.0, 1.0, 1.0, 1.0, 0.0, 0.0, 0.0, 0.0, 1.0, 1.0, 1.0, 1.0, 0.0, 0.0, 0.0, 0.0, 0.0, 1.0, 0.0, 0.0, 0.0, 0.0, 0.0, 0.0, 0.0, 0.0, 0.0, 0.0, 0.0, 0.0, 0.0, 0.0, 0.0, 0.0, 0.0, 0.0, 0.0, 0.0, 0.0, 0.0, 1.0, 1.0, 0.0, 1.0, 1.0, 0.0, 1.0, 0.0, 1.0, 1.0, 1.0, 1.0, 1.0, 0.0, 1.0, 1.0, 0.0, 0.0, 0.0, 0.0, 0.0, 1.0, 1.0, 0.0, 1.0, 0.0, 0.0, 1.0, 0.0, 0.0, 0.0, 0.0, 1.0, 1.0, 1.0, 0.0, 0.0, 0.0, 1.0, 0.0, 1.0, 1.0, 1.0, 0.0, 0.0, 0.0, 0.0, 0.0, 1.0, 1.0, 1.0, 1.0, 1.0, 1.0, 1.0, 0.0, 0.0, 0.0, 0.0, 0.0, 0.0, 0.0, 0.0, 0.0, 1.0, 0.0, 1.0, 0.0, 0.0, 0.0, 0.0, 0.0, 1.0, 1.0, 1.0, 1.0, 1.0, 1.0, 1.0, 0.0, 1.0, 1.0, 1.0, 1.0, 1.0, 1.0, 0.0, 1.0, 1.0, 1.0, 1.0, 1.0, 0.0, 0.0, 0.0, 0.0, 1.0, 1.0, 1.0, 1.0, 1.0, 1.0, 1.0, 0.0, 0.0, 1.0, 1.0, 1.0, 0.0, 0.0, 0.0, 0.0, 1.0, 1.0, 1.0, 1.0, 0.0, 0.0, 0.0, 0.0, 1.0, 0.0, 1.0, 0.0, 0.0, 0.0, 0.0, 0.0, 1.0, 1.0, 1.0, 1.0, 1.0, 0.0, 1.0, 0.0, 1.0, 1.0, 1.0, 0.0, 1.0, 1.0, 0.0, 1.0, 1.0, 1.0, 1.0, 1.0, 0.0, 0.0, 0.0, 0.0, 0.0, 0.0, 0.0, 0.0, 0.0, 0.0, 0.0, 0.0, 1.0, 1.0, 1.0, 1.0, 0.0, 0.0, 0.0, 0.0, 0.0, 0.0, 0.0, 0.0, 0.0, 0.0, 0.0, 0.0, 0.0, 0.0, 0.0, 0.0, 0.0, 0.0, 0.0, 0.0, 1.0, 1.0, 0.0, 0.0, 1.0, 1.0, 1.0, 1.0, 1.0, 1.0, 1.0, 1.0, 1.0, 1.0, 1.0, 1.0, 1.0, 1.0, 1.0, 1.0, 1.0, 0.0, 1.0, 1.0, 0.0, 1.0, 0.0, 1.0, 0.0, 1.0, 0.0, 0.0, 1.0, 1.0, 1.0, 1.0, 0.0, 0.0, 1.0, 0.0, 1.0, 1.0, 1.0, 1.0, 0.0, 0.0, 0.0, 0.0, 0.0, 0.0, 0.0, 1.0, 0.0, 0.0, 0.0, 0.0, 1.0, 1.0, 1.0, 1.0, 0.0, 0.0, 0.0, 0.0, 0.0, 1.0, 1.0, 1.0, 0.0, 1.0, 1.0, 0.0, 1.0, 1.0, 1.0, 1.0, 0.0, 0.0, 0.0, 0.0, 1.0, 0.0, 1.0, 1.0, 1.0, 0.0, 0.0, 1.0, 1.0, 1.0, 1.0, 1.0, 1.0, 1.0, 1.0, 0.0, 0.0, 1.0, 1.0, 1.0, 1.0, 1.0, 0.0, 0.0, 1.0, 1.0, 1.0, 1.0, 0.0, 0.0, 0.0, 0.0, 1.0, 1.0, 1.0, 0.0, 0.0, 0.0, 1.0, 0.0, 1.0, 1.0, 1.0, 1.0, 0.0, 0.0, 0.0, 0.0, 0.0, 0.0, 0.0, 0.0, 0.0, 0.0, 0.0, 0.0, 0.0, 0.0, 1.0, 1.0, 0.0, 0.0, 0.0, 0.0, 1.0, 1.0, 1.0, 1.0, 1.0, 0.0, 0.0, 1.0]",-295.2442605392121,597.0338707387587,-482.430437669722,964.860875339444,5.985760553857975,-16.55210228081335,36.28225839197465,1.2846122460949685,-433.45128860920846,873.4479268787513,True,True,True,False,True,0.875,1.0,0.625,0.5,0.625,0.5,0.625,0.375,0.625,0.5,0.5833333333333334,0.25,"Z.forall(lambda x1: Z.not_operator(Z.equal(x1,'upright','orientation')),X)","Z.exists(lambda x1: Z.and_operator(Z.equal(x1,'blue','colour'),Z.equal(x1,'lhs','orientation')),X)","Z.atmost(lambda x1: Z.greater(x1,1,'size'),1,X)","Z.exists(lambda x1: Z.and_operator(Z.equal(x1,'blue','colour'),Z.equal(x1,'lhs','orientation')),X)",1.0,0.625,0.5,0.375,0.5,0.7083333333333334,0.6982758620689655,0.6867816091954023,0.6954022988505747,0.6925287356321839,5.241379310344827,2000,0,0,0,0,0
53,67,129,oCJaqaucjp,KA5-D_zR5aPJi-RyAAAH,Zeta,there is a red,"[True, False, True, False, False, False, False, False]","[True, False, True, False, False, False, False, False]",0.75,0.75,There must be at least one red cone pointing upwards.,[['x1']],"Z.atleast(lambda x1: Z.and_operator(Z.equal(x1,'red','colour'),Z.equal(x1,'upright','orientation')),1,X)",There must be at least one red cone facing upwards.,"[{'ids': [0, 1, 2], 'colours': ['red', 'green', 'red'], 'sizes': [2, 2, 1], 'xpos': [1.2082671365755484, 1.2082670017859711, 3.655562636224445], 'ypos': [4.111666866160457, 3.810820994246501, 3.8307506090986188], 'rotations': [3.1415926207163056, 3.1415923952696265, 1.2121899680575183], 'orientations': ['upright', 'upright', 'lhs'], 'contact': [[0, 1], [1, 0], [2]], 'grounded': ['yes', 'no', 'yes'], 'follow_rule': True}, {'ids': [0, 1], 'colours': ['red', 'green'], 'sizes': [1, 1], 'xpos': [3.902205162451676, 3.902207308493351], 'ypos': [4.111675158765048, 3.8307503837515458], 'rotations': [9.424775803829569, 3.1415700897815277], 'orientations': ['upright', 'upright'], 'contact': [[0, 1], [1, 0]], 'grounded': ['yes', 'no'], 'follow_rule': True}, {'ids': [0, 1], 'colours': ['green', 'red'], 'sizes': [2, 2], 'xpos': [1.897426729857084, 1.8979342948258082], 'ypos': [4.109898176377173, 3.8062965124702], 'rotations': [3.1401220113749675, 3.140052563754104], 'orientations': ['upright', 'upright'], 'contact': [[0, 1], [1, 0]], 'grounded': ['yes', 'no'], 'follow_rule': True}, {'ids': [0, 1], 'colours': ['green', 'red'], 'sizes': [1, 1], 'xpos': [3.216812813277751, 1.8349042512200795], 'ypos': [4.108084516419629, 4.1071989182959046], 'rotations': [3.142721736423205, 3.142909754834847], 'orientations': ['upright', 'upright'], 'contact': [[0], [1]], 'grounded': ['yes', 'yes'], 'follow_rule': True}, {'ids': [0], 'colours': ['blue'], 'sizes': [3], 'xpos': [6.238524927301667], 'ypos': [3.6336954197561377], 'rotations': [5.039355538291779], 'orientations': ['rhs'], 'contact': [[0]], 'grounded': ['yes'], 'follow_rule': False}, {'ids': [0, 1], 'colours': ['blue', 'red'], 'sizes': [1, 1], 'xpos': [1.8903157648856177, 4.4912141672892165], 'ypos': [4.1078538550808785, 4.1078335213127986], 'rotations': [3.1450518624365515, 3.1449694946257187], 'orientations': ['upright', 'upright'], 'contact': [[0], [1]], 'grounded': ['yes', 'yes'], 'follow_rule': True}, {'ids': [0, 1], 'colours': ['green', 'green'], 'sizes': [2, 2], 'xpos': [3.5326887683710253, 6.308981264191693], 'ypos': [4.108286395462844, 4.10769359455646], 'rotations': [9.422587981097625, 3.1435591668852485], 'orientations': ['upright', 'upright'], 'contact': [[0], [1]], 'grounded': ['yes', 'yes'], 'follow_rule': False}, {'ids': [0], 'colours': ['red'], 'sizes': [2], 'xpos': [2.482005697533931], 'ypos': [4.1080608273485275], 'rotations': [3.1437730526114502], 'orientations': ['upright'], 'contact': [[0]], 'grounded': ['yes'], 'follow_rule': True}, {'ids': [0, 1, 2, 3], 'colours': ['red', 'green', 'green', 'red'], 'sizes': [1, 3, 1, 2], 'xpos': [4.99719497412721, 5.33966521510595, 6.7812617602386, 0.647214122653947], 'ypos': [3.87616110226316, 3.89757703212827, 4.15810225565523, 4.15717162300964], 'rotations': [1.21015432030723, 3.69203273094864, 3.14416974526282, 3.14125264303298], 'contact': [[0, 1], [1, 0], 2, 3], 'grounded': ['yes', 'yes', 'yes', 'yes']}, {'ids': [0, 1, 2, 3, 4], 'colours': ['red', 'red', 'blue', 'blue', 'green'], 'sizes': [2, 1, 2, 2, 1], 'xpos': [0.756045112876682, 5.7930538088619, 4.02912968049722, 0.607249611808554, 2.34445062198903], 'ypos': [3.78128677692435, 3.87663053995449, 3.77926220180112, 4.09987976609843, 4.15797989686201], 'rotations': [5.04734512360657, 1.21097145412816, 1.2338944765227, 2.99747085022243, 3.14330311350596], 'contact': [[0, 3], 1, 2, [3, 0], 4], 'grounded': ['yes', 'yes', 'yes', 'yes', 'yes']}, {'ids': [0, 1, 2, 3, 4, 5], 'colours': ['green', 'green', 'green', 'green', 'red', 'red'], 'sizes': [1, 1, 2, 2, 1, 1], 'xpos': [0.392205266119112, 6.46736091582645, 5.87132830651543, 2.56842478452184, 1.05497225772388, 3.35722507237469], 'ypos': [4.15754519774028, 3.87672651888649, 3.80774864689194, 4.15891117383473, 4.15835090526104, 4.15780493355124], 'rotations': [3.14560426344892, 5.07442800349693, 4.20513160762651, 3.14652142167178, 3.14300168792949, 3.1450254884391], 'contact': [0, [1, 2], [2, 1], 3, 4, 5], 'grounded': ['yes', 'yes', 'yes', 'yes', 'yes', 'yes']}, {'ids': [0, 1, 2], 'colours': ['blue', 'red', 'blue'], 'sizes': [1, 3, 1], 'xpos': [3.65329156447024, 3.06074315033349, 4.60711408951368], 'ypos': [3.87683998879975, 3.89790852126602, 4.15748043316142], 'rotations': [1.21104984409195, 2.59341814797494, 3.14017425270441], 'contact': [[0, 1], [1, 0], 2], 'grounded': ['yes', 'yes', 'yes']}, {'ids': [0, 1, 2, 3, 4, 5], 'colours': ['green', 'green', 'green', 'green', 'blue', 'blue'], 'sizes': [1, 3, 2, 1, 2, 1], 'xpos': [2.9046526114666, 3.68975290255409, 5.65833149766197, 2.8246611501998, 2.89449149866101, 1.87269773742003], 'ypos': [3.88094533031908, 3.68797064017839, 4.15757175612118, 3.68349548447456, 3.68583647526567, 3.8760767087662], 'rotations': [1.21243000430047, 5.03772434357929, 3.14324414103154, 5.06868148794976, 5.04716419664426, 1.2105262200236], 'contact': [[0, 4], [1, 4], 2, [3, 4], [4, 0, 1, 3], 5], 'grounded': ['yes', 'yes', 'yes', 'no', 'no', 'yes']}, {'ids': [0, 1], 'colours': ['green', 'green'], 'sizes': [1, 3], 'xpos': [0.670764619467334, 5.261348820008], 'ypos': [3.86447444538309, 4.15793495472947], 'rotations': [1.77488765373097, 3.13951555729719], 'contact': [{'V1': 0, 'V2': 1}], 'grounded': ['yes', 'yes']}, {'ids': [0, 1, 2], 'colours': ['blue', 'green', 'green'], 'sizes': [1, 1, 3], 'xpos': [4.69009713254434, 2.93439461350621, 4.78205690186546], 'ypos': [4.15772510399043, 4.15704164375121, 4.15823822985147], 'rotations': [3.14100478933091, 3.14035932239342, 3.14115234487408], 'contact': [[0, 2], 1, [2, 0]], 'grounded': ['yes', 'yes', 'yes']}, {'ids': [0, 1, 2, 3, 4, 5], 'colours': ['green', 'blue', 'blue', 'green', 'green', 'green'], 'sizes': [3, 2, 1, 1, 3, 2], 'xpos': [4.08915128061252, 2.29489936724743, 2.81704915678861, 6.85663898790724, 1.00051084466887, 4.09237106060331], 'ypos': [4.1616688599196, 4.16166316032898, 3.87799901532656, 4.1578940642729, 4.15850762807611, 3.52787490122945], 'rotations': [3.14159237119885, 3.14158410154621, 5.07138880585438, 3.13808482008692, 3.14212541938172, 3.13686252238553], 'contact': [[0, 5], 1, 2, 3, 4, [5, 0]], 'grounded': ['yes', 'yes', 'yes', 'yes', 'yes', 'no']}]","[True, True, True, False, False, False, False, False]","[True, False, True, True, True, True, True, True]","[False, False, False, False, False, False, False, False]","[False, True, False, False, False, False, False, False]","[True, False, True, False, False, False, False, False]","[True, True, True, True, True, True, True, True]","[False, False, False, False, False, False, False, False]","[False, False, False, False, False, False, False, False]",-0.125,0.0,0.0,0.125,0.875,1.0,0.75,0.75,0.0,0.0,0.0,-0.125,0.125,0.0,0.9119046265491307,-4.51637218450652,-5.545177444479562,11.112185910692876,11.090354888959125,1.0,-11.535593664426898,-16.635532333438686,26.24924115920174,33.27106466687737,1.0502311195665048,"[1.0, 1.0, 1.0, 1.0, 1.0, 0.0, 1.0, 0.0, 1.0, 1.0, 1.0, 1.0, 1.0, 1.0, 1.0, 0.0135, 0.9530000000000001, 0.092, 0.5895, 0.5895, 1.0, 0.0, 0.0, 0.861, 1.0, 1.0, 1.0, 0.2925, 0.999, 0.999, 1.0, 0.7155, 0.0, 0.0, 1.0, 0.0, 0.0, 0.0, 1.0, 0.0, 0.0, 0.0, 1.0, 0.0, 0.0, 0.0, 1.0, 0.0, 1.0, 1.0, 1.0, 1.0, 0.0, 0.0, 0.0, 0.0, 1.0, 1.0, 1.0, 1.0, 0.935, 0.935, 0.935, 0.935, 1.0, 1.0, 1.0, 1.0, 0.0, 1.0, 0.0, 0.0, 0.0, 1.0, 1.0, 1.0, 1.0, 1.0, 1.0, 1.0, 1.0, 1.0, 1.0, 1.0, 0.0935, 0.0935, 0.0935, 0.0935, 1.0, 1.0, 1.0, 1.0, 1.0, 1.0, 1.0, 1.0, 1.0, 1.0, 1.0, 1.0, 1.0, 1.0, 1.0, 0.013000000000000001, 1.0, 1.0, 0.998, 1.0, 1.0, 0.002, 0.998, 0.002, 1.0, 1.0, 1.0, 1.0, 1.0, 1.0, 1.0, 0.0, 0.973, 1.0, 0.9530000000000001, 1.0, 0.8925000000000001, 0.9195, 0.17400000000000002, 0.201, 1.0, 1.0, 1.0, 1.0, 0.0, 0.0, 0.0, 0.0, 1.0, 1.0, 1.0, 0.24, 1.0, 1.0, 0.968, 1.0, 0.653, 0.653, 0.653, 1.0, 0.2535, 0.2535, 0.7035, 0.10300000000000001, 1.0, 1.0, 1.0, 1.0, 0.0, 1.0, 0.0, 0.0, 1.0, 1.0, 1.0, 0.012, 0.988, 0.988, 1.0, 1.0, 1.0, 0.0, 1.0, 1.0, 1.0, 0.0, 0.0, 1.0, 0.0, 0.0, 0.0, 1.0, 1.0, 0.0, 0.0, 0.0, 1.0, 1.0, 1.0, 1.0, 0.0, 0.0, 0.0, 0.0, 1.0, 1.0, 1.0, 1.0, 0.0, 0.0, 0.0, 0.0, 1.0, 1.0, 1.0, 1.0, 1.0, 1.0, 0.841, 1.0, 1.0, 1.0, 1.0, 1.0, 0.0, 0.0, 0.0, 0.0, 1.0, 1.0, 1.0, 1.0, 1.0, 1.0, 1.0, 0.0, 0.197, 0.0, 0.85, 0.653, 0.803, 0.0, 0.0, 0.0, 0.8525, 0.847, 0.9935, 0.847, 0.28300000000000003, 0.4305, 0.426, 0.426, 1.0, 1.0, 1.0, 1.0, 1.0, 1.0, 1.0, 0.0, 0.798, 1.0, 0.7995, 0.7995, 0.0275, 0.029, 0.2265, 0.1975, 1.0, 1.0, 1.0, 1.0, 0.0, 0.0, 0.0, 0.0, 0.862, 0.854, 0.8595, 0.8955000000000001, 0.045, 0.0005, 0.8695, 0.8505, 1.0, 1.0, 1.0, 0.022, 1.0, 1.0, 1.0, 0.978, 0.28400000000000003, 0.0145, 0.1885, 0.0275, 0.2755, 0.0, 0.0015, 0.013000000000000001, 0.0, 0.0, 0.0, 1.0, 1.0, 0.0, 0.0, 0.0, 1.0, 1.0, 1.0, 1.0, 0.0, 0.0, 0.0, 0.0, 1.0, 1.0, 1.0, 1.0, 1.0, 0.0, 1.0, 0.0, 1.0, 1.0, 1.0, 1.0, 1.0, 1.0, 1.0, 0.0, 1.0, 1.0, 1.0, 0.728, 0.8265, 0.5545, 0.5545, 0.8265, 1.0, 1.0, 1.0, 1.0, 1.0, 1.0, 1.0, 1.0, 1.0, 1.0, 1.0, 0.8715, 0.9365, 0.8695, 0.8695, 0.9365, 0.229, 0.229, 0.229, 0.229, 0.801, 0.03, 0.03, 0.801, 0.0, 0.0, 0.0, 1.0, 1.0, 0.0, 0.0, 0.0, 0.108, 0.114, 0.2315, 0.108, 0.114, 0.07050000000000001, 0.0495, 0.006, 1.0, 1.0, 1.0, 1.0, 0.0, 0.0, 0.0, 0.0, 0.8955000000000001, 0.895, 0.0115, 0.0, 0.883, 0.0, 0.0, 0.0, 1.0, 1.0, 1.0, 1.0, 0.0, 0.0, 0.0, 0.0, 0.902, 0.902, 0.902, 0.678, 0.88, 0.88, 0.902, 0.807, 1.0, 1.0, 1.0, 1.0, 0.0, 0.0, 0.0, 0.0, 1.0, 1.0, 1.0, 1.0, 1.0, 1.0, 1.0, 0.0, 1.0, 1.0, 1.0, 1.0, 0.0, 0.0, 0.0, 0.0, 1.0, 1.0, 1.0, 1.0, 0.008, 0.008, 0.008, 0.008, 1.0, 1.0, 1.0, 1.0, 1.0, 1.0, 1.0, 0.0, 1.0, 1.0, 1.0, 1.0, 1.0, 1.0, 0.6980000000000001, 1.0, 1.0, 1.0, 1.0, 1.0, 0.0, 0.0, 0.0, 0.0, 1.0, 1.0, 1.0, 1.0, 1.0, 1.0, 1.0, 0.0, 0.9530000000000001, 0.9530000000000001, 0.9530000000000001, 1.0, 1.0, 1.0, 0.641, 0.9530000000000001, 1.0, 1.0, 1.0, 1.0, 0.0, 0.0, 0.0, 0.0, 1.0, 1.0, 1.0, 1.0, 1.0, 1.0, 1.0, 1.0, 1.0, 1.0, 1.0, 1.0, 0.0, 0.0, 0.0, 0.0, 1.0, 1.0, 1.0, 1.0, 1.0, 1.0, 1.0, 1.0, 1.0, 1.0, 1.0, 1.0, 0.021500000000000002, 0.021500000000000002, 0.021500000000000002, 0.021500000000000002, 0.021500000000000002, 0.003, 0.02, 0.0095, 0.0095, 0.964, 0.9555, 0.0095, 1.0, 1.0, 1.0, 1.0, 1.0, 1.0, 1.0, 1.0, 1.0, 1.0, 1.0, 1.0, 0.0, 0.0, 0.0, 0.0, 1.0, 1.0, 1.0, 1.0, 0.0, 0.0, 1.0, 1.0, 1.0, 0.873, 0.198, 0.198, 1.0, 1.0, 0.6905, 1.0, 1.0, 1.0, 1.0, 1.0, 1.0, 1.0, 1.0, 0.0, 1.0, 0.999, 0.999, 1.0, 0.0025, 0.0025, 0.0025, 0.0025, 1.0, 1.0, 1.0, 1.0, 1.0, 0.686, 0.314, 0.0, 1.0, 1.0, 1.0, 1.0, 0.524, 0.524, 1.0, 0.47600000000000003, 1.0, 1.0, 1.0, 1.0, 0.008, 0.008, 0.008, 0.008, 0.9935, 0.9935, 0.9775, 0.9935, 0.9935, 0.0225, 0.988, 0.017, 1.0, 1.0, 1.0, 1.0, 0.0725, 0.0725, 0.0725, 0.0725, 0.041, 1.0, 1.0, 0.9590000000000001, 0.041, 0.9590000000000001, 1.0, 0.0, 0.7435, 0.9835, 0.7425, 0.986, 0.7435, 0.7435, 0.256, 0.987, 1.0, 0.005, 1.0, 1.0, 1.0, 0.005, 0.005, 1.0, 1.0, 1.0, 1.0, 1.0, 1.0, 1.0, 1.0, 0.0, 1.0, 1.0, 1.0, 1.0, 0.0, 0.0, 0.0, 0.0, 1.0, 1.0, 1.0, 1.0, 0.0, 0.0, 0.0, 0.0, 0.9705, 0.9705, 0.9145, 1.0, 0.8015, 0.8015, 0.9705, 0.7865, 1.0, 1.0, 1.0, 1.0, 0.0, 0.0, 0.0, 0.0, 1.0, 1.0, 1.0, 1.0, 0.0, 0.0, 0.0, 0.0, 1.0, 1.0, 1.0, 1.0, 0.0, 0.0, 0.0, 0.0, 1.0, 1.0, 1.0, 1.0, 1.0, 1.0, 1.0, 1.0]",-418.5875071169283,843.720363894191,-482.430437669722,964.860875339444,0.01,0.0,2.0794415416798357,0.41703231205519414,-6.884063593348047,16.94618101704404,0.6334250289943713,"[1.0, 1.0, 1.0, 1.0, 1.0, 0.0, 1.0, 0.0, 1.0, 1.0, 1.0, 1.0, 1.0, 1.0, 1.0, 0.0, 0.0, 0.0, 0.0, 0.0, 0.0, 0.0, 0.0, 0.0, 1.0, 1.0, 1.0, 0.0, 0.0, 0.0, 1.0, 0.0, 0.0, 0.0, 1.0, 1.0, 0.0, 1.0, 1.0, 1.0, 1.0, 1.0, 1.0, 1.0, 0.0, 0.0, 1.0, 1.0, 1.0, 1.0, 1.0, 1.0, 0.0, 0.0, 0.0, 0.0, 1.0, 1.0, 1.0, 1.0, 0.0, 0.0, 0.0, 0.0, 0.0, 0.0, 0.0, 0.0, 0.0, 1.0, 1.0, 0.0, 1.0, 1.0, 1.0, 1.0, 0.0, 0.0, 0.0, 0.0, 1.0, 1.0, 1.0, 1.0, 0.0, 0.0, 0.0, 0.0, 1.0, 1.0, 1.0, 1.0, 1.0, 1.0, 0.0, 1.0, 1.0, 1.0, 1.0, 1.0, 1.0, 1.0, 1.0, 0.0, 1.0, 1.0, 1.0, 1.0, 1.0, 0.0, 1.0, 0.0, 0.0, 1.0, 0.0, 0.0, 1.0, 1.0, 1.0, 0.0, 1.0, 1.0, 0.0, 1.0, 1.0, 0.0, 0.0, 0.0, 1.0, 1.0, 1.0, 0.0, 1.0, 1.0, 1.0, 1.0, 1.0, 1.0, 1.0, 1.0, 0.0, 0.0, 0.0, 0.0, 1.0, 1.0, 1.0, 0.0, 0.0, 0.0, 1.0, 0.0, 0.0, 0.0, 1.0, 0.0, 0.0, 0.0, 0.0, 0.0, 1.0, 1.0, 1.0, 0.0, 0.0, 0.0, 1.0, 0.0, 0.0, 0.0, 0.0, 1.0, 0.0, 0.0, 0.0, 0.0, 0.0, 0.0, 0.0, 1.0, 0.0, 0.0, 0.0, 0.0, 1.0, 1.0, 1.0, 1.0, 0.0, 0.0, 0.0, 0.0, 1.0, 1.0, 1.0, 0.0, 0.0, 0.0, 1.0, 0.0, 1.0, 1.0, 1.0, 1.0, 0.0, 0.0, 0.0, 0.0, 1.0, 1.0, 1.0, 1.0, 0.0, 0.0, 0.0, 0.0, 1.0, 1.0, 1.0, 1.0, 1.0, 1.0, 1.0, 0.0, 0.0, 0.0, 0.0, 0.0, 1.0, 0.0, 0.0, 0.0, 1.0, 1.0, 1.0, 1.0, 1.0, 1.0, 1.0, 1.0, 1.0, 1.0, 1.0, 1.0, 1.0, 1.0, 1.0, 0.0, 0.0, 0.0, 0.0, 0.0, 0.0, 0.0, 0.0, 0.0, 0.0, 1.0, 0.0, 1.0, 0.0, 1.0, 0.0, 1.0, 0.0, 0.0, 0.0, 1.0, 0.0, 0.0, 0.0, 0.0, 1.0, 1.0, 1.0, 0.0, 0.0, 0.0, 1.0, 0.0, 1.0, 1.0, 1.0, 1.0, 1.0, 0.0, 1.0, 0.0, 0.0, 1.0, 1.0, 1.0, 0.0, 0.0, 0.0, 0.0, 1.0, 1.0, 1.0, 0.0, 1.0, 1.0, 1.0, 1.0, 0.0, 1.0, 1.0, 1.0, 0.0, 0.0, 0.0, 0.0, 1.0, 1.0, 1.0, 1.0, 1.0, 1.0, 1.0, 0.0, 1.0, 1.0, 1.0, 1.0, 0.0, 0.0, 0.0, 0.0, 1.0, 1.0, 1.0, 1.0, 0.0, 0.0, 0.0, 0.0, 0.0, 1.0, 0.0, 0.0, 0.0, 0.0, 0.0, 0.0, 1.0, 1.0, 1.0, 1.0, 1.0, 0.0, 1.0, 1.0, 0.0, 0.0, 0.0, 0.0, 0.0, 1.0, 1.0, 0.0, 1.0, 1.0, 1.0, 1.0, 1.0, 0.0, 1.0, 0.0, 1.0, 1.0, 1.0, 1.0, 1.0, 0.0, 1.0, 1.0, 0.0, 0.0, 0.0, 0.0, 0.0, 1.0, 1.0, 0.0, 1.0, 0.0, 0.0, 1.0, 0.0, 0.0, 0.0, 0.0, 1.0, 1.0, 1.0, 0.0, 0.0, 0.0, 1.0, 0.0, 1.0, 1.0, 1.0, 0.0, 0.0, 0.0, 0.0, 0.0, 1.0, 1.0, 1.0, 1.0, 1.0, 1.0, 1.0, 0.0, 0.0, 0.0, 0.0, 0.0, 0.0, 0.0, 0.0, 0.0, 1.0, 0.0, 1.0, 0.0, 0.0, 0.0, 0.0, 0.0, 1.0, 1.0, 1.0, 1.0, 1.0, 1.0, 1.0, 0.0, 1.0, 1.0, 1.0, 1.0, 1.0, 1.0, 0.0, 1.0, 1.0, 1.0, 1.0, 1.0, 0.0, 0.0, 0.0, 0.0, 1.0, 1.0, 1.0, 1.0, 1.0, 1.0, 1.0, 0.0, 0.0, 1.0, 1.0, 1.0, 0.0, 0.0, 0.0, 0.0, 1.0, 1.0, 1.0, 1.0, 0.0, 0.0, 0.0, 0.0, 1.0, 0.0, 1.0, 0.0, 0.0, 0.0, 0.0, 0.0, 1.0, 1.0, 1.0, 1.0, 1.0, 0.0, 1.0, 0.0, 1.0, 1.0, 1.0, 0.0, 1.0, 1.0, 0.0, 1.0, 1.0, 1.0, 1.0, 1.0, 0.0, 0.0, 0.0, 0.0, 0.0, 0.0, 0.0, 0.0, 0.0, 1.0, 0.0, 0.0, 1.0, 1.0, 1.0, 1.0, 0.0, 0.0, 0.0, 0.0, 0.0, 0.0, 0.0, 0.0, 0.0, 0.0, 0.0, 0.0, 1.0, 0.0, 1.0, 0.0, 0.0, 0.0, 0.0, 0.0, 1.0, 1.0, 0.0, 0.0, 1.0, 1.0, 1.0, 1.0, 1.0, 1.0, 1.0, 1.0, 1.0, 1.0, 1.0, 1.0, 1.0, 1.0, 1.0, 1.0, 1.0, 0.0, 1.0, 1.0, 0.0, 1.0, 0.0, 1.0, 0.0, 1.0, 0.0, 0.0, 1.0, 1.0, 1.0, 1.0, 0.0, 0.0, 1.0, 0.0, 1.0, 1.0, 1.0, 1.0, 0.0, 0.0, 0.0, 0.0, 0.0, 0.0, 0.0, 1.0, 0.0, 0.0, 0.0, 0.0, 1.0, 1.0, 1.0, 1.0, 0.0, 0.0, 0.0, 0.0, 0.0, 1.0, 1.0, 1.0, 0.0, 1.0, 1.0, 0.0, 1.0, 1.0, 1.0, 1.0, 0.0, 0.0, 0.0, 0.0, 1.0, 0.0, 1.0, 1.0, 1.0, 0.0, 0.0, 1.0, 1.0, 1.0, 1.0, 1.0, 1.0, 1.0, 1.0, 0.0, 0.0, 1.0, 1.0, 1.0, 1.0, 1.0, 0.0, 0.0, 1.0, 1.0, 1.0, 1.0, 0.0, 0.0, 0.0, 0.0, 1.0, 1.0, 1.0, 0.0, 0.0, 0.0, 1.0, 0.0, 1.0, 1.0, 1.0, 1.0, 0.0, 0.0, 0.0, 0.0, 0.0, 0.0, 0.0, 0.0, 0.0, 0.0, 0.0, 0.0, 0.0, 1.0, 0.0, 1.0, 0.0, 1.0, 1.0, 0.0, 1.0, 1.0, 1.0, 1.0, 1.0, 0.0, 0.0, 1.0]",-318.3726801373107,643.2907099349558,0.01,0.0,-5.545177444479562,2.0794415416798357,11.090354888959125,0.41703231205519414,-6.884063593348047,-16.635532333438686,16.94618101704404,33.27106466687737,0.6173530694834558,"[1.0, 1.0, 1.0, 1.0, 1.0, 0.0, 1.0, 0.0, 1.0, 1.0, 1.0, 1.0, 1.0, 1.0, 1.0, 0.0, 0.0, 0.0, 0.0, 0.0, 0.0, 0.0, 0.0, 0.0, 1.0, 1.0, 1.0, 0.0, 0.0, 0.0, 1.0, 0.0, 0.0, 0.0, 1.0, 1.0, 0.0, 1.0, 1.0, 1.0, 0.0, 0.0, 0.0, 0.0, 0.0, 0.0, 0.0, 0.0, 1.0, 1.0, 1.0, 1.0, 0.0, 0.0, 0.0, 0.0, 1.0, 1.0, 1.0, 1.0, 0.0, 0.0, 0.0, 0.0, 0.0, 0.0, 0.0, 0.0, 0.0, 1.0, 1.0, 0.0, 0.0, 0.0, 0.0, 1.0, 0.0, 0.0, 0.0, 0.0, 1.0, 1.0, 1.0, 1.0, 0.0, 0.0, 0.0, 0.0, 0.0, 0.0, 0.0, 0.0, 1.0, 1.0, 0.0, 1.0, 1.0, 1.0, 1.0, 1.0, 1.0, 1.0, 1.0, 0.0, 1.0, 1.0, 1.0, 1.0, 1.0, 0.0, 1.0, 0.0, 0.0, 1.0, 0.0, 0.0, 1.0, 1.0, 1.0, 0.0, 1.0, 1.0, 0.0, 1.0, 1.0, 0.0, 0.0, 0.0, 1.0, 1.0, 1.0, 0.0, 1.0, 1.0, 1.0, 1.0, 1.0, 1.0, 1.0, 1.0, 0.0, 0.0, 0.0, 0.0, 1.0, 1.0, 1.0, 0.0, 0.0, 0.0, 1.0, 0.0, 0.0, 0.0, 1.0, 0.0, 0.0, 0.0, 0.0, 0.0, 1.0, 1.0, 1.0, 0.0, 0.0, 0.0, 1.0, 0.0, 0.0, 0.0, 0.0, 1.0, 0.0, 0.0, 0.0, 0.0, 0.0, 0.0, 0.0, 1.0, 0.0, 0.0, 0.0, 0.0, 1.0, 1.0, 1.0, 1.0, 0.0, 0.0, 0.0, 0.0, 1.0, 1.0, 1.0, 0.0, 0.0, 0.0, 1.0, 0.0, 1.0, 1.0, 1.0, 1.0, 0.0, 0.0, 0.0, 0.0, 1.0, 1.0, 1.0, 1.0, 0.0, 0.0, 0.0, 0.0, 1.0, 1.0, 1.0, 1.0, 1.0, 1.0, 1.0, 0.0, 0.0, 0.0, 0.0, 0.0, 1.0, 0.0, 0.0, 0.0, 1.0, 1.0, 1.0, 1.0, 1.0, 1.0, 1.0, 1.0, 1.0, 1.0, 1.0, 1.0, 1.0, 1.0, 1.0, 0.0, 0.0, 0.0, 0.0, 0.0, 0.0, 0.0, 0.0, 0.0, 0.0, 1.0, 0.0, 1.0, 0.0, 1.0, 0.0, 1.0, 0.0, 0.0, 0.0, 1.0, 0.0, 0.0, 0.0, 0.0, 1.0, 1.0, 1.0, 0.0, 0.0, 0.0, 1.0, 0.0, 1.0, 1.0, 1.0, 1.0, 1.0, 0.0, 1.0, 0.0, 0.0, 1.0, 1.0, 1.0, 0.0, 0.0, 0.0, 0.0, 1.0, 1.0, 1.0, 0.0, 1.0, 1.0, 1.0, 1.0, 0.0, 1.0, 1.0, 1.0, 0.0, 0.0, 0.0, 0.0, 1.0, 1.0, 1.0, 1.0, 1.0, 1.0, 1.0, 0.0, 1.0, 1.0, 1.0, 1.0, 0.0, 0.0, 0.0, 0.0, 1.0, 1.0, 1.0, 1.0, 0.0, 0.0, 0.0, 0.0, 0.0, 1.0, 0.0, 0.0, 0.0, 0.0, 0.0, 0.0, 0.0, 0.0, 0.0, 0.0, 0.0, 0.0, 0.0, 0.0, 1.0, 0.0, 1.0, 1.0, 1.0, 0.0, 0.0, 1.0, 1.0, 1.0, 1.0, 1.0, 1.0, 0.0, 1.0, 0.0, 1.0, 1.0, 1.0, 1.0, 1.0, 0.0, 1.0, 1.0, 0.0, 0.0, 0.0, 0.0, 0.0, 1.0, 1.0, 0.0, 1.0, 0.0, 0.0, 1.0, 0.0, 0.0, 0.0, 0.0, 1.0, 1.0, 1.0, 0.0, 0.0, 0.0, 1.0, 0.0, 1.0, 1.0, 1.0, 0.0, 0.0, 0.0, 0.0, 0.0, 1.0, 1.0, 1.0, 1.0, 1.0, 1.0, 1.0, 0.0, 0.0, 0.0, 0.0, 0.0, 0.0, 0.0, 0.0, 0.0, 1.0, 0.0, 1.0, 0.0, 0.0, 0.0, 0.0, 0.0, 1.0, 1.0, 1.0, 1.0, 1.0, 1.0, 1.0, 0.0, 1.0, 1.0, 1.0, 1.0, 1.0, 1.0, 0.0, 1.0, 1.0, 1.0, 1.0, 1.0, 0.0, 0.0, 0.0, 0.0, 1.0, 1.0, 1.0, 1.0, 1.0, 1.0, 1.0, 0.0, 0.0, 1.0, 1.0, 1.0, 0.0, 0.0, 0.0, 0.0, 1.0, 1.0, 1.0, 1.0, 0.0, 0.0, 0.0, 0.0, 1.0, 0.0, 1.0, 0.0, 0.0, 0.0, 0.0, 0.0, 1.0, 1.0, 1.0, 1.0, 1.0, 0.0, 1.0, 0.0, 1.0, 1.0, 1.0, 0.0, 1.0, 1.0, 0.0, 1.0, 1.0, 1.0, 1.0, 1.0, 0.0, 0.0, 0.0, 0.0, 0.0, 0.0, 0.0, 0.0, 0.0, 1.0, 0.0, 0.0, 1.0, 1.0, 1.0, 1.0, 0.0, 0.0, 0.0, 0.0, 0.0, 0.0, 0.0, 0.0, 0.0, 0.0, 0.0, 0.0, 1.0, 0.0, 1.0, 0.0, 0.0, 0.0, 0.0, 0.0, 1.0, 1.0, 0.0, 0.0, 1.0, 1.0, 1.0, 1.0, 1.0, 1.0, 1.0, 1.0, 1.0, 1.0, 1.0, 1.0, 1.0, 1.0, 1.0, 1.0, 1.0, 0.0, 1.0, 1.0, 0.0, 1.0, 0.0, 1.0, 0.0, 1.0, 0.0, 0.0, 1.0, 1.0, 1.0, 1.0, 0.0, 0.0, 1.0, 0.0, 1.0, 1.0, 1.0, 1.0, 0.0, 0.0, 0.0, 0.0, 0.0, 0.0, 0.0, 1.0, 0.0, 0.0, 0.0, 0.0, 1.0, 1.0, 1.0, 1.0, 0.0, 0.0, 0.0, 0.0, 0.0, 1.0, 1.0, 1.0, 0.0, 1.0, 1.0, 0.0, 1.0, 1.0, 1.0, 1.0, 0.0, 0.0, 0.0, 0.0, 1.0, 0.0, 1.0, 1.0, 1.0, 0.0, 0.0, 1.0, 1.0, 1.0, 1.0, 1.0, 1.0, 1.0, 1.0, 0.0, 0.0, 0.0, 1.0, 0.0, 0.0, 1.0, 0.0, 0.0, 1.0, 1.0, 1.0, 1.0, 0.0, 0.0, 0.0, 0.0, 1.0, 1.0, 1.0, 0.0, 0.0, 0.0, 1.0, 0.0, 1.0, 1.0, 1.0, 1.0, 0.0, 0.0, 0.0, 0.0, 0.0, 0.0, 0.0, 0.0, 0.0, 0.0, 0.0, 0.0, 0.0, 1.0, 0.0, 1.0, 0.0, 1.0, 1.0, 0.0, 1.0, 1.0, 1.0, 1.0, 1.0, 0.0, 0.0, 1.0]",-311.9759791000219,630.4973078603782,-482.430437669722,964.860875339444,0.9102431057535886,-4.4986811569669065,-5.545177444479562,11.07680385561365,11.090354888959125,3.3270594656625176,-16.398217269457795,-16.635532333438686,35.97448836926354,33.27106466687737,1.0908740239314543,"[0.0, 0.0, 1.0, 0.0, 0.0, 0.0, 0.0, 0.0, 1.0, 1.0, 1.0, 1.0, 0.877, 0.877, 0.877, 0.0, 1.0, 0.259, 1.0, 1.0, 0.8015, 0.0, 0.259, 1.0, 1.0, 1.0, 1.0, 1.0, 1.0, 1.0, 1.0, 0.0, 0.0, 0.0, 1.0, 0.0, 0.0, 0.0, 1.0, 0.0, 0.0, 0.0, 1.0, 0.0, 0.0, 0.0, 1.0, 0.0, 0.0, 0.0, 0.0, 0.0775, 0.0, 0.0, 0.1635, 0.47100000000000003, 1.0, 1.0, 1.0, 1.0, 0.0, 0.0, 0.0, 0.0, 0.0, 0.0, 0.0, 0.0, 0.0, 0.0, 0.0, 0.0, 1.0, 1.0, 1.0, 1.0, 1.0, 1.0, 1.0, 0.0, 1.0, 1.0, 1.0, 1.0, 0.0, 0.0, 0.0, 0.0, 0.0, 0.0, 0.0, 0.0, 0.0, 0.113, 0.113, 0.0, 0.0, 0.0, 0.0, 1.0, 0.0, 0.0, 0.0, 0.0, 1.0, 1.0, 1.0, 1.0, 0.0, 0.0, 0.0, 0.0, 0.9995, 1.0, 1.0, 0.663, 1.0, 1.0, 1.0, 0.353, 1.0, 1.0, 1.0, 1.0, 0.082, 0.082, 0.0, 0.0, 0.973, 1.0, 0.7655000000000001, 0.605, 0.973, 1.0, 1.0, 0.368, 0.0, 0.0, 1.0, 0.0, 1.0, 0.0, 1.0, 0.0, 1.0, 1.0, 1.0, 1.0, 0.0, 0.0, 1.0, 0.0, 1.0, 1.0, 1.0, 1.0, 0.0, 0.9465, 0.0, 0.0, 0.666, 1.0, 0.666, 0.666, 0.0, 0.0, 0.7975, 0.0, 0.0, 0.9430000000000001, 0.0, 1.0, 1.0, 0.0, 0.0, 0.0, 0.0, 1.0, 0.0, 0.0, 0.0, 0.0, 0.0, 0.0, 1.0, 1.0, 1.0, 1.0, 0.0, 0.0, 0.0, 0.0, 1.0, 1.0, 1.0, 1.0, 1.0, 1.0, 1.0, 0.0005, 1.0, 1.0, 1.0, 1.0, 1.0, 1.0, 0.0, 1.0, 1.0, 1.0, 1.0, 1.0, 0.0, 0.0, 0.0, 0.0, 1.0, 1.0, 1.0, 1.0, 1.0, 1.0, 1.0, 0.0, 1.0, 0.0, 1.0, 0.0, 0.0, 0.0, 0.0, 0.0, 0.0, 1.0, 0.0, 1.0, 0.0, 1.0, 0.0, 1.0, 1.0, 1.0, 1.0, 1.0, 1.0, 1.0, 1.0, 0.0, 1.0, 0.0, 1.0, 1.0, 1.0, 0.0, 0.0, 1.0, 1.0, 1.0, 1.0, 1.0, 1.0, 1.0, 1.0, 1.0, 0.0, 0.9580000000000001, 0.0, 0.0, 0.0, 0.0, 0.0045000000000000005, 0.0, 0.0, 0.0, 0.0, 0.0, 0.0, 0.0, 0.0, 1.0, 0.0, 0.0, 0.0005, 0.0, 0.0, 0.0, 0.0, 0.0, 0.0, 1.0, 0.0, 0.0, 0.0, 0.0, 0.0, 0.0, 1.0, 1.0, 1.0, 0.001, 0.001, 0.001, 1.0, 0.0, 0.0, 0.0, 0.6225, 0.0, 0.0, 0.0, 0.0, 0.0, 1.0, 1.0, 1.0, 1.0, 0.0, 0.0, 0.0, 0.0, 0.0, 0.0, 0.0, 0.0, 0.0, 0.0, 0.0, 0.0, 1.0, 1.0, 1.0, 1.0, 1.0, 1.0, 1.0, 0.0, 0.0, 0.0, 0.0, 1.0, 0.0, 0.0, 1.0, 0.0, 1.0, 1.0, 1.0, 1.0, 0.0, 0.0, 0.0, 0.0, 0.0, 1.0, 0.0, 0.0, 1.0, 0.0, 0.0, 1.0, 1.0, 1.0, 1.0, 1.0, 0.0, 0.0, 0.0, 0.0, 1.0, 1.0, 1.0, 1.0, 1.0, 0.0, 1.0, 1.0, 0.0, 0.0005, 0.0, 0.0, 0.0, 0.38, 0.0, 0.0, 1.0, 1.0, 1.0, 1.0, 0.0, 0.0, 0.0, 0.0, 1.0, 1.0, 1.0, 0.999, 1.0, 1.0, 1.0, 0.0195, 1.0, 1.0, 1.0, 1.0, 0.0, 0.0, 0.0, 0.0, 0.0, 0.6285000000000001, 0.0, 0.328, 0.0, 0.0, 0.6285000000000001, 0.0, 0.0, 0.0, 0.0, 0.0, 0.0, 0.0, 0.0, 1.0, 1.0, 1.0, 1.0, 1.0, 0.0, 0.0, 0.0, 0.0, 1.0, 1.0, 1.0, 1.0, 1.0, 1.0, 1.0, 0.0, 1.0, 1.0, 1.0, 1.0, 1.0, 1.0, 0.0375, 1.0, 1.0, 1.0, 1.0, 1.0, 0.0, 0.0, 0.0, 0.0, 1.0, 1.0, 1.0, 1.0, 1.0, 1.0, 1.0, 0.0, 1.0, 1.0, 1.0, 1.0, 1.0, 1.0, 0.0, 1.0, 1.0, 1.0, 1.0, 1.0, 0.0, 0.0, 0.0, 0.0, 1.0, 1.0, 1.0, 1.0, 1.0, 1.0, 1.0, 1.0, 0.0, 0.0, 0.4395, 0.0, 0.0, 0.0, 0.001, 1.0, 0.0, 0.0, 0.0, 0.0, 0.0, 0.0, 0.0, 0.0, 1.0, 1.0, 1.0, 0.0, 1.0, 0.0, 0.0, 1.0, 0.0, 0.0, 1.0, 1.0, 1.0, 0.0, 0.0, 0.0, 0.0, 0.0, 0.0, 0.0, 0.0, 0.0, 0.0, 0.0, 1.0, 1.0, 1.0, 1.0, 0.0, 0.0, 0.0, 0.0, 0.0, 0.0, 0.0, 0.0, 0.0, 1.0, 0.0, 0.0, 1.0, 1.0, 1.0, 1.0, 0.0, 0.4945, 0.0, 0.0, 1.0, 1.0, 1.0, 1.0, 0.0, 0.0, 1.0, 1.0, 1.0, 1.0, 1.0, 1.0, 0.0, 0.0, 0.0, 0.0, 1.0, 1.0, 1.0, 1.0, 1.0, 0.704, 0.296, 0.0, 1.0, 1.0, 1.0, 1.0, 0.0, 0.0, 1.0, 1.0, 1.0, 1.0, 1.0, 1.0, 0.0, 0.0, 0.0, 0.0, 0.006, 1.0, 0.006, 0.708, 0.298, 1.0, 0.298, 1.0, 1.0, 1.0, 1.0, 1.0, 0.0, 0.0, 0.0, 0.0, 1.0, 0.0, 1.0, 1.0, 1.0, 0.0, 0.0, 1.0, 0.0, 1.0, 1.0, 1.0, 0.0, 0.0, 0.0, 0.0, 1.0, 0.224, 1.0, 1.0, 0.776, 0.0, 0.224, 1.0, 1.0, 1.0, 1.0, 1.0, 0.0, 0.0, 0.0, 0.0, 1.0, 1.0, 0.0, 1.0, 1.0, 1.0, 0.0, 1.0, 1.0, 1.0, 1.0, 1.0, 0.0, 0.0, 0.0, 0.0, 1.0, 1.0, 1.0, 1.0, 1.0, 1.0, 1.0, 0.0, 1.0, 1.0, 1.0, 1.0, 0.0, 0.0, 0.0, 0.0, 0.0, 0.0, 0.0, 0.0, 0.0, 0.0, 0.0, 0.0, 1.0, 0.4865, 1.0, 1.0, 1.0, 0.0075, 0.4865, 1.0, 0.0225, 0.0, 0.0, 0.9775, 0.0, 0.0, 0.0, 0.0]",-419.18595103414617,844.9172517286268,-482.430437669722,964.860875339444,0.01,0.0,-5.545177444479562,2.0794415416798357,11.090354888959125,0.41703231205519414,-6.884063593348047,-16.635532333438686,16.94618101704404,33.27106466687737,0.5787520451143159,"[1.0, 1.0, 1.0, 1.0, 1.0, 0.0, 1.0, 0.0, 1.0, 1.0, 1.0, 1.0, 1.0, 1.0, 1.0, 0.0, 0.0, 0.0, 0.0, 0.0, 0.0, 0.0, 0.0, 0.0, 1.0, 1.0, 1.0, 1.0, 0.0, 0.0, 1.0, 0.0, 0.0, 0.0, 0.0, 0.0, 0.0, 1.0, 0.0, 0.0, 0.0, 0.0, 0.0, 0.0, 0.0, 0.0, 0.0, 0.0, 1.0, 1.0, 1.0, 1.0, 0.0, 0.0, 0.0, 0.0, 1.0, 1.0, 1.0, 1.0, 0.0, 0.0, 0.0, 0.0, 0.0, 0.0, 0.0, 0.0, 0.0, 1.0, 1.0, 0.0, 1.0, 1.0, 1.0, 1.0, 0.0, 0.0, 0.0, 0.0, 1.0, 1.0, 1.0, 1.0, 0.0, 0.0, 0.0, 0.0, 0.0, 0.0, 0.0, 0.0, 0.0, 0.0, 0.0, 0.0, 1.0, 1.0, 1.0, 1.0, 1.0, 1.0, 1.0, 0.0, 1.0, 1.0, 1.0, 1.0, 1.0, 0.0, 1.0, 0.0, 0.0, 1.0, 0.0, 0.0, 1.0, 1.0, 1.0, 0.0, 1.0, 1.0, 0.0, 1.0, 1.0, 0.0, 0.0, 0.0, 1.0, 1.0, 1.0, 0.0, 1.0, 1.0, 1.0, 1.0, 1.0, 1.0, 1.0, 1.0, 0.0, 0.0, 0.0, 0.0, 1.0, 1.0, 1.0, 0.0, 0.0, 0.0, 1.0, 0.0, 0.0, 0.0, 1.0, 0.0, 0.0, 0.0, 0.0, 0.0, 1.0, 1.0, 1.0, 0.0, 0.0, 0.0, 1.0, 0.0, 0.0, 0.0, 0.0, 1.0, 0.0, 0.0, 0.0, 0.0, 0.0, 0.0, 0.0, 1.0, 0.0, 0.0, 0.0, 0.0, 1.0, 1.0, 1.0, 1.0, 0.0, 0.0, 0.0, 0.0, 1.0, 1.0, 1.0, 0.0, 0.0, 0.0, 1.0, 0.0, 1.0, 1.0, 1.0, 1.0, 0.0, 0.0, 0.0, 0.0, 1.0, 1.0, 1.0, 1.0, 0.0, 0.0, 0.0, 0.0, 1.0, 1.0, 1.0, 1.0, 1.0, 1.0, 1.0, 0.0, 0.0, 0.0, 0.0, 0.0, 1.0, 0.0, 0.0, 0.0, 1.0, 1.0, 1.0, 1.0, 1.0, 1.0, 1.0, 1.0, 1.0, 1.0, 1.0, 1.0, 1.0, 1.0, 1.0, 0.0, 0.0, 0.0, 0.0, 0.0, 0.0, 0.0, 0.0, 0.0, 0.0, 1.0, 0.0, 1.0, 0.0, 1.0, 0.0, 1.0, 0.0, 0.0, 0.0, 1.0, 0.0, 0.0, 0.0, 0.0, 1.0, 1.0, 1.0, 0.0, 0.0, 0.0, 1.0, 0.0, 0.0, 0.0, 1.0, 0.0, 0.0, 0.0, 0.0, 0.0, 0.0, 1.0, 1.0, 1.0, 0.0, 0.0, 0.0, 0.0, 1.0, 1.0, 1.0, 0.0, 1.0, 1.0, 1.0, 1.0, 0.0, 0.0, 1.0, 0.0, 0.0, 0.0, 0.0, 0.0, 1.0, 1.0, 1.0, 1.0, 1.0, 1.0, 1.0, 0.0, 1.0, 1.0, 1.0, 1.0, 0.0, 0.0, 0.0, 0.0, 1.0, 1.0, 1.0, 1.0, 0.0, 0.0, 0.0, 0.0, 0.0, 1.0, 0.0, 0.0, 0.0, 0.0, 0.0, 0.0, 0.0, 0.0, 0.0, 0.0, 0.0, 0.0, 0.0, 0.0, 0.0, 0.0, 0.0, 0.0, 0.0, 0.0, 0.0, 0.0, 1.0, 1.0, 0.0, 1.0, 1.0, 0.0, 1.0, 0.0, 1.0, 1.0, 1.0, 1.0, 1.0, 0.0, 1.0, 1.0, 0.0, 0.0, 0.0, 0.0, 0.0, 1.0, 1.0, 0.0, 1.0, 0.0, 0.0, 1.0, 0.0, 0.0, 0.0, 0.0, 1.0, 1.0, 1.0, 0.0, 0.0, 0.0, 1.0, 0.0, 1.0, 1.0, 1.0, 0.0, 0.0, 0.0, 0.0, 0.0, 1.0, 1.0, 1.0, 1.0, 1.0, 1.0, 1.0, 0.0, 0.0, 0.0, 0.0, 0.0, 0.0, 0.0, 0.0, 0.0, 1.0, 0.0, 1.0, 0.0, 0.0, 0.0, 0.0, 0.0, 1.0, 1.0, 1.0, 1.0, 1.0, 1.0, 1.0, 0.0, 1.0, 1.0, 1.0, 1.0, 1.0, 1.0, 0.0, 1.0, 1.0, 1.0, 1.0, 1.0, 0.0, 0.0, 0.0, 0.0, 1.0, 1.0, 1.0, 1.0, 1.0, 1.0, 1.0, 0.0, 0.0, 1.0, 1.0, 1.0, 0.0, 0.0, 0.0, 0.0, 1.0, 1.0, 1.0, 1.0, 0.0, 0.0, 0.0, 0.0, 1.0, 0.0, 1.0, 0.0, 0.0, 0.0, 0.0, 0.0, 1.0, 1.0, 1.0, 1.0, 1.0, 0.0, 1.0, 0.0, 1.0, 1.0, 1.0, 0.0, 1.0, 1.0, 0.0, 1.0, 1.0, 1.0, 1.0, 1.0, 0.0, 0.0, 0.0, 0.0, 0.0, 0.0, 0.0, 0.0, 0.0, 0.0, 0.0, 0.0, 1.0, 1.0, 1.0, 1.0, 0.0, 0.0, 0.0, 0.0, 0.0, 0.0, 0.0, 0.0, 0.0, 0.0, 0.0, 0.0, 0.0, 0.0, 0.0, 0.0, 0.0, 0.0, 0.0, 0.0, 1.0, 1.0, 0.0, 0.0, 1.0, 1.0, 1.0, 1.0, 1.0, 1.0, 1.0, 1.0, 1.0, 1.0, 1.0, 1.0, 1.0, 1.0, 1.0, 1.0, 1.0, 0.0, 1.0, 1.0, 0.0, 1.0, 0.0, 1.0, 0.0, 1.0, 0.0, 0.0, 1.0, 1.0, 1.0, 1.0, 0.0, 0.0, 1.0, 0.0, 1.0, 1.0, 1.0, 1.0, 0.0, 0.0, 0.0, 0.0, 0.0, 0.0, 0.0, 1.0, 0.0, 0.0, 0.0, 0.0, 1.0, 1.0, 1.0, 1.0, 0.0, 0.0, 0.0, 0.0, 0.0, 1.0, 1.0, 1.0, 0.0, 1.0, 1.0, 0.0, 1.0, 1.0, 1.0, 1.0, 0.0, 0.0, 0.0, 0.0, 1.0, 0.0, 1.0, 1.0, 1.0, 0.0, 0.0, 1.0, 1.0, 1.0, 1.0, 1.0, 1.0, 1.0, 1.0, 0.0, 0.0, 1.0, 1.0, 1.0, 1.0, 1.0, 0.0, 0.0, 1.0, 1.0, 1.0, 1.0, 0.0, 0.0, 0.0, 0.0, 1.0, 1.0, 1.0, 0.0, 0.0, 0.0, 1.0, 0.0, 1.0, 1.0, 1.0, 1.0, 0.0, 0.0, 0.0, 0.0, 0.0, 0.0, 0.0, 0.0, 0.0, 0.0, 0.0, 0.0, 0.0, 0.0, 1.0, 1.0, 0.0, 0.0, 0.0, 0.0, 1.0, 1.0, 1.0, 1.0, 1.0, 0.0, 0.0, 1.0]",-295.2442605392121,597.0338707387587,-482.430437669722,964.860875339444,5.985760553857975,-16.55210228081335,36.28225839197465,1.2846122460949685,-433.45128860920846,873.4479268787513,True,True,True,False,True,0.875,1.0,0.625,0.75,0.625,0.75,0.625,1.0,0.625,0.75,0.5833333333333334,0.875,"Z.exists(lambda x1: Z.equal(x1,'red','colour'),X)","Z.atleast(lambda x1: Z.and_operator(Z.equal(x1,'red','colour'),Z.equal(x1,'upright','orientation')),1,X)","Z.exists(lambda x1: Z.equal(x1,'red','colour'),X)","Z.atleast(lambda x1: Z.and_operator(Z.equal(x1,'red','colour'),Z.equal(x1,'upright','orientation')),1,X)",1.0,0.75,0.75,1.0,0.75,0.7083333333333334,0.6982758620689655,0.6867816091954023,0.6954022988505747,0.6925287356321839,5.241379310344827,1984,60,60,0,1741,0
54,68,132,hbaVUxZLvt,lcIg3IPTybbVS9FyAAAS,Iota,one is blue,"[True, True, True, True, True, True, True, False]","[True, True, True, True, True, True, True, False]",0.625,0.625,Must contain at least 1 blue cone,[['x1']],"Z.atleast(lambda x1: Z.equal(x1,'blue','colour'),1,X)",Must contain at least one blue cone,"[{'ids': [0, 1, 2], 'colours': ['blue', 'green', 'red'], 'sizes': [2, 1, 3], 'xpos': [2.2833923467255732, 6.76926557046708, 3.3669703336145718], 'ypos': [4.127690184310035, 4.128333333333334, 3.717295476888299], 'rotations': [3.1399847803387497, 3.1415926535897927, 2.1765458583575734], 'orientations': ['upright', 'upright', 'strange'], 'contact': [[0, 2], [1], [2, 0]], 'grounded': ['yes', 'yes', 'yes'], 'follow_rule': True}, {'ids': [0, 1], 'colours': ['blue', 'red'], 'sizes': [2, 2], 'xpos': [6.710483208759802, 3.847511763873474], 'ypos': [4.123818654600543, 3.747394464560418], 'rotations': [3.1410435274110413, 5.050034654408017], 'orientations': ['upright', 'rhs'], 'contact': [[0], [1]], 'grounded': ['yes', 'yes'], 'follow_rule': True}, {'ids': [0, 1, 2], 'colours': ['blue', 'red', 'green'], 'sizes': [2, 2, 1], 'xpos': [4.640525465945727, 6.251917168955089, 6.7592468595098705], 'ypos': [4.124697495155623, 3.747833540058469, 3.843428689356138], 'rotations': [3.145130694028912, 1.2335146409553808, 5.073449029329279], 'orientations': ['upright', 'lhs', 'rhs'], 'contact': [[0], [1], [2]], 'grounded': ['yes', 'yes', 'yes'], 'follow_rule': True}, {'ids': [0], 'colours': ['red'], 'sizes': [2], 'xpos': [5.991041223662313], 'ypos': [3.7479314068269693], 'rotations': [1.2357462434924482], 'orientations': ['lhs'], 'contact': [[0]], 'grounded': ['yes'], 'follow_rule': False}, {'ids': [0], 'colours': ['blue'], 'sizes': [2], 'xpos': [5.207379278474681], 'ypos': [4.124469597938421], 'rotations': [3.143338828797621], 'orientations': ['upright'], 'contact': [[0]], 'grounded': ['yes'], 'follow_rule': True}, {'ids': [0], 'colours': ['blue'], 'sizes': [2], 'xpos': [1.9434564602454976], 'ypos': [3.7472669650914834], 'rotations': [1.2329843659785458], 'orientations': ['lhs'], 'contact': [[0]], 'grounded': ['yes'], 'follow_rule': True}, {'ids': [0, 1], 'colours': ['red', 'green'], 'sizes': [2, 2], 'xpos': [0.41476891363617274, 1.77137299501903], 'ypos': [4.124490478482654, 4.124607638566875], 'rotations': [3.1413797164203388, 3.1440977151514677], 'orientations': ['upright', 'upright'], 'contact': [[0], [1]], 'grounded': ['yes', 'yes'], 'follow_rule': False}, {'ids': [0, 1, 2, 3, 4], 'colours': ['blue', 'green', 'red', 'green', 'red'], 'sizes': [2, 1, 1, 1, 1], 'xpos': [2.858557486699837, 0.5163222568165103, 3.6618092818244445, 4.623234342089015, 5.296791085529823], 'ypos': [4.124665581613523, 3.8431544855677124, 4.12457006465398, 4.124624612697472, 4.124895318911255], 'rotations': [3.1430451863535884, 5.0698733656322865, 3.1456537784157215, 3.1404800138781384, 3.143741008568298], 'orientations': ['upright', 'rhs', 'upright', 'upright', 'upright'], 'contact': [[0], [1], [2], [3], [4]], 'grounded': ['yes', 'yes', 'yes', 'yes', 'yes'], 'follow_rule': True}, {'ids': [0, 1, 2, 3, 4], 'colours': ['red', 'green', 'red', 'blue', 'green'], 'sizes': [3, 1, 1, 2, 3], 'xpos': [5.12691938557365, 5.11503131679493, 4.23727953775697, 6.19519140108846, 3.42148978150856], 'ypos': [4.16166666682932, 3.21450769513128, 4.15833270210236, 3.780270212316, 4.15777826181353], 'rotations': [3.14159265356107, 3.17396503839037, 3.13596899439433, 5.0484168782327, 3.14163950292034], 'contact': [[0, 1], [1, 0], 2, 3, 4], 'grounded': ['yes', 'no', 'yes', 'yes', 'yes']}, {'ids': [0, 1, 2, 3], 'colours': ['green', 'green', 'red', 'blue'], 'sizes': [1, 3, 1, 2], 'xpos': [1.95640316882102, 3.82119006463636, 5.49466900932729, 4.94512429018313], 'ypos': [4.1575463669092, 3.68793264237984, 3.88075060909874, 3.82370041726639], 'rotations': [3.14042586215534, 5.03796059957422, 5.07099533912214, 4.13396592888911], 'contact': [0, 1, [2, 3], [3, 2]], 'grounded': ['yes', 'yes', 'yes', 'yes']}, {'ids': [0, 1, 2, 3, 4], 'colours': ['red', 'blue', 'red', 'green', 'green'], 'sizes': [3, 1, 2, 2, 1], 'xpos': [6.01871423256697, 2.01992789098242, 4.13597794449854, 0.774406281828649, 4.80555851531279], 'ypos': [3.68393205570556, 4.15898574652681, 4.15794140291817, 3.77979942907755, 3.98725786368743], 'rotations': [1.24414891831718, 3.14156263599238, 3.14292046357041, 5.04964608195148, 2.53998237313469], 'contact': [[0, 4], 1, 2, 3, [4, 0]], 'grounded': ['yes', 'yes', 'yes', 'yes', 'yes']}, {'ids': [0, 1], 'colours': ['blue', 'green'], 'sizes': [1, 2], 'xpos': [1.67047327443096, 4.46813203908946], 'ypos': [4.15694705663294, 4.15819949787589], 'rotations': [3.14214596161258, 3.14225319301416], 'contact': [{'V1': 0, 'V2': 1}], 'grounded': ['yes', 'yes']}, {'ids': [0, 1, 2, 3, 4], 'colours': ['blue', 'blue', 'red', 'blue', 'red'], 'sizes': [1, 1, 3, 2, 3], 'xpos': [2.9749447690173, 1.59038636414738, 1.89943344290003, 0.742265142690783, 5.82945571924824], 'ypos': [4.14706432996679, 4.15682792868204, 3.68436535365509, 3.87793736870491, 4.15825788448378], 'rotations': [3.19018443917557, 3.14127258207092, 4.38185242264156, 2.36758036264438, 3.14223131257379], 'contact': [[0, 2], 1, [2, 0], 3, 4], 'grounded': ['yes', 'yes', 'yes', 'yes', 'yes']}, {'ids': [0, 1, 2, 3, 4], 'colours': ['blue', 'blue', 'red', 'red', 'blue'], 'sizes': [1, 1, 2, 3, 2], 'xpos': [3.86710801315826, 0.780465760873674, 4.72248955423569, 3.06295468416754, 7.04671297081929], 'ypos': [4.1448491118357, 4.15796013032216, 4.15793209798963, 3.75002575259372, 4.15761808534214], 'rotations': [3.19364501547634, 3.14186836777695, 3.13970081999877, 4.09252896570911, 3.14406240189392], 'contact': [[0, 3], 1, 2, [3, 0], 4], 'grounded': ['yes', 'yes', 'yes', 'yes', 'yes']}, {'ids': [0, 1, 2, 3], 'colours': ['blue', 'green', 'blue', 'red'], 'sizes': [1, 2, 1, 3], 'xpos': [0.414928997162714, 1.7723984589512, 5.75738502777065, 6.08770777718876], 'ypos': [4.15743978227501, 4.15711897749998, 3.88075060909862, 3.89628768750355], 'rotations': [3.14447951863788, 3.14010156096646, 5.07099533912207, 3.69409526653564], 'contact': [0, 1, [2, 3], [3, 2]], 'grounded': ['yes', 'yes', 'yes', 'yes']}, {'ids': [0, 1, 2, 3, 4], 'colours': ['green', 'red', 'green', 'green', 'red'], 'sizes': [2, 2, 3, 3, 2], 'xpos': [1.30426887924571, 1.8868098606311, 6.83333126813548, 2.79429839111229, 3.83407517131883], 'ypos': [3.78000391300947, 4.15881602818333, 3.73307814239637, 4.15736329550291, 4.15804254736289], 'rotations': [1.23253748876037, 3.14240000646429, 4.1567939442383, 3.14166932108615, 3.1439673324419], 'contact': [0, [1, 3], 2, [3, 1], 4], 'grounded': ['yes', 'yes', 'yes', 'yes', 'yes']}]","[True, True, True, True, True, True, True, False]","[True, True, True, True, True, True, True, True]","[False, False, False, False, False, False, False, False]","[False, False, False, False, False, False, False, False]","[True, True, True, True, True, False, True, False]","[True, True, True, True, True, False, True, True]","[False, False, False, False, False, True, False, False]","[False, False, False, False, False, False, False, False]",0.0,-0.125,0.0,-0.125,1.0,0.875,0.625,0.625,0.0,0.0,0.125,0.0,0.0,0.125,0.01,0.0,-5.545177444479562,2.0794415416798357,11.090354888959125,1.0,-8.11564123726929,-16.635532333438686,19.409336304886526,33.27106466687737,1.0502311195665048,"[1.0, 1.0, 1.0, 1.0, 1.0, 0.0, 1.0, 0.0, 1.0, 1.0, 1.0, 1.0, 1.0, 1.0, 1.0, 0.0135, 0.9530000000000001, 0.092, 0.5895, 0.5895, 1.0, 0.0, 0.0, 0.861, 1.0, 1.0, 1.0, 0.2925, 0.999, 0.999, 1.0, 0.7155, 0.0, 0.0, 1.0, 0.0, 0.0, 0.0, 1.0, 0.0, 0.0, 0.0, 1.0, 0.0, 0.0, 0.0, 1.0, 0.0, 1.0, 1.0, 1.0, 1.0, 0.0, 0.0, 0.0, 0.0, 1.0, 1.0, 1.0, 1.0, 0.935, 0.935, 0.935, 0.935, 1.0, 1.0, 1.0, 1.0, 0.0, 1.0, 0.0, 0.0, 0.0, 1.0, 1.0, 1.0, 1.0, 1.0, 1.0, 1.0, 1.0, 1.0, 1.0, 1.0, 0.0935, 0.0935, 0.0935, 0.0935, 1.0, 1.0, 1.0, 1.0, 1.0, 1.0, 1.0, 1.0, 1.0, 1.0, 1.0, 1.0, 1.0, 1.0, 1.0, 0.013000000000000001, 1.0, 1.0, 0.998, 1.0, 1.0, 0.002, 0.998, 0.002, 1.0, 1.0, 1.0, 1.0, 1.0, 1.0, 1.0, 0.0, 0.973, 1.0, 0.9530000000000001, 1.0, 0.8925000000000001, 0.9195, 0.17400000000000002, 0.201, 1.0, 1.0, 1.0, 1.0, 0.0, 0.0, 0.0, 0.0, 1.0, 1.0, 1.0, 0.24, 1.0, 1.0, 0.968, 1.0, 0.653, 0.653, 0.653, 1.0, 0.2535, 0.2535, 0.7035, 0.10300000000000001, 1.0, 1.0, 1.0, 1.0, 0.0, 1.0, 0.0, 0.0, 1.0, 1.0, 1.0, 0.012, 0.988, 0.988, 1.0, 1.0, 1.0, 0.0, 1.0, 1.0, 1.0, 0.0, 0.0, 1.0, 0.0, 0.0, 0.0, 1.0, 1.0, 0.0, 0.0, 0.0, 1.0, 1.0, 1.0, 1.0, 0.0, 0.0, 0.0, 0.0, 1.0, 1.0, 1.0, 1.0, 0.0, 0.0, 0.0, 0.0, 1.0, 1.0, 1.0, 1.0, 1.0, 1.0, 0.841, 1.0, 1.0, 1.0, 1.0, 1.0, 0.0, 0.0, 0.0, 0.0, 1.0, 1.0, 1.0, 1.0, 1.0, 1.0, 1.0, 0.0, 0.197, 0.0, 0.85, 0.653, 0.803, 0.0, 0.0, 0.0, 0.8525, 0.847, 0.9935, 0.847, 0.28300000000000003, 0.4305, 0.426, 0.426, 1.0, 1.0, 1.0, 1.0, 1.0, 1.0, 1.0, 0.0, 0.798, 1.0, 0.7995, 0.7995, 0.0275, 0.029, 0.2265, 0.1975, 1.0, 1.0, 1.0, 1.0, 0.0, 0.0, 0.0, 0.0, 0.862, 0.854, 0.8595, 0.8955000000000001, 0.045, 0.0005, 0.8695, 0.8505, 1.0, 1.0, 1.0, 0.022, 1.0, 1.0, 1.0, 0.978, 0.28400000000000003, 0.0145, 0.1885, 0.0275, 0.2755, 0.0, 0.0015, 0.013000000000000001, 0.0, 0.0, 0.0, 1.0, 1.0, 0.0, 0.0, 0.0, 1.0, 1.0, 1.0, 1.0, 0.0, 0.0, 0.0, 0.0, 1.0, 1.0, 1.0, 1.0, 1.0, 0.0, 1.0, 0.0, 1.0, 1.0, 1.0, 1.0, 1.0, 1.0, 1.0, 0.0, 1.0, 1.0, 1.0, 0.728, 0.8265, 0.5545, 0.5545, 0.8265, 1.0, 1.0, 1.0, 1.0, 1.0, 1.0, 1.0, 1.0, 1.0, 1.0, 1.0, 0.8715, 0.9365, 0.8695, 0.8695, 0.9365, 0.229, 0.229, 0.229, 0.229, 0.801, 0.03, 0.03, 0.801, 0.0, 0.0, 0.0, 1.0, 1.0, 0.0, 0.0, 0.0, 0.108, 0.114, 0.2315, 0.108, 0.114, 0.07050000000000001, 0.0495, 0.006, 1.0, 1.0, 1.0, 1.0, 0.0, 0.0, 0.0, 0.0, 0.8955000000000001, 0.895, 0.0115, 0.0, 0.883, 0.0, 0.0, 0.0, 1.0, 1.0, 1.0, 1.0, 0.0, 0.0, 0.0, 0.0, 0.902, 0.902, 0.902, 0.678, 0.88, 0.88, 0.902, 0.807, 1.0, 1.0, 1.0, 1.0, 0.0, 0.0, 0.0, 0.0, 1.0, 1.0, 1.0, 1.0, 1.0, 1.0, 1.0, 0.0, 1.0, 1.0, 1.0, 1.0, 0.0, 0.0, 0.0, 0.0, 1.0, 1.0, 1.0, 1.0, 0.008, 0.008, 0.008, 0.008, 1.0, 1.0, 1.0, 1.0, 1.0, 1.0, 1.0, 0.0, 1.0, 1.0, 1.0, 1.0, 1.0, 1.0, 0.6980000000000001, 1.0, 1.0, 1.0, 1.0, 1.0, 0.0, 0.0, 0.0, 0.0, 1.0, 1.0, 1.0, 1.0, 1.0, 1.0, 1.0, 0.0, 0.9530000000000001, 0.9530000000000001, 0.9530000000000001, 1.0, 1.0, 1.0, 0.641, 0.9530000000000001, 1.0, 1.0, 1.0, 1.0, 0.0, 0.0, 0.0, 0.0, 1.0, 1.0, 1.0, 1.0, 1.0, 1.0, 1.0, 1.0, 1.0, 1.0, 1.0, 1.0, 0.0, 0.0, 0.0, 0.0, 1.0, 1.0, 1.0, 1.0, 1.0, 1.0, 1.0, 1.0, 1.0, 1.0, 1.0, 1.0, 0.021500000000000002, 0.021500000000000002, 0.021500000000000002, 0.021500000000000002, 0.021500000000000002, 0.003, 0.02, 0.0095, 0.0095, 0.964, 0.9555, 0.0095, 1.0, 1.0, 1.0, 1.0, 1.0, 1.0, 1.0, 1.0, 1.0, 1.0, 1.0, 1.0, 0.0, 0.0, 0.0, 0.0, 1.0, 1.0, 1.0, 1.0, 0.0, 0.0, 1.0, 1.0, 1.0, 0.873, 0.198, 0.198, 1.0, 1.0, 0.6905, 1.0, 1.0, 1.0, 1.0, 1.0, 1.0, 1.0, 1.0, 0.0, 1.0, 0.999, 0.999, 1.0, 0.0025, 0.0025, 0.0025, 0.0025, 1.0, 1.0, 1.0, 1.0, 1.0, 0.686, 0.314, 0.0, 1.0, 1.0, 1.0, 1.0, 0.524, 0.524, 1.0, 0.47600000000000003, 1.0, 1.0, 1.0, 1.0, 0.008, 0.008, 0.008, 0.008, 0.9935, 0.9935, 0.9775, 0.9935, 0.9935, 0.0225, 0.988, 0.017, 1.0, 1.0, 1.0, 1.0, 0.0725, 0.0725, 0.0725, 0.0725, 0.041, 1.0, 1.0, 0.9590000000000001, 0.041, 0.9590000000000001, 1.0, 0.0, 0.7435, 0.9835, 0.7425, 0.986, 0.7435, 0.7435, 0.256, 0.987, 1.0, 0.005, 1.0, 1.0, 1.0, 0.005, 0.005, 1.0, 1.0, 1.0, 1.0, 1.0, 1.0, 1.0, 1.0, 0.0, 1.0, 1.0, 1.0, 1.0, 0.0, 0.0, 0.0, 0.0, 1.0, 1.0, 1.0, 1.0, 0.0, 0.0, 0.0, 0.0, 0.9705, 0.9705, 0.9145, 1.0, 0.8015, 0.8015, 0.9705, 0.7865, 1.0, 1.0, 1.0, 1.0, 0.0, 0.0, 0.0, 0.0, 1.0, 1.0, 1.0, 1.0, 0.0, 0.0, 0.0, 0.0, 1.0, 1.0, 1.0, 1.0, 0.0, 0.0, 0.0, 0.0, 1.0, 1.0, 1.0, 1.0, 1.0, 1.0, 1.0, 1.0]",-418.5875071169283,843.720363894191,-482.430437669722,964.860875339444,0.01,0.0,2.0794415416798357,0.01,0.0,3.1780538303479458,0.6334250289943713,"[1.0, 1.0, 1.0, 1.0, 1.0, 0.0, 1.0, 0.0, 1.0, 1.0, 1.0, 1.0, 1.0, 1.0, 1.0, 0.0, 0.0, 0.0, 0.0, 0.0, 0.0, 0.0, 0.0, 0.0, 1.0, 1.0, 1.0, 0.0, 0.0, 0.0, 1.0, 0.0, 0.0, 0.0, 1.0, 1.0, 0.0, 1.0, 1.0, 1.0, 1.0, 1.0, 1.0, 1.0, 0.0, 0.0, 1.0, 1.0, 1.0, 1.0, 1.0, 1.0, 0.0, 0.0, 0.0, 0.0, 1.0, 1.0, 1.0, 1.0, 0.0, 0.0, 0.0, 0.0, 0.0, 0.0, 0.0, 0.0, 0.0, 1.0, 1.0, 0.0, 1.0, 1.0, 1.0, 1.0, 0.0, 0.0, 0.0, 0.0, 1.0, 1.0, 1.0, 1.0, 0.0, 0.0, 0.0, 0.0, 1.0, 1.0, 1.0, 1.0, 1.0, 1.0, 0.0, 1.0, 1.0, 1.0, 1.0, 1.0, 1.0, 1.0, 1.0, 0.0, 1.0, 1.0, 1.0, 1.0, 1.0, 0.0, 1.0, 0.0, 0.0, 1.0, 0.0, 0.0, 1.0, 1.0, 1.0, 0.0, 1.0, 1.0, 0.0, 1.0, 1.0, 0.0, 0.0, 0.0, 1.0, 1.0, 1.0, 0.0, 1.0, 1.0, 1.0, 1.0, 1.0, 1.0, 1.0, 1.0, 0.0, 0.0, 0.0, 0.0, 1.0, 1.0, 1.0, 0.0, 0.0, 0.0, 1.0, 0.0, 0.0, 0.0, 1.0, 0.0, 0.0, 0.0, 0.0, 0.0, 1.0, 1.0, 1.0, 0.0, 0.0, 0.0, 1.0, 0.0, 0.0, 0.0, 0.0, 1.0, 0.0, 0.0, 0.0, 0.0, 0.0, 0.0, 0.0, 1.0, 0.0, 0.0, 0.0, 0.0, 1.0, 1.0, 1.0, 1.0, 0.0, 0.0, 0.0, 0.0, 1.0, 1.0, 1.0, 0.0, 0.0, 0.0, 1.0, 0.0, 1.0, 1.0, 1.0, 1.0, 0.0, 0.0, 0.0, 0.0, 1.0, 1.0, 1.0, 1.0, 0.0, 0.0, 0.0, 0.0, 1.0, 1.0, 1.0, 1.0, 1.0, 1.0, 1.0, 0.0, 0.0, 0.0, 0.0, 0.0, 1.0, 0.0, 0.0, 0.0, 1.0, 1.0, 1.0, 1.0, 1.0, 1.0, 1.0, 1.0, 1.0, 1.0, 1.0, 1.0, 1.0, 1.0, 1.0, 0.0, 0.0, 0.0, 0.0, 0.0, 0.0, 0.0, 0.0, 0.0, 0.0, 1.0, 0.0, 1.0, 0.0, 1.0, 0.0, 1.0, 0.0, 0.0, 0.0, 1.0, 0.0, 0.0, 0.0, 0.0, 1.0, 1.0, 1.0, 0.0, 0.0, 0.0, 1.0, 0.0, 1.0, 1.0, 1.0, 1.0, 1.0, 0.0, 1.0, 0.0, 0.0, 1.0, 1.0, 1.0, 0.0, 0.0, 0.0, 0.0, 1.0, 1.0, 1.0, 0.0, 1.0, 1.0, 1.0, 1.0, 0.0, 1.0, 1.0, 1.0, 0.0, 0.0, 0.0, 0.0, 1.0, 1.0, 1.0, 1.0, 1.0, 1.0, 1.0, 0.0, 1.0, 1.0, 1.0, 1.0, 0.0, 0.0, 0.0, 0.0, 1.0, 1.0, 1.0, 1.0, 0.0, 0.0, 0.0, 0.0, 0.0, 1.0, 0.0, 0.0, 0.0, 0.0, 0.0, 0.0, 1.0, 1.0, 1.0, 1.0, 1.0, 0.0, 1.0, 1.0, 0.0, 0.0, 0.0, 0.0, 0.0, 1.0, 1.0, 0.0, 1.0, 1.0, 1.0, 1.0, 1.0, 0.0, 1.0, 0.0, 1.0, 1.0, 1.0, 1.0, 1.0, 0.0, 1.0, 1.0, 0.0, 0.0, 0.0, 0.0, 0.0, 1.0, 1.0, 0.0, 1.0, 0.0, 0.0, 1.0, 0.0, 0.0, 0.0, 0.0, 1.0, 1.0, 1.0, 0.0, 0.0, 0.0, 1.0, 0.0, 1.0, 1.0, 1.0, 0.0, 0.0, 0.0, 0.0, 0.0, 1.0, 1.0, 1.0, 1.0, 1.0, 1.0, 1.0, 0.0, 0.0, 0.0, 0.0, 0.0, 0.0, 0.0, 0.0, 0.0, 1.0, 0.0, 1.0, 0.0, 0.0, 0.0, 0.0, 0.0, 1.0, 1.0, 1.0, 1.0, 1.0, 1.0, 1.0, 0.0, 1.0, 1.0, 1.0, 1.0, 1.0, 1.0, 0.0, 1.0, 1.0, 1.0, 1.0, 1.0, 0.0, 0.0, 0.0, 0.0, 1.0, 1.0, 1.0, 1.0, 1.0, 1.0, 1.0, 0.0, 0.0, 1.0, 1.0, 1.0, 0.0, 0.0, 0.0, 0.0, 1.0, 1.0, 1.0, 1.0, 0.0, 0.0, 0.0, 0.0, 1.0, 0.0, 1.0, 0.0, 0.0, 0.0, 0.0, 0.0, 1.0, 1.0, 1.0, 1.0, 1.0, 0.0, 1.0, 0.0, 1.0, 1.0, 1.0, 0.0, 1.0, 1.0, 0.0, 1.0, 1.0, 1.0, 1.0, 1.0, 0.0, 0.0, 0.0, 0.0, 0.0, 0.0, 0.0, 0.0, 0.0, 1.0, 0.0, 0.0, 1.0, 1.0, 1.0, 1.0, 0.0, 0.0, 0.0, 0.0, 0.0, 0.0, 0.0, 0.0, 0.0, 0.0, 0.0, 0.0, 1.0, 0.0, 1.0, 0.0, 0.0, 0.0, 0.0, 0.0, 1.0, 1.0, 0.0, 0.0, 1.0, 1.0, 1.0, 1.0, 1.0, 1.0, 1.0, 1.0, 1.0, 1.0, 1.0, 1.0, 1.0, 1.0, 1.0, 1.0, 1.0, 0.0, 1.0, 1.0, 0.0, 1.0, 0.0, 1.0, 0.0, 1.0, 0.0, 0.0, 1.0, 1.0, 1.0, 1.0, 0.0, 0.0, 1.0, 0.0, 1.0, 1.0, 1.0, 1.0, 0.0, 0.0, 0.0, 0.0, 0.0, 0.0, 0.0, 1.0, 0.0, 0.0, 0.0, 0.0, 1.0, 1.0, 1.0, 1.0, 0.0, 0.0, 0.0, 0.0, 0.0, 1.0, 1.0, 1.0, 0.0, 1.0, 1.0, 0.0, 1.0, 1.0, 1.0, 1.0, 0.0, 0.0, 0.0, 0.0, 1.0, 0.0, 1.0, 1.0, 1.0, 0.0, 0.0, 1.0, 1.0, 1.0, 1.0, 1.0, 1.0, 1.0, 1.0, 0.0, 0.0, 1.0, 1.0, 1.0, 1.0, 1.0, 0.0, 0.0, 1.0, 1.0, 1.0, 1.0, 0.0, 0.0, 0.0, 0.0, 1.0, 1.0, 1.0, 0.0, 0.0, 0.0, 1.0, 0.0, 1.0, 1.0, 1.0, 1.0, 0.0, 0.0, 0.0, 0.0, 0.0, 0.0, 0.0, 0.0, 0.0, 0.0, 0.0, 0.0, 0.0, 1.0, 0.0, 1.0, 0.0, 1.0, 1.0, 0.0, 1.0, 1.0, 1.0, 1.0, 1.0, 0.0, 0.0, 1.0]",-318.3726801373107,643.2907099349558,0.01,0.0,-5.545177444479562,2.0794415416798357,11.090354888959125,0.01,0.0,-16.635532333438686,3.1780538303479458,33.27106466687737,0.6173530694834558,"[1.0, 1.0, 1.0, 1.0, 1.0, 0.0, 1.0, 0.0, 1.0, 1.0, 1.0, 1.0, 1.0, 1.0, 1.0, 0.0, 0.0, 0.0, 0.0, 0.0, 0.0, 0.0, 0.0, 0.0, 1.0, 1.0, 1.0, 0.0, 0.0, 0.0, 1.0, 0.0, 0.0, 0.0, 1.0, 1.0, 0.0, 1.0, 1.0, 1.0, 0.0, 0.0, 0.0, 0.0, 0.0, 0.0, 0.0, 0.0, 1.0, 1.0, 1.0, 1.0, 0.0, 0.0, 0.0, 0.0, 1.0, 1.0, 1.0, 1.0, 0.0, 0.0, 0.0, 0.0, 0.0, 0.0, 0.0, 0.0, 0.0, 1.0, 1.0, 0.0, 0.0, 0.0, 0.0, 1.0, 0.0, 0.0, 0.0, 0.0, 1.0, 1.0, 1.0, 1.0, 0.0, 0.0, 0.0, 0.0, 0.0, 0.0, 0.0, 0.0, 1.0, 1.0, 0.0, 1.0, 1.0, 1.0, 1.0, 1.0, 1.0, 1.0, 1.0, 0.0, 1.0, 1.0, 1.0, 1.0, 1.0, 0.0, 1.0, 0.0, 0.0, 1.0, 0.0, 0.0, 1.0, 1.0, 1.0, 0.0, 1.0, 1.0, 0.0, 1.0, 1.0, 0.0, 0.0, 0.0, 1.0, 1.0, 1.0, 0.0, 1.0, 1.0, 1.0, 1.0, 1.0, 1.0, 1.0, 1.0, 0.0, 0.0, 0.0, 0.0, 1.0, 1.0, 1.0, 0.0, 0.0, 0.0, 1.0, 0.0, 0.0, 0.0, 1.0, 0.0, 0.0, 0.0, 0.0, 0.0, 1.0, 1.0, 1.0, 0.0, 0.0, 0.0, 1.0, 0.0, 0.0, 0.0, 0.0, 1.0, 0.0, 0.0, 0.0, 0.0, 0.0, 0.0, 0.0, 1.0, 0.0, 0.0, 0.0, 0.0, 1.0, 1.0, 1.0, 1.0, 0.0, 0.0, 0.0, 0.0, 1.0, 1.0, 1.0, 0.0, 0.0, 0.0, 1.0, 0.0, 1.0, 1.0, 1.0, 1.0, 0.0, 0.0, 0.0, 0.0, 1.0, 1.0, 1.0, 1.0, 0.0, 0.0, 0.0, 0.0, 1.0, 1.0, 1.0, 1.0, 1.0, 1.0, 1.0, 0.0, 0.0, 0.0, 0.0, 0.0, 1.0, 0.0, 0.0, 0.0, 1.0, 1.0, 1.0, 1.0, 1.0, 1.0, 1.0, 1.0, 1.0, 1.0, 1.0, 1.0, 1.0, 1.0, 1.0, 0.0, 0.0, 0.0, 0.0, 0.0, 0.0, 0.0, 0.0, 0.0, 0.0, 1.0, 0.0, 1.0, 0.0, 1.0, 0.0, 1.0, 0.0, 0.0, 0.0, 1.0, 0.0, 0.0, 0.0, 0.0, 1.0, 1.0, 1.0, 0.0, 0.0, 0.0, 1.0, 0.0, 1.0, 1.0, 1.0, 1.0, 1.0, 0.0, 1.0, 0.0, 0.0, 1.0, 1.0, 1.0, 0.0, 0.0, 0.0, 0.0, 1.0, 1.0, 1.0, 0.0, 1.0, 1.0, 1.0, 1.0, 0.0, 1.0, 1.0, 1.0, 0.0, 0.0, 0.0, 0.0, 1.0, 1.0, 1.0, 1.0, 1.0, 1.0, 1.0, 0.0, 1.0, 1.0, 1.0, 1.0, 0.0, 0.0, 0.0, 0.0, 1.0, 1.0, 1.0, 1.0, 0.0, 0.0, 0.0, 0.0, 0.0, 1.0, 0.0, 0.0, 0.0, 0.0, 0.0, 0.0, 0.0, 0.0, 0.0, 0.0, 0.0, 0.0, 0.0, 0.0, 1.0, 0.0, 1.0, 1.0, 1.0, 0.0, 0.0, 1.0, 1.0, 1.0, 1.0, 1.0, 1.0, 0.0, 1.0, 0.0, 1.0, 1.0, 1.0, 1.0, 1.0, 0.0, 1.0, 1.0, 0.0, 0.0, 0.0, 0.0, 0.0, 1.0, 1.0, 0.0, 1.0, 0.0, 0.0, 1.0, 0.0, 0.0, 0.0, 0.0, 1.0, 1.0, 1.0, 0.0, 0.0, 0.0, 1.0, 0.0, 1.0, 1.0, 1.0, 0.0, 0.0, 0.0, 0.0, 0.0, 1.0, 1.0, 1.0, 1.0, 1.0, 1.0, 1.0, 0.0, 0.0, 0.0, 0.0, 0.0, 0.0, 0.0, 0.0, 0.0, 1.0, 0.0, 1.0, 0.0, 0.0, 0.0, 0.0, 0.0, 1.0, 1.0, 1.0, 1.0, 1.0, 1.0, 1.0, 0.0, 1.0, 1.0, 1.0, 1.0, 1.0, 1.0, 0.0, 1.0, 1.0, 1.0, 1.0, 1.0, 0.0, 0.0, 0.0, 0.0, 1.0, 1.0, 1.0, 1.0, 1.0, 1.0, 1.0, 0.0, 0.0, 1.0, 1.0, 1.0, 0.0, 0.0, 0.0, 0.0, 1.0, 1.0, 1.0, 1.0, 0.0, 0.0, 0.0, 0.0, 1.0, 0.0, 1.0, 0.0, 0.0, 0.0, 0.0, 0.0, 1.0, 1.0, 1.0, 1.0, 1.0, 0.0, 1.0, 0.0, 1.0, 1.0, 1.0, 0.0, 1.0, 1.0, 0.0, 1.0, 1.0, 1.0, 1.0, 1.0, 0.0, 0.0, 0.0, 0.0, 0.0, 0.0, 0.0, 0.0, 0.0, 1.0, 0.0, 0.0, 1.0, 1.0, 1.0, 1.0, 0.0, 0.0, 0.0, 0.0, 0.0, 0.0, 0.0, 0.0, 0.0, 0.0, 0.0, 0.0, 1.0, 0.0, 1.0, 0.0, 0.0, 0.0, 0.0, 0.0, 1.0, 1.0, 0.0, 0.0, 1.0, 1.0, 1.0, 1.0, 1.0, 1.0, 1.0, 1.0, 1.0, 1.0, 1.0, 1.0, 1.0, 1.0, 1.0, 1.0, 1.0, 0.0, 1.0, 1.0, 0.0, 1.0, 0.0, 1.0, 0.0, 1.0, 0.0, 0.0, 1.0, 1.0, 1.0, 1.0, 0.0, 0.0, 1.0, 0.0, 1.0, 1.0, 1.0, 1.0, 0.0, 0.0, 0.0, 0.0, 0.0, 0.0, 0.0, 1.0, 0.0, 0.0, 0.0, 0.0, 1.0, 1.0, 1.0, 1.0, 0.0, 0.0, 0.0, 0.0, 0.0, 1.0, 1.0, 1.0, 0.0, 1.0, 1.0, 0.0, 1.0, 1.0, 1.0, 1.0, 0.0, 0.0, 0.0, 0.0, 1.0, 0.0, 1.0, 1.0, 1.0, 0.0, 0.0, 1.0, 1.0, 1.0, 1.0, 1.0, 1.0, 1.0, 1.0, 0.0, 0.0, 0.0, 1.0, 0.0, 0.0, 1.0, 0.0, 0.0, 1.0, 1.0, 1.0, 1.0, 0.0, 0.0, 0.0, 0.0, 1.0, 1.0, 1.0, 0.0, 0.0, 0.0, 1.0, 0.0, 1.0, 1.0, 1.0, 1.0, 0.0, 0.0, 0.0, 0.0, 0.0, 0.0, 0.0, 0.0, 0.0, 0.0, 0.0, 0.0, 0.0, 1.0, 0.0, 1.0, 0.0, 1.0, 1.0, 0.0, 1.0, 1.0, 1.0, 1.0, 1.0, 0.0, 0.0, 1.0]",-311.9759791000219,630.4973078603782,-482.430437669722,964.860875339444,0.01,0.0,-5.545177444479562,2.0794415416798357,11.090354888959125,0.01,0.0,-16.635532333438686,3.1780538303479458,33.27106466687737,1.0908740239314543,"[0.0, 0.0, 1.0, 0.0, 0.0, 0.0, 0.0, 0.0, 1.0, 1.0, 1.0, 1.0, 0.877, 0.877, 0.877, 0.0, 1.0, 0.259, 1.0, 1.0, 0.8015, 0.0, 0.259, 1.0, 1.0, 1.0, 1.0, 1.0, 1.0, 1.0, 1.0, 0.0, 0.0, 0.0, 1.0, 0.0, 0.0, 0.0, 1.0, 0.0, 0.0, 0.0, 1.0, 0.0, 0.0, 0.0, 1.0, 0.0, 0.0, 0.0, 0.0, 0.0775, 0.0, 0.0, 0.1635, 0.47100000000000003, 1.0, 1.0, 1.0, 1.0, 0.0, 0.0, 0.0, 0.0, 0.0, 0.0, 0.0, 0.0, 0.0, 0.0, 0.0, 0.0, 1.0, 1.0, 1.0, 1.0, 1.0, 1.0, 1.0, 0.0, 1.0, 1.0, 1.0, 1.0, 0.0, 0.0, 0.0, 0.0, 0.0, 0.0, 0.0, 0.0, 0.0, 0.113, 0.113, 0.0, 0.0, 0.0, 0.0, 1.0, 0.0, 0.0, 0.0, 0.0, 1.0, 1.0, 1.0, 1.0, 0.0, 0.0, 0.0, 0.0, 0.9995, 1.0, 1.0, 0.663, 1.0, 1.0, 1.0, 0.353, 1.0, 1.0, 1.0, 1.0, 0.082, 0.082, 0.0, 0.0, 0.973, 1.0, 0.7655000000000001, 0.605, 0.973, 1.0, 1.0, 0.368, 0.0, 0.0, 1.0, 0.0, 1.0, 0.0, 1.0, 0.0, 1.0, 1.0, 1.0, 1.0, 0.0, 0.0, 1.0, 0.0, 1.0, 1.0, 1.0, 1.0, 0.0, 0.9465, 0.0, 0.0, 0.666, 1.0, 0.666, 0.666, 0.0, 0.0, 0.7975, 0.0, 0.0, 0.9430000000000001, 0.0, 1.0, 1.0, 0.0, 0.0, 0.0, 0.0, 1.0, 0.0, 0.0, 0.0, 0.0, 0.0, 0.0, 1.0, 1.0, 1.0, 1.0, 0.0, 0.0, 0.0, 0.0, 1.0, 1.0, 1.0, 1.0, 1.0, 1.0, 1.0, 0.0005, 1.0, 1.0, 1.0, 1.0, 1.0, 1.0, 0.0, 1.0, 1.0, 1.0, 1.0, 1.0, 0.0, 0.0, 0.0, 0.0, 1.0, 1.0, 1.0, 1.0, 1.0, 1.0, 1.0, 0.0, 1.0, 0.0, 1.0, 0.0, 0.0, 0.0, 0.0, 0.0, 0.0, 1.0, 0.0, 1.0, 0.0, 1.0, 0.0, 1.0, 1.0, 1.0, 1.0, 1.0, 1.0, 1.0, 1.0, 0.0, 1.0, 0.0, 1.0, 1.0, 1.0, 0.0, 0.0, 1.0, 1.0, 1.0, 1.0, 1.0, 1.0, 1.0, 1.0, 1.0, 0.0, 0.9580000000000001, 0.0, 0.0, 0.0, 0.0, 0.0045000000000000005, 0.0, 0.0, 0.0, 0.0, 0.0, 0.0, 0.0, 0.0, 1.0, 0.0, 0.0, 0.0005, 0.0, 0.0, 0.0, 0.0, 0.0, 0.0, 1.0, 0.0, 0.0, 0.0, 0.0, 0.0, 0.0, 1.0, 1.0, 1.0, 0.001, 0.001, 0.001, 1.0, 0.0, 0.0, 0.0, 0.6225, 0.0, 0.0, 0.0, 0.0, 0.0, 1.0, 1.0, 1.0, 1.0, 0.0, 0.0, 0.0, 0.0, 0.0, 0.0, 0.0, 0.0, 0.0, 0.0, 0.0, 0.0, 1.0, 1.0, 1.0, 1.0, 1.0, 1.0, 1.0, 0.0, 0.0, 0.0, 0.0, 1.0, 0.0, 0.0, 1.0, 0.0, 1.0, 1.0, 1.0, 1.0, 0.0, 0.0, 0.0, 0.0, 0.0, 1.0, 0.0, 0.0, 1.0, 0.0, 0.0, 1.0, 1.0, 1.0, 1.0, 1.0, 0.0, 0.0, 0.0, 0.0, 1.0, 1.0, 1.0, 1.0, 1.0, 0.0, 1.0, 1.0, 0.0, 0.0005, 0.0, 0.0, 0.0, 0.38, 0.0, 0.0, 1.0, 1.0, 1.0, 1.0, 0.0, 0.0, 0.0, 0.0, 1.0, 1.0, 1.0, 0.999, 1.0, 1.0, 1.0, 0.0195, 1.0, 1.0, 1.0, 1.0, 0.0, 0.0, 0.0, 0.0, 0.0, 0.6285000000000001, 0.0, 0.328, 0.0, 0.0, 0.6285000000000001, 0.0, 0.0, 0.0, 0.0, 0.0, 0.0, 0.0, 0.0, 1.0, 1.0, 1.0, 1.0, 1.0, 0.0, 0.0, 0.0, 0.0, 1.0, 1.0, 1.0, 1.0, 1.0, 1.0, 1.0, 0.0, 1.0, 1.0, 1.0, 1.0, 1.0, 1.0, 0.0375, 1.0, 1.0, 1.0, 1.0, 1.0, 0.0, 0.0, 0.0, 0.0, 1.0, 1.0, 1.0, 1.0, 1.0, 1.0, 1.0, 0.0, 1.0, 1.0, 1.0, 1.0, 1.0, 1.0, 0.0, 1.0, 1.0, 1.0, 1.0, 1.0, 0.0, 0.0, 0.0, 0.0, 1.0, 1.0, 1.0, 1.0, 1.0, 1.0, 1.0, 1.0, 0.0, 0.0, 0.4395, 0.0, 0.0, 0.0, 0.001, 1.0, 0.0, 0.0, 0.0, 0.0, 0.0, 0.0, 0.0, 0.0, 1.0, 1.0, 1.0, 0.0, 1.0, 0.0, 0.0, 1.0, 0.0, 0.0, 1.0, 1.0, 1.0, 0.0, 0.0, 0.0, 0.0, 0.0, 0.0, 0.0, 0.0, 0.0, 0.0, 0.0, 1.0, 1.0, 1.0, 1.0, 0.0, 0.0, 0.0, 0.0, 0.0, 0.0, 0.0, 0.0, 0.0, 1.0, 0.0, 0.0, 1.0, 1.0, 1.0, 1.0, 0.0, 0.4945, 0.0, 0.0, 1.0, 1.0, 1.0, 1.0, 0.0, 0.0, 1.0, 1.0, 1.0, 1.0, 1.0, 1.0, 0.0, 0.0, 0.0, 0.0, 1.0, 1.0, 1.0, 1.0, 1.0, 0.704, 0.296, 0.0, 1.0, 1.0, 1.0, 1.0, 0.0, 0.0, 1.0, 1.0, 1.0, 1.0, 1.0, 1.0, 0.0, 0.0, 0.0, 0.0, 0.006, 1.0, 0.006, 0.708, 0.298, 1.0, 0.298, 1.0, 1.0, 1.0, 1.0, 1.0, 0.0, 0.0, 0.0, 0.0, 1.0, 0.0, 1.0, 1.0, 1.0, 0.0, 0.0, 1.0, 0.0, 1.0, 1.0, 1.0, 0.0, 0.0, 0.0, 0.0, 1.0, 0.224, 1.0, 1.0, 0.776, 0.0, 0.224, 1.0, 1.0, 1.0, 1.0, 1.0, 0.0, 0.0, 0.0, 0.0, 1.0, 1.0, 0.0, 1.0, 1.0, 1.0, 0.0, 1.0, 1.0, 1.0, 1.0, 1.0, 0.0, 0.0, 0.0, 0.0, 1.0, 1.0, 1.0, 1.0, 1.0, 1.0, 1.0, 0.0, 1.0, 1.0, 1.0, 1.0, 0.0, 0.0, 0.0, 0.0, 0.0, 0.0, 0.0, 0.0, 0.0, 0.0, 0.0, 0.0, 1.0, 0.4865, 1.0, 1.0, 1.0, 0.0075, 0.4865, 1.0, 0.0225, 0.0, 0.0, 0.9775, 0.0, 0.0, 0.0, 0.0]",-419.18595103414617,844.9172517286268,-482.430437669722,964.860875339444,0.01,0.0,-5.545177444479562,2.0794415416798357,11.090354888959125,0.01,0.0,-16.635532333438686,3.1780538303479458,33.27106466687737,0.5787520451143159,"[1.0, 1.0, 1.0, 1.0, 1.0, 0.0, 1.0, 0.0, 1.0, 1.0, 1.0, 1.0, 1.0, 1.0, 1.0, 0.0, 0.0, 0.0, 0.0, 0.0, 0.0, 0.0, 0.0, 0.0, 1.0, 1.0, 1.0, 1.0, 0.0, 0.0, 1.0, 0.0, 0.0, 0.0, 0.0, 0.0, 0.0, 1.0, 0.0, 0.0, 0.0, 0.0, 0.0, 0.0, 0.0, 0.0, 0.0, 0.0, 1.0, 1.0, 1.0, 1.0, 0.0, 0.0, 0.0, 0.0, 1.0, 1.0, 1.0, 1.0, 0.0, 0.0, 0.0, 0.0, 0.0, 0.0, 0.0, 0.0, 0.0, 1.0, 1.0, 0.0, 1.0, 1.0, 1.0, 1.0, 0.0, 0.0, 0.0, 0.0, 1.0, 1.0, 1.0, 1.0, 0.0, 0.0, 0.0, 0.0, 0.0, 0.0, 0.0, 0.0, 0.0, 0.0, 0.0, 0.0, 1.0, 1.0, 1.0, 1.0, 1.0, 1.0, 1.0, 0.0, 1.0, 1.0, 1.0, 1.0, 1.0, 0.0, 1.0, 0.0, 0.0, 1.0, 0.0, 0.0, 1.0, 1.0, 1.0, 0.0, 1.0, 1.0, 0.0, 1.0, 1.0, 0.0, 0.0, 0.0, 1.0, 1.0, 1.0, 0.0, 1.0, 1.0, 1.0, 1.0, 1.0, 1.0, 1.0, 1.0, 0.0, 0.0, 0.0, 0.0, 1.0, 1.0, 1.0, 0.0, 0.0, 0.0, 1.0, 0.0, 0.0, 0.0, 1.0, 0.0, 0.0, 0.0, 0.0, 0.0, 1.0, 1.0, 1.0, 0.0, 0.0, 0.0, 1.0, 0.0, 0.0, 0.0, 0.0, 1.0, 0.0, 0.0, 0.0, 0.0, 0.0, 0.0, 0.0, 1.0, 0.0, 0.0, 0.0, 0.0, 1.0, 1.0, 1.0, 1.0, 0.0, 0.0, 0.0, 0.0, 1.0, 1.0, 1.0, 0.0, 0.0, 0.0, 1.0, 0.0, 1.0, 1.0, 1.0, 1.0, 0.0, 0.0, 0.0, 0.0, 1.0, 1.0, 1.0, 1.0, 0.0, 0.0, 0.0, 0.0, 1.0, 1.0, 1.0, 1.0, 1.0, 1.0, 1.0, 0.0, 0.0, 0.0, 0.0, 0.0, 1.0, 0.0, 0.0, 0.0, 1.0, 1.0, 1.0, 1.0, 1.0, 1.0, 1.0, 1.0, 1.0, 1.0, 1.0, 1.0, 1.0, 1.0, 1.0, 0.0, 0.0, 0.0, 0.0, 0.0, 0.0, 0.0, 0.0, 0.0, 0.0, 1.0, 0.0, 1.0, 0.0, 1.0, 0.0, 1.0, 0.0, 0.0, 0.0, 1.0, 0.0, 0.0, 0.0, 0.0, 1.0, 1.0, 1.0, 0.0, 0.0, 0.0, 1.0, 0.0, 0.0, 0.0, 1.0, 0.0, 0.0, 0.0, 0.0, 0.0, 0.0, 1.0, 1.0, 1.0, 0.0, 0.0, 0.0, 0.0, 1.0, 1.0, 1.0, 0.0, 1.0, 1.0, 1.0, 1.0, 0.0, 0.0, 1.0, 0.0, 0.0, 0.0, 0.0, 0.0, 1.0, 1.0, 1.0, 1.0, 1.0, 1.0, 1.0, 0.0, 1.0, 1.0, 1.0, 1.0, 0.0, 0.0, 0.0, 0.0, 1.0, 1.0, 1.0, 1.0, 0.0, 0.0, 0.0, 0.0, 0.0, 1.0, 0.0, 0.0, 0.0, 0.0, 0.0, 0.0, 0.0, 0.0, 0.0, 0.0, 0.0, 0.0, 0.0, 0.0, 0.0, 0.0, 0.0, 0.0, 0.0, 0.0, 0.0, 0.0, 1.0, 1.0, 0.0, 1.0, 1.0, 0.0, 1.0, 0.0, 1.0, 1.0, 1.0, 1.0, 1.0, 0.0, 1.0, 1.0, 0.0, 0.0, 0.0, 0.0, 0.0, 1.0, 1.0, 0.0, 1.0, 0.0, 0.0, 1.0, 0.0, 0.0, 0.0, 0.0, 1.0, 1.0, 1.0, 0.0, 0.0, 0.0, 1.0, 0.0, 1.0, 1.0, 1.0, 0.0, 0.0, 0.0, 0.0, 0.0, 1.0, 1.0, 1.0, 1.0, 1.0, 1.0, 1.0, 0.0, 0.0, 0.0, 0.0, 0.0, 0.0, 0.0, 0.0, 0.0, 1.0, 0.0, 1.0, 0.0, 0.0, 0.0, 0.0, 0.0, 1.0, 1.0, 1.0, 1.0, 1.0, 1.0, 1.0, 0.0, 1.0, 1.0, 1.0, 1.0, 1.0, 1.0, 0.0, 1.0, 1.0, 1.0, 1.0, 1.0, 0.0, 0.0, 0.0, 0.0, 1.0, 1.0, 1.0, 1.0, 1.0, 1.0, 1.0, 0.0, 0.0, 1.0, 1.0, 1.0, 0.0, 0.0, 0.0, 0.0, 1.0, 1.0, 1.0, 1.0, 0.0, 0.0, 0.0, 0.0, 1.0, 0.0, 1.0, 0.0, 0.0, 0.0, 0.0, 0.0, 1.0, 1.0, 1.0, 1.0, 1.0, 0.0, 1.0, 0.0, 1.0, 1.0, 1.0, 0.0, 1.0, 1.0, 0.0, 1.0, 1.0, 1.0, 1.0, 1.0, 0.0, 0.0, 0.0, 0.0, 0.0, 0.0, 0.0, 0.0, 0.0, 0.0, 0.0, 0.0, 1.0, 1.0, 1.0, 1.0, 0.0, 0.0, 0.0, 0.0, 0.0, 0.0, 0.0, 0.0, 0.0, 0.0, 0.0, 0.0, 0.0, 0.0, 0.0, 0.0, 0.0, 0.0, 0.0, 0.0, 1.0, 1.0, 0.0, 0.0, 1.0, 1.0, 1.0, 1.0, 1.0, 1.0, 1.0, 1.0, 1.0, 1.0, 1.0, 1.0, 1.0, 1.0, 1.0, 1.0, 1.0, 0.0, 1.0, 1.0, 0.0, 1.0, 0.0, 1.0, 0.0, 1.0, 0.0, 0.0, 1.0, 1.0, 1.0, 1.0, 0.0, 0.0, 1.0, 0.0, 1.0, 1.0, 1.0, 1.0, 0.0, 0.0, 0.0, 0.0, 0.0, 0.0, 0.0, 1.0, 0.0, 0.0, 0.0, 0.0, 1.0, 1.0, 1.0, 1.0, 0.0, 0.0, 0.0, 0.0, 0.0, 1.0, 1.0, 1.0, 0.0, 1.0, 1.0, 0.0, 1.0, 1.0, 1.0, 1.0, 0.0, 0.0, 0.0, 0.0, 1.0, 0.0, 1.0, 1.0, 1.0, 0.0, 0.0, 1.0, 1.0, 1.0, 1.0, 1.0, 1.0, 1.0, 1.0, 0.0, 0.0, 1.0, 1.0, 1.0, 1.0, 1.0, 0.0, 0.0, 1.0, 1.0, 1.0, 1.0, 0.0, 0.0, 0.0, 0.0, 1.0, 1.0, 1.0, 0.0, 0.0, 0.0, 1.0, 0.0, 1.0, 1.0, 1.0, 1.0, 0.0, 0.0, 0.0, 0.0, 0.0, 0.0, 0.0, 0.0, 0.0, 0.0, 0.0, 0.0, 0.0, 0.0, 1.0, 1.0, 0.0, 0.0, 0.0, 0.0, 1.0, 1.0, 1.0, 1.0, 1.0, 0.0, 0.0, 1.0]",-295.2442605392121,597.0338707387587,-482.430437669722,964.860875339444,0.6213350538809675,-10.813469012791472,24.80499185593089,1.2846122460949685,-433.45128860920846,873.4479268787513,True,True,True,True,True,0.7083333333333334,0.625,0.75,0.625,0.75,0.625,0.75,0.625,0.75,0.625,0.8333333333333334,0.625,"Z.exists(lambda x1: Z.equal(x1,'blue','colour'),X)","Z.atleast(lambda x1: Z.equal(x1,'blue','colour'),1,X)","Z.exists(lambda x1: Z.equal(x1,'blue','colour'),X)","Z.atleast(lambda x1: Z.equal(x1,'blue','colour'),1,X)",0.625,0.625,0.625,0.625,0.625,0.7083333333333334,0.6982758620689655,0.6867816091954023,0.6954022988505747,0.6925287356321839,5.241379310344827,0,0,0,0,0,0
55,69,133,hbaVUxZLvt,lcIg3IPTybbVS9FyAAAS,Kappa,at least one is blue AND small,"[True, True, True, True, True, True, False, True]","[True, True, True, True, True, True, False, True]",0.625,0.625,Must contain 1 blue cone,[['x1']],"Z.exists(lambda x1: Z.equal(x1,'blue','colour'),X)",Must have 1 blue cone,"[{'ids': [0, 1, 2, 3, 4], 'colours': ['blue', 'blue', 'green', 'green', 'green'], 'sizes': [1, 2, 1, 2, 3], 'xpos': [0.30944369669435245, 3.9222517188342847, 5.337497543375092, 3.1133034877344836, 5.411614347832926], 'ypos': [4.128333333333334, 4.128333333333334, 4.128333333333334, 4.128333333333334, 4.128333317262491], 'rotations': [3.1415926535897936, 3.1415926535897927, 3.141592653589793, 3.1415926535897927, 3.1415926851012492], 'orientations': ['upright', 'upright', 'upright', 'upright', 'upright'], 'contact': [[0], [1, 3], [2], [3, 1], [4]], 'grounded': ['yes', 'yes', 'yes', 'yes', 'yes'], 'follow_rule': True}, {'ids': [0, 1], 'colours': ['green', 'blue'], 'sizes': [1, 1], 'xpos': [5.561057505793994, 0.8930339048604903], 'ypos': [3.843165468627433, 4.1254347805399485], 'rotations': [1.2102533420653458, 3.142734023218728], 'orientations': ['lhs', 'upright'], 'contact': [[0], [1]], 'grounded': ['yes', 'yes'], 'follow_rule': True}, {'ids': [0, 1, 2], 'colours': ['red', 'blue', 'green'], 'sizes': [1, 1, 1], 'xpos': [1.3459047228528325, 2.105954404743198, 4.027781936457315], 'ypos': [4.125488281809678, 4.124128590803227, 4.124347188020247], 'rotations': [3.151059915583163, 3.1431190503369293, 3.141785640798386], 'orientations': ['upright', 'upright', 'upright'], 'contact': [[0], [1], [2]], 'grounded': ['yes', 'yes', 'yes'], 'follow_rule': True}, {'ids': [0], 'colours': ['green'], 'sizes': [2], 'xpos': [6.140070458551993], 'ypos': [4.1237387290818885], 'rotations': [3.1426507396551857], 'orientations': ['upright'], 'contact': [[0]], 'grounded': ['yes'], 'follow_rule': False}, {'ids': [0], 'colours': ['blue'], 'sizes': [1], 'xpos': [0.8518290460419311], 'ypos': [3.8436380329961697], 'rotations': [5.0731038055300735], 'orientations': ['rhs'], 'contact': [[0]], 'grounded': ['yes'], 'follow_rule': True}, {'ids': [0, 1], 'colours': ['blue', 'red'], 'sizes': [1, 1], 'xpos': [2.6193689992112996, 4.061438576444472], 'ypos': [4.125019008370343, 3.924866303130451], 'rotations': [3.143076608785027, 2.4136867616672237], 'orientations': ['upright', 'strange'], 'contact': [[0], [1]], 'grounded': ['yes', 'yes'], 'follow_rule': True}, {'ids': [0, 1, 2], 'colours': ['blue', 'blue', 'blue'], 'sizes': [1, 2, 3], 'xpos': [6.05069919374252, 5.3055773838720475, 4.004996733731145], 'ypos': [4.124382910489126, 4.124655423144642, 4.124661666344086], 'rotations': [3.1432324171908617, 3.1417782794783617, 3.140170995330049], 'orientations': ['upright', 'upright', 'upright'], 'contact': [[0], [1], [2]], 'grounded': ['yes', 'yes', 'yes'], 'follow_rule': True}, {'ids': [0, 1, 2, 3, 4, 5, 6, 7, 8], 'colours': ['green', 'blue', 'red', 'blue', 'green', 'blue', 'red', 'green', 'blue'], 'sizes': [2, 2, 1, 1, 1, 2, 2, 3, 3], 'xpos': [0.40051521441782545, 1.2756731636099594, 4.118049092855183, 2.983099487705743, 0.57148433602212, 2.246513783059072, 7.0116164863045345, 7.010767505476521, 4.205646757979722], 'ypos': [4.058065579200592, 4.118043419220488, 4.1250084415124935, 4.1246529121060584, 3.580645027998568, 4.125133900030242, 4.1282975969815405, 4.116436413285179, 4.125529678953282], 'rotations': [2.9671095307829485, 3.167320277014849, 3.1340094146834026, 3.1414669569360543, 4.200842511272002, 3.1418442867731473, 3.141364425880175, 3.134245721108695, 3.14087921227142], 'orientations': ['upright', 'upright', 'upright', 'upright', 'strange', 'upright', 'upright', 'upright', 'upright'], 'contact': [[0, 4], [1, 4], [2], [3], [4, 0, 1], [5], [6, 7], [7, 6], [8]], 'grounded': ['yes', 'yes', 'yes', 'yes', 'no', 'yes', 'yes', 'no', 'yes'], 'follow_rule': True}, {'ids': [0, 1, 2, 3, 4, 5, 6, 7], 'colours': ['red', 'blue', 'blue', 'red', 'red', 'green', 'red', 'blue'], 'sizes': [3, 1, 2, 2, 3, 2, 1, 2], 'xpos': [3.73068127782473, 5.21143043275308, 0.628029634657912, 5.41985831114537, 3.73221495043733, 2.6881904061602, 2.69592462610732, 4.6441478837753], 'ypos': [4.15955293434237, 3.88040887163376, 3.77952636825576, 4.00866939013447, 3.84618730815599, 4.16046505787232, 3.36197381341272, 4.15735107629793], 'rotations': [3.14513282779734, 5.0677355060028, 5.0513292843393, 2.88192941289468, 3.14453575957132, 3.13858862708556, 2.60114260528712, 3.14253353812844], 'contact': [[0, 4], [1, 3], 2, [3, 1, 7], [4, 0], [5, 6], [6, 5], [7, 3]], 'grounded': ['yes', 'yes', 'yes', 'no', 'no', 'yes', 'no', 'yes']}, {'ids': [0, 1, 2, 3, 4], 'colours': ['green', 'red', 'red', 'blue', 'blue'], 'sizes': [3, 3, 3, 1, 1], 'xpos': [0.494087661193018, 3.9483348516538, 5.27168256714865, 5.34332261433319, 0.73624872055367], 'ypos': [4.03747541930378, 4.15789345817489, 3.68793264237984, 3.6957884966519, 3.12182877557111], 'rotations': [3.39186622255945, 3.13985318391394, 5.03796059957422, 0.88254982855712, 3.37051889969503], 'contact': [[0, 4], 1, [2, 3], [3, 2], [4, 0]], 'grounded': ['yes', 'yes', 'yes', 'yes', 'no']}, {'ids': [0, 1, 2, 3], 'colours': ['red', 'blue', 'blue', 'green'], 'sizes': [1, 1, 2, 2], 'xpos': [3.18059163568182, 0.310290458717288, 3.1806567054277, 2.31556998810598], 'ypos': [4.16168723431181, 4.15876638336768, 4.1487939044355, 4.15777861520172], 'rotations': [3.14159140357956, 3.14265904643877, 3.14147445775215, 3.14506697679819], 'contact': [[0, 2], 1, [2, 0], 3], 'grounded': ['yes', 'yes', 'no', 'yes']}, {'ids': [0, 1, 2], 'colours': ['red', 'blue', 'blue'], 'sizes': [2, 1, 1], 'xpos': [4.18368803941992, 0.414042657065262, 2.15035350734386], 'ypos': [3.77956682056473, 4.15748311487421, 3.8762597297667], 'rotations': [1.23393916549627, 3.14433838895914, 1.21175410086331], 'contact': [{'V1': 0, 'V2': 1, 'V3': 2}], 'grounded': ['yes', 'yes', 'yes']}, {'ids': [0, 1, 2, 3], 'colours': ['red', 'blue', 'green', 'green'], 'sizes': [1, 2, 3, 2], 'xpos': [3.51554594721066, 0.952630095552302, 1.15938786102465, 4.3365248890533], 'ypos': [4.15861023322789, 3.78844050360235, 3.68324865018165, 3.81210635173936], 'rotations': [3.13374769948046, 1.95279692618981, 5.03789515425762, 2.09958352806452], 'contact': [[0, 3], 1, 2, [3, 0]], 'grounded': ['yes', 'yes', 'yes', 'yes']}, {'ids': [0, 1, 2, 3, 4, 5, 6], 'colours': ['red', 'green', 'green', 'red', 'red', 'green', 'blue'], 'sizes': [2, 2, 1, 2, 3, 1, 2], 'xpos': [6.87642919084431, 0.500811040908878, 6.83118798955539, 0.500811040908877, 2.84733119936067, 4.8509860534385, 6.36697442237732], 'ypos': [4.16175085069598, 4.16166666666667, 3.43496091839389, 3.86081693802354, 3.68420776646255, 3.88048305615273, 3.30313545616522], 'rotations': [3.14149734712368, 3.14159265358979, 3.21473720201577, 3.1415926535898, 5.03748075887867, 5.06844557980735, 3.76206868572812], 'contact': [[0, 6, 2], [1, 3], [2, 0, 6], [3, 1], 4, 5, [6, 0, 2]], 'grounded': ['yes', 'yes', 'no', 'no', 'yes', 'yes', 'no']}, {'ids': [0, 1, 2, 3], 'colours': ['green', 'red', 'green', 'green'], 'sizes': [3, 2, 3, 1], 'xpos': [0.68898442305447, 3.35991414777035, 6.19696481477246, 0.285852488312505], 'ypos': [4.14082379374931, 3.77953993499473, 3.68347394204074, 3.22090721981064], 'rotations': [3.17946147794873, 5.05131141313782, 1.24390261182064, 2.78305328423849], 'contact': [[0, 3], 1, 2, [3, 0]], 'grounded': ['yes', 'yes', 'yes', 'no']}, {'ids': [0, 1, 2, 3, 4, 5], 'colours': ['blue', 'green', 'red', 'green', 'red', 'red'], 'sizes': [2, 1, 3, 3, 2, 2], 'xpos': [1.90901458039544, 3.20404317572615, 5.35557787085149, 2.21502873493383, 4.45133508655654, 0.411178438002497], 'ypos': [4.15997299836821, 3.9724254650111, 3.68341260130509, 3.66870790290145, 3.29547827552602, 4.15884184210246], 'rotations': [3.14582683698787, 3.82418159605204, 1.24456815445981, 4.50974799681394, 6.86637263771617, 3.14292060739547], 'contact': [[0, 3], [1, 3], [2, 4], [3, 0, 1], [4, 2], 5], 'grounded': ['yes', 'yes', 'yes', 'yes', 'yes', 'yes']}]","[False, True, True, True, False, False, False, False]","[False, True, True, True, False, False, True, False]","[True, False, False, False, True, True, False, True]","[False, False, False, False, False, False, False, False]","[False, True, True, True, False, False, False, False]","[False, True, True, True, False, False, True, False]","[True, False, False, False, True, True, False, True]","[False, False, False, False, False, False, False, False]",-0.25,-0.25,0.0,0.0,0.5,0.5,0.5,0.5,0.125,0.125,0.0,0.0,0.5,0.5,1.0,-3.1034542369777256,-5.545177444479562,8.286350015635287,11.090354888959125,1.0,-8.11564123726929,-16.635532333438686,19.409336304886526,33.27106466687737,1.0502311195665048,"[1.0, 1.0, 1.0, 1.0, 1.0, 0.0, 1.0, 0.0, 1.0, 1.0, 1.0, 1.0, 1.0, 1.0, 1.0, 0.0135, 0.9530000000000001, 0.092, 0.5895, 0.5895, 1.0, 0.0, 0.0, 0.861, 1.0, 1.0, 1.0, 0.2925, 0.999, 0.999, 1.0, 0.7155, 0.0, 0.0, 1.0, 0.0, 0.0, 0.0, 1.0, 0.0, 0.0, 0.0, 1.0, 0.0, 0.0, 0.0, 1.0, 0.0, 1.0, 1.0, 1.0, 1.0, 0.0, 0.0, 0.0, 0.0, 1.0, 1.0, 1.0, 1.0, 0.935, 0.935, 0.935, 0.935, 1.0, 1.0, 1.0, 1.0, 0.0, 1.0, 0.0, 0.0, 0.0, 1.0, 1.0, 1.0, 1.0, 1.0, 1.0, 1.0, 1.0, 1.0, 1.0, 1.0, 0.0935, 0.0935, 0.0935, 0.0935, 1.0, 1.0, 1.0, 1.0, 1.0, 1.0, 1.0, 1.0, 1.0, 1.0, 1.0, 1.0, 1.0, 1.0, 1.0, 0.013000000000000001, 1.0, 1.0, 0.998, 1.0, 1.0, 0.002, 0.998, 0.002, 1.0, 1.0, 1.0, 1.0, 1.0, 1.0, 1.0, 0.0, 0.973, 1.0, 0.9530000000000001, 1.0, 0.8925000000000001, 0.9195, 0.17400000000000002, 0.201, 1.0, 1.0, 1.0, 1.0, 0.0, 0.0, 0.0, 0.0, 1.0, 1.0, 1.0, 0.24, 1.0, 1.0, 0.968, 1.0, 0.653, 0.653, 0.653, 1.0, 0.2535, 0.2535, 0.7035, 0.10300000000000001, 1.0, 1.0, 1.0, 1.0, 0.0, 1.0, 0.0, 0.0, 1.0, 1.0, 1.0, 0.012, 0.988, 0.988, 1.0, 1.0, 1.0, 0.0, 1.0, 1.0, 1.0, 0.0, 0.0, 1.0, 0.0, 0.0, 0.0, 1.0, 1.0, 0.0, 0.0, 0.0, 1.0, 1.0, 1.0, 1.0, 0.0, 0.0, 0.0, 0.0, 1.0, 1.0, 1.0, 1.0, 0.0, 0.0, 0.0, 0.0, 1.0, 1.0, 1.0, 1.0, 1.0, 1.0, 0.841, 1.0, 1.0, 1.0, 1.0, 1.0, 0.0, 0.0, 0.0, 0.0, 1.0, 1.0, 1.0, 1.0, 1.0, 1.0, 1.0, 0.0, 0.197, 0.0, 0.85, 0.653, 0.803, 0.0, 0.0, 0.0, 0.8525, 0.847, 0.9935, 0.847, 0.28300000000000003, 0.4305, 0.426, 0.426, 1.0, 1.0, 1.0, 1.0, 1.0, 1.0, 1.0, 0.0, 0.798, 1.0, 0.7995, 0.7995, 0.0275, 0.029, 0.2265, 0.1975, 1.0, 1.0, 1.0, 1.0, 0.0, 0.0, 0.0, 0.0, 0.862, 0.854, 0.8595, 0.8955000000000001, 0.045, 0.0005, 0.8695, 0.8505, 1.0, 1.0, 1.0, 0.022, 1.0, 1.0, 1.0, 0.978, 0.28400000000000003, 0.0145, 0.1885, 0.0275, 0.2755, 0.0, 0.0015, 0.013000000000000001, 0.0, 0.0, 0.0, 1.0, 1.0, 0.0, 0.0, 0.0, 1.0, 1.0, 1.0, 1.0, 0.0, 0.0, 0.0, 0.0, 1.0, 1.0, 1.0, 1.0, 1.0, 0.0, 1.0, 0.0, 1.0, 1.0, 1.0, 1.0, 1.0, 1.0, 1.0, 0.0, 1.0, 1.0, 1.0, 0.728, 0.8265, 0.5545, 0.5545, 0.8265, 1.0, 1.0, 1.0, 1.0, 1.0, 1.0, 1.0, 1.0, 1.0, 1.0, 1.0, 0.8715, 0.9365, 0.8695, 0.8695, 0.9365, 0.229, 0.229, 0.229, 0.229, 0.801, 0.03, 0.03, 0.801, 0.0, 0.0, 0.0, 1.0, 1.0, 0.0, 0.0, 0.0, 0.108, 0.114, 0.2315, 0.108, 0.114, 0.07050000000000001, 0.0495, 0.006, 1.0, 1.0, 1.0, 1.0, 0.0, 0.0, 0.0, 0.0, 0.8955000000000001, 0.895, 0.0115, 0.0, 0.883, 0.0, 0.0, 0.0, 1.0, 1.0, 1.0, 1.0, 0.0, 0.0, 0.0, 0.0, 0.902, 0.902, 0.902, 0.678, 0.88, 0.88, 0.902, 0.807, 1.0, 1.0, 1.0, 1.0, 0.0, 0.0, 0.0, 0.0, 1.0, 1.0, 1.0, 1.0, 1.0, 1.0, 1.0, 0.0, 1.0, 1.0, 1.0, 1.0, 0.0, 0.0, 0.0, 0.0, 1.0, 1.0, 1.0, 1.0, 0.008, 0.008, 0.008, 0.008, 1.0, 1.0, 1.0, 1.0, 1.0, 1.0, 1.0, 0.0, 1.0, 1.0, 1.0, 1.0, 1.0, 1.0, 0.6980000000000001, 1.0, 1.0, 1.0, 1.0, 1.0, 0.0, 0.0, 0.0, 0.0, 1.0, 1.0, 1.0, 1.0, 1.0, 1.0, 1.0, 0.0, 0.9530000000000001, 0.9530000000000001, 0.9530000000000001, 1.0, 1.0, 1.0, 0.641, 0.9530000000000001, 1.0, 1.0, 1.0, 1.0, 0.0, 0.0, 0.0, 0.0, 1.0, 1.0, 1.0, 1.0, 1.0, 1.0, 1.0, 1.0, 1.0, 1.0, 1.0, 1.0, 0.0, 0.0, 0.0, 0.0, 1.0, 1.0, 1.0, 1.0, 1.0, 1.0, 1.0, 1.0, 1.0, 1.0, 1.0, 1.0, 0.021500000000000002, 0.021500000000000002, 0.021500000000000002, 0.021500000000000002, 0.021500000000000002, 0.003, 0.02, 0.0095, 0.0095, 0.964, 0.9555, 0.0095, 1.0, 1.0, 1.0, 1.0, 1.0, 1.0, 1.0, 1.0, 1.0, 1.0, 1.0, 1.0, 0.0, 0.0, 0.0, 0.0, 1.0, 1.0, 1.0, 1.0, 0.0, 0.0, 1.0, 1.0, 1.0, 0.873, 0.198, 0.198, 1.0, 1.0, 0.6905, 1.0, 1.0, 1.0, 1.0, 1.0, 1.0, 1.0, 1.0, 0.0, 1.0, 0.999, 0.999, 1.0, 0.0025, 0.0025, 0.0025, 0.0025, 1.0, 1.0, 1.0, 1.0, 1.0, 0.686, 0.314, 0.0, 1.0, 1.0, 1.0, 1.0, 0.524, 0.524, 1.0, 0.47600000000000003, 1.0, 1.0, 1.0, 1.0, 0.008, 0.008, 0.008, 0.008, 0.9935, 0.9935, 0.9775, 0.9935, 0.9935, 0.0225, 0.988, 0.017, 1.0, 1.0, 1.0, 1.0, 0.0725, 0.0725, 0.0725, 0.0725, 0.041, 1.0, 1.0, 0.9590000000000001, 0.041, 0.9590000000000001, 1.0, 0.0, 0.7435, 0.9835, 0.7425, 0.986, 0.7435, 0.7435, 0.256, 0.987, 1.0, 0.005, 1.0, 1.0, 1.0, 0.005, 0.005, 1.0, 1.0, 1.0, 1.0, 1.0, 1.0, 1.0, 1.0, 0.0, 1.0, 1.0, 1.0, 1.0, 0.0, 0.0, 0.0, 0.0, 1.0, 1.0, 1.0, 1.0, 0.0, 0.0, 0.0, 0.0, 0.9705, 0.9705, 0.9145, 1.0, 0.8015, 0.8015, 0.9705, 0.7865, 1.0, 1.0, 1.0, 1.0, 0.0, 0.0, 0.0, 0.0, 1.0, 1.0, 1.0, 1.0, 0.0, 0.0, 0.0, 0.0, 1.0, 1.0, 1.0, 1.0, 0.0, 0.0, 0.0, 0.0, 1.0, 1.0, 1.0, 1.0, 1.0, 1.0, 1.0, 1.0]",-418.5875071169283,843.720363894191,-482.430437669722,964.860875339444,0.01,0.0,2.0794415416798357,0.01,0.0,3.1780538303479458,0.6334250289943713,"[1.0, 1.0, 1.0, 1.0, 1.0, 0.0, 1.0, 0.0, 1.0, 1.0, 1.0, 1.0, 1.0, 1.0, 1.0, 0.0, 0.0, 0.0, 0.0, 0.0, 0.0, 0.0, 0.0, 0.0, 1.0, 1.0, 1.0, 0.0, 0.0, 0.0, 1.0, 0.0, 0.0, 0.0, 1.0, 1.0, 0.0, 1.0, 1.0, 1.0, 1.0, 1.0, 1.0, 1.0, 0.0, 0.0, 1.0, 1.0, 1.0, 1.0, 1.0, 1.0, 0.0, 0.0, 0.0, 0.0, 1.0, 1.0, 1.0, 1.0, 0.0, 0.0, 0.0, 0.0, 0.0, 0.0, 0.0, 0.0, 0.0, 1.0, 1.0, 0.0, 1.0, 1.0, 1.0, 1.0, 0.0, 0.0, 0.0, 0.0, 1.0, 1.0, 1.0, 1.0, 0.0, 0.0, 0.0, 0.0, 1.0, 1.0, 1.0, 1.0, 1.0, 1.0, 0.0, 1.0, 1.0, 1.0, 1.0, 1.0, 1.0, 1.0, 1.0, 0.0, 1.0, 1.0, 1.0, 1.0, 1.0, 0.0, 1.0, 0.0, 0.0, 1.0, 0.0, 0.0, 1.0, 1.0, 1.0, 0.0, 1.0, 1.0, 0.0, 1.0, 1.0, 0.0, 0.0, 0.0, 1.0, 1.0, 1.0, 0.0, 1.0, 1.0, 1.0, 1.0, 1.0, 1.0, 1.0, 1.0, 0.0, 0.0, 0.0, 0.0, 1.0, 1.0, 1.0, 0.0, 0.0, 0.0, 1.0, 0.0, 0.0, 0.0, 1.0, 0.0, 0.0, 0.0, 0.0, 0.0, 1.0, 1.0, 1.0, 0.0, 0.0, 0.0, 1.0, 0.0, 0.0, 0.0, 0.0, 1.0, 0.0, 0.0, 0.0, 0.0, 0.0, 0.0, 0.0, 1.0, 0.0, 0.0, 0.0, 0.0, 1.0, 1.0, 1.0, 1.0, 0.0, 0.0, 0.0, 0.0, 1.0, 1.0, 1.0, 0.0, 0.0, 0.0, 1.0, 0.0, 1.0, 1.0, 1.0, 1.0, 0.0, 0.0, 0.0, 0.0, 1.0, 1.0, 1.0, 1.0, 0.0, 0.0, 0.0, 0.0, 1.0, 1.0, 1.0, 1.0, 1.0, 1.0, 1.0, 0.0, 0.0, 0.0, 0.0, 0.0, 1.0, 0.0, 0.0, 0.0, 1.0, 1.0, 1.0, 1.0, 1.0, 1.0, 1.0, 1.0, 1.0, 1.0, 1.0, 1.0, 1.0, 1.0, 1.0, 0.0, 0.0, 0.0, 0.0, 0.0, 0.0, 0.0, 0.0, 0.0, 0.0, 1.0, 0.0, 1.0, 0.0, 1.0, 0.0, 1.0, 0.0, 0.0, 0.0, 1.0, 0.0, 0.0, 0.0, 0.0, 1.0, 1.0, 1.0, 0.0, 0.0, 0.0, 1.0, 0.0, 1.0, 1.0, 1.0, 1.0, 1.0, 0.0, 1.0, 0.0, 0.0, 1.0, 1.0, 1.0, 0.0, 0.0, 0.0, 0.0, 1.0, 1.0, 1.0, 0.0, 1.0, 1.0, 1.0, 1.0, 0.0, 1.0, 1.0, 1.0, 0.0, 0.0, 0.0, 0.0, 1.0, 1.0, 1.0, 1.0, 1.0, 1.0, 1.0, 0.0, 1.0, 1.0, 1.0, 1.0, 0.0, 0.0, 0.0, 0.0, 1.0, 1.0, 1.0, 1.0, 0.0, 0.0, 0.0, 0.0, 0.0, 1.0, 0.0, 0.0, 0.0, 0.0, 0.0, 0.0, 1.0, 1.0, 1.0, 1.0, 1.0, 0.0, 1.0, 1.0, 0.0, 0.0, 0.0, 0.0, 0.0, 1.0, 1.0, 0.0, 1.0, 1.0, 1.0, 1.0, 1.0, 0.0, 1.0, 0.0, 1.0, 1.0, 1.0, 1.0, 1.0, 0.0, 1.0, 1.0, 0.0, 0.0, 0.0, 0.0, 0.0, 1.0, 1.0, 0.0, 1.0, 0.0, 0.0, 1.0, 0.0, 0.0, 0.0, 0.0, 1.0, 1.0, 1.0, 0.0, 0.0, 0.0, 1.0, 0.0, 1.0, 1.0, 1.0, 0.0, 0.0, 0.0, 0.0, 0.0, 1.0, 1.0, 1.0, 1.0, 1.0, 1.0, 1.0, 0.0, 0.0, 0.0, 0.0, 0.0, 0.0, 0.0, 0.0, 0.0, 1.0, 0.0, 1.0, 0.0, 0.0, 0.0, 0.0, 0.0, 1.0, 1.0, 1.0, 1.0, 1.0, 1.0, 1.0, 0.0, 1.0, 1.0, 1.0, 1.0, 1.0, 1.0, 0.0, 1.0, 1.0, 1.0, 1.0, 1.0, 0.0, 0.0, 0.0, 0.0, 1.0, 1.0, 1.0, 1.0, 1.0, 1.0, 1.0, 0.0, 0.0, 1.0, 1.0, 1.0, 0.0, 0.0, 0.0, 0.0, 1.0, 1.0, 1.0, 1.0, 0.0, 0.0, 0.0, 0.0, 1.0, 0.0, 1.0, 0.0, 0.0, 0.0, 0.0, 0.0, 1.0, 1.0, 1.0, 1.0, 1.0, 0.0, 1.0, 0.0, 1.0, 1.0, 1.0, 0.0, 1.0, 1.0, 0.0, 1.0, 1.0, 1.0, 1.0, 1.0, 0.0, 0.0, 0.0, 0.0, 0.0, 0.0, 0.0, 0.0, 0.0, 1.0, 0.0, 0.0, 1.0, 1.0, 1.0, 1.0, 0.0, 0.0, 0.0, 0.0, 0.0, 0.0, 0.0, 0.0, 0.0, 0.0, 0.0, 0.0, 1.0, 0.0, 1.0, 0.0, 0.0, 0.0, 0.0, 0.0, 1.0, 1.0, 0.0, 0.0, 1.0, 1.0, 1.0, 1.0, 1.0, 1.0, 1.0, 1.0, 1.0, 1.0, 1.0, 1.0, 1.0, 1.0, 1.0, 1.0, 1.0, 0.0, 1.0, 1.0, 0.0, 1.0, 0.0, 1.0, 0.0, 1.0, 0.0, 0.0, 1.0, 1.0, 1.0, 1.0, 0.0, 0.0, 1.0, 0.0, 1.0, 1.0, 1.0, 1.0, 0.0, 0.0, 0.0, 0.0, 0.0, 0.0, 0.0, 1.0, 0.0, 0.0, 0.0, 0.0, 1.0, 1.0, 1.0, 1.0, 0.0, 0.0, 0.0, 0.0, 0.0, 1.0, 1.0, 1.0, 0.0, 1.0, 1.0, 0.0, 1.0, 1.0, 1.0, 1.0, 0.0, 0.0, 0.0, 0.0, 1.0, 0.0, 1.0, 1.0, 1.0, 0.0, 0.0, 1.0, 1.0, 1.0, 1.0, 1.0, 1.0, 1.0, 1.0, 0.0, 0.0, 1.0, 1.0, 1.0, 1.0, 1.0, 0.0, 0.0, 1.0, 1.0, 1.0, 1.0, 0.0, 0.0, 0.0, 0.0, 1.0, 1.0, 1.0, 0.0, 0.0, 0.0, 1.0, 0.0, 1.0, 1.0, 1.0, 1.0, 0.0, 0.0, 0.0, 0.0, 0.0, 0.0, 0.0, 0.0, 0.0, 0.0, 0.0, 0.0, 0.0, 1.0, 0.0, 1.0, 0.0, 1.0, 1.0, 0.0, 1.0, 1.0, 1.0, 1.0, 1.0, 0.0, 0.0, 1.0]",-318.3726801373107,643.2907099349558,0.01,0.0,-5.545177444479562,2.0794415416798357,11.090354888959125,0.01,0.0,-16.635532333438686,3.1780538303479458,33.27106466687737,0.6173530694834558,"[1.0, 1.0, 1.0, 1.0, 1.0, 0.0, 1.0, 0.0, 1.0, 1.0, 1.0, 1.0, 1.0, 1.0, 1.0, 0.0, 0.0, 0.0, 0.0, 0.0, 0.0, 0.0, 0.0, 0.0, 1.0, 1.0, 1.0, 0.0, 0.0, 0.0, 1.0, 0.0, 0.0, 0.0, 1.0, 1.0, 0.0, 1.0, 1.0, 1.0, 0.0, 0.0, 0.0, 0.0, 0.0, 0.0, 0.0, 0.0, 1.0, 1.0, 1.0, 1.0, 0.0, 0.0, 0.0, 0.0, 1.0, 1.0, 1.0, 1.0, 0.0, 0.0, 0.0, 0.0, 0.0, 0.0, 0.0, 0.0, 0.0, 1.0, 1.0, 0.0, 0.0, 0.0, 0.0, 1.0, 0.0, 0.0, 0.0, 0.0, 1.0, 1.0, 1.0, 1.0, 0.0, 0.0, 0.0, 0.0, 0.0, 0.0, 0.0, 0.0, 1.0, 1.0, 0.0, 1.0, 1.0, 1.0, 1.0, 1.0, 1.0, 1.0, 1.0, 0.0, 1.0, 1.0, 1.0, 1.0, 1.0, 0.0, 1.0, 0.0, 0.0, 1.0, 0.0, 0.0, 1.0, 1.0, 1.0, 0.0, 1.0, 1.0, 0.0, 1.0, 1.0, 0.0, 0.0, 0.0, 1.0, 1.0, 1.0, 0.0, 1.0, 1.0, 1.0, 1.0, 1.0, 1.0, 1.0, 1.0, 0.0, 0.0, 0.0, 0.0, 1.0, 1.0, 1.0, 0.0, 0.0, 0.0, 1.0, 0.0, 0.0, 0.0, 1.0, 0.0, 0.0, 0.0, 0.0, 0.0, 1.0, 1.0, 1.0, 0.0, 0.0, 0.0, 1.0, 0.0, 0.0, 0.0, 0.0, 1.0, 0.0, 0.0, 0.0, 0.0, 0.0, 0.0, 0.0, 1.0, 0.0, 0.0, 0.0, 0.0, 1.0, 1.0, 1.0, 1.0, 0.0, 0.0, 0.0, 0.0, 1.0, 1.0, 1.0, 0.0, 0.0, 0.0, 1.0, 0.0, 1.0, 1.0, 1.0, 1.0, 0.0, 0.0, 0.0, 0.0, 1.0, 1.0, 1.0, 1.0, 0.0, 0.0, 0.0, 0.0, 1.0, 1.0, 1.0, 1.0, 1.0, 1.0, 1.0, 0.0, 0.0, 0.0, 0.0, 0.0, 1.0, 0.0, 0.0, 0.0, 1.0, 1.0, 1.0, 1.0, 1.0, 1.0, 1.0, 1.0, 1.0, 1.0, 1.0, 1.0, 1.0, 1.0, 1.0, 0.0, 0.0, 0.0, 0.0, 0.0, 0.0, 0.0, 0.0, 0.0, 0.0, 1.0, 0.0, 1.0, 0.0, 1.0, 0.0, 1.0, 0.0, 0.0, 0.0, 1.0, 0.0, 0.0, 0.0, 0.0, 1.0, 1.0, 1.0, 0.0, 0.0, 0.0, 1.0, 0.0, 1.0, 1.0, 1.0, 1.0, 1.0, 0.0, 1.0, 0.0, 0.0, 1.0, 1.0, 1.0, 0.0, 0.0, 0.0, 0.0, 1.0, 1.0, 1.0, 0.0, 1.0, 1.0, 1.0, 1.0, 0.0, 1.0, 1.0, 1.0, 0.0, 0.0, 0.0, 0.0, 1.0, 1.0, 1.0, 1.0, 1.0, 1.0, 1.0, 0.0, 1.0, 1.0, 1.0, 1.0, 0.0, 0.0, 0.0, 0.0, 1.0, 1.0, 1.0, 1.0, 0.0, 0.0, 0.0, 0.0, 0.0, 1.0, 0.0, 0.0, 0.0, 0.0, 0.0, 0.0, 0.0, 0.0, 0.0, 0.0, 0.0, 0.0, 0.0, 0.0, 1.0, 0.0, 1.0, 1.0, 1.0, 0.0, 0.0, 1.0, 1.0, 1.0, 1.0, 1.0, 1.0, 0.0, 1.0, 0.0, 1.0, 1.0, 1.0, 1.0, 1.0, 0.0, 1.0, 1.0, 0.0, 0.0, 0.0, 0.0, 0.0, 1.0, 1.0, 0.0, 1.0, 0.0, 0.0, 1.0, 0.0, 0.0, 0.0, 0.0, 1.0, 1.0, 1.0, 0.0, 0.0, 0.0, 1.0, 0.0, 1.0, 1.0, 1.0, 0.0, 0.0, 0.0, 0.0, 0.0, 1.0, 1.0, 1.0, 1.0, 1.0, 1.0, 1.0, 0.0, 0.0, 0.0, 0.0, 0.0, 0.0, 0.0, 0.0, 0.0, 1.0, 0.0, 1.0, 0.0, 0.0, 0.0, 0.0, 0.0, 1.0, 1.0, 1.0, 1.0, 1.0, 1.0, 1.0, 0.0, 1.0, 1.0, 1.0, 1.0, 1.0, 1.0, 0.0, 1.0, 1.0, 1.0, 1.0, 1.0, 0.0, 0.0, 0.0, 0.0, 1.0, 1.0, 1.0, 1.0, 1.0, 1.0, 1.0, 0.0, 0.0, 1.0, 1.0, 1.0, 0.0, 0.0, 0.0, 0.0, 1.0, 1.0, 1.0, 1.0, 0.0, 0.0, 0.0, 0.0, 1.0, 0.0, 1.0, 0.0, 0.0, 0.0, 0.0, 0.0, 1.0, 1.0, 1.0, 1.0, 1.0, 0.0, 1.0, 0.0, 1.0, 1.0, 1.0, 0.0, 1.0, 1.0, 0.0, 1.0, 1.0, 1.0, 1.0, 1.0, 0.0, 0.0, 0.0, 0.0, 0.0, 0.0, 0.0, 0.0, 0.0, 1.0, 0.0, 0.0, 1.0, 1.0, 1.0, 1.0, 0.0, 0.0, 0.0, 0.0, 0.0, 0.0, 0.0, 0.0, 0.0, 0.0, 0.0, 0.0, 1.0, 0.0, 1.0, 0.0, 0.0, 0.0, 0.0, 0.0, 1.0, 1.0, 0.0, 0.0, 1.0, 1.0, 1.0, 1.0, 1.0, 1.0, 1.0, 1.0, 1.0, 1.0, 1.0, 1.0, 1.0, 1.0, 1.0, 1.0, 1.0, 0.0, 1.0, 1.0, 0.0, 1.0, 0.0, 1.0, 0.0, 1.0, 0.0, 0.0, 1.0, 1.0, 1.0, 1.0, 0.0, 0.0, 1.0, 0.0, 1.0, 1.0, 1.0, 1.0, 0.0, 0.0, 0.0, 0.0, 0.0, 0.0, 0.0, 1.0, 0.0, 0.0, 0.0, 0.0, 1.0, 1.0, 1.0, 1.0, 0.0, 0.0, 0.0, 0.0, 0.0, 1.0, 1.0, 1.0, 0.0, 1.0, 1.0, 0.0, 1.0, 1.0, 1.0, 1.0, 0.0, 0.0, 0.0, 0.0, 1.0, 0.0, 1.0, 1.0, 1.0, 0.0, 0.0, 1.0, 1.0, 1.0, 1.0, 1.0, 1.0, 1.0, 1.0, 0.0, 0.0, 0.0, 1.0, 0.0, 0.0, 1.0, 0.0, 0.0, 1.0, 1.0, 1.0, 1.0, 0.0, 0.0, 0.0, 0.0, 1.0, 1.0, 1.0, 0.0, 0.0, 0.0, 1.0, 0.0, 1.0, 1.0, 1.0, 1.0, 0.0, 0.0, 0.0, 0.0, 0.0, 0.0, 0.0, 0.0, 0.0, 0.0, 0.0, 0.0, 0.0, 1.0, 0.0, 1.0, 0.0, 1.0, 1.0, 0.0, 1.0, 1.0, 1.0, 1.0, 1.0, 0.0, 0.0, 1.0]",-311.9759791000219,630.4973078603782,-482.430437669722,964.860875339444,0.01,0.0,-5.545177444479562,2.0794415416798357,11.090354888959125,0.01,0.0,-16.635532333438686,3.1780538303479458,33.27106466687737,1.0908740239314543,"[0.0, 0.0, 1.0, 0.0, 0.0, 0.0, 0.0, 0.0, 1.0, 1.0, 1.0, 1.0, 0.877, 0.877, 0.877, 0.0, 1.0, 0.259, 1.0, 1.0, 0.8015, 0.0, 0.259, 1.0, 1.0, 1.0, 1.0, 1.0, 1.0, 1.0, 1.0, 0.0, 0.0, 0.0, 1.0, 0.0, 0.0, 0.0, 1.0, 0.0, 0.0, 0.0, 1.0, 0.0, 0.0, 0.0, 1.0, 0.0, 0.0, 0.0, 0.0, 0.0775, 0.0, 0.0, 0.1635, 0.47100000000000003, 1.0, 1.0, 1.0, 1.0, 0.0, 0.0, 0.0, 0.0, 0.0, 0.0, 0.0, 0.0, 0.0, 0.0, 0.0, 0.0, 1.0, 1.0, 1.0, 1.0, 1.0, 1.0, 1.0, 0.0, 1.0, 1.0, 1.0, 1.0, 0.0, 0.0, 0.0, 0.0, 0.0, 0.0, 0.0, 0.0, 0.0, 0.113, 0.113, 0.0, 0.0, 0.0, 0.0, 1.0, 0.0, 0.0, 0.0, 0.0, 1.0, 1.0, 1.0, 1.0, 0.0, 0.0, 0.0, 0.0, 0.9995, 1.0, 1.0, 0.663, 1.0, 1.0, 1.0, 0.353, 1.0, 1.0, 1.0, 1.0, 0.082, 0.082, 0.0, 0.0, 0.973, 1.0, 0.7655000000000001, 0.605, 0.973, 1.0, 1.0, 0.368, 0.0, 0.0, 1.0, 0.0, 1.0, 0.0, 1.0, 0.0, 1.0, 1.0, 1.0, 1.0, 0.0, 0.0, 1.0, 0.0, 1.0, 1.0, 1.0, 1.0, 0.0, 0.9465, 0.0, 0.0, 0.666, 1.0, 0.666, 0.666, 0.0, 0.0, 0.7975, 0.0, 0.0, 0.9430000000000001, 0.0, 1.0, 1.0, 0.0, 0.0, 0.0, 0.0, 1.0, 0.0, 0.0, 0.0, 0.0, 0.0, 0.0, 1.0, 1.0, 1.0, 1.0, 0.0, 0.0, 0.0, 0.0, 1.0, 1.0, 1.0, 1.0, 1.0, 1.0, 1.0, 0.0005, 1.0, 1.0, 1.0, 1.0, 1.0, 1.0, 0.0, 1.0, 1.0, 1.0, 1.0, 1.0, 0.0, 0.0, 0.0, 0.0, 1.0, 1.0, 1.0, 1.0, 1.0, 1.0, 1.0, 0.0, 1.0, 0.0, 1.0, 0.0, 0.0, 0.0, 0.0, 0.0, 0.0, 1.0, 0.0, 1.0, 0.0, 1.0, 0.0, 1.0, 1.0, 1.0, 1.0, 1.0, 1.0, 1.0, 1.0, 0.0, 1.0, 0.0, 1.0, 1.0, 1.0, 0.0, 0.0, 1.0, 1.0, 1.0, 1.0, 1.0, 1.0, 1.0, 1.0, 1.0, 0.0, 0.9580000000000001, 0.0, 0.0, 0.0, 0.0, 0.0045000000000000005, 0.0, 0.0, 0.0, 0.0, 0.0, 0.0, 0.0, 0.0, 1.0, 0.0, 0.0, 0.0005, 0.0, 0.0, 0.0, 0.0, 0.0, 0.0, 1.0, 0.0, 0.0, 0.0, 0.0, 0.0, 0.0, 1.0, 1.0, 1.0, 0.001, 0.001, 0.001, 1.0, 0.0, 0.0, 0.0, 0.6225, 0.0, 0.0, 0.0, 0.0, 0.0, 1.0, 1.0, 1.0, 1.0, 0.0, 0.0, 0.0, 0.0, 0.0, 0.0, 0.0, 0.0, 0.0, 0.0, 0.0, 0.0, 1.0, 1.0, 1.0, 1.0, 1.0, 1.0, 1.0, 0.0, 0.0, 0.0, 0.0, 1.0, 0.0, 0.0, 1.0, 0.0, 1.0, 1.0, 1.0, 1.0, 0.0, 0.0, 0.0, 0.0, 0.0, 1.0, 0.0, 0.0, 1.0, 0.0, 0.0, 1.0, 1.0, 1.0, 1.0, 1.0, 0.0, 0.0, 0.0, 0.0, 1.0, 1.0, 1.0, 1.0, 1.0, 0.0, 1.0, 1.0, 0.0, 0.0005, 0.0, 0.0, 0.0, 0.38, 0.0, 0.0, 1.0, 1.0, 1.0, 1.0, 0.0, 0.0, 0.0, 0.0, 1.0, 1.0, 1.0, 0.999, 1.0, 1.0, 1.0, 0.0195, 1.0, 1.0, 1.0, 1.0, 0.0, 0.0, 0.0, 0.0, 0.0, 0.6285000000000001, 0.0, 0.328, 0.0, 0.0, 0.6285000000000001, 0.0, 0.0, 0.0, 0.0, 0.0, 0.0, 0.0, 0.0, 1.0, 1.0, 1.0, 1.0, 1.0, 0.0, 0.0, 0.0, 0.0, 1.0, 1.0, 1.0, 1.0, 1.0, 1.0, 1.0, 0.0, 1.0, 1.0, 1.0, 1.0, 1.0, 1.0, 0.0375, 1.0, 1.0, 1.0, 1.0, 1.0, 0.0, 0.0, 0.0, 0.0, 1.0, 1.0, 1.0, 1.0, 1.0, 1.0, 1.0, 0.0, 1.0, 1.0, 1.0, 1.0, 1.0, 1.0, 0.0, 1.0, 1.0, 1.0, 1.0, 1.0, 0.0, 0.0, 0.0, 0.0, 1.0, 1.0, 1.0, 1.0, 1.0, 1.0, 1.0, 1.0, 0.0, 0.0, 0.4395, 0.0, 0.0, 0.0, 0.001, 1.0, 0.0, 0.0, 0.0, 0.0, 0.0, 0.0, 0.0, 0.0, 1.0, 1.0, 1.0, 0.0, 1.0, 0.0, 0.0, 1.0, 0.0, 0.0, 1.0, 1.0, 1.0, 0.0, 0.0, 0.0, 0.0, 0.0, 0.0, 0.0, 0.0, 0.0, 0.0, 0.0, 1.0, 1.0, 1.0, 1.0, 0.0, 0.0, 0.0, 0.0, 0.0, 0.0, 0.0, 0.0, 0.0, 1.0, 0.0, 0.0, 1.0, 1.0, 1.0, 1.0, 0.0, 0.4945, 0.0, 0.0, 1.0, 1.0, 1.0, 1.0, 0.0, 0.0, 1.0, 1.0, 1.0, 1.0, 1.0, 1.0, 0.0, 0.0, 0.0, 0.0, 1.0, 1.0, 1.0, 1.0, 1.0, 0.704, 0.296, 0.0, 1.0, 1.0, 1.0, 1.0, 0.0, 0.0, 1.0, 1.0, 1.0, 1.0, 1.0, 1.0, 0.0, 0.0, 0.0, 0.0, 0.006, 1.0, 0.006, 0.708, 0.298, 1.0, 0.298, 1.0, 1.0, 1.0, 1.0, 1.0, 0.0, 0.0, 0.0, 0.0, 1.0, 0.0, 1.0, 1.0, 1.0, 0.0, 0.0, 1.0, 0.0, 1.0, 1.0, 1.0, 0.0, 0.0, 0.0, 0.0, 1.0, 0.224, 1.0, 1.0, 0.776, 0.0, 0.224, 1.0, 1.0, 1.0, 1.0, 1.0, 0.0, 0.0, 0.0, 0.0, 1.0, 1.0, 0.0, 1.0, 1.0, 1.0, 0.0, 1.0, 1.0, 1.0, 1.0, 1.0, 0.0, 0.0, 0.0, 0.0, 1.0, 1.0, 1.0, 1.0, 1.0, 1.0, 1.0, 0.0, 1.0, 1.0, 1.0, 1.0, 0.0, 0.0, 0.0, 0.0, 0.0, 0.0, 0.0, 0.0, 0.0, 0.0, 0.0, 0.0, 1.0, 0.4865, 1.0, 1.0, 1.0, 0.0075, 0.4865, 1.0, 0.0225, 0.0, 0.0, 0.9775, 0.0, 0.0, 0.0, 0.0]",-419.18595103414617,844.9172517286268,-482.430437669722,964.860875339444,0.01,0.0,-5.545177444479562,2.0794415416798357,11.090354888959125,0.01,0.0,-16.635532333438686,3.1780538303479458,33.27106466687737,0.5787520451143159,"[1.0, 1.0, 1.0, 1.0, 1.0, 0.0, 1.0, 0.0, 1.0, 1.0, 1.0, 1.0, 1.0, 1.0, 1.0, 0.0, 0.0, 0.0, 0.0, 0.0, 0.0, 0.0, 0.0, 0.0, 1.0, 1.0, 1.0, 1.0, 0.0, 0.0, 1.0, 0.0, 0.0, 0.0, 0.0, 0.0, 0.0, 1.0, 0.0, 0.0, 0.0, 0.0, 0.0, 0.0, 0.0, 0.0, 0.0, 0.0, 1.0, 1.0, 1.0, 1.0, 0.0, 0.0, 0.0, 0.0, 1.0, 1.0, 1.0, 1.0, 0.0, 0.0, 0.0, 0.0, 0.0, 0.0, 0.0, 0.0, 0.0, 1.0, 1.0, 0.0, 1.0, 1.0, 1.0, 1.0, 0.0, 0.0, 0.0, 0.0, 1.0, 1.0, 1.0, 1.0, 0.0, 0.0, 0.0, 0.0, 0.0, 0.0, 0.0, 0.0, 0.0, 0.0, 0.0, 0.0, 1.0, 1.0, 1.0, 1.0, 1.0, 1.0, 1.0, 0.0, 1.0, 1.0, 1.0, 1.0, 1.0, 0.0, 1.0, 0.0, 0.0, 1.0, 0.0, 0.0, 1.0, 1.0, 1.0, 0.0, 1.0, 1.0, 0.0, 1.0, 1.0, 0.0, 0.0, 0.0, 1.0, 1.0, 1.0, 0.0, 1.0, 1.0, 1.0, 1.0, 1.0, 1.0, 1.0, 1.0, 0.0, 0.0, 0.0, 0.0, 1.0, 1.0, 1.0, 0.0, 0.0, 0.0, 1.0, 0.0, 0.0, 0.0, 1.0, 0.0, 0.0, 0.0, 0.0, 0.0, 1.0, 1.0, 1.0, 0.0, 0.0, 0.0, 1.0, 0.0, 0.0, 0.0, 0.0, 1.0, 0.0, 0.0, 0.0, 0.0, 0.0, 0.0, 0.0, 1.0, 0.0, 0.0, 0.0, 0.0, 1.0, 1.0, 1.0, 1.0, 0.0, 0.0, 0.0, 0.0, 1.0, 1.0, 1.0, 0.0, 0.0, 0.0, 1.0, 0.0, 1.0, 1.0, 1.0, 1.0, 0.0, 0.0, 0.0, 0.0, 1.0, 1.0, 1.0, 1.0, 0.0, 0.0, 0.0, 0.0, 1.0, 1.0, 1.0, 1.0, 1.0, 1.0, 1.0, 0.0, 0.0, 0.0, 0.0, 0.0, 1.0, 0.0, 0.0, 0.0, 1.0, 1.0, 1.0, 1.0, 1.0, 1.0, 1.0, 1.0, 1.0, 1.0, 1.0, 1.0, 1.0, 1.0, 1.0, 0.0, 0.0, 0.0, 0.0, 0.0, 0.0, 0.0, 0.0, 0.0, 0.0, 1.0, 0.0, 1.0, 0.0, 1.0, 0.0, 1.0, 0.0, 0.0, 0.0, 1.0, 0.0, 0.0, 0.0, 0.0, 1.0, 1.0, 1.0, 0.0, 0.0, 0.0, 1.0, 0.0, 0.0, 0.0, 1.0, 0.0, 0.0, 0.0, 0.0, 0.0, 0.0, 1.0, 1.0, 1.0, 0.0, 0.0, 0.0, 0.0, 1.0, 1.0, 1.0, 0.0, 1.0, 1.0, 1.0, 1.0, 0.0, 0.0, 1.0, 0.0, 0.0, 0.0, 0.0, 0.0, 1.0, 1.0, 1.0, 1.0, 1.0, 1.0, 1.0, 0.0, 1.0, 1.0, 1.0, 1.0, 0.0, 0.0, 0.0, 0.0, 1.0, 1.0, 1.0, 1.0, 0.0, 0.0, 0.0, 0.0, 0.0, 1.0, 0.0, 0.0, 0.0, 0.0, 0.0, 0.0, 0.0, 0.0, 0.0, 0.0, 0.0, 0.0, 0.0, 0.0, 0.0, 0.0, 0.0, 0.0, 0.0, 0.0, 0.0, 0.0, 1.0, 1.0, 0.0, 1.0, 1.0, 0.0, 1.0, 0.0, 1.0, 1.0, 1.0, 1.0, 1.0, 0.0, 1.0, 1.0, 0.0, 0.0, 0.0, 0.0, 0.0, 1.0, 1.0, 0.0, 1.0, 0.0, 0.0, 1.0, 0.0, 0.0, 0.0, 0.0, 1.0, 1.0, 1.0, 0.0, 0.0, 0.0, 1.0, 0.0, 1.0, 1.0, 1.0, 0.0, 0.0, 0.0, 0.0, 0.0, 1.0, 1.0, 1.0, 1.0, 1.0, 1.0, 1.0, 0.0, 0.0, 0.0, 0.0, 0.0, 0.0, 0.0, 0.0, 0.0, 1.0, 0.0, 1.0, 0.0, 0.0, 0.0, 0.0, 0.0, 1.0, 1.0, 1.0, 1.0, 1.0, 1.0, 1.0, 0.0, 1.0, 1.0, 1.0, 1.0, 1.0, 1.0, 0.0, 1.0, 1.0, 1.0, 1.0, 1.0, 0.0, 0.0, 0.0, 0.0, 1.0, 1.0, 1.0, 1.0, 1.0, 1.0, 1.0, 0.0, 0.0, 1.0, 1.0, 1.0, 0.0, 0.0, 0.0, 0.0, 1.0, 1.0, 1.0, 1.0, 0.0, 0.0, 0.0, 0.0, 1.0, 0.0, 1.0, 0.0, 0.0, 0.0, 0.0, 0.0, 1.0, 1.0, 1.0, 1.0, 1.0, 0.0, 1.0, 0.0, 1.0, 1.0, 1.0, 0.0, 1.0, 1.0, 0.0, 1.0, 1.0, 1.0, 1.0, 1.0, 0.0, 0.0, 0.0, 0.0, 0.0, 0.0, 0.0, 0.0, 0.0, 0.0, 0.0, 0.0, 1.0, 1.0, 1.0, 1.0, 0.0, 0.0, 0.0, 0.0, 0.0, 0.0, 0.0, 0.0, 0.0, 0.0, 0.0, 0.0, 0.0, 0.0, 0.0, 0.0, 0.0, 0.0, 0.0, 0.0, 1.0, 1.0, 0.0, 0.0, 1.0, 1.0, 1.0, 1.0, 1.0, 1.0, 1.0, 1.0, 1.0, 1.0, 1.0, 1.0, 1.0, 1.0, 1.0, 1.0, 1.0, 0.0, 1.0, 1.0, 0.0, 1.0, 0.0, 1.0, 0.0, 1.0, 0.0, 0.0, 1.0, 1.0, 1.0, 1.0, 0.0, 0.0, 1.0, 0.0, 1.0, 1.0, 1.0, 1.0, 0.0, 0.0, 0.0, 0.0, 0.0, 0.0, 0.0, 1.0, 0.0, 0.0, 0.0, 0.0, 1.0, 1.0, 1.0, 1.0, 0.0, 0.0, 0.0, 0.0, 0.0, 1.0, 1.0, 1.0, 0.0, 1.0, 1.0, 0.0, 1.0, 1.0, 1.0, 1.0, 0.0, 0.0, 0.0, 0.0, 1.0, 0.0, 1.0, 1.0, 1.0, 0.0, 0.0, 1.0, 1.0, 1.0, 1.0, 1.0, 1.0, 1.0, 1.0, 0.0, 0.0, 1.0, 1.0, 1.0, 1.0, 1.0, 0.0, 0.0, 1.0, 1.0, 1.0, 1.0, 0.0, 0.0, 0.0, 0.0, 1.0, 1.0, 1.0, 0.0, 0.0, 0.0, 1.0, 0.0, 1.0, 1.0, 1.0, 1.0, 0.0, 0.0, 0.0, 0.0, 0.0, 0.0, 0.0, 0.0, 0.0, 0.0, 0.0, 0.0, 0.0, 0.0, 1.0, 1.0, 0.0, 0.0, 0.0, 0.0, 1.0, 1.0, 1.0, 1.0, 1.0, 0.0, 0.0, 1.0]",-295.2442605392121,597.0338707387587,-482.430437669722,964.860875339444,0.6213350538809675,-10.813469012791472,24.80499185593089,1.2846122460949685,-433.45128860920846,873.4479268787513,True,True,True,True,True,0.7083333333333334,0.5,0.75,0.625,0.75,0.625,0.75,0.625,0.75,0.625,0.8333333333333334,0.875,"Z.exists(lambda x1: Z.equal(x1,'blue','colour'),X)","Z.exists(lambda x1: Z.equal(x1,'blue','colour'),X)","Z.exists(lambda x1: Z.equal(x1,'blue','colour'),X)","Z.exists(lambda x1: Z.equal(x1,'blue','colour'),X)",0.625,0.625,0.625,0.625,0.625,0.7083333333333334,0.6982758620689655,0.6867816091954023,0.6954022988505747,0.6925287356321839,5.241379310344827,0,0,0,0,0,0
56,70,134,hbaVUxZLvt,lcIg3IPTybbVS9FyAAAS,Zeta,there is a red,"[True, True, True, True, False, False, False, False]","[True, True, True, True, False, False, False, False]",1.0,1.0,There must be at least 1 red cone.,[['x1']],"Z.atleast(lambda x1: Z.equal(x1,'red','colour'),1,X)",There must be at least 1 red cone.,"[{'ids': [0, 1, 2], 'colours': ['red', 'green', 'red'], 'sizes': [2, 2, 1], 'xpos': [1.2082747253684023, 1.208260164670299, 3.65556270887209], 'ypos': [4.128354884449508, 3.827921959055747, 3.847417275838848], 'rotations': [3.1415891181899065, 3.141564812666555, 1.2121899681381993], 'orientations': ['upright', 'upright', 'lhs'], 'contact': [[0, 1], [1, 0], [2]], 'grounded': ['yes', 'no', 'yes'], 'follow_rule': True}, {'ids': [0], 'colours': ['green'], 'sizes': [2], 'xpos': [6.987389739092757], 'ypos': [3.7473632274615816], 'rotations': [5.048647047889978], 'orientations': ['rhs'], 'contact': [[0]], 'grounded': ['yes'], 'follow_rule': False}, {'ids': [0], 'colours': ['red'], 'sizes': [2], 'xpos': [6.483581521886593], 'ypos': [3.7347045411786897], 'rotations': [4.486916204500788], 'orientations': ['strange'], 'contact': [[0]], 'grounded': ['yes'], 'follow_rule': True}, {'ids': [0, 1, 2], 'colours': ['red', 'green', 'blue'], 'sizes': [3, 1, 1], 'xpos': [2.507209969334335, 0.7566904708954865, 1.6592170551402448], 'ypos': [4.124939885573178, 4.124447187016684, 3.9172009204875207], 'rotations': [3.1401315955927025, 3.145204909731466, 3.910577128865076], 'orientations': ['upright', 'upright', 'strange'], 'contact': [[0], [1], [2]], 'grounded': ['yes', 'yes', 'yes'], 'follow_rule': True}, {'ids': [0, 1, 2], 'colours': ['red', 'red', 'red'], 'sizes': [3, 2, 1], 'xpos': [0.50954008422583, 1.7747218732928893, 4.083129507534498], 'ypos': [4.125321715196647, 3.7427288047133884, 3.843370834190645], 'rotations': [3.1434752965207235, 1.8680234382416308, 5.0702852916208645], 'orientations': ['upright', 'strange', 'rhs'], 'contact': [[0, 1], [1, 0], [2]], 'grounded': ['yes', 'yes', 'yes'], 'follow_rule': True}, {'ids': [0, 1, 2, 3, 4], 'colours': ['red', 'green', 'green', 'blue', 'blue'], 'sizes': [1, 1, 2, 2, 1], 'xpos': [6.67024400999505, 2.0775283369610613, 6.155530474317474, 3.193421253878051, 3.714028323341165], 'ypos': [4.12478069381842, 4.124292380393094, 3.7463566168053046, 4.124820624318003, 3.8429938178058602], 'rotations': [3.136435182016567, 3.144964054012347, 1.2335985926598745, 3.1413288179211807, 5.074166738828552], 'orientations': ['upright', 'upright', 'lhs', 'upright', 'rhs'], 'contact': [[0], [1], [2], [3], [4]], 'grounded': ['yes', 'yes', 'yes', 'yes', 'yes'], 'follow_rule': True}, {'ids': [0, 1, 2, 3], 'colours': ['red', 'green', 'green', 'blue'], 'sizes': [3, 1, 2, 2], 'xpos': [2.792626188694647, 2.8027554304213114, 6.52609418759739, 6.527233647460976], 'ypos': [4.12565340612966, 3.1785933447429997, 4.126955889482956, 3.8275649906422893], 'rotations': [3.1446831830985937, 3.125070016455385, 3.145790458829406, 3.145967278124956], 'orientations': ['upright', 'upright', 'upright', 'upright'], 'contact': [[0, 1], [1, 0], [2, 3], [3, 2]], 'grounded': ['yes', 'no', 'yes', 'no'], 'follow_rule': True}, {'ids': [0, 1, 2, 3, 4, 5, 6], 'colours': ['blue', 'blue', 'blue', 'blue', 'blue', 'green', 'green'], 'sizes': [3, 3, 1, 2, 2, 2, 3], 'xpos': [0.5612177756740028, 4.68987704674737, 2.7234067928808128, 3.782410721057333, 1.4689094208472606, 1.468783507318076, 1.775236181855184], 'ypos': [4.1262704402226875, 4.125892070423742, 3.9470168898143947, 4.125448395123752, 4.126448007668887, 3.825022343475713, 3.6398401910683016], 'rotations': [3.1399113623981387, 3.1463654390820848, 3.7907992431126116, 3.1431980649071365, 3.1405921435037616, 3.140358569680386, 4.479098206365855], 'orientations': ['upright', 'upright', 'strange', 'upright', 'upright', 'upright', 'strange'], 'contact': [[0, 4], [1, 3], [2, 6], [3, 1], [4, 0, 5], [5, 4], [6, 2]], 'grounded': ['yes', 'yes', 'yes', 'yes', 'yes', 'no', 'yes'], 'follow_rule': False}, {'ids': [0, 1, 2, 3], 'colours': ['red', 'green', 'green', 'red'], 'sizes': [1, 3, 1, 2], 'xpos': [4.99719497412721, 5.33966521510595, 6.7812617602386, 0.647214122653947], 'ypos': [3.87616110226316, 3.89757703212827, 4.15810225565523, 4.15717162300964], 'rotations': [1.21015432030723, 3.69203273094864, 3.14416974526282, 3.14125264303298], 'contact': [[0, 1], [1, 0], 2, 3], 'grounded': ['yes', 'yes', 'yes', 'yes']}, {'ids': [0, 1, 2, 3, 4], 'colours': ['red', 'red', 'blue', 'blue', 'green'], 'sizes': [2, 1, 2, 2, 1], 'xpos': [0.756045112876682, 5.7930538088619, 4.02912968049722, 0.607249611808554, 2.34445062198903], 'ypos': [3.78128677692435, 3.87663053995449, 3.77926220180112, 4.09987976609843, 4.15797989686201], 'rotations': [5.04734512360657, 1.21097145412816, 1.2338944765227, 2.99747085022243, 3.14330311350596], 'contact': [[0, 3], 1, 2, [3, 0], 4], 'grounded': ['yes', 'yes', 'yes', 'yes', 'yes']}, {'ids': [0, 1, 2, 3, 4, 5], 'colours': ['green', 'green', 'green', 'green', 'red', 'red'], 'sizes': [1, 1, 2, 2, 1, 1], 'xpos': [0.392205266119112, 6.46736091582645, 5.87132830651543, 2.56842478452184, 1.05497225772388, 3.35722507237469], 'ypos': [4.15754519774028, 3.87672651888649, 3.80774864689194, 4.15891117383473, 4.15835090526104, 4.15780493355124], 'rotations': [3.14560426344892, 5.07442800349693, 4.20513160762651, 3.14652142167178, 3.14300168792949, 3.1450254884391], 'contact': [0, [1, 2], [2, 1], 3, 4, 5], 'grounded': ['yes', 'yes', 'yes', 'yes', 'yes', 'yes']}, {'ids': [0, 1, 2], 'colours': ['blue', 'red', 'blue'], 'sizes': [1, 3, 1], 'xpos': [3.65329156447024, 3.06074315033349, 4.60711408951368], 'ypos': [3.87683998879975, 3.89790852126602, 4.15748043316142], 'rotations': [1.21104984409195, 2.59341814797494, 3.14017425270441], 'contact': [[0, 1], [1, 0], 2], 'grounded': ['yes', 'yes', 'yes']}, {'ids': [0, 1, 2, 3, 4, 5], 'colours': ['green', 'green', 'green', 'green', 'blue', 'blue'], 'sizes': [1, 3, 2, 1, 2, 1], 'xpos': [2.9046526114666, 3.68975290255409, 5.65833149766197, 2.8246611501998, 2.89449149866101, 1.87269773742003], 'ypos': [3.88094533031908, 3.68797064017839, 4.15757175612118, 3.68349548447456, 3.68583647526567, 3.8760767087662], 'rotations': [1.21243000430047, 5.03772434357929, 3.14324414103154, 5.06868148794976, 5.04716419664426, 1.2105262200236], 'contact': [[0, 4], [1, 4], 2, [3, 4], [4, 0, 1, 3], 5], 'grounded': ['yes', 'yes', 'yes', 'no', 'no', 'yes']}, {'ids': [0, 1], 'colours': ['green', 'green'], 'sizes': [1, 3], 'xpos': [0.670764619467334, 5.261348820008], 'ypos': [3.86447444538309, 4.15793495472947], 'rotations': [1.77488765373097, 3.13951555729719], 'contact': [{'V1': 0, 'V2': 1}], 'grounded': ['yes', 'yes']}, {'ids': [0, 1, 2], 'colours': ['blue', 'green', 'green'], 'sizes': [1, 1, 3], 'xpos': [4.69009713254434, 2.93439461350621, 4.78205690186546], 'ypos': [4.15772510399043, 4.15704164375121, 4.15823822985147], 'rotations': [3.14100478933091, 3.14035932239342, 3.14115234487408], 'contact': [[0, 2], 1, [2, 0]], 'grounded': ['yes', 'yes', 'yes']}, {'ids': [0, 1, 2, 3, 4, 5], 'colours': ['green', 'blue', 'blue', 'green', 'green', 'green'], 'sizes': [3, 2, 1, 1, 3, 2], 'xpos': [4.08915128061252, 2.29489936724743, 2.81704915678861, 6.85663898790724, 1.00051084466887, 4.09237106060331], 'ypos': [4.1616688599196, 4.16166316032898, 3.87799901532656, 4.1578940642729, 4.15850762807611, 3.52787490122945], 'rotations': [3.14159237119885, 3.14158410154621, 5.07138880585438, 3.13808482008692, 3.14212541938172, 3.13686252238553], 'contact': [[0, 5], 1, 2, 3, 4, [5, 0]], 'grounded': ['yes', 'yes', 'yes', 'yes', 'yes', 'no']}]","[True, True, True, True, False, False, False, False]","[True, True, True, True, True, True, True, True]","[False, False, False, False, False, False, False, False]","[False, False, False, False, False, False, False, False]","[True, True, True, True, False, False, False, False]","[True, True, True, True, True, True, True, True]","[False, False, False, False, False, False, False, False]","[False, False, False, False, False, False, False, False]",0.0,0.0,0.0,0.0,1.0,1.0,1.0,1.0,0.0,0.0,0.0,0.0,0.0,0.0,0.01,0.0,-5.545177444479562,2.0794415416798357,11.090354888959125,1.0,-8.11564123726929,-16.635532333438686,19.409336304886526,33.27106466687737,1.0502311195665048,"[1.0, 1.0, 1.0, 1.0, 1.0, 0.0, 1.0, 0.0, 1.0, 1.0, 1.0, 1.0, 1.0, 1.0, 1.0, 0.0135, 0.9530000000000001, 0.092, 0.5895, 0.5895, 1.0, 0.0, 0.0, 0.861, 1.0, 1.0, 1.0, 0.2925, 0.999, 0.999, 1.0, 0.7155, 0.0, 0.0, 1.0, 0.0, 0.0, 0.0, 1.0, 0.0, 0.0, 0.0, 1.0, 0.0, 0.0, 0.0, 1.0, 0.0, 1.0, 1.0, 1.0, 1.0, 0.0, 0.0, 0.0, 0.0, 1.0, 1.0, 1.0, 1.0, 0.935, 0.935, 0.935, 0.935, 1.0, 1.0, 1.0, 1.0, 0.0, 1.0, 0.0, 0.0, 0.0, 1.0, 1.0, 1.0, 1.0, 1.0, 1.0, 1.0, 1.0, 1.0, 1.0, 1.0, 0.0935, 0.0935, 0.0935, 0.0935, 1.0, 1.0, 1.0, 1.0, 1.0, 1.0, 1.0, 1.0, 1.0, 1.0, 1.0, 1.0, 1.0, 1.0, 1.0, 0.013000000000000001, 1.0, 1.0, 0.998, 1.0, 1.0, 0.002, 0.998, 0.002, 1.0, 1.0, 1.0, 1.0, 1.0, 1.0, 1.0, 0.0, 0.973, 1.0, 0.9530000000000001, 1.0, 0.8925000000000001, 0.9195, 0.17400000000000002, 0.201, 1.0, 1.0, 1.0, 1.0, 0.0, 0.0, 0.0, 0.0, 1.0, 1.0, 1.0, 0.24, 1.0, 1.0, 0.968, 1.0, 0.653, 0.653, 0.653, 1.0, 0.2535, 0.2535, 0.7035, 0.10300000000000001, 1.0, 1.0, 1.0, 1.0, 0.0, 1.0, 0.0, 0.0, 1.0, 1.0, 1.0, 0.012, 0.988, 0.988, 1.0, 1.0, 1.0, 0.0, 1.0, 1.0, 1.0, 0.0, 0.0, 1.0, 0.0, 0.0, 0.0, 1.0, 1.0, 0.0, 0.0, 0.0, 1.0, 1.0, 1.0, 1.0, 0.0, 0.0, 0.0, 0.0, 1.0, 1.0, 1.0, 1.0, 0.0, 0.0, 0.0, 0.0, 1.0, 1.0, 1.0, 1.0, 1.0, 1.0, 0.841, 1.0, 1.0, 1.0, 1.0, 1.0, 0.0, 0.0, 0.0, 0.0, 1.0, 1.0, 1.0, 1.0, 1.0, 1.0, 1.0, 0.0, 0.197, 0.0, 0.85, 0.653, 0.803, 0.0, 0.0, 0.0, 0.8525, 0.847, 0.9935, 0.847, 0.28300000000000003, 0.4305, 0.426, 0.426, 1.0, 1.0, 1.0, 1.0, 1.0, 1.0, 1.0, 0.0, 0.798, 1.0, 0.7995, 0.7995, 0.0275, 0.029, 0.2265, 0.1975, 1.0, 1.0, 1.0, 1.0, 0.0, 0.0, 0.0, 0.0, 0.862, 0.854, 0.8595, 0.8955000000000001, 0.045, 0.0005, 0.8695, 0.8505, 1.0, 1.0, 1.0, 0.022, 1.0, 1.0, 1.0, 0.978, 0.28400000000000003, 0.0145, 0.1885, 0.0275, 0.2755, 0.0, 0.0015, 0.013000000000000001, 0.0, 0.0, 0.0, 1.0, 1.0, 0.0, 0.0, 0.0, 1.0, 1.0, 1.0, 1.0, 0.0, 0.0, 0.0, 0.0, 1.0, 1.0, 1.0, 1.0, 1.0, 0.0, 1.0, 0.0, 1.0, 1.0, 1.0, 1.0, 1.0, 1.0, 1.0, 0.0, 1.0, 1.0, 1.0, 0.728, 0.8265, 0.5545, 0.5545, 0.8265, 1.0, 1.0, 1.0, 1.0, 1.0, 1.0, 1.0, 1.0, 1.0, 1.0, 1.0, 0.8715, 0.9365, 0.8695, 0.8695, 0.9365, 0.229, 0.229, 0.229, 0.229, 0.801, 0.03, 0.03, 0.801, 0.0, 0.0, 0.0, 1.0, 1.0, 0.0, 0.0, 0.0, 0.108, 0.114, 0.2315, 0.108, 0.114, 0.07050000000000001, 0.0495, 0.006, 1.0, 1.0, 1.0, 1.0, 0.0, 0.0, 0.0, 0.0, 0.8955000000000001, 0.895, 0.0115, 0.0, 0.883, 0.0, 0.0, 0.0, 1.0, 1.0, 1.0, 1.0, 0.0, 0.0, 0.0, 0.0, 0.902, 0.902, 0.902, 0.678, 0.88, 0.88, 0.902, 0.807, 1.0, 1.0, 1.0, 1.0, 0.0, 0.0, 0.0, 0.0, 1.0, 1.0, 1.0, 1.0, 1.0, 1.0, 1.0, 0.0, 1.0, 1.0, 1.0, 1.0, 0.0, 0.0, 0.0, 0.0, 1.0, 1.0, 1.0, 1.0, 0.008, 0.008, 0.008, 0.008, 1.0, 1.0, 1.0, 1.0, 1.0, 1.0, 1.0, 0.0, 1.0, 1.0, 1.0, 1.0, 1.0, 1.0, 0.6980000000000001, 1.0, 1.0, 1.0, 1.0, 1.0, 0.0, 0.0, 0.0, 0.0, 1.0, 1.0, 1.0, 1.0, 1.0, 1.0, 1.0, 0.0, 0.9530000000000001, 0.9530000000000001, 0.9530000000000001, 1.0, 1.0, 1.0, 0.641, 0.9530000000000001, 1.0, 1.0, 1.0, 1.0, 0.0, 0.0, 0.0, 0.0, 1.0, 1.0, 1.0, 1.0, 1.0, 1.0, 1.0, 1.0, 1.0, 1.0, 1.0, 1.0, 0.0, 0.0, 0.0, 0.0, 1.0, 1.0, 1.0, 1.0, 1.0, 1.0, 1.0, 1.0, 1.0, 1.0, 1.0, 1.0, 0.021500000000000002, 0.021500000000000002, 0.021500000000000002, 0.021500000000000002, 0.021500000000000002, 0.003, 0.02, 0.0095, 0.0095, 0.964, 0.9555, 0.0095, 1.0, 1.0, 1.0, 1.0, 1.0, 1.0, 1.0, 1.0, 1.0, 1.0, 1.0, 1.0, 0.0, 0.0, 0.0, 0.0, 1.0, 1.0, 1.0, 1.0, 0.0, 0.0, 1.0, 1.0, 1.0, 0.873, 0.198, 0.198, 1.0, 1.0, 0.6905, 1.0, 1.0, 1.0, 1.0, 1.0, 1.0, 1.0, 1.0, 0.0, 1.0, 0.999, 0.999, 1.0, 0.0025, 0.0025, 0.0025, 0.0025, 1.0, 1.0, 1.0, 1.0, 1.0, 0.686, 0.314, 0.0, 1.0, 1.0, 1.0, 1.0, 0.524, 0.524, 1.0, 0.47600000000000003, 1.0, 1.0, 1.0, 1.0, 0.008, 0.008, 0.008, 0.008, 0.9935, 0.9935, 0.9775, 0.9935, 0.9935, 0.0225, 0.988, 0.017, 1.0, 1.0, 1.0, 1.0, 0.0725, 0.0725, 0.0725, 0.0725, 0.041, 1.0, 1.0, 0.9590000000000001, 0.041, 0.9590000000000001, 1.0, 0.0, 0.7435, 0.9835, 0.7425, 0.986, 0.7435, 0.7435, 0.256, 0.987, 1.0, 0.005, 1.0, 1.0, 1.0, 0.005, 0.005, 1.0, 1.0, 1.0, 1.0, 1.0, 1.0, 1.0, 1.0, 0.0, 1.0, 1.0, 1.0, 1.0, 0.0, 0.0, 0.0, 0.0, 1.0, 1.0, 1.0, 1.0, 0.0, 0.0, 0.0, 0.0, 0.9705, 0.9705, 0.9145, 1.0, 0.8015, 0.8015, 0.9705, 0.7865, 1.0, 1.0, 1.0, 1.0, 0.0, 0.0, 0.0, 0.0, 1.0, 1.0, 1.0, 1.0, 0.0, 0.0, 0.0, 0.0, 1.0, 1.0, 1.0, 1.0, 0.0, 0.0, 0.0, 0.0, 1.0, 1.0, 1.0, 1.0, 1.0, 1.0, 1.0, 1.0]",-418.5875071169283,843.720363894191,-482.430437669722,964.860875339444,0.01,0.0,2.0794415416798357,0.01,0.0,3.1780538303479458,0.6334250289943713,"[1.0, 1.0, 1.0, 1.0, 1.0, 0.0, 1.0, 0.0, 1.0, 1.0, 1.0, 1.0, 1.0, 1.0, 1.0, 0.0, 0.0, 0.0, 0.0, 0.0, 0.0, 0.0, 0.0, 0.0, 1.0, 1.0, 1.0, 0.0, 0.0, 0.0, 1.0, 0.0, 0.0, 0.0, 1.0, 1.0, 0.0, 1.0, 1.0, 1.0, 1.0, 1.0, 1.0, 1.0, 0.0, 0.0, 1.0, 1.0, 1.0, 1.0, 1.0, 1.0, 0.0, 0.0, 0.0, 0.0, 1.0, 1.0, 1.0, 1.0, 0.0, 0.0, 0.0, 0.0, 0.0, 0.0, 0.0, 0.0, 0.0, 1.0, 1.0, 0.0, 1.0, 1.0, 1.0, 1.0, 0.0, 0.0, 0.0, 0.0, 1.0, 1.0, 1.0, 1.0, 0.0, 0.0, 0.0, 0.0, 1.0, 1.0, 1.0, 1.0, 1.0, 1.0, 0.0, 1.0, 1.0, 1.0, 1.0, 1.0, 1.0, 1.0, 1.0, 0.0, 1.0, 1.0, 1.0, 1.0, 1.0, 0.0, 1.0, 0.0, 0.0, 1.0, 0.0, 0.0, 1.0, 1.0, 1.0, 0.0, 1.0, 1.0, 0.0, 1.0, 1.0, 0.0, 0.0, 0.0, 1.0, 1.0, 1.0, 0.0, 1.0, 1.0, 1.0, 1.0, 1.0, 1.0, 1.0, 1.0, 0.0, 0.0, 0.0, 0.0, 1.0, 1.0, 1.0, 0.0, 0.0, 0.0, 1.0, 0.0, 0.0, 0.0, 1.0, 0.0, 0.0, 0.0, 0.0, 0.0, 1.0, 1.0, 1.0, 0.0, 0.0, 0.0, 1.0, 0.0, 0.0, 0.0, 0.0, 1.0, 0.0, 0.0, 0.0, 0.0, 0.0, 0.0, 0.0, 1.0, 0.0, 0.0, 0.0, 0.0, 1.0, 1.0, 1.0, 1.0, 0.0, 0.0, 0.0, 0.0, 1.0, 1.0, 1.0, 0.0, 0.0, 0.0, 1.0, 0.0, 1.0, 1.0, 1.0, 1.0, 0.0, 0.0, 0.0, 0.0, 1.0, 1.0, 1.0, 1.0, 0.0, 0.0, 0.0, 0.0, 1.0, 1.0, 1.0, 1.0, 1.0, 1.0, 1.0, 0.0, 0.0, 0.0, 0.0, 0.0, 1.0, 0.0, 0.0, 0.0, 1.0, 1.0, 1.0, 1.0, 1.0, 1.0, 1.0, 1.0, 1.0, 1.0, 1.0, 1.0, 1.0, 1.0, 1.0, 0.0, 0.0, 0.0, 0.0, 0.0, 0.0, 0.0, 0.0, 0.0, 0.0, 1.0, 0.0, 1.0, 0.0, 1.0, 0.0, 1.0, 0.0, 0.0, 0.0, 1.0, 0.0, 0.0, 0.0, 0.0, 1.0, 1.0, 1.0, 0.0, 0.0, 0.0, 1.0, 0.0, 1.0, 1.0, 1.0, 1.0, 1.0, 0.0, 1.0, 0.0, 0.0, 1.0, 1.0, 1.0, 0.0, 0.0, 0.0, 0.0, 1.0, 1.0, 1.0, 0.0, 1.0, 1.0, 1.0, 1.0, 0.0, 1.0, 1.0, 1.0, 0.0, 0.0, 0.0, 0.0, 1.0, 1.0, 1.0, 1.0, 1.0, 1.0, 1.0, 0.0, 1.0, 1.0, 1.0, 1.0, 0.0, 0.0, 0.0, 0.0, 1.0, 1.0, 1.0, 1.0, 0.0, 0.0, 0.0, 0.0, 0.0, 1.0, 0.0, 0.0, 0.0, 0.0, 0.0, 0.0, 1.0, 1.0, 1.0, 1.0, 1.0, 0.0, 1.0, 1.0, 0.0, 0.0, 0.0, 0.0, 0.0, 1.0, 1.0, 0.0, 1.0, 1.0, 1.0, 1.0, 1.0, 0.0, 1.0, 0.0, 1.0, 1.0, 1.0, 1.0, 1.0, 0.0, 1.0, 1.0, 0.0, 0.0, 0.0, 0.0, 0.0, 1.0, 1.0, 0.0, 1.0, 0.0, 0.0, 1.0, 0.0, 0.0, 0.0, 0.0, 1.0, 1.0, 1.0, 0.0, 0.0, 0.0, 1.0, 0.0, 1.0, 1.0, 1.0, 0.0, 0.0, 0.0, 0.0, 0.0, 1.0, 1.0, 1.0, 1.0, 1.0, 1.0, 1.0, 0.0, 0.0, 0.0, 0.0, 0.0, 0.0, 0.0, 0.0, 0.0, 1.0, 0.0, 1.0, 0.0, 0.0, 0.0, 0.0, 0.0, 1.0, 1.0, 1.0, 1.0, 1.0, 1.0, 1.0, 0.0, 1.0, 1.0, 1.0, 1.0, 1.0, 1.0, 0.0, 1.0, 1.0, 1.0, 1.0, 1.0, 0.0, 0.0, 0.0, 0.0, 1.0, 1.0, 1.0, 1.0, 1.0, 1.0, 1.0, 0.0, 0.0, 1.0, 1.0, 1.0, 0.0, 0.0, 0.0, 0.0, 1.0, 1.0, 1.0, 1.0, 0.0, 0.0, 0.0, 0.0, 1.0, 0.0, 1.0, 0.0, 0.0, 0.0, 0.0, 0.0, 1.0, 1.0, 1.0, 1.0, 1.0, 0.0, 1.0, 0.0, 1.0, 1.0, 1.0, 0.0, 1.0, 1.0, 0.0, 1.0, 1.0, 1.0, 1.0, 1.0, 0.0, 0.0, 0.0, 0.0, 0.0, 0.0, 0.0, 0.0, 0.0, 1.0, 0.0, 0.0, 1.0, 1.0, 1.0, 1.0, 0.0, 0.0, 0.0, 0.0, 0.0, 0.0, 0.0, 0.0, 0.0, 0.0, 0.0, 0.0, 1.0, 0.0, 1.0, 0.0, 0.0, 0.0, 0.0, 0.0, 1.0, 1.0, 0.0, 0.0, 1.0, 1.0, 1.0, 1.0, 1.0, 1.0, 1.0, 1.0, 1.0, 1.0, 1.0, 1.0, 1.0, 1.0, 1.0, 1.0, 1.0, 0.0, 1.0, 1.0, 0.0, 1.0, 0.0, 1.0, 0.0, 1.0, 0.0, 0.0, 1.0, 1.0, 1.0, 1.0, 0.0, 0.0, 1.0, 0.0, 1.0, 1.0, 1.0, 1.0, 0.0, 0.0, 0.0, 0.0, 0.0, 0.0, 0.0, 1.0, 0.0, 0.0, 0.0, 0.0, 1.0, 1.0, 1.0, 1.0, 0.0, 0.0, 0.0, 0.0, 0.0, 1.0, 1.0, 1.0, 0.0, 1.0, 1.0, 0.0, 1.0, 1.0, 1.0, 1.0, 0.0, 0.0, 0.0, 0.0, 1.0, 0.0, 1.0, 1.0, 1.0, 0.0, 0.0, 1.0, 1.0, 1.0, 1.0, 1.0, 1.0, 1.0, 1.0, 0.0, 0.0, 1.0, 1.0, 1.0, 1.0, 1.0, 0.0, 0.0, 1.0, 1.0, 1.0, 1.0, 0.0, 0.0, 0.0, 0.0, 1.0, 1.0, 1.0, 0.0, 0.0, 0.0, 1.0, 0.0, 1.0, 1.0, 1.0, 1.0, 0.0, 0.0, 0.0, 0.0, 0.0, 0.0, 0.0, 0.0, 0.0, 0.0, 0.0, 0.0, 0.0, 1.0, 0.0, 1.0, 0.0, 1.0, 1.0, 0.0, 1.0, 1.0, 1.0, 1.0, 1.0, 0.0, 0.0, 1.0]",-318.3726801373107,643.2907099349558,0.01,0.0,-5.545177444479562,2.0794415416798357,11.090354888959125,0.01,0.0,-16.635532333438686,3.1780538303479458,33.27106466687737,0.6173530694834558,"[1.0, 1.0, 1.0, 1.0, 1.0, 0.0, 1.0, 0.0, 1.0, 1.0, 1.0, 1.0, 1.0, 1.0, 1.0, 0.0, 0.0, 0.0, 0.0, 0.0, 0.0, 0.0, 0.0, 0.0, 1.0, 1.0, 1.0, 0.0, 0.0, 0.0, 1.0, 0.0, 0.0, 0.0, 1.0, 1.0, 0.0, 1.0, 1.0, 1.0, 0.0, 0.0, 0.0, 0.0, 0.0, 0.0, 0.0, 0.0, 1.0, 1.0, 1.0, 1.0, 0.0, 0.0, 0.0, 0.0, 1.0, 1.0, 1.0, 1.0, 0.0, 0.0, 0.0, 0.0, 0.0, 0.0, 0.0, 0.0, 0.0, 1.0, 1.0, 0.0, 0.0, 0.0, 0.0, 1.0, 0.0, 0.0, 0.0, 0.0, 1.0, 1.0, 1.0, 1.0, 0.0, 0.0, 0.0, 0.0, 0.0, 0.0, 0.0, 0.0, 1.0, 1.0, 0.0, 1.0, 1.0, 1.0, 1.0, 1.0, 1.0, 1.0, 1.0, 0.0, 1.0, 1.0, 1.0, 1.0, 1.0, 0.0, 1.0, 0.0, 0.0, 1.0, 0.0, 0.0, 1.0, 1.0, 1.0, 0.0, 1.0, 1.0, 0.0, 1.0, 1.0, 0.0, 0.0, 0.0, 1.0, 1.0, 1.0, 0.0, 1.0, 1.0, 1.0, 1.0, 1.0, 1.0, 1.0, 1.0, 0.0, 0.0, 0.0, 0.0, 1.0, 1.0, 1.0, 0.0, 0.0, 0.0, 1.0, 0.0, 0.0, 0.0, 1.0, 0.0, 0.0, 0.0, 0.0, 0.0, 1.0, 1.0, 1.0, 0.0, 0.0, 0.0, 1.0, 0.0, 0.0, 0.0, 0.0, 1.0, 0.0, 0.0, 0.0, 0.0, 0.0, 0.0, 0.0, 1.0, 0.0, 0.0, 0.0, 0.0, 1.0, 1.0, 1.0, 1.0, 0.0, 0.0, 0.0, 0.0, 1.0, 1.0, 1.0, 0.0, 0.0, 0.0, 1.0, 0.0, 1.0, 1.0, 1.0, 1.0, 0.0, 0.0, 0.0, 0.0, 1.0, 1.0, 1.0, 1.0, 0.0, 0.0, 0.0, 0.0, 1.0, 1.0, 1.0, 1.0, 1.0, 1.0, 1.0, 0.0, 0.0, 0.0, 0.0, 0.0, 1.0, 0.0, 0.0, 0.0, 1.0, 1.0, 1.0, 1.0, 1.0, 1.0, 1.0, 1.0, 1.0, 1.0, 1.0, 1.0, 1.0, 1.0, 1.0, 0.0, 0.0, 0.0, 0.0, 0.0, 0.0, 0.0, 0.0, 0.0, 0.0, 1.0, 0.0, 1.0, 0.0, 1.0, 0.0, 1.0, 0.0, 0.0, 0.0, 1.0, 0.0, 0.0, 0.0, 0.0, 1.0, 1.0, 1.0, 0.0, 0.0, 0.0, 1.0, 0.0, 1.0, 1.0, 1.0, 1.0, 1.0, 0.0, 1.0, 0.0, 0.0, 1.0, 1.0, 1.0, 0.0, 0.0, 0.0, 0.0, 1.0, 1.0, 1.0, 0.0, 1.0, 1.0, 1.0, 1.0, 0.0, 1.0, 1.0, 1.0, 0.0, 0.0, 0.0, 0.0, 1.0, 1.0, 1.0, 1.0, 1.0, 1.0, 1.0, 0.0, 1.0, 1.0, 1.0, 1.0, 0.0, 0.0, 0.0, 0.0, 1.0, 1.0, 1.0, 1.0, 0.0, 0.0, 0.0, 0.0, 0.0, 1.0, 0.0, 0.0, 0.0, 0.0, 0.0, 0.0, 0.0, 0.0, 0.0, 0.0, 0.0, 0.0, 0.0, 0.0, 1.0, 0.0, 1.0, 1.0, 1.0, 0.0, 0.0, 1.0, 1.0, 1.0, 1.0, 1.0, 1.0, 0.0, 1.0, 0.0, 1.0, 1.0, 1.0, 1.0, 1.0, 0.0, 1.0, 1.0, 0.0, 0.0, 0.0, 0.0, 0.0, 1.0, 1.0, 0.0, 1.0, 0.0, 0.0, 1.0, 0.0, 0.0, 0.0, 0.0, 1.0, 1.0, 1.0, 0.0, 0.0, 0.0, 1.0, 0.0, 1.0, 1.0, 1.0, 0.0, 0.0, 0.0, 0.0, 0.0, 1.0, 1.0, 1.0, 1.0, 1.0, 1.0, 1.0, 0.0, 0.0, 0.0, 0.0, 0.0, 0.0, 0.0, 0.0, 0.0, 1.0, 0.0, 1.0, 0.0, 0.0, 0.0, 0.0, 0.0, 1.0, 1.0, 1.0, 1.0, 1.0, 1.0, 1.0, 0.0, 1.0, 1.0, 1.0, 1.0, 1.0, 1.0, 0.0, 1.0, 1.0, 1.0, 1.0, 1.0, 0.0, 0.0, 0.0, 0.0, 1.0, 1.0, 1.0, 1.0, 1.0, 1.0, 1.0, 0.0, 0.0, 1.0, 1.0, 1.0, 0.0, 0.0, 0.0, 0.0, 1.0, 1.0, 1.0, 1.0, 0.0, 0.0, 0.0, 0.0, 1.0, 0.0, 1.0, 0.0, 0.0, 0.0, 0.0, 0.0, 1.0, 1.0, 1.0, 1.0, 1.0, 0.0, 1.0, 0.0, 1.0, 1.0, 1.0, 0.0, 1.0, 1.0, 0.0, 1.0, 1.0, 1.0, 1.0, 1.0, 0.0, 0.0, 0.0, 0.0, 0.0, 0.0, 0.0, 0.0, 0.0, 1.0, 0.0, 0.0, 1.0, 1.0, 1.0, 1.0, 0.0, 0.0, 0.0, 0.0, 0.0, 0.0, 0.0, 0.0, 0.0, 0.0, 0.0, 0.0, 1.0, 0.0, 1.0, 0.0, 0.0, 0.0, 0.0, 0.0, 1.0, 1.0, 0.0, 0.0, 1.0, 1.0, 1.0, 1.0, 1.0, 1.0, 1.0, 1.0, 1.0, 1.0, 1.0, 1.0, 1.0, 1.0, 1.0, 1.0, 1.0, 0.0, 1.0, 1.0, 0.0, 1.0, 0.0, 1.0, 0.0, 1.0, 0.0, 0.0, 1.0, 1.0, 1.0, 1.0, 0.0, 0.0, 1.0, 0.0, 1.0, 1.0, 1.0, 1.0, 0.0, 0.0, 0.0, 0.0, 0.0, 0.0, 0.0, 1.0, 0.0, 0.0, 0.0, 0.0, 1.0, 1.0, 1.0, 1.0, 0.0, 0.0, 0.0, 0.0, 0.0, 1.0, 1.0, 1.0, 0.0, 1.0, 1.0, 0.0, 1.0, 1.0, 1.0, 1.0, 0.0, 0.0, 0.0, 0.0, 1.0, 0.0, 1.0, 1.0, 1.0, 0.0, 0.0, 1.0, 1.0, 1.0, 1.0, 1.0, 1.0, 1.0, 1.0, 0.0, 0.0, 0.0, 1.0, 0.0, 0.0, 1.0, 0.0, 0.0, 1.0, 1.0, 1.0, 1.0, 0.0, 0.0, 0.0, 0.0, 1.0, 1.0, 1.0, 0.0, 0.0, 0.0, 1.0, 0.0, 1.0, 1.0, 1.0, 1.0, 0.0, 0.0, 0.0, 0.0, 0.0, 0.0, 0.0, 0.0, 0.0, 0.0, 0.0, 0.0, 0.0, 1.0, 0.0, 1.0, 0.0, 1.0, 1.0, 0.0, 1.0, 1.0, 1.0, 1.0, 1.0, 0.0, 0.0, 1.0]",-311.9759791000219,630.4973078603782,-482.430437669722,964.860875339444,0.01,0.0,-5.545177444479562,2.0794415416798357,11.090354888959125,0.01,0.0,-16.635532333438686,3.1780538303479458,33.27106466687737,1.0908740239314543,"[0.0, 0.0, 1.0, 0.0, 0.0, 0.0, 0.0, 0.0, 1.0, 1.0, 1.0, 1.0, 0.877, 0.877, 0.877, 0.0, 1.0, 0.259, 1.0, 1.0, 0.8015, 0.0, 0.259, 1.0, 1.0, 1.0, 1.0, 1.0, 1.0, 1.0, 1.0, 0.0, 0.0, 0.0, 1.0, 0.0, 0.0, 0.0, 1.0, 0.0, 0.0, 0.0, 1.0, 0.0, 0.0, 0.0, 1.0, 0.0, 0.0, 0.0, 0.0, 0.0775, 0.0, 0.0, 0.1635, 0.47100000000000003, 1.0, 1.0, 1.0, 1.0, 0.0, 0.0, 0.0, 0.0, 0.0, 0.0, 0.0, 0.0, 0.0, 0.0, 0.0, 0.0, 1.0, 1.0, 1.0, 1.0, 1.0, 1.0, 1.0, 0.0, 1.0, 1.0, 1.0, 1.0, 0.0, 0.0, 0.0, 0.0, 0.0, 0.0, 0.0, 0.0, 0.0, 0.113, 0.113, 0.0, 0.0, 0.0, 0.0, 1.0, 0.0, 0.0, 0.0, 0.0, 1.0, 1.0, 1.0, 1.0, 0.0, 0.0, 0.0, 0.0, 0.9995, 1.0, 1.0, 0.663, 1.0, 1.0, 1.0, 0.353, 1.0, 1.0, 1.0, 1.0, 0.082, 0.082, 0.0, 0.0, 0.973, 1.0, 0.7655000000000001, 0.605, 0.973, 1.0, 1.0, 0.368, 0.0, 0.0, 1.0, 0.0, 1.0, 0.0, 1.0, 0.0, 1.0, 1.0, 1.0, 1.0, 0.0, 0.0, 1.0, 0.0, 1.0, 1.0, 1.0, 1.0, 0.0, 0.9465, 0.0, 0.0, 0.666, 1.0, 0.666, 0.666, 0.0, 0.0, 0.7975, 0.0, 0.0, 0.9430000000000001, 0.0, 1.0, 1.0, 0.0, 0.0, 0.0, 0.0, 1.0, 0.0, 0.0, 0.0, 0.0, 0.0, 0.0, 1.0, 1.0, 1.0, 1.0, 0.0, 0.0, 0.0, 0.0, 1.0, 1.0, 1.0, 1.0, 1.0, 1.0, 1.0, 0.0005, 1.0, 1.0, 1.0, 1.0, 1.0, 1.0, 0.0, 1.0, 1.0, 1.0, 1.0, 1.0, 0.0, 0.0, 0.0, 0.0, 1.0, 1.0, 1.0, 1.0, 1.0, 1.0, 1.0, 0.0, 1.0, 0.0, 1.0, 0.0, 0.0, 0.0, 0.0, 0.0, 0.0, 1.0, 0.0, 1.0, 0.0, 1.0, 0.0, 1.0, 1.0, 1.0, 1.0, 1.0, 1.0, 1.0, 1.0, 0.0, 1.0, 0.0, 1.0, 1.0, 1.0, 0.0, 0.0, 1.0, 1.0, 1.0, 1.0, 1.0, 1.0, 1.0, 1.0, 1.0, 0.0, 0.9580000000000001, 0.0, 0.0, 0.0, 0.0, 0.0045000000000000005, 0.0, 0.0, 0.0, 0.0, 0.0, 0.0, 0.0, 0.0, 1.0, 0.0, 0.0, 0.0005, 0.0, 0.0, 0.0, 0.0, 0.0, 0.0, 1.0, 0.0, 0.0, 0.0, 0.0, 0.0, 0.0, 1.0, 1.0, 1.0, 0.001, 0.001, 0.001, 1.0, 0.0, 0.0, 0.0, 0.6225, 0.0, 0.0, 0.0, 0.0, 0.0, 1.0, 1.0, 1.0, 1.0, 0.0, 0.0, 0.0, 0.0, 0.0, 0.0, 0.0, 0.0, 0.0, 0.0, 0.0, 0.0, 1.0, 1.0, 1.0, 1.0, 1.0, 1.0, 1.0, 0.0, 0.0, 0.0, 0.0, 1.0, 0.0, 0.0, 1.0, 0.0, 1.0, 1.0, 1.0, 1.0, 0.0, 0.0, 0.0, 0.0, 0.0, 1.0, 0.0, 0.0, 1.0, 0.0, 0.0, 1.0, 1.0, 1.0, 1.0, 1.0, 0.0, 0.0, 0.0, 0.0, 1.0, 1.0, 1.0, 1.0, 1.0, 0.0, 1.0, 1.0, 0.0, 0.0005, 0.0, 0.0, 0.0, 0.38, 0.0, 0.0, 1.0, 1.0, 1.0, 1.0, 0.0, 0.0, 0.0, 0.0, 1.0, 1.0, 1.0, 0.999, 1.0, 1.0, 1.0, 0.0195, 1.0, 1.0, 1.0, 1.0, 0.0, 0.0, 0.0, 0.0, 0.0, 0.6285000000000001, 0.0, 0.328, 0.0, 0.0, 0.6285000000000001, 0.0, 0.0, 0.0, 0.0, 0.0, 0.0, 0.0, 0.0, 1.0, 1.0, 1.0, 1.0, 1.0, 0.0, 0.0, 0.0, 0.0, 1.0, 1.0, 1.0, 1.0, 1.0, 1.0, 1.0, 0.0, 1.0, 1.0, 1.0, 1.0, 1.0, 1.0, 0.0375, 1.0, 1.0, 1.0, 1.0, 1.0, 0.0, 0.0, 0.0, 0.0, 1.0, 1.0, 1.0, 1.0, 1.0, 1.0, 1.0, 0.0, 1.0, 1.0, 1.0, 1.0, 1.0, 1.0, 0.0, 1.0, 1.0, 1.0, 1.0, 1.0, 0.0, 0.0, 0.0, 0.0, 1.0, 1.0, 1.0, 1.0, 1.0, 1.0, 1.0, 1.0, 0.0, 0.0, 0.4395, 0.0, 0.0, 0.0, 0.001, 1.0, 0.0, 0.0, 0.0, 0.0, 0.0, 0.0, 0.0, 0.0, 1.0, 1.0, 1.0, 0.0, 1.0, 0.0, 0.0, 1.0, 0.0, 0.0, 1.0, 1.0, 1.0, 0.0, 0.0, 0.0, 0.0, 0.0, 0.0, 0.0, 0.0, 0.0, 0.0, 0.0, 1.0, 1.0, 1.0, 1.0, 0.0, 0.0, 0.0, 0.0, 0.0, 0.0, 0.0, 0.0, 0.0, 1.0, 0.0, 0.0, 1.0, 1.0, 1.0, 1.0, 0.0, 0.4945, 0.0, 0.0, 1.0, 1.0, 1.0, 1.0, 0.0, 0.0, 1.0, 1.0, 1.0, 1.0, 1.0, 1.0, 0.0, 0.0, 0.0, 0.0, 1.0, 1.0, 1.0, 1.0, 1.0, 0.704, 0.296, 0.0, 1.0, 1.0, 1.0, 1.0, 0.0, 0.0, 1.0, 1.0, 1.0, 1.0, 1.0, 1.0, 0.0, 0.0, 0.0, 0.0, 0.006, 1.0, 0.006, 0.708, 0.298, 1.0, 0.298, 1.0, 1.0, 1.0, 1.0, 1.0, 0.0, 0.0, 0.0, 0.0, 1.0, 0.0, 1.0, 1.0, 1.0, 0.0, 0.0, 1.0, 0.0, 1.0, 1.0, 1.0, 0.0, 0.0, 0.0, 0.0, 1.0, 0.224, 1.0, 1.0, 0.776, 0.0, 0.224, 1.0, 1.0, 1.0, 1.0, 1.0, 0.0, 0.0, 0.0, 0.0, 1.0, 1.0, 0.0, 1.0, 1.0, 1.0, 0.0, 1.0, 1.0, 1.0, 1.0, 1.0, 0.0, 0.0, 0.0, 0.0, 1.0, 1.0, 1.0, 1.0, 1.0, 1.0, 1.0, 0.0, 1.0, 1.0, 1.0, 1.0, 0.0, 0.0, 0.0, 0.0, 0.0, 0.0, 0.0, 0.0, 0.0, 0.0, 0.0, 0.0, 1.0, 0.4865, 1.0, 1.0, 1.0, 0.0075, 0.4865, 1.0, 0.0225, 0.0, 0.0, 0.9775, 0.0, 0.0, 0.0, 0.0]",-419.18595103414617,844.9172517286268,-482.430437669722,964.860875339444,0.01,0.0,-5.545177444479562,2.0794415416798357,11.090354888959125,0.01,0.0,-16.635532333438686,3.1780538303479458,33.27106466687737,0.5787520451143159,"[1.0, 1.0, 1.0, 1.0, 1.0, 0.0, 1.0, 0.0, 1.0, 1.0, 1.0, 1.0, 1.0, 1.0, 1.0, 0.0, 0.0, 0.0, 0.0, 0.0, 0.0, 0.0, 0.0, 0.0, 1.0, 1.0, 1.0, 1.0, 0.0, 0.0, 1.0, 0.0, 0.0, 0.0, 0.0, 0.0, 0.0, 1.0, 0.0, 0.0, 0.0, 0.0, 0.0, 0.0, 0.0, 0.0, 0.0, 0.0, 1.0, 1.0, 1.0, 1.0, 0.0, 0.0, 0.0, 0.0, 1.0, 1.0, 1.0, 1.0, 0.0, 0.0, 0.0, 0.0, 0.0, 0.0, 0.0, 0.0, 0.0, 1.0, 1.0, 0.0, 1.0, 1.0, 1.0, 1.0, 0.0, 0.0, 0.0, 0.0, 1.0, 1.0, 1.0, 1.0, 0.0, 0.0, 0.0, 0.0, 0.0, 0.0, 0.0, 0.0, 0.0, 0.0, 0.0, 0.0, 1.0, 1.0, 1.0, 1.0, 1.0, 1.0, 1.0, 0.0, 1.0, 1.0, 1.0, 1.0, 1.0, 0.0, 1.0, 0.0, 0.0, 1.0, 0.0, 0.0, 1.0, 1.0, 1.0, 0.0, 1.0, 1.0, 0.0, 1.0, 1.0, 0.0, 0.0, 0.0, 1.0, 1.0, 1.0, 0.0, 1.0, 1.0, 1.0, 1.0, 1.0, 1.0, 1.0, 1.0, 0.0, 0.0, 0.0, 0.0, 1.0, 1.0, 1.0, 0.0, 0.0, 0.0, 1.0, 0.0, 0.0, 0.0, 1.0, 0.0, 0.0, 0.0, 0.0, 0.0, 1.0, 1.0, 1.0, 0.0, 0.0, 0.0, 1.0, 0.0, 0.0, 0.0, 0.0, 1.0, 0.0, 0.0, 0.0, 0.0, 0.0, 0.0, 0.0, 1.0, 0.0, 0.0, 0.0, 0.0, 1.0, 1.0, 1.0, 1.0, 0.0, 0.0, 0.0, 0.0, 1.0, 1.0, 1.0, 0.0, 0.0, 0.0, 1.0, 0.0, 1.0, 1.0, 1.0, 1.0, 0.0, 0.0, 0.0, 0.0, 1.0, 1.0, 1.0, 1.0, 0.0, 0.0, 0.0, 0.0, 1.0, 1.0, 1.0, 1.0, 1.0, 1.0, 1.0, 0.0, 0.0, 0.0, 0.0, 0.0, 1.0, 0.0, 0.0, 0.0, 1.0, 1.0, 1.0, 1.0, 1.0, 1.0, 1.0, 1.0, 1.0, 1.0, 1.0, 1.0, 1.0, 1.0, 1.0, 0.0, 0.0, 0.0, 0.0, 0.0, 0.0, 0.0, 0.0, 0.0, 0.0, 1.0, 0.0, 1.0, 0.0, 1.0, 0.0, 1.0, 0.0, 0.0, 0.0, 1.0, 0.0, 0.0, 0.0, 0.0, 1.0, 1.0, 1.0, 0.0, 0.0, 0.0, 1.0, 0.0, 0.0, 0.0, 1.0, 0.0, 0.0, 0.0, 0.0, 0.0, 0.0, 1.0, 1.0, 1.0, 0.0, 0.0, 0.0, 0.0, 1.0, 1.0, 1.0, 0.0, 1.0, 1.0, 1.0, 1.0, 0.0, 0.0, 1.0, 0.0, 0.0, 0.0, 0.0, 0.0, 1.0, 1.0, 1.0, 1.0, 1.0, 1.0, 1.0, 0.0, 1.0, 1.0, 1.0, 1.0, 0.0, 0.0, 0.0, 0.0, 1.0, 1.0, 1.0, 1.0, 0.0, 0.0, 0.0, 0.0, 0.0, 1.0, 0.0, 0.0, 0.0, 0.0, 0.0, 0.0, 0.0, 0.0, 0.0, 0.0, 0.0, 0.0, 0.0, 0.0, 0.0, 0.0, 0.0, 0.0, 0.0, 0.0, 0.0, 0.0, 1.0, 1.0, 0.0, 1.0, 1.0, 0.0, 1.0, 0.0, 1.0, 1.0, 1.0, 1.0, 1.0, 0.0, 1.0, 1.0, 0.0, 0.0, 0.0, 0.0, 0.0, 1.0, 1.0, 0.0, 1.0, 0.0, 0.0, 1.0, 0.0, 0.0, 0.0, 0.0, 1.0, 1.0, 1.0, 0.0, 0.0, 0.0, 1.0, 0.0, 1.0, 1.0, 1.0, 0.0, 0.0, 0.0, 0.0, 0.0, 1.0, 1.0, 1.0, 1.0, 1.0, 1.0, 1.0, 0.0, 0.0, 0.0, 0.0, 0.0, 0.0, 0.0, 0.0, 0.0, 1.0, 0.0, 1.0, 0.0, 0.0, 0.0, 0.0, 0.0, 1.0, 1.0, 1.0, 1.0, 1.0, 1.0, 1.0, 0.0, 1.0, 1.0, 1.0, 1.0, 1.0, 1.0, 0.0, 1.0, 1.0, 1.0, 1.0, 1.0, 0.0, 0.0, 0.0, 0.0, 1.0, 1.0, 1.0, 1.0, 1.0, 1.0, 1.0, 0.0, 0.0, 1.0, 1.0, 1.0, 0.0, 0.0, 0.0, 0.0, 1.0, 1.0, 1.0, 1.0, 0.0, 0.0, 0.0, 0.0, 1.0, 0.0, 1.0, 0.0, 0.0, 0.0, 0.0, 0.0, 1.0, 1.0, 1.0, 1.0, 1.0, 0.0, 1.0, 0.0, 1.0, 1.0, 1.0, 0.0, 1.0, 1.0, 0.0, 1.0, 1.0, 1.0, 1.0, 1.0, 0.0, 0.0, 0.0, 0.0, 0.0, 0.0, 0.0, 0.0, 0.0, 0.0, 0.0, 0.0, 1.0, 1.0, 1.0, 1.0, 0.0, 0.0, 0.0, 0.0, 0.0, 0.0, 0.0, 0.0, 0.0, 0.0, 0.0, 0.0, 0.0, 0.0, 0.0, 0.0, 0.0, 0.0, 0.0, 0.0, 1.0, 1.0, 0.0, 0.0, 1.0, 1.0, 1.0, 1.0, 1.0, 1.0, 1.0, 1.0, 1.0, 1.0, 1.0, 1.0, 1.0, 1.0, 1.0, 1.0, 1.0, 0.0, 1.0, 1.0, 0.0, 1.0, 0.0, 1.0, 0.0, 1.0, 0.0, 0.0, 1.0, 1.0, 1.0, 1.0, 0.0, 0.0, 1.0, 0.0, 1.0, 1.0, 1.0, 1.0, 0.0, 0.0, 0.0, 0.0, 0.0, 0.0, 0.0, 1.0, 0.0, 0.0, 0.0, 0.0, 1.0, 1.0, 1.0, 1.0, 0.0, 0.0, 0.0, 0.0, 0.0, 1.0, 1.0, 1.0, 0.0, 1.0, 1.0, 0.0, 1.0, 1.0, 1.0, 1.0, 0.0, 0.0, 0.0, 0.0, 1.0, 0.0, 1.0, 1.0, 1.0, 0.0, 0.0, 1.0, 1.0, 1.0, 1.0, 1.0, 1.0, 1.0, 1.0, 0.0, 0.0, 1.0, 1.0, 1.0, 1.0, 1.0, 0.0, 0.0, 1.0, 1.0, 1.0, 1.0, 0.0, 0.0, 0.0, 0.0, 1.0, 1.0, 1.0, 0.0, 0.0, 0.0, 1.0, 0.0, 1.0, 1.0, 1.0, 1.0, 0.0, 0.0, 0.0, 0.0, 0.0, 0.0, 0.0, 0.0, 0.0, 0.0, 0.0, 0.0, 0.0, 0.0, 1.0, 1.0, 0.0, 0.0, 0.0, 0.0, 1.0, 1.0, 1.0, 1.0, 1.0, 0.0, 0.0, 1.0]",-295.2442605392121,597.0338707387587,-482.430437669722,964.860875339444,0.6213350538809675,-10.813469012791472,24.80499185593089,1.2846122460949685,-433.45128860920846,873.4479268787513,True,True,True,True,True,0.7083333333333334,1.0,0.75,1.0,0.75,1.0,0.75,1.0,0.75,1.0,0.8333333333333334,1.0,"Z.exists(lambda x1: Z.equal(x1,'red','colour'),X)","Z.atleast(lambda x1: Z.equal(x1,'red','colour'),1,X)","Z.exists(lambda x1: Z.equal(x1,'red','colour'),X)","Z.atleast(lambda x1: Z.equal(x1,'red','colour'),1,X)",1.0,1.0,1.0,1.0,1.0,0.7083333333333334,0.6982758620689655,0.6867816091954023,0.6954022988505747,0.6925287356321839,5.241379310344827,2000,2000,2000,0,1998,0
57,71,137,hbaVUxZLvt,qElJ9nXF05GDxnX6AAAT,Iota,one is blue,"[True, True, True, True, True, True, True, False]","[True, True, True, True, True, False, True, False]",0.625,0.75,If there is a purple triangle radiation will be emitted.,[['x1']],"Z.exists(lambda x1: Z.equal(x1,'blue','colour'),X)",As long as there was one purple triangle radiation is emitted.,"[{'ids': [0, 1, 2], 'colours': ['blue', 'green', 'red'], 'sizes': [2, 1, 3], 'xpos': [2.2808834213135762, 6.769544469766659, 3.3726634746740607], 'ypos': [4.110743082107269, 4.111666666666668, 3.698505498687943], 'rotations': [3.1392836899375594, 3.1415926535897927, 2.1690467007107532], 'orientations': ['upright', 'upright', 'strange'], 'contact': [[0, 2], [1], [2, 0]], 'grounded': ['yes', 'yes', 'yes'], 'follow_rule': True}, {'ids': [0], 'colours': ['blue'], 'sizes': [3], 'xpos': [0.5923649988659063], 'ypos': [4.108177998882048], 'rotations': [3.1396879669555724], 'orientations': ['upright'], 'contact': [[0]], 'grounded': ['yes'], 'follow_rule': True}, {'ids': [0], 'colours': ['green'], 'sizes': [2], 'xpos': [6.622405498831703], 'ypos': [4.108287689871412], 'rotations': [3.143302848932595], 'orientations': ['upright'], 'contact': [[0]], 'grounded': ['yes'], 'follow_rule': False}, {'ids': [0], 'colours': ['red'], 'sizes': [2], 'xpos': [2.646547138294057], 'ypos': [4.10801809329064], 'rotations': [3.1424717703698737], 'orientations': ['upright'], 'contact': [[0]], 'grounded': ['yes'], 'follow_rule': False}, {'ids': [0], 'colours': ['blue'], 'sizes': [2], 'xpos': [3.4445444816041992], 'ypos': [3.7306135955991233], 'rotations': [1.233490888256889], 'orientations': ['lhs'], 'contact': [[0]], 'grounded': ['yes'], 'follow_rule': True}, {'ids': [0, 1], 'colours': ['red', 'green'], 'sizes': [2, 2], 'xpos': [5.104974710327862, 2.625867292374223], 'ypos': [4.107739343666687, 4.107211284925254], 'rotations': [3.1451633586982846, 3.14093605164016], 'orientations': ['upright', 'upright'], 'contact': [[0], [1]], 'grounded': ['yes', 'yes'], 'follow_rule': False}, {'ids': [0], 'colours': ['blue'], 'sizes': [1], 'xpos': [5.013284518496018], 'ypos': [3.9749999999999974], 'rotations': [3.428931249655152], 'orientations': ['upright'], 'contact': [[0]], 'grounded': ['no'], 'follow_rule': True}, {'ids': [0, 1, 2, 3, 4, 5], 'colours': ['green', 'red', 'green', 'red', 'green', 'blue'], 'sizes': [3, 3, 2, 2, 1, 3], 'xpos': [4.47721182971558, 6.636562795794566, 1.420525993316425, 5.345305022447587, 6.912628321571599, 0.5111794863214973], 'ypos': [4.10757966836413, 3.63832995809241, 4.10909205203709, 3.846342622222597, 3.3073246693601464, 4.107999002953702], 'rotations': [3.1414024626343213, 5.037750993563837, 3.1416832302893023, 2.429130594352981, 3.552869250724538, 3.142436065532628], 'orientations': ['upright', 'rhs', 'upright', 'strange', 'upright', 'upright'], 'contact': [[0, 3], [1, 4], [2, 5], [3, 0], [4, 1], [5, 2]], 'grounded': ['yes', 'yes', 'yes', 'yes', 'no', 'yes'], 'follow_rule': True}, {'ids': [0, 1, 2, 3, 4], 'colours': ['red', 'green', 'red', 'blue', 'green'], 'sizes': [3, 1, 1, 2, 3], 'xpos': [5.12691938557365, 5.11503131679493, 4.23727953775697, 6.19519140108846, 3.42148978150856], 'ypos': [4.16166666682932, 3.21450769513128, 4.15833270210236, 3.780270212316, 4.15777826181353], 'rotations': [3.14159265356107, 3.17396503839037, 3.13596899439433, 5.0484168782327, 3.14163950292034], 'contact': [[0, 1], [1, 0], 2, 3, 4], 'grounded': ['yes', 'no', 'yes', 'yes', 'yes']}, {'ids': [0, 1, 2, 3], 'colours': ['green', 'green', 'red', 'blue'], 'sizes': [1, 3, 1, 2], 'xpos': [1.95640316882102, 3.82119006463636, 5.49466900932729, 4.94512429018313], 'ypos': [4.1575463669092, 3.68793264237984, 3.88075060909874, 3.82370041726639], 'rotations': [3.14042586215534, 5.03796059957422, 5.07099533912214, 4.13396592888911], 'contact': [0, 1, [2, 3], [3, 2]], 'grounded': ['yes', 'yes', 'yes', 'yes']}, {'ids': [0, 1, 2, 3, 4], 'colours': ['red', 'blue', 'red', 'green', 'green'], 'sizes': [3, 1, 2, 2, 1], 'xpos': [6.01871423256697, 2.01992789098242, 4.13597794449854, 0.774406281828649, 4.80555851531279], 'ypos': [3.68393205570556, 4.15898574652681, 4.15794140291817, 3.77979942907755, 3.98725786368743], 'rotations': [1.24414891831718, 3.14156263599238, 3.14292046357041, 5.04964608195148, 2.53998237313469], 'contact': [[0, 4], 1, 2, 3, [4, 0]], 'grounded': ['yes', 'yes', 'yes', 'yes', 'yes']}, {'ids': [0, 1], 'colours': ['blue', 'green'], 'sizes': [1, 2], 'xpos': [1.67047327443096, 4.46813203908946], 'ypos': [4.15694705663294, 4.15819949787589], 'rotations': [3.14214596161258, 3.14225319301416], 'contact': [{'V1': 0, 'V2': 1}], 'grounded': ['yes', 'yes']}, {'ids': [0, 1, 2, 3, 4], 'colours': ['blue', 'blue', 'red', 'blue', 'red'], 'sizes': [1, 1, 3, 2, 3], 'xpos': [2.9749447690173, 1.59038636414738, 1.89943344290003, 0.742265142690783, 5.82945571924824], 'ypos': [4.14706432996679, 4.15682792868204, 3.68436535365509, 3.87793736870491, 4.15825788448378], 'rotations': [3.19018443917557, 3.14127258207092, 4.38185242264156, 2.36758036264438, 3.14223131257379], 'contact': [[0, 2], 1, [2, 0], 3, 4], 'grounded': ['yes', 'yes', 'yes', 'yes', 'yes']}, {'ids': [0, 1, 2, 3, 4], 'colours': ['blue', 'blue', 'red', 'red', 'blue'], 'sizes': [1, 1, 2, 3, 2], 'xpos': [3.86710801315826, 0.780465760873674, 4.72248955423569, 3.06295468416754, 7.04671297081929], 'ypos': [4.1448491118357, 4.15796013032216, 4.15793209798963, 3.75002575259372, 4.15761808534214], 'rotations': [3.19364501547634, 3.14186836777695, 3.13970081999877, 4.09252896570911, 3.14406240189392], 'contact': [[0, 3], 1, 2, [3, 0], 4], 'grounded': ['yes', 'yes', 'yes', 'yes', 'yes']}, {'ids': [0, 1, 2, 3], 'colours': ['blue', 'green', 'blue', 'red'], 'sizes': [1, 2, 1, 3], 'xpos': [0.414928997162714, 1.7723984589512, 5.75738502777065, 6.08770777718876], 'ypos': [4.15743978227501, 4.15711897749998, 3.88075060909862, 3.89628768750355], 'rotations': [3.14447951863788, 3.14010156096646, 5.07099533912207, 3.69409526653564], 'contact': [0, 1, [2, 3], [3, 2]], 'grounded': ['yes', 'yes', 'yes', 'yes']}, {'ids': [0, 1, 2, 3, 4], 'colours': ['green', 'red', 'green', 'green', 'red'], 'sizes': [2, 2, 3, 3, 2], 'xpos': [1.30426887924571, 1.8868098606311, 6.83333126813548, 2.79429839111229, 3.83407517131883], 'ypos': [3.78000391300947, 4.15881602818333, 3.73307814239637, 4.15736329550291, 4.15804254736289], 'rotations': [1.23253748876037, 3.14240000646429, 4.1567939442383, 3.14166932108615, 3.1439673324419], 'contact': [0, [1, 3], 2, [3, 1], 4], 'grounded': ['yes', 'yes', 'yes', 'yes', 'yes']}]","[True, True, True, True, True, True, True, False]","[True, True, True, True, True, True, True, True]","[False, False, False, False, False, False, False, False]","[False, False, False, False, False, False, False, False]","[True, True, True, True, True, True, True, False]","[True, True, True, True, True, False, True, True]","[False, False, False, False, False, False, False, False]","[False, False, False, False, False, True, False, False]",0.0,0.125,-0.125,0.0,1.0,0.875,0.625,0.625,0.0,0.125,0.0,0.125,0.0,0.125,0.01,0.0,-5.545177444479562,2.0794415416798357,11.090354888959125,1.0,-11.965720049653877,-16.635532333438686,27.1094939296557,33.27106466687737,1.0502311195665048,"[1.0, 1.0, 1.0, 1.0, 1.0, 0.0, 1.0, 0.0, 1.0, 1.0, 1.0, 1.0, 1.0, 1.0, 1.0, 0.0135, 0.9530000000000001, 0.092, 0.5895, 0.5895, 1.0, 0.0, 0.0, 0.861, 1.0, 1.0, 1.0, 0.2925, 0.999, 0.999, 1.0, 0.7155, 0.0, 0.0, 1.0, 0.0, 0.0, 0.0, 1.0, 0.0, 0.0, 0.0, 1.0, 0.0, 0.0, 0.0, 1.0, 0.0, 1.0, 1.0, 1.0, 1.0, 0.0, 0.0, 0.0, 0.0, 1.0, 1.0, 1.0, 1.0, 0.935, 0.935, 0.935, 0.935, 1.0, 1.0, 1.0, 1.0, 0.0, 1.0, 0.0, 0.0, 0.0, 1.0, 1.0, 1.0, 1.0, 1.0, 1.0, 1.0, 1.0, 1.0, 1.0, 1.0, 0.0935, 0.0935, 0.0935, 0.0935, 1.0, 1.0, 1.0, 1.0, 1.0, 1.0, 1.0, 1.0, 1.0, 1.0, 1.0, 1.0, 1.0, 1.0, 1.0, 0.013000000000000001, 1.0, 1.0, 0.998, 1.0, 1.0, 0.002, 0.998, 0.002, 1.0, 1.0, 1.0, 1.0, 1.0, 1.0, 1.0, 0.0, 0.973, 1.0, 0.9530000000000001, 1.0, 0.8925000000000001, 0.9195, 0.17400000000000002, 0.201, 1.0, 1.0, 1.0, 1.0, 0.0, 0.0, 0.0, 0.0, 1.0, 1.0, 1.0, 0.24, 1.0, 1.0, 0.968, 1.0, 0.653, 0.653, 0.653, 1.0, 0.2535, 0.2535, 0.7035, 0.10300000000000001, 1.0, 1.0, 1.0, 1.0, 0.0, 1.0, 0.0, 0.0, 1.0, 1.0, 1.0, 0.012, 0.988, 0.988, 1.0, 1.0, 1.0, 0.0, 1.0, 1.0, 1.0, 0.0, 0.0, 1.0, 0.0, 0.0, 0.0, 1.0, 1.0, 0.0, 0.0, 0.0, 1.0, 1.0, 1.0, 1.0, 0.0, 0.0, 0.0, 0.0, 1.0, 1.0, 1.0, 1.0, 0.0, 0.0, 0.0, 0.0, 1.0, 1.0, 1.0, 1.0, 1.0, 1.0, 0.841, 1.0, 1.0, 1.0, 1.0, 1.0, 0.0, 0.0, 0.0, 0.0, 1.0, 1.0, 1.0, 1.0, 1.0, 1.0, 1.0, 0.0, 0.197, 0.0, 0.85, 0.653, 0.803, 0.0, 0.0, 0.0, 0.8525, 0.847, 0.9935, 0.847, 0.28300000000000003, 0.4305, 0.426, 0.426, 1.0, 1.0, 1.0, 1.0, 1.0, 1.0, 1.0, 0.0, 0.798, 1.0, 0.7995, 0.7995, 0.0275, 0.029, 0.2265, 0.1975, 1.0, 1.0, 1.0, 1.0, 0.0, 0.0, 0.0, 0.0, 0.862, 0.854, 0.8595, 0.8955000000000001, 0.045, 0.0005, 0.8695, 0.8505, 1.0, 1.0, 1.0, 0.022, 1.0, 1.0, 1.0, 0.978, 0.28400000000000003, 0.0145, 0.1885, 0.0275, 0.2755, 0.0, 0.0015, 0.013000000000000001, 0.0, 0.0, 0.0, 1.0, 1.0, 0.0, 0.0, 0.0, 1.0, 1.0, 1.0, 1.0, 0.0, 0.0, 0.0, 0.0, 1.0, 1.0, 1.0, 1.0, 1.0, 0.0, 1.0, 0.0, 1.0, 1.0, 1.0, 1.0, 1.0, 1.0, 1.0, 0.0, 1.0, 1.0, 1.0, 0.728, 0.8265, 0.5545, 0.5545, 0.8265, 1.0, 1.0, 1.0, 1.0, 1.0, 1.0, 1.0, 1.0, 1.0, 1.0, 1.0, 0.8715, 0.9365, 0.8695, 0.8695, 0.9365, 0.229, 0.229, 0.229, 0.229, 0.801, 0.03, 0.03, 0.801, 0.0, 0.0, 0.0, 1.0, 1.0, 0.0, 0.0, 0.0, 0.108, 0.114, 0.2315, 0.108, 0.114, 0.07050000000000001, 0.0495, 0.006, 1.0, 1.0, 1.0, 1.0, 0.0, 0.0, 0.0, 0.0, 0.8955000000000001, 0.895, 0.0115, 0.0, 0.883, 0.0, 0.0, 0.0, 1.0, 1.0, 1.0, 1.0, 0.0, 0.0, 0.0, 0.0, 0.902, 0.902, 0.902, 0.678, 0.88, 0.88, 0.902, 0.807, 1.0, 1.0, 1.0, 1.0, 0.0, 0.0, 0.0, 0.0, 1.0, 1.0, 1.0, 1.0, 1.0, 1.0, 1.0, 0.0, 1.0, 1.0, 1.0, 1.0, 0.0, 0.0, 0.0, 0.0, 1.0, 1.0, 1.0, 1.0, 0.008, 0.008, 0.008, 0.008, 1.0, 1.0, 1.0, 1.0, 1.0, 1.0, 1.0, 0.0, 1.0, 1.0, 1.0, 1.0, 1.0, 1.0, 0.6980000000000001, 1.0, 1.0, 1.0, 1.0, 1.0, 0.0, 0.0, 0.0, 0.0, 1.0, 1.0, 1.0, 1.0, 1.0, 1.0, 1.0, 0.0, 0.9530000000000001, 0.9530000000000001, 0.9530000000000001, 1.0, 1.0, 1.0, 0.641, 0.9530000000000001, 1.0, 1.0, 1.0, 1.0, 0.0, 0.0, 0.0, 0.0, 1.0, 1.0, 1.0, 1.0, 1.0, 1.0, 1.0, 1.0, 1.0, 1.0, 1.0, 1.0, 0.0, 0.0, 0.0, 0.0, 1.0, 1.0, 1.0, 1.0, 1.0, 1.0, 1.0, 1.0, 1.0, 1.0, 1.0, 1.0, 0.021500000000000002, 0.021500000000000002, 0.021500000000000002, 0.021500000000000002, 0.021500000000000002, 0.003, 0.02, 0.0095, 0.0095, 0.964, 0.9555, 0.0095, 1.0, 1.0, 1.0, 1.0, 1.0, 1.0, 1.0, 1.0, 1.0, 1.0, 1.0, 1.0, 0.0, 0.0, 0.0, 0.0, 1.0, 1.0, 1.0, 1.0, 0.0, 0.0, 1.0, 1.0, 1.0, 0.873, 0.198, 0.198, 1.0, 1.0, 0.6905, 1.0, 1.0, 1.0, 1.0, 1.0, 1.0, 1.0, 1.0, 0.0, 1.0, 0.999, 0.999, 1.0, 0.0025, 0.0025, 0.0025, 0.0025, 1.0, 1.0, 1.0, 1.0, 1.0, 0.686, 0.314, 0.0, 1.0, 1.0, 1.0, 1.0, 0.524, 0.524, 1.0, 0.47600000000000003, 1.0, 1.0, 1.0, 1.0, 0.008, 0.008, 0.008, 0.008, 0.9935, 0.9935, 0.9775, 0.9935, 0.9935, 0.0225, 0.988, 0.017, 1.0, 1.0, 1.0, 1.0, 0.0725, 0.0725, 0.0725, 0.0725, 0.041, 1.0, 1.0, 0.9590000000000001, 0.041, 0.9590000000000001, 1.0, 0.0, 0.7435, 0.9835, 0.7425, 0.986, 0.7435, 0.7435, 0.256, 0.987, 1.0, 0.005, 1.0, 1.0, 1.0, 0.005, 0.005, 1.0, 1.0, 1.0, 1.0, 1.0, 1.0, 1.0, 1.0, 0.0, 1.0, 1.0, 1.0, 1.0, 0.0, 0.0, 0.0, 0.0, 1.0, 1.0, 1.0, 1.0, 0.0, 0.0, 0.0, 0.0, 0.9705, 0.9705, 0.9145, 1.0, 0.8015, 0.8015, 0.9705, 0.7865, 1.0, 1.0, 1.0, 1.0, 0.0, 0.0, 0.0, 0.0, 1.0, 1.0, 1.0, 1.0, 0.0, 0.0, 0.0, 0.0, 1.0, 1.0, 1.0, 1.0, 0.0, 0.0, 0.0, 0.0, 1.0, 1.0, 1.0, 1.0, 1.0, 1.0, 1.0, 1.0]",-418.5875071169283,843.720363894191,-482.430437669722,964.860875339444,1.0,-3.5060935001457825,9.091628541971401,1.0,-8.518280500437347,20.21461483122264,0.6334250289943713,"[1.0, 1.0, 1.0, 1.0, 1.0, 0.0, 1.0, 0.0, 1.0, 1.0, 1.0, 1.0, 1.0, 1.0, 1.0, 0.0, 0.0, 0.0, 0.0, 0.0, 0.0, 0.0, 0.0, 0.0, 1.0, 1.0, 1.0, 0.0, 0.0, 0.0, 1.0, 0.0, 0.0, 0.0, 1.0, 1.0, 0.0, 1.0, 1.0, 1.0, 1.0, 1.0, 1.0, 1.0, 0.0, 0.0, 1.0, 1.0, 1.0, 1.0, 1.0, 1.0, 0.0, 0.0, 0.0, 0.0, 1.0, 1.0, 1.0, 1.0, 0.0, 0.0, 0.0, 0.0, 0.0, 0.0, 0.0, 0.0, 0.0, 1.0, 1.0, 0.0, 1.0, 1.0, 1.0, 1.0, 0.0, 0.0, 0.0, 0.0, 1.0, 1.0, 1.0, 1.0, 0.0, 0.0, 0.0, 0.0, 1.0, 1.0, 1.0, 1.0, 1.0, 1.0, 0.0, 1.0, 1.0, 1.0, 1.0, 1.0, 1.0, 1.0, 1.0, 0.0, 1.0, 1.0, 1.0, 1.0, 1.0, 0.0, 1.0, 0.0, 0.0, 1.0, 0.0, 0.0, 1.0, 1.0, 1.0, 0.0, 1.0, 1.0, 0.0, 1.0, 1.0, 0.0, 0.0, 0.0, 1.0, 1.0, 1.0, 0.0, 1.0, 1.0, 1.0, 1.0, 1.0, 1.0, 1.0, 1.0, 0.0, 0.0, 0.0, 0.0, 1.0, 1.0, 1.0, 0.0, 0.0, 0.0, 1.0, 0.0, 0.0, 0.0, 1.0, 0.0, 0.0, 0.0, 0.0, 0.0, 1.0, 1.0, 1.0, 0.0, 0.0, 0.0, 1.0, 0.0, 0.0, 0.0, 0.0, 1.0, 0.0, 0.0, 0.0, 0.0, 0.0, 0.0, 0.0, 1.0, 0.0, 0.0, 0.0, 0.0, 1.0, 1.0, 1.0, 1.0, 0.0, 0.0, 0.0, 0.0, 1.0, 1.0, 1.0, 0.0, 0.0, 0.0, 1.0, 0.0, 1.0, 1.0, 1.0, 1.0, 0.0, 0.0, 0.0, 0.0, 1.0, 1.0, 1.0, 1.0, 0.0, 0.0, 0.0, 0.0, 1.0, 1.0, 1.0, 1.0, 1.0, 1.0, 1.0, 0.0, 0.0, 0.0, 0.0, 0.0, 1.0, 0.0, 0.0, 0.0, 1.0, 1.0, 1.0, 1.0, 1.0, 1.0, 1.0, 1.0, 1.0, 1.0, 1.0, 1.0, 1.0, 1.0, 1.0, 0.0, 0.0, 0.0, 0.0, 0.0, 0.0, 0.0, 0.0, 0.0, 0.0, 1.0, 0.0, 1.0, 0.0, 1.0, 0.0, 1.0, 0.0, 0.0, 0.0, 1.0, 0.0, 0.0, 0.0, 0.0, 1.0, 1.0, 1.0, 0.0, 0.0, 0.0, 1.0, 0.0, 1.0, 1.0, 1.0, 1.0, 1.0, 0.0, 1.0, 0.0, 0.0, 1.0, 1.0, 1.0, 0.0, 0.0, 0.0, 0.0, 1.0, 1.0, 1.0, 0.0, 1.0, 1.0, 1.0, 1.0, 0.0, 1.0, 1.0, 1.0, 0.0, 0.0, 0.0, 0.0, 1.0, 1.0, 1.0, 1.0, 1.0, 1.0, 1.0, 0.0, 1.0, 1.0, 1.0, 1.0, 0.0, 0.0, 0.0, 0.0, 1.0, 1.0, 1.0, 1.0, 0.0, 0.0, 0.0, 0.0, 0.0, 1.0, 0.0, 0.0, 0.0, 0.0, 0.0, 0.0, 1.0, 1.0, 1.0, 1.0, 1.0, 0.0, 1.0, 1.0, 0.0, 0.0, 0.0, 0.0, 0.0, 1.0, 1.0, 0.0, 1.0, 1.0, 1.0, 1.0, 1.0, 0.0, 1.0, 0.0, 1.0, 1.0, 1.0, 1.0, 1.0, 0.0, 1.0, 1.0, 0.0, 0.0, 0.0, 0.0, 0.0, 1.0, 1.0, 0.0, 1.0, 0.0, 0.0, 1.0, 0.0, 0.0, 0.0, 0.0, 1.0, 1.0, 1.0, 0.0, 0.0, 0.0, 1.0, 0.0, 1.0, 1.0, 1.0, 0.0, 0.0, 0.0, 0.0, 0.0, 1.0, 1.0, 1.0, 1.0, 1.0, 1.0, 1.0, 0.0, 0.0, 0.0, 0.0, 0.0, 0.0, 0.0, 0.0, 0.0, 1.0, 0.0, 1.0, 0.0, 0.0, 0.0, 0.0, 0.0, 1.0, 1.0, 1.0, 1.0, 1.0, 1.0, 1.0, 0.0, 1.0, 1.0, 1.0, 1.0, 1.0, 1.0, 0.0, 1.0, 1.0, 1.0, 1.0, 1.0, 0.0, 0.0, 0.0, 0.0, 1.0, 1.0, 1.0, 1.0, 1.0, 1.0, 1.0, 0.0, 0.0, 1.0, 1.0, 1.0, 0.0, 0.0, 0.0, 0.0, 1.0, 1.0, 1.0, 1.0, 0.0, 0.0, 0.0, 0.0, 1.0, 0.0, 1.0, 0.0, 0.0, 0.0, 0.0, 0.0, 1.0, 1.0, 1.0, 1.0, 1.0, 0.0, 1.0, 0.0, 1.0, 1.0, 1.0, 0.0, 1.0, 1.0, 0.0, 1.0, 1.0, 1.0, 1.0, 1.0, 0.0, 0.0, 0.0, 0.0, 0.0, 0.0, 0.0, 0.0, 0.0, 1.0, 0.0, 0.0, 1.0, 1.0, 1.0, 1.0, 0.0, 0.0, 0.0, 0.0, 0.0, 0.0, 0.0, 0.0, 0.0, 0.0, 0.0, 0.0, 1.0, 0.0, 1.0, 0.0, 0.0, 0.0, 0.0, 0.0, 1.0, 1.0, 0.0, 0.0, 1.0, 1.0, 1.0, 1.0, 1.0, 1.0, 1.0, 1.0, 1.0, 1.0, 1.0, 1.0, 1.0, 1.0, 1.0, 1.0, 1.0, 0.0, 1.0, 1.0, 0.0, 1.0, 0.0, 1.0, 0.0, 1.0, 0.0, 0.0, 1.0, 1.0, 1.0, 1.0, 0.0, 0.0, 1.0, 0.0, 1.0, 1.0, 1.0, 1.0, 0.0, 0.0, 0.0, 0.0, 0.0, 0.0, 0.0, 1.0, 0.0, 0.0, 0.0, 0.0, 1.0, 1.0, 1.0, 1.0, 0.0, 0.0, 0.0, 0.0, 0.0, 1.0, 1.0, 1.0, 0.0, 1.0, 1.0, 0.0, 1.0, 1.0, 1.0, 1.0, 0.0, 0.0, 0.0, 0.0, 1.0, 0.0, 1.0, 1.0, 1.0, 0.0, 0.0, 1.0, 1.0, 1.0, 1.0, 1.0, 1.0, 1.0, 1.0, 0.0, 0.0, 1.0, 1.0, 1.0, 1.0, 1.0, 0.0, 0.0, 1.0, 1.0, 1.0, 1.0, 0.0, 0.0, 0.0, 0.0, 1.0, 1.0, 1.0, 0.0, 0.0, 0.0, 1.0, 0.0, 1.0, 1.0, 1.0, 1.0, 0.0, 0.0, 0.0, 0.0, 0.0, 0.0, 0.0, 0.0, 0.0, 0.0, 0.0, 0.0, 0.0, 1.0, 0.0, 1.0, 0.0, 1.0, 1.0, 0.0, 1.0, 1.0, 1.0, 1.0, 1.0, 0.0, 0.0, 1.0]",-318.3726801373107,643.2907099349558,1.0,-3.5060935001457825,-5.545177444479562,9.091628541971401,11.090354888959125,1.0,-8.518280500437347,-16.635532333438686,20.21461483122264,33.27106466687737,0.6173530694834558,"[1.0, 1.0, 1.0, 1.0, 1.0, 0.0, 1.0, 0.0, 1.0, 1.0, 1.0, 1.0, 1.0, 1.0, 1.0, 0.0, 0.0, 0.0, 0.0, 0.0, 0.0, 0.0, 0.0, 0.0, 1.0, 1.0, 1.0, 0.0, 0.0, 0.0, 1.0, 0.0, 0.0, 0.0, 1.0, 1.0, 0.0, 1.0, 1.0, 1.0, 0.0, 0.0, 0.0, 0.0, 0.0, 0.0, 0.0, 0.0, 1.0, 1.0, 1.0, 1.0, 0.0, 0.0, 0.0, 0.0, 1.0, 1.0, 1.0, 1.0, 0.0, 0.0, 0.0, 0.0, 0.0, 0.0, 0.0, 0.0, 0.0, 1.0, 1.0, 0.0, 0.0, 0.0, 0.0, 1.0, 0.0, 0.0, 0.0, 0.0, 1.0, 1.0, 1.0, 1.0, 0.0, 0.0, 0.0, 0.0, 0.0, 0.0, 0.0, 0.0, 1.0, 1.0, 0.0, 1.0, 1.0, 1.0, 1.0, 1.0, 1.0, 1.0, 1.0, 0.0, 1.0, 1.0, 1.0, 1.0, 1.0, 0.0, 1.0, 0.0, 0.0, 1.0, 0.0, 0.0, 1.0, 1.0, 1.0, 0.0, 1.0, 1.0, 0.0, 1.0, 1.0, 0.0, 0.0, 0.0, 1.0, 1.0, 1.0, 0.0, 1.0, 1.0, 1.0, 1.0, 1.0, 1.0, 1.0, 1.0, 0.0, 0.0, 0.0, 0.0, 1.0, 1.0, 1.0, 0.0, 0.0, 0.0, 1.0, 0.0, 0.0, 0.0, 1.0, 0.0, 0.0, 0.0, 0.0, 0.0, 1.0, 1.0, 1.0, 0.0, 0.0, 0.0, 1.0, 0.0, 0.0, 0.0, 0.0, 1.0, 0.0, 0.0, 0.0, 0.0, 0.0, 0.0, 0.0, 1.0, 0.0, 0.0, 0.0, 0.0, 1.0, 1.0, 1.0, 1.0, 0.0, 0.0, 0.0, 0.0, 1.0, 1.0, 1.0, 0.0, 0.0, 0.0, 1.0, 0.0, 1.0, 1.0, 1.0, 1.0, 0.0, 0.0, 0.0, 0.0, 1.0, 1.0, 1.0, 1.0, 0.0, 0.0, 0.0, 0.0, 1.0, 1.0, 1.0, 1.0, 1.0, 1.0, 1.0, 0.0, 0.0, 0.0, 0.0, 0.0, 1.0, 0.0, 0.0, 0.0, 1.0, 1.0, 1.0, 1.0, 1.0, 1.0, 1.0, 1.0, 1.0, 1.0, 1.0, 1.0, 1.0, 1.0, 1.0, 0.0, 0.0, 0.0, 0.0, 0.0, 0.0, 0.0, 0.0, 0.0, 0.0, 1.0, 0.0, 1.0, 0.0, 1.0, 0.0, 1.0, 0.0, 0.0, 0.0, 1.0, 0.0, 0.0, 0.0, 0.0, 1.0, 1.0, 1.0, 0.0, 0.0, 0.0, 1.0, 0.0, 1.0, 1.0, 1.0, 1.0, 1.0, 0.0, 1.0, 0.0, 0.0, 1.0, 1.0, 1.0, 0.0, 0.0, 0.0, 0.0, 1.0, 1.0, 1.0, 0.0, 1.0, 1.0, 1.0, 1.0, 0.0, 1.0, 1.0, 1.0, 0.0, 0.0, 0.0, 0.0, 1.0, 1.0, 1.0, 1.0, 1.0, 1.0, 1.0, 0.0, 1.0, 1.0, 1.0, 1.0, 0.0, 0.0, 0.0, 0.0, 1.0, 1.0, 1.0, 1.0, 0.0, 0.0, 0.0, 0.0, 0.0, 1.0, 0.0, 0.0, 0.0, 0.0, 0.0, 0.0, 0.0, 0.0, 0.0, 0.0, 0.0, 0.0, 0.0, 0.0, 1.0, 0.0, 1.0, 1.0, 1.0, 0.0, 0.0, 1.0, 1.0, 1.0, 1.0, 1.0, 1.0, 0.0, 1.0, 0.0, 1.0, 1.0, 1.0, 1.0, 1.0, 0.0, 1.0, 1.0, 0.0, 0.0, 0.0, 0.0, 0.0, 1.0, 1.0, 0.0, 1.0, 0.0, 0.0, 1.0, 0.0, 0.0, 0.0, 0.0, 1.0, 1.0, 1.0, 0.0, 0.0, 0.0, 1.0, 0.0, 1.0, 1.0, 1.0, 0.0, 0.0, 0.0, 0.0, 0.0, 1.0, 1.0, 1.0, 1.0, 1.0, 1.0, 1.0, 0.0, 0.0, 0.0, 0.0, 0.0, 0.0, 0.0, 0.0, 0.0, 1.0, 0.0, 1.0, 0.0, 0.0, 0.0, 0.0, 0.0, 1.0, 1.0, 1.0, 1.0, 1.0, 1.0, 1.0, 0.0, 1.0, 1.0, 1.0, 1.0, 1.0, 1.0, 0.0, 1.0, 1.0, 1.0, 1.0, 1.0, 0.0, 0.0, 0.0, 0.0, 1.0, 1.0, 1.0, 1.0, 1.0, 1.0, 1.0, 0.0, 0.0, 1.0, 1.0, 1.0, 0.0, 0.0, 0.0, 0.0, 1.0, 1.0, 1.0, 1.0, 0.0, 0.0, 0.0, 0.0, 1.0, 0.0, 1.0, 0.0, 0.0, 0.0, 0.0, 0.0, 1.0, 1.0, 1.0, 1.0, 1.0, 0.0, 1.0, 0.0, 1.0, 1.0, 1.0, 0.0, 1.0, 1.0, 0.0, 1.0, 1.0, 1.0, 1.0, 1.0, 0.0, 0.0, 0.0, 0.0, 0.0, 0.0, 0.0, 0.0, 0.0, 1.0, 0.0, 0.0, 1.0, 1.0, 1.0, 1.0, 0.0, 0.0, 0.0, 0.0, 0.0, 0.0, 0.0, 0.0, 0.0, 0.0, 0.0, 0.0, 1.0, 0.0, 1.0, 0.0, 0.0, 0.0, 0.0, 0.0, 1.0, 1.0, 0.0, 0.0, 1.0, 1.0, 1.0, 1.0, 1.0, 1.0, 1.0, 1.0, 1.0, 1.0, 1.0, 1.0, 1.0, 1.0, 1.0, 1.0, 1.0, 0.0, 1.0, 1.0, 0.0, 1.0, 0.0, 1.0, 0.0, 1.0, 0.0, 0.0, 1.0, 1.0, 1.0, 1.0, 0.0, 0.0, 1.0, 0.0, 1.0, 1.0, 1.0, 1.0, 0.0, 0.0, 0.0, 0.0, 0.0, 0.0, 0.0, 1.0, 0.0, 0.0, 0.0, 0.0, 1.0, 1.0, 1.0, 1.0, 0.0, 0.0, 0.0, 0.0, 0.0, 1.0, 1.0, 1.0, 0.0, 1.0, 1.0, 0.0, 1.0, 1.0, 1.0, 1.0, 0.0, 0.0, 0.0, 0.0, 1.0, 0.0, 1.0, 1.0, 1.0, 0.0, 0.0, 1.0, 1.0, 1.0, 1.0, 1.0, 1.0, 1.0, 1.0, 0.0, 0.0, 0.0, 1.0, 0.0, 0.0, 1.0, 0.0, 0.0, 1.0, 1.0, 1.0, 1.0, 0.0, 0.0, 0.0, 0.0, 1.0, 1.0, 1.0, 0.0, 0.0, 0.0, 1.0, 0.0, 1.0, 1.0, 1.0, 1.0, 0.0, 0.0, 0.0, 0.0, 0.0, 0.0, 0.0, 0.0, 0.0, 0.0, 0.0, 0.0, 0.0, 1.0, 0.0, 1.0, 0.0, 1.0, 1.0, 0.0, 1.0, 1.0, 1.0, 1.0, 1.0, 0.0, 0.0, 1.0]",-311.9759791000219,630.4973078603782,-482.430437669722,964.860875339444,1.0,-3.5060935001457825,-5.545177444479562,9.091628541971401,11.090354888959125,1.0,-12.51828050043735,-16.635532333438686,28.214614831222644,33.27106466687737,1.0908740239314543,"[0.0, 0.0, 1.0, 0.0, 0.0, 0.0, 0.0, 0.0, 1.0, 1.0, 1.0, 1.0, 0.877, 0.877, 0.877, 0.0, 1.0, 0.259, 1.0, 1.0, 0.8015, 0.0, 0.259, 1.0, 1.0, 1.0, 1.0, 1.0, 1.0, 1.0, 1.0, 0.0, 0.0, 0.0, 1.0, 0.0, 0.0, 0.0, 1.0, 0.0, 0.0, 0.0, 1.0, 0.0, 0.0, 0.0, 1.0, 0.0, 0.0, 0.0, 0.0, 0.0775, 0.0, 0.0, 0.1635, 0.47100000000000003, 1.0, 1.0, 1.0, 1.0, 0.0, 0.0, 0.0, 0.0, 0.0, 0.0, 0.0, 0.0, 0.0, 0.0, 0.0, 0.0, 1.0, 1.0, 1.0, 1.0, 1.0, 1.0, 1.0, 0.0, 1.0, 1.0, 1.0, 1.0, 0.0, 0.0, 0.0, 0.0, 0.0, 0.0, 0.0, 0.0, 0.0, 0.113, 0.113, 0.0, 0.0, 0.0, 0.0, 1.0, 0.0, 0.0, 0.0, 0.0, 1.0, 1.0, 1.0, 1.0, 0.0, 0.0, 0.0, 0.0, 0.9995, 1.0, 1.0, 0.663, 1.0, 1.0, 1.0, 0.353, 1.0, 1.0, 1.0, 1.0, 0.082, 0.082, 0.0, 0.0, 0.973, 1.0, 0.7655000000000001, 0.605, 0.973, 1.0, 1.0, 0.368, 0.0, 0.0, 1.0, 0.0, 1.0, 0.0, 1.0, 0.0, 1.0, 1.0, 1.0, 1.0, 0.0, 0.0, 1.0, 0.0, 1.0, 1.0, 1.0, 1.0, 0.0, 0.9465, 0.0, 0.0, 0.666, 1.0, 0.666, 0.666, 0.0, 0.0, 0.7975, 0.0, 0.0, 0.9430000000000001, 0.0, 1.0, 1.0, 0.0, 0.0, 0.0, 0.0, 1.0, 0.0, 0.0, 0.0, 0.0, 0.0, 0.0, 1.0, 1.0, 1.0, 1.0, 0.0, 0.0, 0.0, 0.0, 1.0, 1.0, 1.0, 1.0, 1.0, 1.0, 1.0, 0.0005, 1.0, 1.0, 1.0, 1.0, 1.0, 1.0, 0.0, 1.0, 1.0, 1.0, 1.0, 1.0, 0.0, 0.0, 0.0, 0.0, 1.0, 1.0, 1.0, 1.0, 1.0, 1.0, 1.0, 0.0, 1.0, 0.0, 1.0, 0.0, 0.0, 0.0, 0.0, 0.0, 0.0, 1.0, 0.0, 1.0, 0.0, 1.0, 0.0, 1.0, 1.0, 1.0, 1.0, 1.0, 1.0, 1.0, 1.0, 0.0, 1.0, 0.0, 1.0, 1.0, 1.0, 0.0, 0.0, 1.0, 1.0, 1.0, 1.0, 1.0, 1.0, 1.0, 1.0, 1.0, 0.0, 0.9580000000000001, 0.0, 0.0, 0.0, 0.0, 0.0045000000000000005, 0.0, 0.0, 0.0, 0.0, 0.0, 0.0, 0.0, 0.0, 1.0, 0.0, 0.0, 0.0005, 0.0, 0.0, 0.0, 0.0, 0.0, 0.0, 1.0, 0.0, 0.0, 0.0, 0.0, 0.0, 0.0, 1.0, 1.0, 1.0, 0.001, 0.001, 0.001, 1.0, 0.0, 0.0, 0.0, 0.6225, 0.0, 0.0, 0.0, 0.0, 0.0, 1.0, 1.0, 1.0, 1.0, 0.0, 0.0, 0.0, 0.0, 0.0, 0.0, 0.0, 0.0, 0.0, 0.0, 0.0, 0.0, 1.0, 1.0, 1.0, 1.0, 1.0, 1.0, 1.0, 0.0, 0.0, 0.0, 0.0, 1.0, 0.0, 0.0, 1.0, 0.0, 1.0, 1.0, 1.0, 1.0, 0.0, 0.0, 0.0, 0.0, 0.0, 1.0, 0.0, 0.0, 1.0, 0.0, 0.0, 1.0, 1.0, 1.0, 1.0, 1.0, 0.0, 0.0, 0.0, 0.0, 1.0, 1.0, 1.0, 1.0, 1.0, 0.0, 1.0, 1.0, 0.0, 0.0005, 0.0, 0.0, 0.0, 0.38, 0.0, 0.0, 1.0, 1.0, 1.0, 1.0, 0.0, 0.0, 0.0, 0.0, 1.0, 1.0, 1.0, 0.999, 1.0, 1.0, 1.0, 0.0195, 1.0, 1.0, 1.0, 1.0, 0.0, 0.0, 0.0, 0.0, 0.0, 0.6285000000000001, 0.0, 0.328, 0.0, 0.0, 0.6285000000000001, 0.0, 0.0, 0.0, 0.0, 0.0, 0.0, 0.0, 0.0, 1.0, 1.0, 1.0, 1.0, 1.0, 0.0, 0.0, 0.0, 0.0, 1.0, 1.0, 1.0, 1.0, 1.0, 1.0, 1.0, 0.0, 1.0, 1.0, 1.0, 1.0, 1.0, 1.0, 0.0375, 1.0, 1.0, 1.0, 1.0, 1.0, 0.0, 0.0, 0.0, 0.0, 1.0, 1.0, 1.0, 1.0, 1.0, 1.0, 1.0, 0.0, 1.0, 1.0, 1.0, 1.0, 1.0, 1.0, 0.0, 1.0, 1.0, 1.0, 1.0, 1.0, 0.0, 0.0, 0.0, 0.0, 1.0, 1.0, 1.0, 1.0, 1.0, 1.0, 1.0, 1.0, 0.0, 0.0, 0.4395, 0.0, 0.0, 0.0, 0.001, 1.0, 0.0, 0.0, 0.0, 0.0, 0.0, 0.0, 0.0, 0.0, 1.0, 1.0, 1.0, 0.0, 1.0, 0.0, 0.0, 1.0, 0.0, 0.0, 1.0, 1.0, 1.0, 0.0, 0.0, 0.0, 0.0, 0.0, 0.0, 0.0, 0.0, 0.0, 0.0, 0.0, 1.0, 1.0, 1.0, 1.0, 0.0, 0.0, 0.0, 0.0, 0.0, 0.0, 0.0, 0.0, 0.0, 1.0, 0.0, 0.0, 1.0, 1.0, 1.0, 1.0, 0.0, 0.4945, 0.0, 0.0, 1.0, 1.0, 1.0, 1.0, 0.0, 0.0, 1.0, 1.0, 1.0, 1.0, 1.0, 1.0, 0.0, 0.0, 0.0, 0.0, 1.0, 1.0, 1.0, 1.0, 1.0, 0.704, 0.296, 0.0, 1.0, 1.0, 1.0, 1.0, 0.0, 0.0, 1.0, 1.0, 1.0, 1.0, 1.0, 1.0, 0.0, 0.0, 0.0, 0.0, 0.006, 1.0, 0.006, 0.708, 0.298, 1.0, 0.298, 1.0, 1.0, 1.0, 1.0, 1.0, 0.0, 0.0, 0.0, 0.0, 1.0, 0.0, 1.0, 1.0, 1.0, 0.0, 0.0, 1.0, 0.0, 1.0, 1.0, 1.0, 0.0, 0.0, 0.0, 0.0, 1.0, 0.224, 1.0, 1.0, 0.776, 0.0, 0.224, 1.0, 1.0, 1.0, 1.0, 1.0, 0.0, 0.0, 0.0, 0.0, 1.0, 1.0, 0.0, 1.0, 1.0, 1.0, 0.0, 1.0, 1.0, 1.0, 1.0, 1.0, 0.0, 0.0, 0.0, 0.0, 1.0, 1.0, 1.0, 1.0, 1.0, 1.0, 1.0, 0.0, 1.0, 1.0, 1.0, 1.0, 0.0, 0.0, 0.0, 0.0, 0.0, 0.0, 0.0, 0.0, 0.0, 0.0, 0.0, 0.0, 1.0, 0.4865, 1.0, 1.0, 1.0, 0.0075, 0.4865, 1.0, 0.0225, 0.0, 0.0, 0.9775, 0.0, 0.0, 0.0, 0.0]",-419.18595103414617,844.9172517286268,-482.430437669722,964.860875339444,1.0,-3.5060935001457825,-5.545177444479562,9.091628541971401,11.090354888959125,1.0,-8.518280500437347,-16.635532333438686,20.21461483122264,33.27106466687737,0.5787520451143159,"[1.0, 1.0, 1.0, 1.0, 1.0, 0.0, 1.0, 0.0, 1.0, 1.0, 1.0, 1.0, 1.0, 1.0, 1.0, 0.0, 0.0, 0.0, 0.0, 0.0, 0.0, 0.0, 0.0, 0.0, 1.0, 1.0, 1.0, 1.0, 0.0, 0.0, 1.0, 0.0, 0.0, 0.0, 0.0, 0.0, 0.0, 1.0, 0.0, 0.0, 0.0, 0.0, 0.0, 0.0, 0.0, 0.0, 0.0, 0.0, 1.0, 1.0, 1.0, 1.0, 0.0, 0.0, 0.0, 0.0, 1.0, 1.0, 1.0, 1.0, 0.0, 0.0, 0.0, 0.0, 0.0, 0.0, 0.0, 0.0, 0.0, 1.0, 1.0, 0.0, 1.0, 1.0, 1.0, 1.0, 0.0, 0.0, 0.0, 0.0, 1.0, 1.0, 1.0, 1.0, 0.0, 0.0, 0.0, 0.0, 0.0, 0.0, 0.0, 0.0, 0.0, 0.0, 0.0, 0.0, 1.0, 1.0, 1.0, 1.0, 1.0, 1.0, 1.0, 0.0, 1.0, 1.0, 1.0, 1.0, 1.0, 0.0, 1.0, 0.0, 0.0, 1.0, 0.0, 0.0, 1.0, 1.0, 1.0, 0.0, 1.0, 1.0, 0.0, 1.0, 1.0, 0.0, 0.0, 0.0, 1.0, 1.0, 1.0, 0.0, 1.0, 1.0, 1.0, 1.0, 1.0, 1.0, 1.0, 1.0, 0.0, 0.0, 0.0, 0.0, 1.0, 1.0, 1.0, 0.0, 0.0, 0.0, 1.0, 0.0, 0.0, 0.0, 1.0, 0.0, 0.0, 0.0, 0.0, 0.0, 1.0, 1.0, 1.0, 0.0, 0.0, 0.0, 1.0, 0.0, 0.0, 0.0, 0.0, 1.0, 0.0, 0.0, 0.0, 0.0, 0.0, 0.0, 0.0, 1.0, 0.0, 0.0, 0.0, 0.0, 1.0, 1.0, 1.0, 1.0, 0.0, 0.0, 0.0, 0.0, 1.0, 1.0, 1.0, 0.0, 0.0, 0.0, 1.0, 0.0, 1.0, 1.0, 1.0, 1.0, 0.0, 0.0, 0.0, 0.0, 1.0, 1.0, 1.0, 1.0, 0.0, 0.0, 0.0, 0.0, 1.0, 1.0, 1.0, 1.0, 1.0, 1.0, 1.0, 0.0, 0.0, 0.0, 0.0, 0.0, 1.0, 0.0, 0.0, 0.0, 1.0, 1.0, 1.0, 1.0, 1.0, 1.0, 1.0, 1.0, 1.0, 1.0, 1.0, 1.0, 1.0, 1.0, 1.0, 0.0, 0.0, 0.0, 0.0, 0.0, 0.0, 0.0, 0.0, 0.0, 0.0, 1.0, 0.0, 1.0, 0.0, 1.0, 0.0, 1.0, 0.0, 0.0, 0.0, 1.0, 0.0, 0.0, 0.0, 0.0, 1.0, 1.0, 1.0, 0.0, 0.0, 0.0, 1.0, 0.0, 0.0, 0.0, 1.0, 0.0, 0.0, 0.0, 0.0, 0.0, 0.0, 1.0, 1.0, 1.0, 0.0, 0.0, 0.0, 0.0, 1.0, 1.0, 1.0, 0.0, 1.0, 1.0, 1.0, 1.0, 0.0, 0.0, 1.0, 0.0, 0.0, 0.0, 0.0, 0.0, 1.0, 1.0, 1.0, 1.0, 1.0, 1.0, 1.0, 0.0, 1.0, 1.0, 1.0, 1.0, 0.0, 0.0, 0.0, 0.0, 1.0, 1.0, 1.0, 1.0, 0.0, 0.0, 0.0, 0.0, 0.0, 1.0, 0.0, 0.0, 0.0, 0.0, 0.0, 0.0, 0.0, 0.0, 0.0, 0.0, 0.0, 0.0, 0.0, 0.0, 0.0, 0.0, 0.0, 0.0, 0.0, 0.0, 0.0, 0.0, 1.0, 1.0, 0.0, 1.0, 1.0, 0.0, 1.0, 0.0, 1.0, 1.0, 1.0, 1.0, 1.0, 0.0, 1.0, 1.0, 0.0, 0.0, 0.0, 0.0, 0.0, 1.0, 1.0, 0.0, 1.0, 0.0, 0.0, 1.0, 0.0, 0.0, 0.0, 0.0, 1.0, 1.0, 1.0, 0.0, 0.0, 0.0, 1.0, 0.0, 1.0, 1.0, 1.0, 0.0, 0.0, 0.0, 0.0, 0.0, 1.0, 1.0, 1.0, 1.0, 1.0, 1.0, 1.0, 0.0, 0.0, 0.0, 0.0, 0.0, 0.0, 0.0, 0.0, 0.0, 1.0, 0.0, 1.0, 0.0, 0.0, 0.0, 0.0, 0.0, 1.0, 1.0, 1.0, 1.0, 1.0, 1.0, 1.0, 0.0, 1.0, 1.0, 1.0, 1.0, 1.0, 1.0, 0.0, 1.0, 1.0, 1.0, 1.0, 1.0, 0.0, 0.0, 0.0, 0.0, 1.0, 1.0, 1.0, 1.0, 1.0, 1.0, 1.0, 0.0, 0.0, 1.0, 1.0, 1.0, 0.0, 0.0, 0.0, 0.0, 1.0, 1.0, 1.0, 1.0, 0.0, 0.0, 0.0, 0.0, 1.0, 0.0, 1.0, 0.0, 0.0, 0.0, 0.0, 0.0, 1.0, 1.0, 1.0, 1.0, 1.0, 0.0, 1.0, 0.0, 1.0, 1.0, 1.0, 0.0, 1.0, 1.0, 0.0, 1.0, 1.0, 1.0, 1.0, 1.0, 0.0, 0.0, 0.0, 0.0, 0.0, 0.0, 0.0, 0.0, 0.0, 0.0, 0.0, 0.0, 1.0, 1.0, 1.0, 1.0, 0.0, 0.0, 0.0, 0.0, 0.0, 0.0, 0.0, 0.0, 0.0, 0.0, 0.0, 0.0, 0.0, 0.0, 0.0, 0.0, 0.0, 0.0, 0.0, 0.0, 1.0, 1.0, 0.0, 0.0, 1.0, 1.0, 1.0, 1.0, 1.0, 1.0, 1.0, 1.0, 1.0, 1.0, 1.0, 1.0, 1.0, 1.0, 1.0, 1.0, 1.0, 0.0, 1.0, 1.0, 0.0, 1.0, 0.0, 1.0, 0.0, 1.0, 0.0, 0.0, 1.0, 1.0, 1.0, 1.0, 0.0, 0.0, 1.0, 0.0, 1.0, 1.0, 1.0, 1.0, 0.0, 0.0, 0.0, 0.0, 0.0, 0.0, 0.0, 1.0, 0.0, 0.0, 0.0, 0.0, 1.0, 1.0, 1.0, 1.0, 0.0, 0.0, 0.0, 0.0, 0.0, 1.0, 1.0, 1.0, 0.0, 1.0, 1.0, 0.0, 1.0, 1.0, 1.0, 1.0, 0.0, 0.0, 0.0, 0.0, 1.0, 0.0, 1.0, 1.0, 1.0, 0.0, 0.0, 1.0, 1.0, 1.0, 1.0, 1.0, 1.0, 1.0, 1.0, 0.0, 0.0, 1.0, 1.0, 1.0, 1.0, 1.0, 0.0, 0.0, 1.0, 1.0, 1.0, 1.0, 0.0, 0.0, 0.0, 0.0, 1.0, 1.0, 1.0, 0.0, 0.0, 0.0, 1.0, 0.0, 1.0, 1.0, 1.0, 1.0, 0.0, 0.0, 0.0, 0.0, 0.0, 0.0, 0.0, 0.0, 0.0, 0.0, 0.0, 0.0, 0.0, 0.0, 1.0, 1.0, 0.0, 0.0, 0.0, 0.0, 1.0, 1.0, 1.0, 1.0, 1.0, 0.0, 0.0, 1.0]",-295.2442605392121,597.0338707387587,-482.430437669722,964.860875339444,1.0,-12.51828050043735,28.214614831222644,1.2846122460949685,-433.45128860920846,873.4479268787513,True,True,True,True,True,0.7083333333333334,0.625,0.8333333333333334,0.625,0.8333333333333334,0.625,0.75,0.625,0.8333333333333334,0.625,0.75,0.625,"Z.exists(lambda x1: Z.equal(x1,'blue','colour'),X)","Z.exists(lambda x1: Z.equal(x1,'blue','colour'),X)","Z.exists(lambda x1: Z.equal(x1,'blue','colour'),X)","Z.exists(lambda x1: Z.equal(x1,'blue','colour'),X)",0.625,0.625,0.625,0.625,0.625,0.7083333333333334,0.6982758620689655,0.6867816091954023,0.6954022988505747,0.6925287356321839,5.241379310344827,0,0,0,0,0,0
58,72,138,hbaVUxZLvt,qElJ9nXF05GDxnX6AAAT,Kappa,at least one is blue AND small,"[False, True, True, True, False, False, False, False]","[False, True, True, True, False, False, False, False]",0.875,0.875,When there are two purple triangles radiation is emitted.,[['x1']],"Z.exactly(lambda x1: Z.equal(x1,'blue','colour'),2,X)",When there are two purple triangles radiation is emitted.,"[{'ids': [0, 1, 2, 3, 4], 'colours': ['blue', 'blue', 'green', 'green', 'green'], 'sizes': [1, 2, 1, 2, 3], 'xpos': [0.3094433528812804, 3.922363302427679, 5.337497520816633, 3.1134078380413537, 5.411614333804962], 'ypos': [4.111666666666668, 4.111666666666668, 4.111666666666668, 4.111666666666668, 4.111666653102389], 'rotations': [3.141592653589794, 3.1415926535897927, 3.141592653589793, 3.1415926535897927, 3.1415926801864194], 'orientations': ['upright', 'upright', 'upright', 'upright', 'upright'], 'contact': [[0], [1, 3], [2], [3, 1], [4]], 'grounded': ['yes', 'yes', 'yes', 'yes', 'yes'], 'follow_rule': True}, {'ids': [0, 1], 'colours': ['green', 'green'], 'sizes': [3, 2], 'xpos': [2.0520216452153455, 4.077083059876206], 'ypos': [4.110143064900132, 4.108358185237417], 'rotations': [3.1446398618386593, 3.139478670880444], 'orientations': ['upright', 'upright'], 'contact': [[0], [1]], 'grounded': ['yes', 'yes'], 'follow_rule': False}, {'ids': [0, 1], 'colours': ['blue', 'blue'], 'sizes': [1, 2], 'xpos': [0.31850917916532073, 3.23118341396788], 'ypos': [4.10776046197042, 4.107933162771197], 'rotations': [3.1368781735348445, 3.1432118574805172], 'orientations': ['upright', 'upright'], 'contact': [[0], [1]], 'grounded': ['yes', 'yes'], 'follow_rule': True}, {'ids': [0, 1], 'colours': ['green', 'green'], 'sizes': [2, 2], 'xpos': [0.5413681569560879, 4.641344154172732], 'ypos': [4.108110557027852, 4.107745785736666], 'rotations': [3.1438566277588773, 3.143493561674], 'orientations': ['upright', 'upright'], 'contact': [[0], [1]], 'grounded': ['yes', 'yes'], 'follow_rule': False}, {'ids': [0, 1], 'colours': ['green', 'green'], 'sizes': [1, 1], 'xpos': [3.277736929768705, 4.682111570311107], 'ypos': [4.1109230370644765, 4.108147388719716], 'rotations': [3.139201346692905, 3.1441040287054522], 'orientations': ['upright', 'upright'], 'contact': [[0], [1]], 'grounded': ['yes', 'yes'], 'follow_rule': False}, {'ids': [0, 1], 'colours': ['blue', 'green'], 'sizes': [2, 2], 'xpos': [5.361247740277033, 0.696329201475804], 'ypos': [3.7301835815018975, 4.107797092830009], 'rotations': [1.2329576148990915, 3.1450093259613157], 'orientations': ['lhs', 'upright'], 'contact': [[0], [1]], 'grounded': ['yes', 'yes'], 'follow_rule': False}, {'ids': [0, 1], 'colours': ['blue', 'blue'], 'sizes': [1, 2], 'xpos': [1.261485782022077, 4.873286539913744], 'ypos': [3.826542413702495, 4.108536299271887], 'rotations': [1.2096382745342786, 3.1391866148160785], 'orientations': ['lhs', 'upright'], 'contact': [[0], [1]], 'grounded': ['yes', 'yes'], 'follow_rule': True}, {'ids': [0, 1, 2], 'colours': ['blue', 'blue', 'red'], 'sizes': [1, 2, 3], 'xpos': [4.587001926789675, 6.361279185326925, 6.137844200459227], 'ypos': [3.830147815994119, 3.729728314262153, 3.61173419104153], 'rotations': [5.065209922106784, 5.051108529766363, 1.5871725477800336], 'orientations': ['rhs', 'rhs', 'lhs'], 'contact': [[0, 2], [1], [2, 0]], 'grounded': ['yes', 'yes', 'yes'], 'follow_rule': True}, {'ids': [0, 1, 2, 3, 4, 5, 6, 7], 'colours': ['red', 'blue', 'blue', 'red', 'red', 'green', 'red', 'blue'], 'sizes': [3, 1, 2, 2, 3, 2, 1, 2], 'xpos': [3.73068127782473, 5.21143043275308, 0.628029634657912, 5.41985831114537, 3.73221495043733, 2.6881904061602, 2.69592462610732, 4.6441478837753], 'ypos': [4.15955293434237, 3.88040887163376, 3.77952636825576, 4.00866939013447, 3.84618730815599, 4.16046505787232, 3.36197381341272, 4.15735107629793], 'rotations': [3.14513282779734, 5.0677355060028, 5.0513292843393, 2.88192941289468, 3.14453575957132, 3.13858862708556, 2.60114260528712, 3.14253353812844], 'contact': [[0, 4], [1, 3], 2, [3, 1, 7], [4, 0], [5, 6], [6, 5], [7, 3]], 'grounded': ['yes', 'yes', 'yes', 'no', 'no', 'yes', 'no', 'yes']}, {'ids': [0, 1, 2, 3, 4], 'colours': ['green', 'red', 'red', 'blue', 'blue'], 'sizes': [3, 3, 3, 1, 1], 'xpos': [0.494087661193018, 3.9483348516538, 5.27168256714865, 5.34332261433319, 0.73624872055367], 'ypos': [4.03747541930378, 4.15789345817489, 3.68793264237984, 3.6957884966519, 3.12182877557111], 'rotations': [3.39186622255945, 3.13985318391394, 5.03796059957422, 0.88254982855712, 3.37051889969503], 'contact': [[0, 4], 1, [2, 3], [3, 2], [4, 0]], 'grounded': ['yes', 'yes', 'yes', 'yes', 'no']}, {'ids': [0, 1, 2, 3], 'colours': ['red', 'blue', 'blue', 'green'], 'sizes': [1, 1, 2, 2], 'xpos': [3.18059163568182, 0.310290458717288, 3.1806567054277, 2.31556998810598], 'ypos': [4.16168723431181, 4.15876638336768, 4.1487939044355, 4.15777861520172], 'rotations': [3.14159140357956, 3.14265904643877, 3.14147445775215, 3.14506697679819], 'contact': [[0, 2], 1, [2, 0], 3], 'grounded': ['yes', 'yes', 'no', 'yes']}, {'ids': [0, 1, 2], 'colours': ['red', 'blue', 'blue'], 'sizes': [2, 1, 1], 'xpos': [4.18368803941992, 0.414042657065262, 2.15035350734386], 'ypos': [3.77956682056473, 4.15748311487421, 3.8762597297667], 'rotations': [1.23393916549627, 3.14433838895914, 1.21175410086331], 'contact': [{'V1': 0, 'V2': 1, 'V3': 2}], 'grounded': ['yes', 'yes', 'yes']}, {'ids': [0, 1, 2, 3], 'colours': ['red', 'blue', 'green', 'green'], 'sizes': [1, 2, 3, 2], 'xpos': [3.51554594721066, 0.952630095552302, 1.15938786102465, 4.3365248890533], 'ypos': [4.15861023322789, 3.78844050360235, 3.68324865018165, 3.81210635173936], 'rotations': [3.13374769948046, 1.95279692618981, 5.03789515425762, 2.09958352806452], 'contact': [[0, 3], 1, 2, [3, 0]], 'grounded': ['yes', 'yes', 'yes', 'yes']}, {'ids': [0, 1, 2, 3, 4, 5, 6], 'colours': ['red', 'green', 'green', 'red', 'red', 'green', 'blue'], 'sizes': [2, 2, 1, 2, 3, 1, 2], 'xpos': [6.87642919084431, 0.500811040908878, 6.83118798955539, 0.500811040908877, 2.84733119936067, 4.8509860534385, 6.36697442237732], 'ypos': [4.16175085069598, 4.16166666666667, 3.43496091839389, 3.86081693802354, 3.68420776646255, 3.88048305615273, 3.30313545616522], 'rotations': [3.14149734712368, 3.14159265358979, 3.21473720201577, 3.1415926535898, 5.03748075887867, 5.06844557980735, 3.76206868572812], 'contact': [[0, 6, 2], [1, 3], [2, 0, 6], [3, 1], 4, 5, [6, 0, 2]], 'grounded': ['yes', 'yes', 'no', 'no', 'yes', 'yes', 'no']}, {'ids': [0, 1, 2, 3], 'colours': ['green', 'red', 'green', 'green'], 'sizes': [3, 2, 3, 1], 'xpos': [0.68898442305447, 3.35991414777035, 6.19696481477246, 0.285852488312505], 'ypos': [4.14082379374931, 3.77953993499473, 3.68347394204074, 3.22090721981064], 'rotations': [3.17946147794873, 5.05131141313782, 1.24390261182064, 2.78305328423849], 'contact': [[0, 3], 1, 2, [3, 0]], 'grounded': ['yes', 'yes', 'yes', 'no']}, {'ids': [0, 1, 2, 3, 4, 5], 'colours': ['blue', 'green', 'red', 'green', 'red', 'red'], 'sizes': [2, 1, 3, 3, 2, 2], 'xpos': [1.90901458039544, 3.20404317572615, 5.35557787085149, 2.21502873493383, 4.45133508655654, 0.411178438002497], 'ypos': [4.15997299836821, 3.9724254650111, 3.68341260130509, 3.66870790290145, 3.29547827552602, 4.15884184210246], 'rotations': [3.14582683698787, 3.82418159605204, 1.24456815445981, 4.50974799681394, 6.86637263771617, 3.14292060739547], 'contact': [[0, 3], [1, 3], [2, 4], [3, 0, 1], [4, 2], 5], 'grounded': ['yes', 'yes', 'yes', 'yes', 'yes', 'yes']}]","[True, True, True, True, True, True, False, True]","[False, True, True, True, False, False, True, False]","[False, False, False, False, False, False, False, False]","[True, False, False, False, True, True, False, True]","[True, True, True, True, True, True, False, True]","[False, True, True, True, False, False, True, False]","[False, False, False, False, False, False, False, False]","[True, False, False, False, True, True, False, True]",0.25,0.25,0.0,0.0,0.5,0.5,0.5,0.5,0.375,0.375,0.0,0.0,0.5,0.5,270.21829521043855,-5.547560493304886,-5.545177444479562,13.174562528289607,11.090354888959125,1.0,-11.965720049653877,-16.635532333438686,27.1094939296557,33.27106466687737,1.0502311195665048,"[1.0, 1.0, 1.0, 1.0, 1.0, 0.0, 1.0, 0.0, 1.0, 1.0, 1.0, 1.0, 1.0, 1.0, 1.0, 0.0135, 0.9530000000000001, 0.092, 0.5895, 0.5895, 1.0, 0.0, 0.0, 0.861, 1.0, 1.0, 1.0, 0.2925, 0.999, 0.999, 1.0, 0.7155, 0.0, 0.0, 1.0, 0.0, 0.0, 0.0, 1.0, 0.0, 0.0, 0.0, 1.0, 0.0, 0.0, 0.0, 1.0, 0.0, 1.0, 1.0, 1.0, 1.0, 0.0, 0.0, 0.0, 0.0, 1.0, 1.0, 1.0, 1.0, 0.935, 0.935, 0.935, 0.935, 1.0, 1.0, 1.0, 1.0, 0.0, 1.0, 0.0, 0.0, 0.0, 1.0, 1.0, 1.0, 1.0, 1.0, 1.0, 1.0, 1.0, 1.0, 1.0, 1.0, 0.0935, 0.0935, 0.0935, 0.0935, 1.0, 1.0, 1.0, 1.0, 1.0, 1.0, 1.0, 1.0, 1.0, 1.0, 1.0, 1.0, 1.0, 1.0, 1.0, 0.013000000000000001, 1.0, 1.0, 0.998, 1.0, 1.0, 0.002, 0.998, 0.002, 1.0, 1.0, 1.0, 1.0, 1.0, 1.0, 1.0, 0.0, 0.973, 1.0, 0.9530000000000001, 1.0, 0.8925000000000001, 0.9195, 0.17400000000000002, 0.201, 1.0, 1.0, 1.0, 1.0, 0.0, 0.0, 0.0, 0.0, 1.0, 1.0, 1.0, 0.24, 1.0, 1.0, 0.968, 1.0, 0.653, 0.653, 0.653, 1.0, 0.2535, 0.2535, 0.7035, 0.10300000000000001, 1.0, 1.0, 1.0, 1.0, 0.0, 1.0, 0.0, 0.0, 1.0, 1.0, 1.0, 0.012, 0.988, 0.988, 1.0, 1.0, 1.0, 0.0, 1.0, 1.0, 1.0, 0.0, 0.0, 1.0, 0.0, 0.0, 0.0, 1.0, 1.0, 0.0, 0.0, 0.0, 1.0, 1.0, 1.0, 1.0, 0.0, 0.0, 0.0, 0.0, 1.0, 1.0, 1.0, 1.0, 0.0, 0.0, 0.0, 0.0, 1.0, 1.0, 1.0, 1.0, 1.0, 1.0, 0.841, 1.0, 1.0, 1.0, 1.0, 1.0, 0.0, 0.0, 0.0, 0.0, 1.0, 1.0, 1.0, 1.0, 1.0, 1.0, 1.0, 0.0, 0.197, 0.0, 0.85, 0.653, 0.803, 0.0, 0.0, 0.0, 0.8525, 0.847, 0.9935, 0.847, 0.28300000000000003, 0.4305, 0.426, 0.426, 1.0, 1.0, 1.0, 1.0, 1.0, 1.0, 1.0, 0.0, 0.798, 1.0, 0.7995, 0.7995, 0.0275, 0.029, 0.2265, 0.1975, 1.0, 1.0, 1.0, 1.0, 0.0, 0.0, 0.0, 0.0, 0.862, 0.854, 0.8595, 0.8955000000000001, 0.045, 0.0005, 0.8695, 0.8505, 1.0, 1.0, 1.0, 0.022, 1.0, 1.0, 1.0, 0.978, 0.28400000000000003, 0.0145, 0.1885, 0.0275, 0.2755, 0.0, 0.0015, 0.013000000000000001, 0.0, 0.0, 0.0, 1.0, 1.0, 0.0, 0.0, 0.0, 1.0, 1.0, 1.0, 1.0, 0.0, 0.0, 0.0, 0.0, 1.0, 1.0, 1.0, 1.0, 1.0, 0.0, 1.0, 0.0, 1.0, 1.0, 1.0, 1.0, 1.0, 1.0, 1.0, 0.0, 1.0, 1.0, 1.0, 0.728, 0.8265, 0.5545, 0.5545, 0.8265, 1.0, 1.0, 1.0, 1.0, 1.0, 1.0, 1.0, 1.0, 1.0, 1.0, 1.0, 0.8715, 0.9365, 0.8695, 0.8695, 0.9365, 0.229, 0.229, 0.229, 0.229, 0.801, 0.03, 0.03, 0.801, 0.0, 0.0, 0.0, 1.0, 1.0, 0.0, 0.0, 0.0, 0.108, 0.114, 0.2315, 0.108, 0.114, 0.07050000000000001, 0.0495, 0.006, 1.0, 1.0, 1.0, 1.0, 0.0, 0.0, 0.0, 0.0, 0.8955000000000001, 0.895, 0.0115, 0.0, 0.883, 0.0, 0.0, 0.0, 1.0, 1.0, 1.0, 1.0, 0.0, 0.0, 0.0, 0.0, 0.902, 0.902, 0.902, 0.678, 0.88, 0.88, 0.902, 0.807, 1.0, 1.0, 1.0, 1.0, 0.0, 0.0, 0.0, 0.0, 1.0, 1.0, 1.0, 1.0, 1.0, 1.0, 1.0, 0.0, 1.0, 1.0, 1.0, 1.0, 0.0, 0.0, 0.0, 0.0, 1.0, 1.0, 1.0, 1.0, 0.008, 0.008, 0.008, 0.008, 1.0, 1.0, 1.0, 1.0, 1.0, 1.0, 1.0, 0.0, 1.0, 1.0, 1.0, 1.0, 1.0, 1.0, 0.6980000000000001, 1.0, 1.0, 1.0, 1.0, 1.0, 0.0, 0.0, 0.0, 0.0, 1.0, 1.0, 1.0, 1.0, 1.0, 1.0, 1.0, 0.0, 0.9530000000000001, 0.9530000000000001, 0.9530000000000001, 1.0, 1.0, 1.0, 0.641, 0.9530000000000001, 1.0, 1.0, 1.0, 1.0, 0.0, 0.0, 0.0, 0.0, 1.0, 1.0, 1.0, 1.0, 1.0, 1.0, 1.0, 1.0, 1.0, 1.0, 1.0, 1.0, 0.0, 0.0, 0.0, 0.0, 1.0, 1.0, 1.0, 1.0, 1.0, 1.0, 1.0, 1.0, 1.0, 1.0, 1.0, 1.0, 0.021500000000000002, 0.021500000000000002, 0.021500000000000002, 0.021500000000000002, 0.021500000000000002, 0.003, 0.02, 0.0095, 0.0095, 0.964, 0.9555, 0.0095, 1.0, 1.0, 1.0, 1.0, 1.0, 1.0, 1.0, 1.0, 1.0, 1.0, 1.0, 1.0, 0.0, 0.0, 0.0, 0.0, 1.0, 1.0, 1.0, 1.0, 0.0, 0.0, 1.0, 1.0, 1.0, 0.873, 0.198, 0.198, 1.0, 1.0, 0.6905, 1.0, 1.0, 1.0, 1.0, 1.0, 1.0, 1.0, 1.0, 0.0, 1.0, 0.999, 0.999, 1.0, 0.0025, 0.0025, 0.0025, 0.0025, 1.0, 1.0, 1.0, 1.0, 1.0, 0.686, 0.314, 0.0, 1.0, 1.0, 1.0, 1.0, 0.524, 0.524, 1.0, 0.47600000000000003, 1.0, 1.0, 1.0, 1.0, 0.008, 0.008, 0.008, 0.008, 0.9935, 0.9935, 0.9775, 0.9935, 0.9935, 0.0225, 0.988, 0.017, 1.0, 1.0, 1.0, 1.0, 0.0725, 0.0725, 0.0725, 0.0725, 0.041, 1.0, 1.0, 0.9590000000000001, 0.041, 0.9590000000000001, 1.0, 0.0, 0.7435, 0.9835, 0.7425, 0.986, 0.7435, 0.7435, 0.256, 0.987, 1.0, 0.005, 1.0, 1.0, 1.0, 0.005, 0.005, 1.0, 1.0, 1.0, 1.0, 1.0, 1.0, 1.0, 1.0, 0.0, 1.0, 1.0, 1.0, 1.0, 0.0, 0.0, 0.0, 0.0, 1.0, 1.0, 1.0, 1.0, 0.0, 0.0, 0.0, 0.0, 0.9705, 0.9705, 0.9145, 1.0, 0.8015, 0.8015, 0.9705, 0.7865, 1.0, 1.0, 1.0, 1.0, 0.0, 0.0, 0.0, 0.0, 1.0, 1.0, 1.0, 1.0, 0.0, 0.0, 0.0, 0.0, 1.0, 1.0, 1.0, 1.0, 0.0, 0.0, 0.0, 0.0, 1.0, 1.0, 1.0, 1.0, 1.0, 1.0, 1.0, 1.0]",-418.5875071169283,843.720363894191,-482.430437669722,964.860875339444,0.01,0.0,2.0794415416798357,1.0,-8.518280500437347,20.21461483122264,0.6334250289943713,"[1.0, 1.0, 1.0, 1.0, 1.0, 0.0, 1.0, 0.0, 1.0, 1.0, 1.0, 1.0, 1.0, 1.0, 1.0, 0.0, 0.0, 0.0, 0.0, 0.0, 0.0, 0.0, 0.0, 0.0, 1.0, 1.0, 1.0, 0.0, 0.0, 0.0, 1.0, 0.0, 0.0, 0.0, 1.0, 1.0, 0.0, 1.0, 1.0, 1.0, 1.0, 1.0, 1.0, 1.0, 0.0, 0.0, 1.0, 1.0, 1.0, 1.0, 1.0, 1.0, 0.0, 0.0, 0.0, 0.0, 1.0, 1.0, 1.0, 1.0, 0.0, 0.0, 0.0, 0.0, 0.0, 0.0, 0.0, 0.0, 0.0, 1.0, 1.0, 0.0, 1.0, 1.0, 1.0, 1.0, 0.0, 0.0, 0.0, 0.0, 1.0, 1.0, 1.0, 1.0, 0.0, 0.0, 0.0, 0.0, 1.0, 1.0, 1.0, 1.0, 1.0, 1.0, 0.0, 1.0, 1.0, 1.0, 1.0, 1.0, 1.0, 1.0, 1.0, 0.0, 1.0, 1.0, 1.0, 1.0, 1.0, 0.0, 1.0, 0.0, 0.0, 1.0, 0.0, 0.0, 1.0, 1.0, 1.0, 0.0, 1.0, 1.0, 0.0, 1.0, 1.0, 0.0, 0.0, 0.0, 1.0, 1.0, 1.0, 0.0, 1.0, 1.0, 1.0, 1.0, 1.0, 1.0, 1.0, 1.0, 0.0, 0.0, 0.0, 0.0, 1.0, 1.0, 1.0, 0.0, 0.0, 0.0, 1.0, 0.0, 0.0, 0.0, 1.0, 0.0, 0.0, 0.0, 0.0, 0.0, 1.0, 1.0, 1.0, 0.0, 0.0, 0.0, 1.0, 0.0, 0.0, 0.0, 0.0, 1.0, 0.0, 0.0, 0.0, 0.0, 0.0, 0.0, 0.0, 1.0, 0.0, 0.0, 0.0, 0.0, 1.0, 1.0, 1.0, 1.0, 0.0, 0.0, 0.0, 0.0, 1.0, 1.0, 1.0, 0.0, 0.0, 0.0, 1.0, 0.0, 1.0, 1.0, 1.0, 1.0, 0.0, 0.0, 0.0, 0.0, 1.0, 1.0, 1.0, 1.0, 0.0, 0.0, 0.0, 0.0, 1.0, 1.0, 1.0, 1.0, 1.0, 1.0, 1.0, 0.0, 0.0, 0.0, 0.0, 0.0, 1.0, 0.0, 0.0, 0.0, 1.0, 1.0, 1.0, 1.0, 1.0, 1.0, 1.0, 1.0, 1.0, 1.0, 1.0, 1.0, 1.0, 1.0, 1.0, 0.0, 0.0, 0.0, 0.0, 0.0, 0.0, 0.0, 0.0, 0.0, 0.0, 1.0, 0.0, 1.0, 0.0, 1.0, 0.0, 1.0, 0.0, 0.0, 0.0, 1.0, 0.0, 0.0, 0.0, 0.0, 1.0, 1.0, 1.0, 0.0, 0.0, 0.0, 1.0, 0.0, 1.0, 1.0, 1.0, 1.0, 1.0, 0.0, 1.0, 0.0, 0.0, 1.0, 1.0, 1.0, 0.0, 0.0, 0.0, 0.0, 1.0, 1.0, 1.0, 0.0, 1.0, 1.0, 1.0, 1.0, 0.0, 1.0, 1.0, 1.0, 0.0, 0.0, 0.0, 0.0, 1.0, 1.0, 1.0, 1.0, 1.0, 1.0, 1.0, 0.0, 1.0, 1.0, 1.0, 1.0, 0.0, 0.0, 0.0, 0.0, 1.0, 1.0, 1.0, 1.0, 0.0, 0.0, 0.0, 0.0, 0.0, 1.0, 0.0, 0.0, 0.0, 0.0, 0.0, 0.0, 1.0, 1.0, 1.0, 1.0, 1.0, 0.0, 1.0, 1.0, 0.0, 0.0, 0.0, 0.0, 0.0, 1.0, 1.0, 0.0, 1.0, 1.0, 1.0, 1.0, 1.0, 0.0, 1.0, 0.0, 1.0, 1.0, 1.0, 1.0, 1.0, 0.0, 1.0, 1.0, 0.0, 0.0, 0.0, 0.0, 0.0, 1.0, 1.0, 0.0, 1.0, 0.0, 0.0, 1.0, 0.0, 0.0, 0.0, 0.0, 1.0, 1.0, 1.0, 0.0, 0.0, 0.0, 1.0, 0.0, 1.0, 1.0, 1.0, 0.0, 0.0, 0.0, 0.0, 0.0, 1.0, 1.0, 1.0, 1.0, 1.0, 1.0, 1.0, 0.0, 0.0, 0.0, 0.0, 0.0, 0.0, 0.0, 0.0, 0.0, 1.0, 0.0, 1.0, 0.0, 0.0, 0.0, 0.0, 0.0, 1.0, 1.0, 1.0, 1.0, 1.0, 1.0, 1.0, 0.0, 1.0, 1.0, 1.0, 1.0, 1.0, 1.0, 0.0, 1.0, 1.0, 1.0, 1.0, 1.0, 0.0, 0.0, 0.0, 0.0, 1.0, 1.0, 1.0, 1.0, 1.0, 1.0, 1.0, 0.0, 0.0, 1.0, 1.0, 1.0, 0.0, 0.0, 0.0, 0.0, 1.0, 1.0, 1.0, 1.0, 0.0, 0.0, 0.0, 0.0, 1.0, 0.0, 1.0, 0.0, 0.0, 0.0, 0.0, 0.0, 1.0, 1.0, 1.0, 1.0, 1.0, 0.0, 1.0, 0.0, 1.0, 1.0, 1.0, 0.0, 1.0, 1.0, 0.0, 1.0, 1.0, 1.0, 1.0, 1.0, 0.0, 0.0, 0.0, 0.0, 0.0, 0.0, 0.0, 0.0, 0.0, 1.0, 0.0, 0.0, 1.0, 1.0, 1.0, 1.0, 0.0, 0.0, 0.0, 0.0, 0.0, 0.0, 0.0, 0.0, 0.0, 0.0, 0.0, 0.0, 1.0, 0.0, 1.0, 0.0, 0.0, 0.0, 0.0, 0.0, 1.0, 1.0, 0.0, 0.0, 1.0, 1.0, 1.0, 1.0, 1.0, 1.0, 1.0, 1.0, 1.0, 1.0, 1.0, 1.0, 1.0, 1.0, 1.0, 1.0, 1.0, 0.0, 1.0, 1.0, 0.0, 1.0, 0.0, 1.0, 0.0, 1.0, 0.0, 0.0, 1.0, 1.0, 1.0, 1.0, 0.0, 0.0, 1.0, 0.0, 1.0, 1.0, 1.0, 1.0, 0.0, 0.0, 0.0, 0.0, 0.0, 0.0, 0.0, 1.0, 0.0, 0.0, 0.0, 0.0, 1.0, 1.0, 1.0, 1.0, 0.0, 0.0, 0.0, 0.0, 0.0, 1.0, 1.0, 1.0, 0.0, 1.0, 1.0, 0.0, 1.0, 1.0, 1.0, 1.0, 0.0, 0.0, 0.0, 0.0, 1.0, 0.0, 1.0, 1.0, 1.0, 0.0, 0.0, 1.0, 1.0, 1.0, 1.0, 1.0, 1.0, 1.0, 1.0, 0.0, 0.0, 1.0, 1.0, 1.0, 1.0, 1.0, 0.0, 0.0, 1.0, 1.0, 1.0, 1.0, 0.0, 0.0, 0.0, 0.0, 1.0, 1.0, 1.0, 0.0, 0.0, 0.0, 1.0, 0.0, 1.0, 1.0, 1.0, 1.0, 0.0, 0.0, 0.0, 0.0, 0.0, 0.0, 0.0, 0.0, 0.0, 0.0, 0.0, 0.0, 0.0, 1.0, 0.0, 1.0, 0.0, 1.0, 1.0, 0.0, 1.0, 1.0, 1.0, 1.0, 1.0, 0.0, 0.0, 1.0]",-318.3726801373107,643.2907099349558,0.01,0.0,-5.545177444479562,2.0794415416798357,11.090354888959125,1.0,-8.518280500437347,-16.635532333438686,20.21461483122264,33.27106466687737,0.6173530694834558,"[1.0, 1.0, 1.0, 1.0, 1.0, 0.0, 1.0, 0.0, 1.0, 1.0, 1.0, 1.0, 1.0, 1.0, 1.0, 0.0, 0.0, 0.0, 0.0, 0.0, 0.0, 0.0, 0.0, 0.0, 1.0, 1.0, 1.0, 0.0, 0.0, 0.0, 1.0, 0.0, 0.0, 0.0, 1.0, 1.0, 0.0, 1.0, 1.0, 1.0, 0.0, 0.0, 0.0, 0.0, 0.0, 0.0, 0.0, 0.0, 1.0, 1.0, 1.0, 1.0, 0.0, 0.0, 0.0, 0.0, 1.0, 1.0, 1.0, 1.0, 0.0, 0.0, 0.0, 0.0, 0.0, 0.0, 0.0, 0.0, 0.0, 1.0, 1.0, 0.0, 0.0, 0.0, 0.0, 1.0, 0.0, 0.0, 0.0, 0.0, 1.0, 1.0, 1.0, 1.0, 0.0, 0.0, 0.0, 0.0, 0.0, 0.0, 0.0, 0.0, 1.0, 1.0, 0.0, 1.0, 1.0, 1.0, 1.0, 1.0, 1.0, 1.0, 1.0, 0.0, 1.0, 1.0, 1.0, 1.0, 1.0, 0.0, 1.0, 0.0, 0.0, 1.0, 0.0, 0.0, 1.0, 1.0, 1.0, 0.0, 1.0, 1.0, 0.0, 1.0, 1.0, 0.0, 0.0, 0.0, 1.0, 1.0, 1.0, 0.0, 1.0, 1.0, 1.0, 1.0, 1.0, 1.0, 1.0, 1.0, 0.0, 0.0, 0.0, 0.0, 1.0, 1.0, 1.0, 0.0, 0.0, 0.0, 1.0, 0.0, 0.0, 0.0, 1.0, 0.0, 0.0, 0.0, 0.0, 0.0, 1.0, 1.0, 1.0, 0.0, 0.0, 0.0, 1.0, 0.0, 0.0, 0.0, 0.0, 1.0, 0.0, 0.0, 0.0, 0.0, 0.0, 0.0, 0.0, 1.0, 0.0, 0.0, 0.0, 0.0, 1.0, 1.0, 1.0, 1.0, 0.0, 0.0, 0.0, 0.0, 1.0, 1.0, 1.0, 0.0, 0.0, 0.0, 1.0, 0.0, 1.0, 1.0, 1.0, 1.0, 0.0, 0.0, 0.0, 0.0, 1.0, 1.0, 1.0, 1.0, 0.0, 0.0, 0.0, 0.0, 1.0, 1.0, 1.0, 1.0, 1.0, 1.0, 1.0, 0.0, 0.0, 0.0, 0.0, 0.0, 1.0, 0.0, 0.0, 0.0, 1.0, 1.0, 1.0, 1.0, 1.0, 1.0, 1.0, 1.0, 1.0, 1.0, 1.0, 1.0, 1.0, 1.0, 1.0, 0.0, 0.0, 0.0, 0.0, 0.0, 0.0, 0.0, 0.0, 0.0, 0.0, 1.0, 0.0, 1.0, 0.0, 1.0, 0.0, 1.0, 0.0, 0.0, 0.0, 1.0, 0.0, 0.0, 0.0, 0.0, 1.0, 1.0, 1.0, 0.0, 0.0, 0.0, 1.0, 0.0, 1.0, 1.0, 1.0, 1.0, 1.0, 0.0, 1.0, 0.0, 0.0, 1.0, 1.0, 1.0, 0.0, 0.0, 0.0, 0.0, 1.0, 1.0, 1.0, 0.0, 1.0, 1.0, 1.0, 1.0, 0.0, 1.0, 1.0, 1.0, 0.0, 0.0, 0.0, 0.0, 1.0, 1.0, 1.0, 1.0, 1.0, 1.0, 1.0, 0.0, 1.0, 1.0, 1.0, 1.0, 0.0, 0.0, 0.0, 0.0, 1.0, 1.0, 1.0, 1.0, 0.0, 0.0, 0.0, 0.0, 0.0, 1.0, 0.0, 0.0, 0.0, 0.0, 0.0, 0.0, 0.0, 0.0, 0.0, 0.0, 0.0, 0.0, 0.0, 0.0, 1.0, 0.0, 1.0, 1.0, 1.0, 0.0, 0.0, 1.0, 1.0, 1.0, 1.0, 1.0, 1.0, 0.0, 1.0, 0.0, 1.0, 1.0, 1.0, 1.0, 1.0, 0.0, 1.0, 1.0, 0.0, 0.0, 0.0, 0.0, 0.0, 1.0, 1.0, 0.0, 1.0, 0.0, 0.0, 1.0, 0.0, 0.0, 0.0, 0.0, 1.0, 1.0, 1.0, 0.0, 0.0, 0.0, 1.0, 0.0, 1.0, 1.0, 1.0, 0.0, 0.0, 0.0, 0.0, 0.0, 1.0, 1.0, 1.0, 1.0, 1.0, 1.0, 1.0, 0.0, 0.0, 0.0, 0.0, 0.0, 0.0, 0.0, 0.0, 0.0, 1.0, 0.0, 1.0, 0.0, 0.0, 0.0, 0.0, 0.0, 1.0, 1.0, 1.0, 1.0, 1.0, 1.0, 1.0, 0.0, 1.0, 1.0, 1.0, 1.0, 1.0, 1.0, 0.0, 1.0, 1.0, 1.0, 1.0, 1.0, 0.0, 0.0, 0.0, 0.0, 1.0, 1.0, 1.0, 1.0, 1.0, 1.0, 1.0, 0.0, 0.0, 1.0, 1.0, 1.0, 0.0, 0.0, 0.0, 0.0, 1.0, 1.0, 1.0, 1.0, 0.0, 0.0, 0.0, 0.0, 1.0, 0.0, 1.0, 0.0, 0.0, 0.0, 0.0, 0.0, 1.0, 1.0, 1.0, 1.0, 1.0, 0.0, 1.0, 0.0, 1.0, 1.0, 1.0, 0.0, 1.0, 1.0, 0.0, 1.0, 1.0, 1.0, 1.0, 1.0, 0.0, 0.0, 0.0, 0.0, 0.0, 0.0, 0.0, 0.0, 0.0, 1.0, 0.0, 0.0, 1.0, 1.0, 1.0, 1.0, 0.0, 0.0, 0.0, 0.0, 0.0, 0.0, 0.0, 0.0, 0.0, 0.0, 0.0, 0.0, 1.0, 0.0, 1.0, 0.0, 0.0, 0.0, 0.0, 0.0, 1.0, 1.0, 0.0, 0.0, 1.0, 1.0, 1.0, 1.0, 1.0, 1.0, 1.0, 1.0, 1.0, 1.0, 1.0, 1.0, 1.0, 1.0, 1.0, 1.0, 1.0, 0.0, 1.0, 1.0, 0.0, 1.0, 0.0, 1.0, 0.0, 1.0, 0.0, 0.0, 1.0, 1.0, 1.0, 1.0, 0.0, 0.0, 1.0, 0.0, 1.0, 1.0, 1.0, 1.0, 0.0, 0.0, 0.0, 0.0, 0.0, 0.0, 0.0, 1.0, 0.0, 0.0, 0.0, 0.0, 1.0, 1.0, 1.0, 1.0, 0.0, 0.0, 0.0, 0.0, 0.0, 1.0, 1.0, 1.0, 0.0, 1.0, 1.0, 0.0, 1.0, 1.0, 1.0, 1.0, 0.0, 0.0, 0.0, 0.0, 1.0, 0.0, 1.0, 1.0, 1.0, 0.0, 0.0, 1.0, 1.0, 1.0, 1.0, 1.0, 1.0, 1.0, 1.0, 0.0, 0.0, 0.0, 1.0, 0.0, 0.0, 1.0, 0.0, 0.0, 1.0, 1.0, 1.0, 1.0, 0.0, 0.0, 0.0, 0.0, 1.0, 1.0, 1.0, 0.0, 0.0, 0.0, 1.0, 0.0, 1.0, 1.0, 1.0, 1.0, 0.0, 0.0, 0.0, 0.0, 0.0, 0.0, 0.0, 0.0, 0.0, 0.0, 0.0, 0.0, 0.0, 1.0, 0.0, 1.0, 0.0, 1.0, 1.0, 0.0, 1.0, 1.0, 1.0, 1.0, 1.0, 0.0, 0.0, 1.0]",-311.9759791000219,630.4973078603782,-482.430437669722,964.860875339444,67.13426087512556,-5.545399319066233,-5.545177444479562,13.170240179812302,11.090354888959125,1.0,-12.51828050043735,-16.635532333438686,28.214614831222644,33.27106466687737,1.0908740239314543,"[0.0, 0.0, 1.0, 0.0, 0.0, 0.0, 0.0, 0.0, 1.0, 1.0, 1.0, 1.0, 0.877, 0.877, 0.877, 0.0, 1.0, 0.259, 1.0, 1.0, 0.8015, 0.0, 0.259, 1.0, 1.0, 1.0, 1.0, 1.0, 1.0, 1.0, 1.0, 0.0, 0.0, 0.0, 1.0, 0.0, 0.0, 0.0, 1.0, 0.0, 0.0, 0.0, 1.0, 0.0, 0.0, 0.0, 1.0, 0.0, 0.0, 0.0, 0.0, 0.0775, 0.0, 0.0, 0.1635, 0.47100000000000003, 1.0, 1.0, 1.0, 1.0, 0.0, 0.0, 0.0, 0.0, 0.0, 0.0, 0.0, 0.0, 0.0, 0.0, 0.0, 0.0, 1.0, 1.0, 1.0, 1.0, 1.0, 1.0, 1.0, 0.0, 1.0, 1.0, 1.0, 1.0, 0.0, 0.0, 0.0, 0.0, 0.0, 0.0, 0.0, 0.0, 0.0, 0.113, 0.113, 0.0, 0.0, 0.0, 0.0, 1.0, 0.0, 0.0, 0.0, 0.0, 1.0, 1.0, 1.0, 1.0, 0.0, 0.0, 0.0, 0.0, 0.9995, 1.0, 1.0, 0.663, 1.0, 1.0, 1.0, 0.353, 1.0, 1.0, 1.0, 1.0, 0.082, 0.082, 0.0, 0.0, 0.973, 1.0, 0.7655000000000001, 0.605, 0.973, 1.0, 1.0, 0.368, 0.0, 0.0, 1.0, 0.0, 1.0, 0.0, 1.0, 0.0, 1.0, 1.0, 1.0, 1.0, 0.0, 0.0, 1.0, 0.0, 1.0, 1.0, 1.0, 1.0, 0.0, 0.9465, 0.0, 0.0, 0.666, 1.0, 0.666, 0.666, 0.0, 0.0, 0.7975, 0.0, 0.0, 0.9430000000000001, 0.0, 1.0, 1.0, 0.0, 0.0, 0.0, 0.0, 1.0, 0.0, 0.0, 0.0, 0.0, 0.0, 0.0, 1.0, 1.0, 1.0, 1.0, 0.0, 0.0, 0.0, 0.0, 1.0, 1.0, 1.0, 1.0, 1.0, 1.0, 1.0, 0.0005, 1.0, 1.0, 1.0, 1.0, 1.0, 1.0, 0.0, 1.0, 1.0, 1.0, 1.0, 1.0, 0.0, 0.0, 0.0, 0.0, 1.0, 1.0, 1.0, 1.0, 1.0, 1.0, 1.0, 0.0, 1.0, 0.0, 1.0, 0.0, 0.0, 0.0, 0.0, 0.0, 0.0, 1.0, 0.0, 1.0, 0.0, 1.0, 0.0, 1.0, 1.0, 1.0, 1.0, 1.0, 1.0, 1.0, 1.0, 0.0, 1.0, 0.0, 1.0, 1.0, 1.0, 0.0, 0.0, 1.0, 1.0, 1.0, 1.0, 1.0, 1.0, 1.0, 1.0, 1.0, 0.0, 0.9580000000000001, 0.0, 0.0, 0.0, 0.0, 0.0045000000000000005, 0.0, 0.0, 0.0, 0.0, 0.0, 0.0, 0.0, 0.0, 1.0, 0.0, 0.0, 0.0005, 0.0, 0.0, 0.0, 0.0, 0.0, 0.0, 1.0, 0.0, 0.0, 0.0, 0.0, 0.0, 0.0, 1.0, 1.0, 1.0, 0.001, 0.001, 0.001, 1.0, 0.0, 0.0, 0.0, 0.6225, 0.0, 0.0, 0.0, 0.0, 0.0, 1.0, 1.0, 1.0, 1.0, 0.0, 0.0, 0.0, 0.0, 0.0, 0.0, 0.0, 0.0, 0.0, 0.0, 0.0, 0.0, 1.0, 1.0, 1.0, 1.0, 1.0, 1.0, 1.0, 0.0, 0.0, 0.0, 0.0, 1.0, 0.0, 0.0, 1.0, 0.0, 1.0, 1.0, 1.0, 1.0, 0.0, 0.0, 0.0, 0.0, 0.0, 1.0, 0.0, 0.0, 1.0, 0.0, 0.0, 1.0, 1.0, 1.0, 1.0, 1.0, 0.0, 0.0, 0.0, 0.0, 1.0, 1.0, 1.0, 1.0, 1.0, 0.0, 1.0, 1.0, 0.0, 0.0005, 0.0, 0.0, 0.0, 0.38, 0.0, 0.0, 1.0, 1.0, 1.0, 1.0, 0.0, 0.0, 0.0, 0.0, 1.0, 1.0, 1.0, 0.999, 1.0, 1.0, 1.0, 0.0195, 1.0, 1.0, 1.0, 1.0, 0.0, 0.0, 0.0, 0.0, 0.0, 0.6285000000000001, 0.0, 0.328, 0.0, 0.0, 0.6285000000000001, 0.0, 0.0, 0.0, 0.0, 0.0, 0.0, 0.0, 0.0, 1.0, 1.0, 1.0, 1.0, 1.0, 0.0, 0.0, 0.0, 0.0, 1.0, 1.0, 1.0, 1.0, 1.0, 1.0, 1.0, 0.0, 1.0, 1.0, 1.0, 1.0, 1.0, 1.0, 0.0375, 1.0, 1.0, 1.0, 1.0, 1.0, 0.0, 0.0, 0.0, 0.0, 1.0, 1.0, 1.0, 1.0, 1.0, 1.0, 1.0, 0.0, 1.0, 1.0, 1.0, 1.0, 1.0, 1.0, 0.0, 1.0, 1.0, 1.0, 1.0, 1.0, 0.0, 0.0, 0.0, 0.0, 1.0, 1.0, 1.0, 1.0, 1.0, 1.0, 1.0, 1.0, 0.0, 0.0, 0.4395, 0.0, 0.0, 0.0, 0.001, 1.0, 0.0, 0.0, 0.0, 0.0, 0.0, 0.0, 0.0, 0.0, 1.0, 1.0, 1.0, 0.0, 1.0, 0.0, 0.0, 1.0, 0.0, 0.0, 1.0, 1.0, 1.0, 0.0, 0.0, 0.0, 0.0, 0.0, 0.0, 0.0, 0.0, 0.0, 0.0, 0.0, 1.0, 1.0, 1.0, 1.0, 0.0, 0.0, 0.0, 0.0, 0.0, 0.0, 0.0, 0.0, 0.0, 1.0, 0.0, 0.0, 1.0, 1.0, 1.0, 1.0, 0.0, 0.4945, 0.0, 0.0, 1.0, 1.0, 1.0, 1.0, 0.0, 0.0, 1.0, 1.0, 1.0, 1.0, 1.0, 1.0, 0.0, 0.0, 0.0, 0.0, 1.0, 1.0, 1.0, 1.0, 1.0, 0.704, 0.296, 0.0, 1.0, 1.0, 1.0, 1.0, 0.0, 0.0, 1.0, 1.0, 1.0, 1.0, 1.0, 1.0, 0.0, 0.0, 0.0, 0.0, 0.006, 1.0, 0.006, 0.708, 0.298, 1.0, 0.298, 1.0, 1.0, 1.0, 1.0, 1.0, 0.0, 0.0, 0.0, 0.0, 1.0, 0.0, 1.0, 1.0, 1.0, 0.0, 0.0, 1.0, 0.0, 1.0, 1.0, 1.0, 0.0, 0.0, 0.0, 0.0, 1.0, 0.224, 1.0, 1.0, 0.776, 0.0, 0.224, 1.0, 1.0, 1.0, 1.0, 1.0, 0.0, 0.0, 0.0, 0.0, 1.0, 1.0, 0.0, 1.0, 1.0, 1.0, 0.0, 1.0, 1.0, 1.0, 1.0, 1.0, 0.0, 0.0, 0.0, 0.0, 1.0, 1.0, 1.0, 1.0, 1.0, 1.0, 1.0, 0.0, 1.0, 1.0, 1.0, 1.0, 0.0, 0.0, 0.0, 0.0, 0.0, 0.0, 0.0, 0.0, 0.0, 0.0, 0.0, 0.0, 1.0, 0.4865, 1.0, 1.0, 1.0, 0.0075, 0.4865, 1.0, 0.0225, 0.0, 0.0, 0.9775, 0.0, 0.0, 0.0, 0.0]",-419.18595103414617,844.9172517286268,-482.430437669722,964.860875339444,0.01,0.0,-5.545177444479562,2.0794415416798357,11.090354888959125,1.0,-8.518280500437347,-16.635532333438686,20.21461483122264,33.27106466687737,0.5787520451143159,"[1.0, 1.0, 1.0, 1.0, 1.0, 0.0, 1.0, 0.0, 1.0, 1.0, 1.0, 1.0, 1.0, 1.0, 1.0, 0.0, 0.0, 0.0, 0.0, 0.0, 0.0, 0.0, 0.0, 0.0, 1.0, 1.0, 1.0, 1.0, 0.0, 0.0, 1.0, 0.0, 0.0, 0.0, 0.0, 0.0, 0.0, 1.0, 0.0, 0.0, 0.0, 0.0, 0.0, 0.0, 0.0, 0.0, 0.0, 0.0, 1.0, 1.0, 1.0, 1.0, 0.0, 0.0, 0.0, 0.0, 1.0, 1.0, 1.0, 1.0, 0.0, 0.0, 0.0, 0.0, 0.0, 0.0, 0.0, 0.0, 0.0, 1.0, 1.0, 0.0, 1.0, 1.0, 1.0, 1.0, 0.0, 0.0, 0.0, 0.0, 1.0, 1.0, 1.0, 1.0, 0.0, 0.0, 0.0, 0.0, 0.0, 0.0, 0.0, 0.0, 0.0, 0.0, 0.0, 0.0, 1.0, 1.0, 1.0, 1.0, 1.0, 1.0, 1.0, 0.0, 1.0, 1.0, 1.0, 1.0, 1.0, 0.0, 1.0, 0.0, 0.0, 1.0, 0.0, 0.0, 1.0, 1.0, 1.0, 0.0, 1.0, 1.0, 0.0, 1.0, 1.0, 0.0, 0.0, 0.0, 1.0, 1.0, 1.0, 0.0, 1.0, 1.0, 1.0, 1.0, 1.0, 1.0, 1.0, 1.0, 0.0, 0.0, 0.0, 0.0, 1.0, 1.0, 1.0, 0.0, 0.0, 0.0, 1.0, 0.0, 0.0, 0.0, 1.0, 0.0, 0.0, 0.0, 0.0, 0.0, 1.0, 1.0, 1.0, 0.0, 0.0, 0.0, 1.0, 0.0, 0.0, 0.0, 0.0, 1.0, 0.0, 0.0, 0.0, 0.0, 0.0, 0.0, 0.0, 1.0, 0.0, 0.0, 0.0, 0.0, 1.0, 1.0, 1.0, 1.0, 0.0, 0.0, 0.0, 0.0, 1.0, 1.0, 1.0, 0.0, 0.0, 0.0, 1.0, 0.0, 1.0, 1.0, 1.0, 1.0, 0.0, 0.0, 0.0, 0.0, 1.0, 1.0, 1.0, 1.0, 0.0, 0.0, 0.0, 0.0, 1.0, 1.0, 1.0, 1.0, 1.0, 1.0, 1.0, 0.0, 0.0, 0.0, 0.0, 0.0, 1.0, 0.0, 0.0, 0.0, 1.0, 1.0, 1.0, 1.0, 1.0, 1.0, 1.0, 1.0, 1.0, 1.0, 1.0, 1.0, 1.0, 1.0, 1.0, 0.0, 0.0, 0.0, 0.0, 0.0, 0.0, 0.0, 0.0, 0.0, 0.0, 1.0, 0.0, 1.0, 0.0, 1.0, 0.0, 1.0, 0.0, 0.0, 0.0, 1.0, 0.0, 0.0, 0.0, 0.0, 1.0, 1.0, 1.0, 0.0, 0.0, 0.0, 1.0, 0.0, 0.0, 0.0, 1.0, 0.0, 0.0, 0.0, 0.0, 0.0, 0.0, 1.0, 1.0, 1.0, 0.0, 0.0, 0.0, 0.0, 1.0, 1.0, 1.0, 0.0, 1.0, 1.0, 1.0, 1.0, 0.0, 0.0, 1.0, 0.0, 0.0, 0.0, 0.0, 0.0, 1.0, 1.0, 1.0, 1.0, 1.0, 1.0, 1.0, 0.0, 1.0, 1.0, 1.0, 1.0, 0.0, 0.0, 0.0, 0.0, 1.0, 1.0, 1.0, 1.0, 0.0, 0.0, 0.0, 0.0, 0.0, 1.0, 0.0, 0.0, 0.0, 0.0, 0.0, 0.0, 0.0, 0.0, 0.0, 0.0, 0.0, 0.0, 0.0, 0.0, 0.0, 0.0, 0.0, 0.0, 0.0, 0.0, 0.0, 0.0, 1.0, 1.0, 0.0, 1.0, 1.0, 0.0, 1.0, 0.0, 1.0, 1.0, 1.0, 1.0, 1.0, 0.0, 1.0, 1.0, 0.0, 0.0, 0.0, 0.0, 0.0, 1.0, 1.0, 0.0, 1.0, 0.0, 0.0, 1.0, 0.0, 0.0, 0.0, 0.0, 1.0, 1.0, 1.0, 0.0, 0.0, 0.0, 1.0, 0.0, 1.0, 1.0, 1.0, 0.0, 0.0, 0.0, 0.0, 0.0, 1.0, 1.0, 1.0, 1.0, 1.0, 1.0, 1.0, 0.0, 0.0, 0.0, 0.0, 0.0, 0.0, 0.0, 0.0, 0.0, 1.0, 0.0, 1.0, 0.0, 0.0, 0.0, 0.0, 0.0, 1.0, 1.0, 1.0, 1.0, 1.0, 1.0, 1.0, 0.0, 1.0, 1.0, 1.0, 1.0, 1.0, 1.0, 0.0, 1.0, 1.0, 1.0, 1.0, 1.0, 0.0, 0.0, 0.0, 0.0, 1.0, 1.0, 1.0, 1.0, 1.0, 1.0, 1.0, 0.0, 0.0, 1.0, 1.0, 1.0, 0.0, 0.0, 0.0, 0.0, 1.0, 1.0, 1.0, 1.0, 0.0, 0.0, 0.0, 0.0, 1.0, 0.0, 1.0, 0.0, 0.0, 0.0, 0.0, 0.0, 1.0, 1.0, 1.0, 1.0, 1.0, 0.0, 1.0, 0.0, 1.0, 1.0, 1.0, 0.0, 1.0, 1.0, 0.0, 1.0, 1.0, 1.0, 1.0, 1.0, 0.0, 0.0, 0.0, 0.0, 0.0, 0.0, 0.0, 0.0, 0.0, 0.0, 0.0, 0.0, 1.0, 1.0, 1.0, 1.0, 0.0, 0.0, 0.0, 0.0, 0.0, 0.0, 0.0, 0.0, 0.0, 0.0, 0.0, 0.0, 0.0, 0.0, 0.0, 0.0, 0.0, 0.0, 0.0, 0.0, 1.0, 1.0, 0.0, 0.0, 1.0, 1.0, 1.0, 1.0, 1.0, 1.0, 1.0, 1.0, 1.0, 1.0, 1.0, 1.0, 1.0, 1.0, 1.0, 1.0, 1.0, 0.0, 1.0, 1.0, 0.0, 1.0, 0.0, 1.0, 0.0, 1.0, 0.0, 0.0, 1.0, 1.0, 1.0, 1.0, 0.0, 0.0, 1.0, 0.0, 1.0, 1.0, 1.0, 1.0, 0.0, 0.0, 0.0, 0.0, 0.0, 0.0, 0.0, 1.0, 0.0, 0.0, 0.0, 0.0, 1.0, 1.0, 1.0, 1.0, 0.0, 0.0, 0.0, 0.0, 0.0, 1.0, 1.0, 1.0, 0.0, 1.0, 1.0, 0.0, 1.0, 1.0, 1.0, 1.0, 0.0, 0.0, 0.0, 0.0, 1.0, 0.0, 1.0, 1.0, 1.0, 0.0, 0.0, 1.0, 1.0, 1.0, 1.0, 1.0, 1.0, 1.0, 1.0, 0.0, 0.0, 1.0, 1.0, 1.0, 1.0, 1.0, 0.0, 0.0, 1.0, 1.0, 1.0, 1.0, 0.0, 0.0, 0.0, 0.0, 1.0, 1.0, 1.0, 0.0, 0.0, 0.0, 1.0, 0.0, 1.0, 1.0, 1.0, 1.0, 0.0, 0.0, 0.0, 0.0, 0.0, 0.0, 0.0, 0.0, 0.0, 0.0, 0.0, 0.0, 0.0, 0.0, 1.0, 1.0, 0.0, 0.0, 0.0, 0.0, 1.0, 1.0, 1.0, 1.0, 1.0, 0.0, 0.0, 1.0]",-295.2442605392121,597.0338707387587,-482.430437669722,964.860875339444,1.0,-12.51828050043735,28.214614831222644,1.2846122460949685,-433.45128860920846,873.4479268787513,True,True,True,True,True,0.7083333333333334,0.5,0.8333333333333334,0.875,0.8333333333333334,0.875,0.75,0.625,0.8333333333333334,0.875,0.75,0.625,"Z.exists(lambda x1: Z.less(x1,2,'size'),X)","Z.exactly(lambda x1: Z.equal(x1,'blue','colour'),2,X)","Z.exists(lambda x1: Z.equal(x1,'blue','colour'),X)","Z.exactly(lambda x1: Z.equal(x1,'blue','colour'),2,X)",0.5,0.75,0.875,0.625,0.875,0.7083333333333334,0.6982758620689655,0.6867816091954023,0.6954022988505747,0.6925287356321839,5.241379310344827,0,0,0,0,0,0
59,73,139,hbaVUxZLvt,qElJ9nXF05GDxnX6AAAT,Zeta,there is a red,"[True, True, True, True, False, False, False, False]","[True, True, True, True, False, False, False, False]",1.0,1.0,There must be one red triangle to emit radiation.,[['x1']],"Z.exists(lambda x1: Z.equal(x1,'red','colour'),X)",There must be one red triangle to emit radiation,"[{'ids': [0, 1, 2], 'colours': ['red', 'green', 'red'], 'sizes': [2, 2, 1], 'xpos': [1.2083084526531995, 1.2082682578155266, 3.655562637683796], 'ypos': [4.1117261621630155, 3.81202789945648, 3.8307506204647495], 'rotations': [3.141582971033422, 3.141516111912158, 1.2121899805231828], 'orientations': ['upright', 'upright', 'lhs'], 'contact': [[0, 1], [1, 0], [2]], 'grounded': ['yes', 'no', 'yes'], 'follow_rule': True}, {'ids': [0, 1], 'colours': ['red', 'red'], 'sizes': [2, 1], 'xpos': [2.5669166509026096, 4.516932154497732], 'ypos': [4.1078764975183795, 3.826582854878092], 'rotations': [3.1439992652702453, 1.2106184605132018], 'orientations': ['upright', 'lhs'], 'contact': [[0], [1]], 'grounded': ['yes', 'yes'], 'follow_rule': True}, {'ids': [0, 1], 'colours': ['red', 'red'], 'sizes': [3, 2], 'xpos': [1.7709270036850848, 2.987232887522648], 'ypos': [4.109604630504991, 3.737811554310269], 'rotations': [3.140259511756749, 1.9519228658337648], 'orientations': ['upright', 'strange'], 'contact': [[0, 1], [1, 0]], 'grounded': ['yes', 'yes'], 'follow_rule': True}, {'ids': [0, 1], 'colours': ['red', 'green'], 'sizes': [3, 2], 'xpos': [3.600397858440704, 6.477964171611575], 'ypos': [4.108050399371438, 3.729410778836618], 'rotations': [3.1435791964578166, 5.050443168146131], 'orientations': ['upright', 'rhs'], 'contact': [[0], [1]], 'grounded': ['yes', 'yes'], 'follow_rule': True}, {'ids': [0], 'colours': ['blue'], 'sizes': [3], 'xpos': [1.0623637976053264], 'ypos': [3.6480926586358944], 'rotations': [4.302625983345811], 'orientations': ['strange'], 'contact': [[0]], 'grounded': ['yes'], 'follow_rule': False}, {'ids': [0, 1, 2, 3], 'colours': ['red', 'red', 'green', 'green'], 'sizes': [2, 3, 2, 3], 'xpos': [6.716618596123415, 3.1684303760430956, 4.7637275811959645, 5.914944323124906], 'ypos': [4.10774078924026, 4.108009956317744, 3.7338929101412326, 3.6241911769954553], 'rotations': [3.1428983281343204, 3.1434726972837987, 1.2358715490914745, 1.8264219680786646], 'orientations': ['upright', 'upright', 'lhs', 'strange'], 'contact': [[0], [1], [2, 3], [3, 2]], 'grounded': ['yes', 'yes', 'yes', 'yes'], 'follow_rule': True}, {'ids': [0, 1], 'colours': ['blue', 'blue'], 'sizes': [2, 1], 'xpos': [6.025764348580882, 4.990713494421606], 'ypos': [3.729970574731157, 3.830631174107332], 'rotations': [1.2332474260043804, 1.2161295030512544], 'orientations': ['lhs', 'lhs'], 'contact': [[0, 1], [1, 0]], 'grounded': ['yes', 'yes'], 'follow_rule': False}, {'ids': [0, 1], 'colours': ['blue', 'blue'], 'sizes': [2, 3], 'xpos': [3.116292898786658, 6.87503721807554], 'ypos': [4.108064522479878, 4.108078559979501], 'rotations': [3.1449285323284215, 3.1434376876826366], 'orientations': ['upright', 'upright'], 'contact': [[0], [1]], 'grounded': ['yes', 'yes'], 'follow_rule': False}, {'ids': [0, 1, 2, 3], 'colours': ['red', 'green', 'green', 'red'], 'sizes': [1, 3, 1, 2], 'xpos': [4.99719497412721, 5.33966521510595, 6.7812617602386, 0.647214122653947], 'ypos': [3.87616110226316, 3.89757703212827, 4.15810225565523, 4.15717162300964], 'rotations': [1.21015432030723, 3.69203273094864, 3.14416974526282, 3.14125264303298], 'contact': [[0, 1], [1, 0], 2, 3], 'grounded': ['yes', 'yes', 'yes', 'yes']}, {'ids': [0, 1, 2, 3, 4], 'colours': ['red', 'red', 'blue', 'blue', 'green'], 'sizes': [2, 1, 2, 2, 1], 'xpos': [0.756045112876682, 5.7930538088619, 4.02912968049722, 0.607249611808554, 2.34445062198903], 'ypos': [3.78128677692435, 3.87663053995449, 3.77926220180112, 4.09987976609843, 4.15797989686201], 'rotations': [5.04734512360657, 1.21097145412816, 1.2338944765227, 2.99747085022243, 3.14330311350596], 'contact': [[0, 3], 1, 2, [3, 0], 4], 'grounded': ['yes', 'yes', 'yes', 'yes', 'yes']}, {'ids': [0, 1, 2, 3, 4, 5], 'colours': ['green', 'green', 'green', 'green', 'red', 'red'], 'sizes': [1, 1, 2, 2, 1, 1], 'xpos': [0.392205266119112, 6.46736091582645, 5.87132830651543, 2.56842478452184, 1.05497225772388, 3.35722507237469], 'ypos': [4.15754519774028, 3.87672651888649, 3.80774864689194, 4.15891117383473, 4.15835090526104, 4.15780493355124], 'rotations': [3.14560426344892, 5.07442800349693, 4.20513160762651, 3.14652142167178, 3.14300168792949, 3.1450254884391], 'contact': [0, [1, 2], [2, 1], 3, 4, 5], 'grounded': ['yes', 'yes', 'yes', 'yes', 'yes', 'yes']}, {'ids': [0, 1, 2], 'colours': ['blue', 'red', 'blue'], 'sizes': [1, 3, 1], 'xpos': [3.65329156447024, 3.06074315033349, 4.60711408951368], 'ypos': [3.87683998879975, 3.89790852126602, 4.15748043316142], 'rotations': [1.21104984409195, 2.59341814797494, 3.14017425270441], 'contact': [[0, 1], [1, 0], 2], 'grounded': ['yes', 'yes', 'yes']}, {'ids': [0, 1, 2, 3, 4, 5], 'colours': ['green', 'green', 'green', 'green', 'blue', 'blue'], 'sizes': [1, 3, 2, 1, 2, 1], 'xpos': [2.9046526114666, 3.68975290255409, 5.65833149766197, 2.8246611501998, 2.89449149866101, 1.87269773742003], 'ypos': [3.88094533031908, 3.68797064017839, 4.15757175612118, 3.68349548447456, 3.68583647526567, 3.8760767087662], 'rotations': [1.21243000430047, 5.03772434357929, 3.14324414103154, 5.06868148794976, 5.04716419664426, 1.2105262200236], 'contact': [[0, 4], [1, 4], 2, [3, 4], [4, 0, 1, 3], 5], 'grounded': ['yes', 'yes', 'yes', 'no', 'no', 'yes']}, {'ids': [0, 1], 'colours': ['green', 'green'], 'sizes': [1, 3], 'xpos': [0.670764619467334, 5.261348820008], 'ypos': [3.86447444538309, 4.15793495472947], 'rotations': [1.77488765373097, 3.13951555729719], 'contact': [{'V1': 0, 'V2': 1}], 'grounded': ['yes', 'yes']}, {'ids': [0, 1, 2], 'colours': ['blue', 'green', 'green'], 'sizes': [1, 1, 3], 'xpos': [4.69009713254434, 2.93439461350621, 4.78205690186546], 'ypos': [4.15772510399043, 4.15704164375121, 4.15823822985147], 'rotations': [3.14100478933091, 3.14035932239342, 3.14115234487408], 'contact': [[0, 2], 1, [2, 0]], 'grounded': ['yes', 'yes', 'yes']}, {'ids': [0, 1, 2, 3, 4, 5], 'colours': ['green', 'blue', 'blue', 'green', 'green', 'green'], 'sizes': [3, 2, 1, 1, 3, 2], 'xpos': [4.08915128061252, 2.29489936724743, 2.81704915678861, 6.85663898790724, 1.00051084466887, 4.09237106060331], 'ypos': [4.1616688599196, 4.16166316032898, 3.87799901532656, 4.1578940642729, 4.15850762807611, 3.52787490122945], 'rotations': [3.14159237119885, 3.14158410154621, 5.07138880585438, 3.13808482008692, 3.14212541938172, 3.13686252238553], 'contact': [[0, 5], 1, 2, 3, 4, [5, 0]], 'grounded': ['yes', 'yes', 'yes', 'yes', 'yes', 'no']}]","[True, True, True, True, False, False, False, False]","[True, True, True, True, True, True, True, True]","[False, False, False, False, False, False, False, False]","[False, False, False, False, False, False, False, False]","[True, True, True, True, False, False, False, False]","[True, True, True, True, True, True, True, True]","[False, False, False, False, False, False, False, False]","[False, False, False, False, False, False, False, False]",0.0,0.0,0.0,0.0,1.0,1.0,1.0,1.0,0.0,0.0,0.0,0.0,0.0,0.0,0.01,0.0,-5.545177444479562,2.0794415416798357,11.090354888959125,1.0,-11.965720049653877,-16.635532333438686,27.1094939296557,33.27106466687737,1.0502311195665048,"[1.0, 1.0, 1.0, 1.0, 1.0, 0.0, 1.0, 0.0, 1.0, 1.0, 1.0, 1.0, 1.0, 1.0, 1.0, 0.0135, 0.9530000000000001, 0.092, 0.5895, 0.5895, 1.0, 0.0, 0.0, 0.861, 1.0, 1.0, 1.0, 0.2925, 0.999, 0.999, 1.0, 0.7155, 0.0, 0.0, 1.0, 0.0, 0.0, 0.0, 1.0, 0.0, 0.0, 0.0, 1.0, 0.0, 0.0, 0.0, 1.0, 0.0, 1.0, 1.0, 1.0, 1.0, 0.0, 0.0, 0.0, 0.0, 1.0, 1.0, 1.0, 1.0, 0.935, 0.935, 0.935, 0.935, 1.0, 1.0, 1.0, 1.0, 0.0, 1.0, 0.0, 0.0, 0.0, 1.0, 1.0, 1.0, 1.0, 1.0, 1.0, 1.0, 1.0, 1.0, 1.0, 1.0, 0.0935, 0.0935, 0.0935, 0.0935, 1.0, 1.0, 1.0, 1.0, 1.0, 1.0, 1.0, 1.0, 1.0, 1.0, 1.0, 1.0, 1.0, 1.0, 1.0, 0.013000000000000001, 1.0, 1.0, 0.998, 1.0, 1.0, 0.002, 0.998, 0.002, 1.0, 1.0, 1.0, 1.0, 1.0, 1.0, 1.0, 0.0, 0.973, 1.0, 0.9530000000000001, 1.0, 0.8925000000000001, 0.9195, 0.17400000000000002, 0.201, 1.0, 1.0, 1.0, 1.0, 0.0, 0.0, 0.0, 0.0, 1.0, 1.0, 1.0, 0.24, 1.0, 1.0, 0.968, 1.0, 0.653, 0.653, 0.653, 1.0, 0.2535, 0.2535, 0.7035, 0.10300000000000001, 1.0, 1.0, 1.0, 1.0, 0.0, 1.0, 0.0, 0.0, 1.0, 1.0, 1.0, 0.012, 0.988, 0.988, 1.0, 1.0, 1.0, 0.0, 1.0, 1.0, 1.0, 0.0, 0.0, 1.0, 0.0, 0.0, 0.0, 1.0, 1.0, 0.0, 0.0, 0.0, 1.0, 1.0, 1.0, 1.0, 0.0, 0.0, 0.0, 0.0, 1.0, 1.0, 1.0, 1.0, 0.0, 0.0, 0.0, 0.0, 1.0, 1.0, 1.0, 1.0, 1.0, 1.0, 0.841, 1.0, 1.0, 1.0, 1.0, 1.0, 0.0, 0.0, 0.0, 0.0, 1.0, 1.0, 1.0, 1.0, 1.0, 1.0, 1.0, 0.0, 0.197, 0.0, 0.85, 0.653, 0.803, 0.0, 0.0, 0.0, 0.8525, 0.847, 0.9935, 0.847, 0.28300000000000003, 0.4305, 0.426, 0.426, 1.0, 1.0, 1.0, 1.0, 1.0, 1.0, 1.0, 0.0, 0.798, 1.0, 0.7995, 0.7995, 0.0275, 0.029, 0.2265, 0.1975, 1.0, 1.0, 1.0, 1.0, 0.0, 0.0, 0.0, 0.0, 0.862, 0.854, 0.8595, 0.8955000000000001, 0.045, 0.0005, 0.8695, 0.8505, 1.0, 1.0, 1.0, 0.022, 1.0, 1.0, 1.0, 0.978, 0.28400000000000003, 0.0145, 0.1885, 0.0275, 0.2755, 0.0, 0.0015, 0.013000000000000001, 0.0, 0.0, 0.0, 1.0, 1.0, 0.0, 0.0, 0.0, 1.0, 1.0, 1.0, 1.0, 0.0, 0.0, 0.0, 0.0, 1.0, 1.0, 1.0, 1.0, 1.0, 0.0, 1.0, 0.0, 1.0, 1.0, 1.0, 1.0, 1.0, 1.0, 1.0, 0.0, 1.0, 1.0, 1.0, 0.728, 0.8265, 0.5545, 0.5545, 0.8265, 1.0, 1.0, 1.0, 1.0, 1.0, 1.0, 1.0, 1.0, 1.0, 1.0, 1.0, 0.8715, 0.9365, 0.8695, 0.8695, 0.9365, 0.229, 0.229, 0.229, 0.229, 0.801, 0.03, 0.03, 0.801, 0.0, 0.0, 0.0, 1.0, 1.0, 0.0, 0.0, 0.0, 0.108, 0.114, 0.2315, 0.108, 0.114, 0.07050000000000001, 0.0495, 0.006, 1.0, 1.0, 1.0, 1.0, 0.0, 0.0, 0.0, 0.0, 0.8955000000000001, 0.895, 0.0115, 0.0, 0.883, 0.0, 0.0, 0.0, 1.0, 1.0, 1.0, 1.0, 0.0, 0.0, 0.0, 0.0, 0.902, 0.902, 0.902, 0.678, 0.88, 0.88, 0.902, 0.807, 1.0, 1.0, 1.0, 1.0, 0.0, 0.0, 0.0, 0.0, 1.0, 1.0, 1.0, 1.0, 1.0, 1.0, 1.0, 0.0, 1.0, 1.0, 1.0, 1.0, 0.0, 0.0, 0.0, 0.0, 1.0, 1.0, 1.0, 1.0, 0.008, 0.008, 0.008, 0.008, 1.0, 1.0, 1.0, 1.0, 1.0, 1.0, 1.0, 0.0, 1.0, 1.0, 1.0, 1.0, 1.0, 1.0, 0.6980000000000001, 1.0, 1.0, 1.0, 1.0, 1.0, 0.0, 0.0, 0.0, 0.0, 1.0, 1.0, 1.0, 1.0, 1.0, 1.0, 1.0, 0.0, 0.9530000000000001, 0.9530000000000001, 0.9530000000000001, 1.0, 1.0, 1.0, 0.641, 0.9530000000000001, 1.0, 1.0, 1.0, 1.0, 0.0, 0.0, 0.0, 0.0, 1.0, 1.0, 1.0, 1.0, 1.0, 1.0, 1.0, 1.0, 1.0, 1.0, 1.0, 1.0, 0.0, 0.0, 0.0, 0.0, 1.0, 1.0, 1.0, 1.0, 1.0, 1.0, 1.0, 1.0, 1.0, 1.0, 1.0, 1.0, 0.021500000000000002, 0.021500000000000002, 0.021500000000000002, 0.021500000000000002, 0.021500000000000002, 0.003, 0.02, 0.0095, 0.0095, 0.964, 0.9555, 0.0095, 1.0, 1.0, 1.0, 1.0, 1.0, 1.0, 1.0, 1.0, 1.0, 1.0, 1.0, 1.0, 0.0, 0.0, 0.0, 0.0, 1.0, 1.0, 1.0, 1.0, 0.0, 0.0, 1.0, 1.0, 1.0, 0.873, 0.198, 0.198, 1.0, 1.0, 0.6905, 1.0, 1.0, 1.0, 1.0, 1.0, 1.0, 1.0, 1.0, 0.0, 1.0, 0.999, 0.999, 1.0, 0.0025, 0.0025, 0.0025, 0.0025, 1.0, 1.0, 1.0, 1.0, 1.0, 0.686, 0.314, 0.0, 1.0, 1.0, 1.0, 1.0, 0.524, 0.524, 1.0, 0.47600000000000003, 1.0, 1.0, 1.0, 1.0, 0.008, 0.008, 0.008, 0.008, 0.9935, 0.9935, 0.9775, 0.9935, 0.9935, 0.0225, 0.988, 0.017, 1.0, 1.0, 1.0, 1.0, 0.0725, 0.0725, 0.0725, 0.0725, 0.041, 1.0, 1.0, 0.9590000000000001, 0.041, 0.9590000000000001, 1.0, 0.0, 0.7435, 0.9835, 0.7425, 0.986, 0.7435, 0.7435, 0.256, 0.987, 1.0, 0.005, 1.0, 1.0, 1.0, 0.005, 0.005, 1.0, 1.0, 1.0, 1.0, 1.0, 1.0, 1.0, 1.0, 0.0, 1.0, 1.0, 1.0, 1.0, 0.0, 0.0, 0.0, 0.0, 1.0, 1.0, 1.0, 1.0, 0.0, 0.0, 0.0, 0.0, 0.9705, 0.9705, 0.9145, 1.0, 0.8015, 0.8015, 0.9705, 0.7865, 1.0, 1.0, 1.0, 1.0, 0.0, 0.0, 0.0, 0.0, 1.0, 1.0, 1.0, 1.0, 0.0, 0.0, 0.0, 0.0, 1.0, 1.0, 1.0, 1.0, 0.0, 0.0, 0.0, 0.0, 1.0, 1.0, 1.0, 1.0, 1.0, 1.0, 1.0, 1.0]",-418.5875071169283,843.720363894191,-482.430437669722,964.860875339444,0.01,0.0,2.0794415416798357,1.0,-8.518280500437347,20.21461483122264,0.6334250289943713,"[1.0, 1.0, 1.0, 1.0, 1.0, 0.0, 1.0, 0.0, 1.0, 1.0, 1.0, 1.0, 1.0, 1.0, 1.0, 0.0, 0.0, 0.0, 0.0, 0.0, 0.0, 0.0, 0.0, 0.0, 1.0, 1.0, 1.0, 0.0, 0.0, 0.0, 1.0, 0.0, 0.0, 0.0, 1.0, 1.0, 0.0, 1.0, 1.0, 1.0, 1.0, 1.0, 1.0, 1.0, 0.0, 0.0, 1.0, 1.0, 1.0, 1.0, 1.0, 1.0, 0.0, 0.0, 0.0, 0.0, 1.0, 1.0, 1.0, 1.0, 0.0, 0.0, 0.0, 0.0, 0.0, 0.0, 0.0, 0.0, 0.0, 1.0, 1.0, 0.0, 1.0, 1.0, 1.0, 1.0, 0.0, 0.0, 0.0, 0.0, 1.0, 1.0, 1.0, 1.0, 0.0, 0.0, 0.0, 0.0, 1.0, 1.0, 1.0, 1.0, 1.0, 1.0, 0.0, 1.0, 1.0, 1.0, 1.0, 1.0, 1.0, 1.0, 1.0, 0.0, 1.0, 1.0, 1.0, 1.0, 1.0, 0.0, 1.0, 0.0, 0.0, 1.0, 0.0, 0.0, 1.0, 1.0, 1.0, 0.0, 1.0, 1.0, 0.0, 1.0, 1.0, 0.0, 0.0, 0.0, 1.0, 1.0, 1.0, 0.0, 1.0, 1.0, 1.0, 1.0, 1.0, 1.0, 1.0, 1.0, 0.0, 0.0, 0.0, 0.0, 1.0, 1.0, 1.0, 0.0, 0.0, 0.0, 1.0, 0.0, 0.0, 0.0, 1.0, 0.0, 0.0, 0.0, 0.0, 0.0, 1.0, 1.0, 1.0, 0.0, 0.0, 0.0, 1.0, 0.0, 0.0, 0.0, 0.0, 1.0, 0.0, 0.0, 0.0, 0.0, 0.0, 0.0, 0.0, 1.0, 0.0, 0.0, 0.0, 0.0, 1.0, 1.0, 1.0, 1.0, 0.0, 0.0, 0.0, 0.0, 1.0, 1.0, 1.0, 0.0, 0.0, 0.0, 1.0, 0.0, 1.0, 1.0, 1.0, 1.0, 0.0, 0.0, 0.0, 0.0, 1.0, 1.0, 1.0, 1.0, 0.0, 0.0, 0.0, 0.0, 1.0, 1.0, 1.0, 1.0, 1.0, 1.0, 1.0, 0.0, 0.0, 0.0, 0.0, 0.0, 1.0, 0.0, 0.0, 0.0, 1.0, 1.0, 1.0, 1.0, 1.0, 1.0, 1.0, 1.0, 1.0, 1.0, 1.0, 1.0, 1.0, 1.0, 1.0, 0.0, 0.0, 0.0, 0.0, 0.0, 0.0, 0.0, 0.0, 0.0, 0.0, 1.0, 0.0, 1.0, 0.0, 1.0, 0.0, 1.0, 0.0, 0.0, 0.0, 1.0, 0.0, 0.0, 0.0, 0.0, 1.0, 1.0, 1.0, 0.0, 0.0, 0.0, 1.0, 0.0, 1.0, 1.0, 1.0, 1.0, 1.0, 0.0, 1.0, 0.0, 0.0, 1.0, 1.0, 1.0, 0.0, 0.0, 0.0, 0.0, 1.0, 1.0, 1.0, 0.0, 1.0, 1.0, 1.0, 1.0, 0.0, 1.0, 1.0, 1.0, 0.0, 0.0, 0.0, 0.0, 1.0, 1.0, 1.0, 1.0, 1.0, 1.0, 1.0, 0.0, 1.0, 1.0, 1.0, 1.0, 0.0, 0.0, 0.0, 0.0, 1.0, 1.0, 1.0, 1.0, 0.0, 0.0, 0.0, 0.0, 0.0, 1.0, 0.0, 0.0, 0.0, 0.0, 0.0, 0.0, 1.0, 1.0, 1.0, 1.0, 1.0, 0.0, 1.0, 1.0, 0.0, 0.0, 0.0, 0.0, 0.0, 1.0, 1.0, 0.0, 1.0, 1.0, 1.0, 1.0, 1.0, 0.0, 1.0, 0.0, 1.0, 1.0, 1.0, 1.0, 1.0, 0.0, 1.0, 1.0, 0.0, 0.0, 0.0, 0.0, 0.0, 1.0, 1.0, 0.0, 1.0, 0.0, 0.0, 1.0, 0.0, 0.0, 0.0, 0.0, 1.0, 1.0, 1.0, 0.0, 0.0, 0.0, 1.0, 0.0, 1.0, 1.0, 1.0, 0.0, 0.0, 0.0, 0.0, 0.0, 1.0, 1.0, 1.0, 1.0, 1.0, 1.0, 1.0, 0.0, 0.0, 0.0, 0.0, 0.0, 0.0, 0.0, 0.0, 0.0, 1.0, 0.0, 1.0, 0.0, 0.0, 0.0, 0.0, 0.0, 1.0, 1.0, 1.0, 1.0, 1.0, 1.0, 1.0, 0.0, 1.0, 1.0, 1.0, 1.0, 1.0, 1.0, 0.0, 1.0, 1.0, 1.0, 1.0, 1.0, 0.0, 0.0, 0.0, 0.0, 1.0, 1.0, 1.0, 1.0, 1.0, 1.0, 1.0, 0.0, 0.0, 1.0, 1.0, 1.0, 0.0, 0.0, 0.0, 0.0, 1.0, 1.0, 1.0, 1.0, 0.0, 0.0, 0.0, 0.0, 1.0, 0.0, 1.0, 0.0, 0.0, 0.0, 0.0, 0.0, 1.0, 1.0, 1.0, 1.0, 1.0, 0.0, 1.0, 0.0, 1.0, 1.0, 1.0, 0.0, 1.0, 1.0, 0.0, 1.0, 1.0, 1.0, 1.0, 1.0, 0.0, 0.0, 0.0, 0.0, 0.0, 0.0, 0.0, 0.0, 0.0, 1.0, 0.0, 0.0, 1.0, 1.0, 1.0, 1.0, 0.0, 0.0, 0.0, 0.0, 0.0, 0.0, 0.0, 0.0, 0.0, 0.0, 0.0, 0.0, 1.0, 0.0, 1.0, 0.0, 0.0, 0.0, 0.0, 0.0, 1.0, 1.0, 0.0, 0.0, 1.0, 1.0, 1.0, 1.0, 1.0, 1.0, 1.0, 1.0, 1.0, 1.0, 1.0, 1.0, 1.0, 1.0, 1.0, 1.0, 1.0, 0.0, 1.0, 1.0, 0.0, 1.0, 0.0, 1.0, 0.0, 1.0, 0.0, 0.0, 1.0, 1.0, 1.0, 1.0, 0.0, 0.0, 1.0, 0.0, 1.0, 1.0, 1.0, 1.0, 0.0, 0.0, 0.0, 0.0, 0.0, 0.0, 0.0, 1.0, 0.0, 0.0, 0.0, 0.0, 1.0, 1.0, 1.0, 1.0, 0.0, 0.0, 0.0, 0.0, 0.0, 1.0, 1.0, 1.0, 0.0, 1.0, 1.0, 0.0, 1.0, 1.0, 1.0, 1.0, 0.0, 0.0, 0.0, 0.0, 1.0, 0.0, 1.0, 1.0, 1.0, 0.0, 0.0, 1.0, 1.0, 1.0, 1.0, 1.0, 1.0, 1.0, 1.0, 0.0, 0.0, 1.0, 1.0, 1.0, 1.0, 1.0, 0.0, 0.0, 1.0, 1.0, 1.0, 1.0, 0.0, 0.0, 0.0, 0.0, 1.0, 1.0, 1.0, 0.0, 0.0, 0.0, 1.0, 0.0, 1.0, 1.0, 1.0, 1.0, 0.0, 0.0, 0.0, 0.0, 0.0, 0.0, 0.0, 0.0, 0.0, 0.0, 0.0, 0.0, 0.0, 1.0, 0.0, 1.0, 0.0, 1.0, 1.0, 0.0, 1.0, 1.0, 1.0, 1.0, 1.0, 0.0, 0.0, 1.0]",-318.3726801373107,643.2907099349558,0.01,0.0,-5.545177444479562,2.0794415416798357,11.090354888959125,1.0,-8.518280500437347,-16.635532333438686,20.21461483122264,33.27106466687737,0.6173530694834558,"[1.0, 1.0, 1.0, 1.0, 1.0, 0.0, 1.0, 0.0, 1.0, 1.0, 1.0, 1.0, 1.0, 1.0, 1.0, 0.0, 0.0, 0.0, 0.0, 0.0, 0.0, 0.0, 0.0, 0.0, 1.0, 1.0, 1.0, 0.0, 0.0, 0.0, 1.0, 0.0, 0.0, 0.0, 1.0, 1.0, 0.0, 1.0, 1.0, 1.0, 0.0, 0.0, 0.0, 0.0, 0.0, 0.0, 0.0, 0.0, 1.0, 1.0, 1.0, 1.0, 0.0, 0.0, 0.0, 0.0, 1.0, 1.0, 1.0, 1.0, 0.0, 0.0, 0.0, 0.0, 0.0, 0.0, 0.0, 0.0, 0.0, 1.0, 1.0, 0.0, 0.0, 0.0, 0.0, 1.0, 0.0, 0.0, 0.0, 0.0, 1.0, 1.0, 1.0, 1.0, 0.0, 0.0, 0.0, 0.0, 0.0, 0.0, 0.0, 0.0, 1.0, 1.0, 0.0, 1.0, 1.0, 1.0, 1.0, 1.0, 1.0, 1.0, 1.0, 0.0, 1.0, 1.0, 1.0, 1.0, 1.0, 0.0, 1.0, 0.0, 0.0, 1.0, 0.0, 0.0, 1.0, 1.0, 1.0, 0.0, 1.0, 1.0, 0.0, 1.0, 1.0, 0.0, 0.0, 0.0, 1.0, 1.0, 1.0, 0.0, 1.0, 1.0, 1.0, 1.0, 1.0, 1.0, 1.0, 1.0, 0.0, 0.0, 0.0, 0.0, 1.0, 1.0, 1.0, 0.0, 0.0, 0.0, 1.0, 0.0, 0.0, 0.0, 1.0, 0.0, 0.0, 0.0, 0.0, 0.0, 1.0, 1.0, 1.0, 0.0, 0.0, 0.0, 1.0, 0.0, 0.0, 0.0, 0.0, 1.0, 0.0, 0.0, 0.0, 0.0, 0.0, 0.0, 0.0, 1.0, 0.0, 0.0, 0.0, 0.0, 1.0, 1.0, 1.0, 1.0, 0.0, 0.0, 0.0, 0.0, 1.0, 1.0, 1.0, 0.0, 0.0, 0.0, 1.0, 0.0, 1.0, 1.0, 1.0, 1.0, 0.0, 0.0, 0.0, 0.0, 1.0, 1.0, 1.0, 1.0, 0.0, 0.0, 0.0, 0.0, 1.0, 1.0, 1.0, 1.0, 1.0, 1.0, 1.0, 0.0, 0.0, 0.0, 0.0, 0.0, 1.0, 0.0, 0.0, 0.0, 1.0, 1.0, 1.0, 1.0, 1.0, 1.0, 1.0, 1.0, 1.0, 1.0, 1.0, 1.0, 1.0, 1.0, 1.0, 0.0, 0.0, 0.0, 0.0, 0.0, 0.0, 0.0, 0.0, 0.0, 0.0, 1.0, 0.0, 1.0, 0.0, 1.0, 0.0, 1.0, 0.0, 0.0, 0.0, 1.0, 0.0, 0.0, 0.0, 0.0, 1.0, 1.0, 1.0, 0.0, 0.0, 0.0, 1.0, 0.0, 1.0, 1.0, 1.0, 1.0, 1.0, 0.0, 1.0, 0.0, 0.0, 1.0, 1.0, 1.0, 0.0, 0.0, 0.0, 0.0, 1.0, 1.0, 1.0, 0.0, 1.0, 1.0, 1.0, 1.0, 0.0, 1.0, 1.0, 1.0, 0.0, 0.0, 0.0, 0.0, 1.0, 1.0, 1.0, 1.0, 1.0, 1.0, 1.0, 0.0, 1.0, 1.0, 1.0, 1.0, 0.0, 0.0, 0.0, 0.0, 1.0, 1.0, 1.0, 1.0, 0.0, 0.0, 0.0, 0.0, 0.0, 1.0, 0.0, 0.0, 0.0, 0.0, 0.0, 0.0, 0.0, 0.0, 0.0, 0.0, 0.0, 0.0, 0.0, 0.0, 1.0, 0.0, 1.0, 1.0, 1.0, 0.0, 0.0, 1.0, 1.0, 1.0, 1.0, 1.0, 1.0, 0.0, 1.0, 0.0, 1.0, 1.0, 1.0, 1.0, 1.0, 0.0, 1.0, 1.0, 0.0, 0.0, 0.0, 0.0, 0.0, 1.0, 1.0, 0.0, 1.0, 0.0, 0.0, 1.0, 0.0, 0.0, 0.0, 0.0, 1.0, 1.0, 1.0, 0.0, 0.0, 0.0, 1.0, 0.0, 1.0, 1.0, 1.0, 0.0, 0.0, 0.0, 0.0, 0.0, 1.0, 1.0, 1.0, 1.0, 1.0, 1.0, 1.0, 0.0, 0.0, 0.0, 0.0, 0.0, 0.0, 0.0, 0.0, 0.0, 1.0, 0.0, 1.0, 0.0, 0.0, 0.0, 0.0, 0.0, 1.0, 1.0, 1.0, 1.0, 1.0, 1.0, 1.0, 0.0, 1.0, 1.0, 1.0, 1.0, 1.0, 1.0, 0.0, 1.0, 1.0, 1.0, 1.0, 1.0, 0.0, 0.0, 0.0, 0.0, 1.0, 1.0, 1.0, 1.0, 1.0, 1.0, 1.0, 0.0, 0.0, 1.0, 1.0, 1.0, 0.0, 0.0, 0.0, 0.0, 1.0, 1.0, 1.0, 1.0, 0.0, 0.0, 0.0, 0.0, 1.0, 0.0, 1.0, 0.0, 0.0, 0.0, 0.0, 0.0, 1.0, 1.0, 1.0, 1.0, 1.0, 0.0, 1.0, 0.0, 1.0, 1.0, 1.0, 0.0, 1.0, 1.0, 0.0, 1.0, 1.0, 1.0, 1.0, 1.0, 0.0, 0.0, 0.0, 0.0, 0.0, 0.0, 0.0, 0.0, 0.0, 1.0, 0.0, 0.0, 1.0, 1.0, 1.0, 1.0, 0.0, 0.0, 0.0, 0.0, 0.0, 0.0, 0.0, 0.0, 0.0, 0.0, 0.0, 0.0, 1.0, 0.0, 1.0, 0.0, 0.0, 0.0, 0.0, 0.0, 1.0, 1.0, 0.0, 0.0, 1.0, 1.0, 1.0, 1.0, 1.0, 1.0, 1.0, 1.0, 1.0, 1.0, 1.0, 1.0, 1.0, 1.0, 1.0, 1.0, 1.0, 0.0, 1.0, 1.0, 0.0, 1.0, 0.0, 1.0, 0.0, 1.0, 0.0, 0.0, 1.0, 1.0, 1.0, 1.0, 0.0, 0.0, 1.0, 0.0, 1.0, 1.0, 1.0, 1.0, 0.0, 0.0, 0.0, 0.0, 0.0, 0.0, 0.0, 1.0, 0.0, 0.0, 0.0, 0.0, 1.0, 1.0, 1.0, 1.0, 0.0, 0.0, 0.0, 0.0, 0.0, 1.0, 1.0, 1.0, 0.0, 1.0, 1.0, 0.0, 1.0, 1.0, 1.0, 1.0, 0.0, 0.0, 0.0, 0.0, 1.0, 0.0, 1.0, 1.0, 1.0, 0.0, 0.0, 1.0, 1.0, 1.0, 1.0, 1.0, 1.0, 1.0, 1.0, 0.0, 0.0, 0.0, 1.0, 0.0, 0.0, 1.0, 0.0, 0.0, 1.0, 1.0, 1.0, 1.0, 0.0, 0.0, 0.0, 0.0, 1.0, 1.0, 1.0, 0.0, 0.0, 0.0, 1.0, 0.0, 1.0, 1.0, 1.0, 1.0, 0.0, 0.0, 0.0, 0.0, 0.0, 0.0, 0.0, 0.0, 0.0, 0.0, 0.0, 0.0, 0.0, 1.0, 0.0, 1.0, 0.0, 1.0, 1.0, 0.0, 1.0, 1.0, 1.0, 1.0, 1.0, 0.0, 0.0, 1.0]",-311.9759791000219,630.4973078603782,-482.430437669722,964.860875339444,0.01,0.0,-5.545177444479562,2.0794415416798357,11.090354888959125,1.0,-12.51828050043735,-16.635532333438686,28.214614831222644,33.27106466687737,1.0908740239314543,"[0.0, 0.0, 1.0, 0.0, 0.0, 0.0, 0.0, 0.0, 1.0, 1.0, 1.0, 1.0, 0.877, 0.877, 0.877, 0.0, 1.0, 0.259, 1.0, 1.0, 0.8015, 0.0, 0.259, 1.0, 1.0, 1.0, 1.0, 1.0, 1.0, 1.0, 1.0, 0.0, 0.0, 0.0, 1.0, 0.0, 0.0, 0.0, 1.0, 0.0, 0.0, 0.0, 1.0, 0.0, 0.0, 0.0, 1.0, 0.0, 0.0, 0.0, 0.0, 0.0775, 0.0, 0.0, 0.1635, 0.47100000000000003, 1.0, 1.0, 1.0, 1.0, 0.0, 0.0, 0.0, 0.0, 0.0, 0.0, 0.0, 0.0, 0.0, 0.0, 0.0, 0.0, 1.0, 1.0, 1.0, 1.0, 1.0, 1.0, 1.0, 0.0, 1.0, 1.0, 1.0, 1.0, 0.0, 0.0, 0.0, 0.0, 0.0, 0.0, 0.0, 0.0, 0.0, 0.113, 0.113, 0.0, 0.0, 0.0, 0.0, 1.0, 0.0, 0.0, 0.0, 0.0, 1.0, 1.0, 1.0, 1.0, 0.0, 0.0, 0.0, 0.0, 0.9995, 1.0, 1.0, 0.663, 1.0, 1.0, 1.0, 0.353, 1.0, 1.0, 1.0, 1.0, 0.082, 0.082, 0.0, 0.0, 0.973, 1.0, 0.7655000000000001, 0.605, 0.973, 1.0, 1.0, 0.368, 0.0, 0.0, 1.0, 0.0, 1.0, 0.0, 1.0, 0.0, 1.0, 1.0, 1.0, 1.0, 0.0, 0.0, 1.0, 0.0, 1.0, 1.0, 1.0, 1.0, 0.0, 0.9465, 0.0, 0.0, 0.666, 1.0, 0.666, 0.666, 0.0, 0.0, 0.7975, 0.0, 0.0, 0.9430000000000001, 0.0, 1.0, 1.0, 0.0, 0.0, 0.0, 0.0, 1.0, 0.0, 0.0, 0.0, 0.0, 0.0, 0.0, 1.0, 1.0, 1.0, 1.0, 0.0, 0.0, 0.0, 0.0, 1.0, 1.0, 1.0, 1.0, 1.0, 1.0, 1.0, 0.0005, 1.0, 1.0, 1.0, 1.0, 1.0, 1.0, 0.0, 1.0, 1.0, 1.0, 1.0, 1.0, 0.0, 0.0, 0.0, 0.0, 1.0, 1.0, 1.0, 1.0, 1.0, 1.0, 1.0, 0.0, 1.0, 0.0, 1.0, 0.0, 0.0, 0.0, 0.0, 0.0, 0.0, 1.0, 0.0, 1.0, 0.0, 1.0, 0.0, 1.0, 1.0, 1.0, 1.0, 1.0, 1.0, 1.0, 1.0, 0.0, 1.0, 0.0, 1.0, 1.0, 1.0, 0.0, 0.0, 1.0, 1.0, 1.0, 1.0, 1.0, 1.0, 1.0, 1.0, 1.0, 0.0, 0.9580000000000001, 0.0, 0.0, 0.0, 0.0, 0.0045000000000000005, 0.0, 0.0, 0.0, 0.0, 0.0, 0.0, 0.0, 0.0, 1.0, 0.0, 0.0, 0.0005, 0.0, 0.0, 0.0, 0.0, 0.0, 0.0, 1.0, 0.0, 0.0, 0.0, 0.0, 0.0, 0.0, 1.0, 1.0, 1.0, 0.001, 0.001, 0.001, 1.0, 0.0, 0.0, 0.0, 0.6225, 0.0, 0.0, 0.0, 0.0, 0.0, 1.0, 1.0, 1.0, 1.0, 0.0, 0.0, 0.0, 0.0, 0.0, 0.0, 0.0, 0.0, 0.0, 0.0, 0.0, 0.0, 1.0, 1.0, 1.0, 1.0, 1.0, 1.0, 1.0, 0.0, 0.0, 0.0, 0.0, 1.0, 0.0, 0.0, 1.0, 0.0, 1.0, 1.0, 1.0, 1.0, 0.0, 0.0, 0.0, 0.0, 0.0, 1.0, 0.0, 0.0, 1.0, 0.0, 0.0, 1.0, 1.0, 1.0, 1.0, 1.0, 0.0, 0.0, 0.0, 0.0, 1.0, 1.0, 1.0, 1.0, 1.0, 0.0, 1.0, 1.0, 0.0, 0.0005, 0.0, 0.0, 0.0, 0.38, 0.0, 0.0, 1.0, 1.0, 1.0, 1.0, 0.0, 0.0, 0.0, 0.0, 1.0, 1.0, 1.0, 0.999, 1.0, 1.0, 1.0, 0.0195, 1.0, 1.0, 1.0, 1.0, 0.0, 0.0, 0.0, 0.0, 0.0, 0.6285000000000001, 0.0, 0.328, 0.0, 0.0, 0.6285000000000001, 0.0, 0.0, 0.0, 0.0, 0.0, 0.0, 0.0, 0.0, 1.0, 1.0, 1.0, 1.0, 1.0, 0.0, 0.0, 0.0, 0.0, 1.0, 1.0, 1.0, 1.0, 1.0, 1.0, 1.0, 0.0, 1.0, 1.0, 1.0, 1.0, 1.0, 1.0, 0.0375, 1.0, 1.0, 1.0, 1.0, 1.0, 0.0, 0.0, 0.0, 0.0, 1.0, 1.0, 1.0, 1.0, 1.0, 1.0, 1.0, 0.0, 1.0, 1.0, 1.0, 1.0, 1.0, 1.0, 0.0, 1.0, 1.0, 1.0, 1.0, 1.0, 0.0, 0.0, 0.0, 0.0, 1.0, 1.0, 1.0, 1.0, 1.0, 1.0, 1.0, 1.0, 0.0, 0.0, 0.4395, 0.0, 0.0, 0.0, 0.001, 1.0, 0.0, 0.0, 0.0, 0.0, 0.0, 0.0, 0.0, 0.0, 1.0, 1.0, 1.0, 0.0, 1.0, 0.0, 0.0, 1.0, 0.0, 0.0, 1.0, 1.0, 1.0, 0.0, 0.0, 0.0, 0.0, 0.0, 0.0, 0.0, 0.0, 0.0, 0.0, 0.0, 1.0, 1.0, 1.0, 1.0, 0.0, 0.0, 0.0, 0.0, 0.0, 0.0, 0.0, 0.0, 0.0, 1.0, 0.0, 0.0, 1.0, 1.0, 1.0, 1.0, 0.0, 0.4945, 0.0, 0.0, 1.0, 1.0, 1.0, 1.0, 0.0, 0.0, 1.0, 1.0, 1.0, 1.0, 1.0, 1.0, 0.0, 0.0, 0.0, 0.0, 1.0, 1.0, 1.0, 1.0, 1.0, 0.704, 0.296, 0.0, 1.0, 1.0, 1.0, 1.0, 0.0, 0.0, 1.0, 1.0, 1.0, 1.0, 1.0, 1.0, 0.0, 0.0, 0.0, 0.0, 0.006, 1.0, 0.006, 0.708, 0.298, 1.0, 0.298, 1.0, 1.0, 1.0, 1.0, 1.0, 0.0, 0.0, 0.0, 0.0, 1.0, 0.0, 1.0, 1.0, 1.0, 0.0, 0.0, 1.0, 0.0, 1.0, 1.0, 1.0, 0.0, 0.0, 0.0, 0.0, 1.0, 0.224, 1.0, 1.0, 0.776, 0.0, 0.224, 1.0, 1.0, 1.0, 1.0, 1.0, 0.0, 0.0, 0.0, 0.0, 1.0, 1.0, 0.0, 1.0, 1.0, 1.0, 0.0, 1.0, 1.0, 1.0, 1.0, 1.0, 0.0, 0.0, 0.0, 0.0, 1.0, 1.0, 1.0, 1.0, 1.0, 1.0, 1.0, 0.0, 1.0, 1.0, 1.0, 1.0, 0.0, 0.0, 0.0, 0.0, 0.0, 0.0, 0.0, 0.0, 0.0, 0.0, 0.0, 0.0, 1.0, 0.4865, 1.0, 1.0, 1.0, 0.0075, 0.4865, 1.0, 0.0225, 0.0, 0.0, 0.9775, 0.0, 0.0, 0.0, 0.0]",-419.18595103414617,844.9172517286268,-482.430437669722,964.860875339444,0.01,0.0,-5.545177444479562,2.0794415416798357,11.090354888959125,1.0,-8.518280500437347,-16.635532333438686,20.21461483122264,33.27106466687737,0.5787520451143159,"[1.0, 1.0, 1.0, 1.0, 1.0, 0.0, 1.0, 0.0, 1.0, 1.0, 1.0, 1.0, 1.0, 1.0, 1.0, 0.0, 0.0, 0.0, 0.0, 0.0, 0.0, 0.0, 0.0, 0.0, 1.0, 1.0, 1.0, 1.0, 0.0, 0.0, 1.0, 0.0, 0.0, 0.0, 0.0, 0.0, 0.0, 1.0, 0.0, 0.0, 0.0, 0.0, 0.0, 0.0, 0.0, 0.0, 0.0, 0.0, 1.0, 1.0, 1.0, 1.0, 0.0, 0.0, 0.0, 0.0, 1.0, 1.0, 1.0, 1.0, 0.0, 0.0, 0.0, 0.0, 0.0, 0.0, 0.0, 0.0, 0.0, 1.0, 1.0, 0.0, 1.0, 1.0, 1.0, 1.0, 0.0, 0.0, 0.0, 0.0, 1.0, 1.0, 1.0, 1.0, 0.0, 0.0, 0.0, 0.0, 0.0, 0.0, 0.0, 0.0, 0.0, 0.0, 0.0, 0.0, 1.0, 1.0, 1.0, 1.0, 1.0, 1.0, 1.0, 0.0, 1.0, 1.0, 1.0, 1.0, 1.0, 0.0, 1.0, 0.0, 0.0, 1.0, 0.0, 0.0, 1.0, 1.0, 1.0, 0.0, 1.0, 1.0, 0.0, 1.0, 1.0, 0.0, 0.0, 0.0, 1.0, 1.0, 1.0, 0.0, 1.0, 1.0, 1.0, 1.0, 1.0, 1.0, 1.0, 1.0, 0.0, 0.0, 0.0, 0.0, 1.0, 1.0, 1.0, 0.0, 0.0, 0.0, 1.0, 0.0, 0.0, 0.0, 1.0, 0.0, 0.0, 0.0, 0.0, 0.0, 1.0, 1.0, 1.0, 0.0, 0.0, 0.0, 1.0, 0.0, 0.0, 0.0, 0.0, 1.0, 0.0, 0.0, 0.0, 0.0, 0.0, 0.0, 0.0, 1.0, 0.0, 0.0, 0.0, 0.0, 1.0, 1.0, 1.0, 1.0, 0.0, 0.0, 0.0, 0.0, 1.0, 1.0, 1.0, 0.0, 0.0, 0.0, 1.0, 0.0, 1.0, 1.0, 1.0, 1.0, 0.0, 0.0, 0.0, 0.0, 1.0, 1.0, 1.0, 1.0, 0.0, 0.0, 0.0, 0.0, 1.0, 1.0, 1.0, 1.0, 1.0, 1.0, 1.0, 0.0, 0.0, 0.0, 0.0, 0.0, 1.0, 0.0, 0.0, 0.0, 1.0, 1.0, 1.0, 1.0, 1.0, 1.0, 1.0, 1.0, 1.0, 1.0, 1.0, 1.0, 1.0, 1.0, 1.0, 0.0, 0.0, 0.0, 0.0, 0.0, 0.0, 0.0, 0.0, 0.0, 0.0, 1.0, 0.0, 1.0, 0.0, 1.0, 0.0, 1.0, 0.0, 0.0, 0.0, 1.0, 0.0, 0.0, 0.0, 0.0, 1.0, 1.0, 1.0, 0.0, 0.0, 0.0, 1.0, 0.0, 0.0, 0.0, 1.0, 0.0, 0.0, 0.0, 0.0, 0.0, 0.0, 1.0, 1.0, 1.0, 0.0, 0.0, 0.0, 0.0, 1.0, 1.0, 1.0, 0.0, 1.0, 1.0, 1.0, 1.0, 0.0, 0.0, 1.0, 0.0, 0.0, 0.0, 0.0, 0.0, 1.0, 1.0, 1.0, 1.0, 1.0, 1.0, 1.0, 0.0, 1.0, 1.0, 1.0, 1.0, 0.0, 0.0, 0.0, 0.0, 1.0, 1.0, 1.0, 1.0, 0.0, 0.0, 0.0, 0.0, 0.0, 1.0, 0.0, 0.0, 0.0, 0.0, 0.0, 0.0, 0.0, 0.0, 0.0, 0.0, 0.0, 0.0, 0.0, 0.0, 0.0, 0.0, 0.0, 0.0, 0.0, 0.0, 0.0, 0.0, 1.0, 1.0, 0.0, 1.0, 1.0, 0.0, 1.0, 0.0, 1.0, 1.0, 1.0, 1.0, 1.0, 0.0, 1.0, 1.0, 0.0, 0.0, 0.0, 0.0, 0.0, 1.0, 1.0, 0.0, 1.0, 0.0, 0.0, 1.0, 0.0, 0.0, 0.0, 0.0, 1.0, 1.0, 1.0, 0.0, 0.0, 0.0, 1.0, 0.0, 1.0, 1.0, 1.0, 0.0, 0.0, 0.0, 0.0, 0.0, 1.0, 1.0, 1.0, 1.0, 1.0, 1.0, 1.0, 0.0, 0.0, 0.0, 0.0, 0.0, 0.0, 0.0, 0.0, 0.0, 1.0, 0.0, 1.0, 0.0, 0.0, 0.0, 0.0, 0.0, 1.0, 1.0, 1.0, 1.0, 1.0, 1.0, 1.0, 0.0, 1.0, 1.0, 1.0, 1.0, 1.0, 1.0, 0.0, 1.0, 1.0, 1.0, 1.0, 1.0, 0.0, 0.0, 0.0, 0.0, 1.0, 1.0, 1.0, 1.0, 1.0, 1.0, 1.0, 0.0, 0.0, 1.0, 1.0, 1.0, 0.0, 0.0, 0.0, 0.0, 1.0, 1.0, 1.0, 1.0, 0.0, 0.0, 0.0, 0.0, 1.0, 0.0, 1.0, 0.0, 0.0, 0.0, 0.0, 0.0, 1.0, 1.0, 1.0, 1.0, 1.0, 0.0, 1.0, 0.0, 1.0, 1.0, 1.0, 0.0, 1.0, 1.0, 0.0, 1.0, 1.0, 1.0, 1.0, 1.0, 0.0, 0.0, 0.0, 0.0, 0.0, 0.0, 0.0, 0.0, 0.0, 0.0, 0.0, 0.0, 1.0, 1.0, 1.0, 1.0, 0.0, 0.0, 0.0, 0.0, 0.0, 0.0, 0.0, 0.0, 0.0, 0.0, 0.0, 0.0, 0.0, 0.0, 0.0, 0.0, 0.0, 0.0, 0.0, 0.0, 1.0, 1.0, 0.0, 0.0, 1.0, 1.0, 1.0, 1.0, 1.0, 1.0, 1.0, 1.0, 1.0, 1.0, 1.0, 1.0, 1.0, 1.0, 1.0, 1.0, 1.0, 0.0, 1.0, 1.0, 0.0, 1.0, 0.0, 1.0, 0.0, 1.0, 0.0, 0.0, 1.0, 1.0, 1.0, 1.0, 0.0, 0.0, 1.0, 0.0, 1.0, 1.0, 1.0, 1.0, 0.0, 0.0, 0.0, 0.0, 0.0, 0.0, 0.0, 1.0, 0.0, 0.0, 0.0, 0.0, 1.0, 1.0, 1.0, 1.0, 0.0, 0.0, 0.0, 0.0, 0.0, 1.0, 1.0, 1.0, 0.0, 1.0, 1.0, 0.0, 1.0, 1.0, 1.0, 1.0, 0.0, 0.0, 0.0, 0.0, 1.0, 0.0, 1.0, 1.0, 1.0, 0.0, 0.0, 1.0, 1.0, 1.0, 1.0, 1.0, 1.0, 1.0, 1.0, 0.0, 0.0, 1.0, 1.0, 1.0, 1.0, 1.0, 0.0, 0.0, 1.0, 1.0, 1.0, 1.0, 0.0, 0.0, 0.0, 0.0, 1.0, 1.0, 1.0, 0.0, 0.0, 0.0, 1.0, 0.0, 1.0, 1.0, 1.0, 1.0, 0.0, 0.0, 0.0, 0.0, 0.0, 0.0, 0.0, 0.0, 0.0, 0.0, 0.0, 0.0, 0.0, 0.0, 1.0, 1.0, 0.0, 0.0, 0.0, 0.0, 1.0, 1.0, 1.0, 1.0, 1.0, 0.0, 0.0, 1.0]",-295.2442605392121,597.0338707387587,-482.430437669722,964.860875339444,1.0,-12.51828050043735,28.214614831222644,1.2846122460949685,-433.45128860920846,873.4479268787513,True,True,True,True,True,0.7083333333333334,1.0,0.8333333333333334,1.0,0.8333333333333334,1.0,0.75,1.0,0.8333333333333334,1.0,0.75,1.0,"Z.exists(lambda x1: Z.equal(x1,'red','colour'),X)","Z.exists(lambda x1: Z.equal(x1,'red','colour'),X)","Z.exists(lambda x1: Z.equal(x1,'red','colour'),X)","Z.exists(lambda x1: Z.equal(x1,'red','colour'),X)",1.0,1.0,1.0,1.0,1.0,0.7083333333333334,0.6982758620689655,0.6867816091954023,0.6954022988505747,0.6925287356321839,5.241379310344827,1858,1983,1983,1,2000,1
60,74,142,5veYwyhYkk,Wl6enmNtC8pc-47KAAAV,Kappa,at least one is blue AND small,"[True, False, True, False, False, False, False, False]","[True, False, True, False, False, False, False, False]",0.75,0.75,There are at least 2 blue triangles of different sizes that do not touch each other.,"[['x1'],['x1','x2']]","Z.atleast(lambda x1: Z.exists(lambda x2: Z.and_operator(Z.and_operator(Z.equal(x1,'blue','colour'),Z.equal(x2,'blue','colour')),Z.and_operator(Z.not_operator(Z.equal(x1,x2,'size')),Z.not_operator(Z.hor_operator(x1,x2,'contact')))),X),2,X)",There are at least 2 blue triangles of different sizes that do not touch each other.,"[{'ids': [0, 1, 2, 3, 4], 'colours': ['blue', 'blue', 'green', 'green', 'green'], 'sizes': [1, 2, 1, 2, 3], 'xpos': [0.3094433528812804, 3.922363302427679, 5.337497520816633, 3.1134078380413537, 5.411614333804962], 'ypos': [4.111666666666668, 4.111666666666668, 4.111666666666668, 4.111666666666668, 4.111666653102389], 'rotations': [3.141592653589794, 3.1415926535897927, 3.141592653589793, 3.1415926535897927, 3.1415926801864194], 'orientations': ['upright', 'upright', 'upright', 'upright', 'upright'], 'contact': [[0], [1, 3], [2], [3, 1], [4]], 'grounded': ['yes', 'yes', 'yes', 'yes', 'yes'], 'follow_rule': True}, {'ids': [0, 1], 'colours': ['green', 'green'], 'sizes': [3, 2], 'xpos': [1.370979877809483, 1.370056867361327], 'ypos': [4.101804347021458, 4.111715331636148], 'rotations': [3.1464418564557715, 3.1415820497868863], 'orientations': ['upright', 'upright'], 'contact': [[0, 1], [1, 0]], 'grounded': ['no', 'yes'], 'follow_rule': False}, {'ids': [0, 1], 'colours': ['blue', 'blue'], 'sizes': [2, 1], 'xpos': [3.7304851781013064, 1.3362951297493197], 'ypos': [4.107487797208264, 4.106908581403539], 'rotations': [3.1402529798184102, 3.1422402878325655], 'orientations': ['upright', 'upright'], 'contact': [[0], [1]], 'grounded': ['yes', 'yes'], 'follow_rule': True}, {'ids': [0, 1], 'colours': ['blue', 'blue'], 'sizes': [2, 2], 'xpos': [1.455024839517196, 4.412852459144776], 'ypos': [4.107964515872372, 3.729998673458517], 'rotations': [3.1447599404865616, 5.048592050276688], 'orientations': ['upright', 'rhs'], 'contact': [[0], [1]], 'grounded': ['yes', 'yes'], 'follow_rule': False}, {'ids': [0, 1], 'colours': ['blue', 'blue'], 'sizes': [3, 2], 'xpos': [1.1434199951060235, 1.1209542295201982], 'ypos': [4.108656882408262, 3.098068394291589], 'rotations': [3.1411979742135347, 3.750723764987314], 'orientations': ['upright', 'strange'], 'contact': [[0, 1], [1, 0]], 'grounded': ['yes', 'no'], 'follow_rule': False}, {'ids': [0, 1], 'colours': ['blue', 'blue'], 'sizes': [3, 1], 'xpos': [5.936574225324548, 3.9804000333065725], 'ypos': [3.634665187975169, 4.109596221909703], 'rotations': [5.038489694868553, 3.1484837976541504], 'orientations': ['rhs', 'upright'], 'contact': [[0], [1]], 'grounded': ['yes', 'yes'], 'follow_rule': True}, {'ids': [0, 1, 2], 'colours': ['blue', 'blue', 'blue'], 'sizes': [2, 1, 3], 'xpos': [4.134862277966881, 6.022360412376496, 2.4026091685551156], 'ypos': [4.108607243945528, 3.8283620600583133, 3.6341227120535446], 'rotations': [3.1467158964059623, 5.07137322926178, 1.2452200038721921], 'orientations': ['upright', 'rhs', 'lhs'], 'contact': [[0], [1], [2]], 'grounded': ['yes', 'yes', 'yes'], 'follow_rule': True}, {'ids': [0, 1], 'colours': ['green', 'green'], 'sizes': [3, 2], 'xpos': [5.519027303160991, 2.6349617428188576], 'ypos': [4.107605600384821, 3.733825403221688], 'rotations': [3.143925312687018, 5.046801906666391], 'orientations': ['upright', 'rhs'], 'contact': [[0], [1]], 'grounded': ['yes', 'yes'], 'follow_rule': False}, {'ids': [0, 1, 2, 3, 4, 5, 6, 7], 'colours': ['red', 'blue', 'blue', 'red', 'red', 'green', 'red', 'blue'], 'sizes': [3, 1, 2, 2, 3, 2, 1, 2], 'xpos': [3.73068127782473, 5.21143043275308, 0.628029634657912, 5.41985831114537, 3.73221495043733, 2.6881904061602, 2.69592462610732, 4.6441478837753], 'ypos': [4.15955293434237, 3.88040887163376, 3.77952636825576, 4.00866939013447, 3.84618730815599, 4.16046505787232, 3.36197381341272, 4.15735107629793], 'rotations': [3.14513282779734, 5.0677355060028, 5.0513292843393, 2.88192941289468, 3.14453575957132, 3.13858862708556, 2.60114260528712, 3.14253353812844], 'contact': [[0, 4], [1, 3], 2, [3, 1, 7], [4, 0], [5, 6], [6, 5], [7, 3]], 'grounded': ['yes', 'yes', 'yes', 'no', 'no', 'yes', 'no', 'yes']}, {'ids': [0, 1, 2, 3, 4], 'colours': ['green', 'red', 'red', 'blue', 'blue'], 'sizes': [3, 3, 3, 1, 1], 'xpos': [0.494087661193018, 3.9483348516538, 5.27168256714865, 5.34332261433319, 0.73624872055367], 'ypos': [4.03747541930378, 4.15789345817489, 3.68793264237984, 3.6957884966519, 3.12182877557111], 'rotations': [3.39186622255945, 3.13985318391394, 5.03796059957422, 0.88254982855712, 3.37051889969503], 'contact': [[0, 4], 1, [2, 3], [3, 2], [4, 0]], 'grounded': ['yes', 'yes', 'yes', 'yes', 'no']}, {'ids': [0, 1, 2, 3], 'colours': ['red', 'blue', 'blue', 'green'], 'sizes': [1, 1, 2, 2], 'xpos': [3.18059163568182, 0.310290458717288, 3.1806567054277, 2.31556998810598], 'ypos': [4.16168723431181, 4.15876638336768, 4.1487939044355, 4.15777861520172], 'rotations': [3.14159140357956, 3.14265904643877, 3.14147445775215, 3.14506697679819], 'contact': [[0, 2], 1, [2, 0], 3], 'grounded': ['yes', 'yes', 'no', 'yes']}, {'ids': [0, 1, 2], 'colours': ['red', 'blue', 'blue'], 'sizes': [2, 1, 1], 'xpos': [4.18368803941992, 0.414042657065262, 2.15035350734386], 'ypos': [3.77956682056473, 4.15748311487421, 3.8762597297667], 'rotations': [1.23393916549627, 3.14433838895914, 1.21175410086331], 'contact': [{'V1': 0, 'V2': 1, 'V3': 2}], 'grounded': ['yes', 'yes', 'yes']}, {'ids': [0, 1, 2, 3], 'colours': ['red', 'blue', 'green', 'green'], 'sizes': [1, 2, 3, 2], 'xpos': [3.51554594721066, 0.952630095552302, 1.15938786102465, 4.3365248890533], 'ypos': [4.15861023322789, 3.78844050360235, 3.68324865018165, 3.81210635173936], 'rotations': [3.13374769948046, 1.95279692618981, 5.03789515425762, 2.09958352806452], 'contact': [[0, 3], 1, 2, [3, 0]], 'grounded': ['yes', 'yes', 'yes', 'yes']}, {'ids': [0, 1, 2, 3, 4, 5, 6], 'colours': ['red', 'green', 'green', 'red', 'red', 'green', 'blue'], 'sizes': [2, 2, 1, 2, 3, 1, 2], 'xpos': [6.87642919084431, 0.500811040908878, 6.83118798955539, 0.500811040908877, 2.84733119936067, 4.8509860534385, 6.36697442237732], 'ypos': [4.16175085069598, 4.16166666666667, 3.43496091839389, 3.86081693802354, 3.68420776646255, 3.88048305615273, 3.30313545616522], 'rotations': [3.14149734712368, 3.14159265358979, 3.21473720201577, 3.1415926535898, 5.03748075887867, 5.06844557980735, 3.76206868572812], 'contact': [[0, 6, 2], [1, 3], [2, 0, 6], [3, 1], 4, 5, [6, 0, 2]], 'grounded': ['yes', 'yes', 'no', 'no', 'yes', 'yes', 'no']}, {'ids': [0, 1, 2, 3], 'colours': ['green', 'red', 'green', 'green'], 'sizes': [3, 2, 3, 1], 'xpos': [0.68898442305447, 3.35991414777035, 6.19696481477246, 0.285852488312505], 'ypos': [4.14082379374931, 3.77953993499473, 3.68347394204074, 3.22090721981064], 'rotations': [3.17946147794873, 5.05131141313782, 1.24390261182064, 2.78305328423849], 'contact': [[0, 3], 1, 2, [3, 0]], 'grounded': ['yes', 'yes', 'yes', 'no']}, {'ids': [0, 1, 2, 3, 4, 5], 'colours': ['blue', 'green', 'red', 'green', 'red', 'red'], 'sizes': [2, 1, 3, 3, 2, 2], 'xpos': [1.90901458039544, 3.20404317572615, 5.35557787085149, 2.21502873493383, 4.45133508655654, 0.411178438002497], 'ypos': [4.15997299836821, 3.9724254650111, 3.68341260130509, 3.66870790290145, 3.29547827552602, 4.15884184210246], 'rotations': [3.14582683698787, 3.82418159605204, 1.24456815445981, 4.50974799681394, 6.86637263771617, 3.14292060739547], 'contact': [[0, 3], [1, 3], [2, 4], [3, 0, 1], [4, 2], 5], 'grounded': ['yes', 'yes', 'yes', 'yes', 'yes', 'yes']}]","[False, True, True, True, False, False, False, True]","[False, False, True, False, True, True, True, False]","[True, False, False, False, False, False, False, False]","[False, True, False, True, False, False, False, True]","[True, False, False, False, False, False, False, False]","[True, True, False, True, True, True, True, True]","[False, False, True, False, False, False, False, False]","[False, False, False, False, False, False, False, False]",0.0,0.125,0.0,0.125,0.5,0.875,0.5,0.625,0.25,0.125,-0.125,0.0,0.5,0.125,467.7831001373352,-5.549457500218862,-5.545177444479562,13.17835654211756,11.090354888959125,3.97878204311917,-10.965027317116649,-11.090354888959125,24.70264335647308,22.18070977791825,1.0502311195665048,"[1.0, 1.0, 1.0, 1.0, 1.0, 0.0, 1.0, 0.0, 1.0, 1.0, 1.0, 1.0, 1.0, 1.0, 1.0, 0.0135, 0.9530000000000001, 0.092, 0.5895, 0.5895, 1.0, 0.0, 0.0, 0.861, 1.0, 1.0, 1.0, 0.2925, 0.999, 0.999, 1.0, 0.7155, 0.0, 0.0, 1.0, 0.0, 0.0, 0.0, 1.0, 0.0, 0.0, 0.0, 1.0, 0.0, 0.0, 0.0, 1.0, 0.0, 1.0, 1.0, 1.0, 1.0, 0.0, 0.0, 0.0, 0.0, 1.0, 1.0, 1.0, 1.0, 0.935, 0.935, 0.935, 0.935, 1.0, 1.0, 1.0, 1.0, 0.0, 1.0, 0.0, 0.0, 0.0, 1.0, 1.0, 1.0, 1.0, 1.0, 1.0, 1.0, 1.0, 1.0, 1.0, 1.0, 0.0935, 0.0935, 0.0935, 0.0935, 1.0, 1.0, 1.0, 1.0, 1.0, 1.0, 1.0, 1.0, 1.0, 1.0, 1.0, 1.0, 1.0, 1.0, 1.0, 0.013000000000000001, 1.0, 1.0, 0.998, 1.0, 1.0, 0.002, 0.998, 0.002, 1.0, 1.0, 1.0, 1.0, 1.0, 1.0, 1.0, 0.0, 0.973, 1.0, 0.9530000000000001, 1.0, 0.8925000000000001, 0.9195, 0.17400000000000002, 0.201, 1.0, 1.0, 1.0, 1.0, 0.0, 0.0, 0.0, 0.0, 1.0, 1.0, 1.0, 0.24, 1.0, 1.0, 0.968, 1.0, 0.653, 0.653, 0.653, 1.0, 0.2535, 0.2535, 0.7035, 0.10300000000000001, 1.0, 1.0, 1.0, 1.0, 0.0, 1.0, 0.0, 0.0, 1.0, 1.0, 1.0, 0.012, 0.988, 0.988, 1.0, 1.0, 1.0, 0.0, 1.0, 1.0, 1.0, 0.0, 0.0, 1.0, 0.0, 0.0, 0.0, 1.0, 1.0, 0.0, 0.0, 0.0, 1.0, 1.0, 1.0, 1.0, 0.0, 0.0, 0.0, 0.0, 1.0, 1.0, 1.0, 1.0, 0.0, 0.0, 0.0, 0.0, 1.0, 1.0, 1.0, 1.0, 1.0, 1.0, 0.841, 1.0, 1.0, 1.0, 1.0, 1.0, 0.0, 0.0, 0.0, 0.0, 1.0, 1.0, 1.0, 1.0, 1.0, 1.0, 1.0, 0.0, 0.197, 0.0, 0.85, 0.653, 0.803, 0.0, 0.0, 0.0, 0.8525, 0.847, 0.9935, 0.847, 0.28300000000000003, 0.4305, 0.426, 0.426, 1.0, 1.0, 1.0, 1.0, 1.0, 1.0, 1.0, 0.0, 0.798, 1.0, 0.7995, 0.7995, 0.0275, 0.029, 0.2265, 0.1975, 1.0, 1.0, 1.0, 1.0, 0.0, 0.0, 0.0, 0.0, 0.862, 0.854, 0.8595, 0.8955000000000001, 0.045, 0.0005, 0.8695, 0.8505, 1.0, 1.0, 1.0, 0.022, 1.0, 1.0, 1.0, 0.978, 0.28400000000000003, 0.0145, 0.1885, 0.0275, 0.2755, 0.0, 0.0015, 0.013000000000000001, 0.0, 0.0, 0.0, 1.0, 1.0, 0.0, 0.0, 0.0, 1.0, 1.0, 1.0, 1.0, 0.0, 0.0, 0.0, 0.0, 1.0, 1.0, 1.0, 1.0, 1.0, 0.0, 1.0, 0.0, 1.0, 1.0, 1.0, 1.0, 1.0, 1.0, 1.0, 0.0, 1.0, 1.0, 1.0, 0.728, 0.8265, 0.5545, 0.5545, 0.8265, 1.0, 1.0, 1.0, 1.0, 1.0, 1.0, 1.0, 1.0, 1.0, 1.0, 1.0, 0.8715, 0.9365, 0.8695, 0.8695, 0.9365, 0.229, 0.229, 0.229, 0.229, 0.801, 0.03, 0.03, 0.801, 0.0, 0.0, 0.0, 1.0, 1.0, 0.0, 0.0, 0.0, 0.108, 0.114, 0.2315, 0.108, 0.114, 0.07050000000000001, 0.0495, 0.006, 1.0, 1.0, 1.0, 1.0, 0.0, 0.0, 0.0, 0.0, 0.8955000000000001, 0.895, 0.0115, 0.0, 0.883, 0.0, 0.0, 0.0, 1.0, 1.0, 1.0, 1.0, 0.0, 0.0, 0.0, 0.0, 0.902, 0.902, 0.902, 0.678, 0.88, 0.88, 0.902, 0.807, 1.0, 1.0, 1.0, 1.0, 0.0, 0.0, 0.0, 0.0, 1.0, 1.0, 1.0, 1.0, 1.0, 1.0, 1.0, 0.0, 1.0, 1.0, 1.0, 1.0, 0.0, 0.0, 0.0, 0.0, 1.0, 1.0, 1.0, 1.0, 0.008, 0.008, 0.008, 0.008, 1.0, 1.0, 1.0, 1.0, 1.0, 1.0, 1.0, 0.0, 1.0, 1.0, 1.0, 1.0, 1.0, 1.0, 0.6980000000000001, 1.0, 1.0, 1.0, 1.0, 1.0, 0.0, 0.0, 0.0, 0.0, 1.0, 1.0, 1.0, 1.0, 1.0, 1.0, 1.0, 0.0, 0.9530000000000001, 0.9530000000000001, 0.9530000000000001, 1.0, 1.0, 1.0, 0.641, 0.9530000000000001, 1.0, 1.0, 1.0, 1.0, 0.0, 0.0, 0.0, 0.0, 1.0, 1.0, 1.0, 1.0, 1.0, 1.0, 1.0, 1.0, 1.0, 1.0, 1.0, 1.0, 0.0, 0.0, 0.0, 0.0, 1.0, 1.0, 1.0, 1.0, 1.0, 1.0, 1.0, 1.0, 1.0, 1.0, 1.0, 1.0, 0.021500000000000002, 0.021500000000000002, 0.021500000000000002, 0.021500000000000002, 0.021500000000000002, 0.003, 0.02, 0.0095, 0.0095, 0.964, 0.9555, 0.0095, 1.0, 1.0, 1.0, 1.0, 1.0, 1.0, 1.0, 1.0, 1.0, 1.0, 1.0, 1.0, 0.0, 0.0, 0.0, 0.0, 1.0, 1.0, 1.0, 1.0, 0.0, 0.0, 1.0, 1.0, 1.0, 0.873, 0.198, 0.198, 1.0, 1.0, 0.6905, 1.0, 1.0, 1.0, 1.0, 1.0, 1.0, 1.0, 1.0, 0.0, 1.0, 0.999, 0.999, 1.0, 0.0025, 0.0025, 0.0025, 0.0025, 1.0, 1.0, 1.0, 1.0, 1.0, 0.686, 0.314, 0.0, 1.0, 1.0, 1.0, 1.0, 0.524, 0.524, 1.0, 0.47600000000000003, 1.0, 1.0, 1.0, 1.0, 0.008, 0.008, 0.008, 0.008, 0.9935, 0.9935, 0.9775, 0.9935, 0.9935, 0.0225, 0.988, 0.017, 1.0, 1.0, 1.0, 1.0, 0.0725, 0.0725, 0.0725, 0.0725, 0.041, 1.0, 1.0, 0.9590000000000001, 0.041, 0.9590000000000001, 1.0, 0.0, 0.7435, 0.9835, 0.7425, 0.986, 0.7435, 0.7435, 0.256, 0.987, 1.0, 0.005, 1.0, 1.0, 1.0, 0.005, 0.005, 1.0, 1.0, 1.0, 1.0, 1.0, 1.0, 1.0, 1.0, 0.0, 1.0, 1.0, 1.0, 1.0, 0.0, 0.0, 0.0, 0.0, 1.0, 1.0, 1.0, 1.0, 0.0, 0.0, 0.0, 0.0, 0.9705, 0.9705, 0.9145, 1.0, 0.8015, 0.8015, 0.9705, 0.7865, 1.0, 1.0, 1.0, 1.0, 0.0, 0.0, 0.0, 0.0, 1.0, 1.0, 1.0, 1.0, 0.0, 0.0, 0.0, 0.0, 1.0, 1.0, 1.0, 1.0, 0.0, 0.0, 0.0, 0.0, 1.0, 1.0, 1.0, 1.0, 1.0, 1.0, 1.0, 1.0]",-418.5875071169283,843.720363894191,-482.430437669722,964.860875339444,0.01,0.0,2.0794415416798357,1.0,-6.012187000291565,14.796962722822911,0.6334250289943713,"[1.0, 1.0, 1.0, 1.0, 1.0, 0.0, 1.0, 0.0, 1.0, 1.0, 1.0, 1.0, 1.0, 1.0, 1.0, 0.0, 0.0, 0.0, 0.0, 0.0, 0.0, 0.0, 0.0, 0.0, 1.0, 1.0, 1.0, 0.0, 0.0, 0.0, 1.0, 0.0, 0.0, 0.0, 1.0, 1.0, 0.0, 1.0, 1.0, 1.0, 1.0, 1.0, 1.0, 1.0, 0.0, 0.0, 1.0, 1.0, 1.0, 1.0, 1.0, 1.0, 0.0, 0.0, 0.0, 0.0, 1.0, 1.0, 1.0, 1.0, 0.0, 0.0, 0.0, 0.0, 0.0, 0.0, 0.0, 0.0, 0.0, 1.0, 1.0, 0.0, 1.0, 1.0, 1.0, 1.0, 0.0, 0.0, 0.0, 0.0, 1.0, 1.0, 1.0, 1.0, 0.0, 0.0, 0.0, 0.0, 1.0, 1.0, 1.0, 1.0, 1.0, 1.0, 0.0, 1.0, 1.0, 1.0, 1.0, 1.0, 1.0, 1.0, 1.0, 0.0, 1.0, 1.0, 1.0, 1.0, 1.0, 0.0, 1.0, 0.0, 0.0, 1.0, 0.0, 0.0, 1.0, 1.0, 1.0, 0.0, 1.0, 1.0, 0.0, 1.0, 1.0, 0.0, 0.0, 0.0, 1.0, 1.0, 1.0, 0.0, 1.0, 1.0, 1.0, 1.0, 1.0, 1.0, 1.0, 1.0, 0.0, 0.0, 0.0, 0.0, 1.0, 1.0, 1.0, 0.0, 0.0, 0.0, 1.0, 0.0, 0.0, 0.0, 1.0, 0.0, 0.0, 0.0, 0.0, 0.0, 1.0, 1.0, 1.0, 0.0, 0.0, 0.0, 1.0, 0.0, 0.0, 0.0, 0.0, 1.0, 0.0, 0.0, 0.0, 0.0, 0.0, 0.0, 0.0, 1.0, 0.0, 0.0, 0.0, 0.0, 1.0, 1.0, 1.0, 1.0, 0.0, 0.0, 0.0, 0.0, 1.0, 1.0, 1.0, 0.0, 0.0, 0.0, 1.0, 0.0, 1.0, 1.0, 1.0, 1.0, 0.0, 0.0, 0.0, 0.0, 1.0, 1.0, 1.0, 1.0, 0.0, 0.0, 0.0, 0.0, 1.0, 1.0, 1.0, 1.0, 1.0, 1.0, 1.0, 0.0, 0.0, 0.0, 0.0, 0.0, 1.0, 0.0, 0.0, 0.0, 1.0, 1.0, 1.0, 1.0, 1.0, 1.0, 1.0, 1.0, 1.0, 1.0, 1.0, 1.0, 1.0, 1.0, 1.0, 0.0, 0.0, 0.0, 0.0, 0.0, 0.0, 0.0, 0.0, 0.0, 0.0, 1.0, 0.0, 1.0, 0.0, 1.0, 0.0, 1.0, 0.0, 0.0, 0.0, 1.0, 0.0, 0.0, 0.0, 0.0, 1.0, 1.0, 1.0, 0.0, 0.0, 0.0, 1.0, 0.0, 1.0, 1.0, 1.0, 1.0, 1.0, 0.0, 1.0, 0.0, 0.0, 1.0, 1.0, 1.0, 0.0, 0.0, 0.0, 0.0, 1.0, 1.0, 1.0, 0.0, 1.0, 1.0, 1.0, 1.0, 0.0, 1.0, 1.0, 1.0, 0.0, 0.0, 0.0, 0.0, 1.0, 1.0, 1.0, 1.0, 1.0, 1.0, 1.0, 0.0, 1.0, 1.0, 1.0, 1.0, 0.0, 0.0, 0.0, 0.0, 1.0, 1.0, 1.0, 1.0, 0.0, 0.0, 0.0, 0.0, 0.0, 1.0, 0.0, 0.0, 0.0, 0.0, 0.0, 0.0, 1.0, 1.0, 1.0, 1.0, 1.0, 0.0, 1.0, 1.0, 0.0, 0.0, 0.0, 0.0, 0.0, 1.0, 1.0, 0.0, 1.0, 1.0, 1.0, 1.0, 1.0, 0.0, 1.0, 0.0, 1.0, 1.0, 1.0, 1.0, 1.0, 0.0, 1.0, 1.0, 0.0, 0.0, 0.0, 0.0, 0.0, 1.0, 1.0, 0.0, 1.0, 0.0, 0.0, 1.0, 0.0, 0.0, 0.0, 0.0, 1.0, 1.0, 1.0, 0.0, 0.0, 0.0, 1.0, 0.0, 1.0, 1.0, 1.0, 0.0, 0.0, 0.0, 0.0, 0.0, 1.0, 1.0, 1.0, 1.0, 1.0, 1.0, 1.0, 0.0, 0.0, 0.0, 0.0, 0.0, 0.0, 0.0, 0.0, 0.0, 1.0, 0.0, 1.0, 0.0, 0.0, 0.0, 0.0, 0.0, 1.0, 1.0, 1.0, 1.0, 1.0, 1.0, 1.0, 0.0, 1.0, 1.0, 1.0, 1.0, 1.0, 1.0, 0.0, 1.0, 1.0, 1.0, 1.0, 1.0, 0.0, 0.0, 0.0, 0.0, 1.0, 1.0, 1.0, 1.0, 1.0, 1.0, 1.0, 0.0, 0.0, 1.0, 1.0, 1.0, 0.0, 0.0, 0.0, 0.0, 1.0, 1.0, 1.0, 1.0, 0.0, 0.0, 0.0, 0.0, 1.0, 0.0, 1.0, 0.0, 0.0, 0.0, 0.0, 0.0, 1.0, 1.0, 1.0, 1.0, 1.0, 0.0, 1.0, 0.0, 1.0, 1.0, 1.0, 0.0, 1.0, 1.0, 0.0, 1.0, 1.0, 1.0, 1.0, 1.0, 0.0, 0.0, 0.0, 0.0, 0.0, 0.0, 0.0, 0.0, 0.0, 1.0, 0.0, 0.0, 1.0, 1.0, 1.0, 1.0, 0.0, 0.0, 0.0, 0.0, 0.0, 0.0, 0.0, 0.0, 0.0, 0.0, 0.0, 0.0, 1.0, 0.0, 1.0, 0.0, 0.0, 0.0, 0.0, 0.0, 1.0, 1.0, 0.0, 0.0, 1.0, 1.0, 1.0, 1.0, 1.0, 1.0, 1.0, 1.0, 1.0, 1.0, 1.0, 1.0, 1.0, 1.0, 1.0, 1.0, 1.0, 0.0, 1.0, 1.0, 0.0, 1.0, 0.0, 1.0, 0.0, 1.0, 0.0, 0.0, 1.0, 1.0, 1.0, 1.0, 0.0, 0.0, 1.0, 0.0, 1.0, 1.0, 1.0, 1.0, 0.0, 0.0, 0.0, 0.0, 0.0, 0.0, 0.0, 1.0, 0.0, 0.0, 0.0, 0.0, 1.0, 1.0, 1.0, 1.0, 0.0, 0.0, 0.0, 0.0, 0.0, 1.0, 1.0, 1.0, 0.0, 1.0, 1.0, 0.0, 1.0, 1.0, 1.0, 1.0, 0.0, 0.0, 0.0, 0.0, 1.0, 0.0, 1.0, 1.0, 1.0, 0.0, 0.0, 1.0, 1.0, 1.0, 1.0, 1.0, 1.0, 1.0, 1.0, 0.0, 0.0, 1.0, 1.0, 1.0, 1.0, 1.0, 0.0, 0.0, 1.0, 1.0, 1.0, 1.0, 0.0, 0.0, 0.0, 0.0, 1.0, 1.0, 1.0, 0.0, 0.0, 0.0, 1.0, 0.0, 1.0, 1.0, 1.0, 1.0, 0.0, 0.0, 0.0, 0.0, 0.0, 0.0, 0.0, 0.0, 0.0, 0.0, 0.0, 0.0, 0.0, 1.0, 0.0, 1.0, 0.0, 1.0, 1.0, 0.0, 1.0, 1.0, 1.0, 1.0, 1.0, 0.0, 0.0, 1.0]",-318.3726801373107,643.2907099349558,0.01,0.0,-5.545177444479562,2.0794415416798357,11.090354888959125,1.0,-6.012187000291565,-11.090354888959125,14.796962722822911,22.18070977791825,0.6173530694834558,"[1.0, 1.0, 1.0, 1.0, 1.0, 0.0, 1.0, 0.0, 1.0, 1.0, 1.0, 1.0, 1.0, 1.0, 1.0, 0.0, 0.0, 0.0, 0.0, 0.0, 0.0, 0.0, 0.0, 0.0, 1.0, 1.0, 1.0, 0.0, 0.0, 0.0, 1.0, 0.0, 0.0, 0.0, 1.0, 1.0, 0.0, 1.0, 1.0, 1.0, 0.0, 0.0, 0.0, 0.0, 0.0, 0.0, 0.0, 0.0, 1.0, 1.0, 1.0, 1.0, 0.0, 0.0, 0.0, 0.0, 1.0, 1.0, 1.0, 1.0, 0.0, 0.0, 0.0, 0.0, 0.0, 0.0, 0.0, 0.0, 0.0, 1.0, 1.0, 0.0, 0.0, 0.0, 0.0, 1.0, 0.0, 0.0, 0.0, 0.0, 1.0, 1.0, 1.0, 1.0, 0.0, 0.0, 0.0, 0.0, 0.0, 0.0, 0.0, 0.0, 1.0, 1.0, 0.0, 1.0, 1.0, 1.0, 1.0, 1.0, 1.0, 1.0, 1.0, 0.0, 1.0, 1.0, 1.0, 1.0, 1.0, 0.0, 1.0, 0.0, 0.0, 1.0, 0.0, 0.0, 1.0, 1.0, 1.0, 0.0, 1.0, 1.0, 0.0, 1.0, 1.0, 0.0, 0.0, 0.0, 1.0, 1.0, 1.0, 0.0, 1.0, 1.0, 1.0, 1.0, 1.0, 1.0, 1.0, 1.0, 0.0, 0.0, 0.0, 0.0, 1.0, 1.0, 1.0, 0.0, 0.0, 0.0, 1.0, 0.0, 0.0, 0.0, 1.0, 0.0, 0.0, 0.0, 0.0, 0.0, 1.0, 1.0, 1.0, 0.0, 0.0, 0.0, 1.0, 0.0, 0.0, 0.0, 0.0, 1.0, 0.0, 0.0, 0.0, 0.0, 0.0, 0.0, 0.0, 1.0, 0.0, 0.0, 0.0, 0.0, 1.0, 1.0, 1.0, 1.0, 0.0, 0.0, 0.0, 0.0, 1.0, 1.0, 1.0, 0.0, 0.0, 0.0, 1.0, 0.0, 1.0, 1.0, 1.0, 1.0, 0.0, 0.0, 0.0, 0.0, 1.0, 1.0, 1.0, 1.0, 0.0, 0.0, 0.0, 0.0, 1.0, 1.0, 1.0, 1.0, 1.0, 1.0, 1.0, 0.0, 0.0, 0.0, 0.0, 0.0, 1.0, 0.0, 0.0, 0.0, 1.0, 1.0, 1.0, 1.0, 1.0, 1.0, 1.0, 1.0, 1.0, 1.0, 1.0, 1.0, 1.0, 1.0, 1.0, 0.0, 0.0, 0.0, 0.0, 0.0, 0.0, 0.0, 0.0, 0.0, 0.0, 1.0, 0.0, 1.0, 0.0, 1.0, 0.0, 1.0, 0.0, 0.0, 0.0, 1.0, 0.0, 0.0, 0.0, 0.0, 1.0, 1.0, 1.0, 0.0, 0.0, 0.0, 1.0, 0.0, 1.0, 1.0, 1.0, 1.0, 1.0, 0.0, 1.0, 0.0, 0.0, 1.0, 1.0, 1.0, 0.0, 0.0, 0.0, 0.0, 1.0, 1.0, 1.0, 0.0, 1.0, 1.0, 1.0, 1.0, 0.0, 1.0, 1.0, 1.0, 0.0, 0.0, 0.0, 0.0, 1.0, 1.0, 1.0, 1.0, 1.0, 1.0, 1.0, 0.0, 1.0, 1.0, 1.0, 1.0, 0.0, 0.0, 0.0, 0.0, 1.0, 1.0, 1.0, 1.0, 0.0, 0.0, 0.0, 0.0, 0.0, 1.0, 0.0, 0.0, 0.0, 0.0, 0.0, 0.0, 0.0, 0.0, 0.0, 0.0, 0.0, 0.0, 0.0, 0.0, 1.0, 0.0, 1.0, 1.0, 1.0, 0.0, 0.0, 1.0, 1.0, 1.0, 1.0, 1.0, 1.0, 0.0, 1.0, 0.0, 1.0, 1.0, 1.0, 1.0, 1.0, 0.0, 1.0, 1.0, 0.0, 0.0, 0.0, 0.0, 0.0, 1.0, 1.0, 0.0, 1.0, 0.0, 0.0, 1.0, 0.0, 0.0, 0.0, 0.0, 1.0, 1.0, 1.0, 0.0, 0.0, 0.0, 1.0, 0.0, 1.0, 1.0, 1.0, 0.0, 0.0, 0.0, 0.0, 0.0, 1.0, 1.0, 1.0, 1.0, 1.0, 1.0, 1.0, 0.0, 0.0, 0.0, 0.0, 0.0, 0.0, 0.0, 0.0, 0.0, 1.0, 0.0, 1.0, 0.0, 0.0, 0.0, 0.0, 0.0, 1.0, 1.0, 1.0, 1.0, 1.0, 1.0, 1.0, 0.0, 1.0, 1.0, 1.0, 1.0, 1.0, 1.0, 0.0, 1.0, 1.0, 1.0, 1.0, 1.0, 0.0, 0.0, 0.0, 0.0, 1.0, 1.0, 1.0, 1.0, 1.0, 1.0, 1.0, 0.0, 0.0, 1.0, 1.0, 1.0, 0.0, 0.0, 0.0, 0.0, 1.0, 1.0, 1.0, 1.0, 0.0, 0.0, 0.0, 0.0, 1.0, 0.0, 1.0, 0.0, 0.0, 0.0, 0.0, 0.0, 1.0, 1.0, 1.0, 1.0, 1.0, 0.0, 1.0, 0.0, 1.0, 1.0, 1.0, 0.0, 1.0, 1.0, 0.0, 1.0, 1.0, 1.0, 1.0, 1.0, 0.0, 0.0, 0.0, 0.0, 0.0, 0.0, 0.0, 0.0, 0.0, 1.0, 0.0, 0.0, 1.0, 1.0, 1.0, 1.0, 0.0, 0.0, 0.0, 0.0, 0.0, 0.0, 0.0, 0.0, 0.0, 0.0, 0.0, 0.0, 1.0, 0.0, 1.0, 0.0, 0.0, 0.0, 0.0, 0.0, 1.0, 1.0, 0.0, 0.0, 1.0, 1.0, 1.0, 1.0, 1.0, 1.0, 1.0, 1.0, 1.0, 1.0, 1.0, 1.0, 1.0, 1.0, 1.0, 1.0, 1.0, 0.0, 1.0, 1.0, 0.0, 1.0, 0.0, 1.0, 0.0, 1.0, 0.0, 0.0, 1.0, 1.0, 1.0, 1.0, 0.0, 0.0, 1.0, 0.0, 1.0, 1.0, 1.0, 1.0, 0.0, 0.0, 0.0, 0.0, 0.0, 0.0, 0.0, 1.0, 0.0, 0.0, 0.0, 0.0, 1.0, 1.0, 1.0, 1.0, 0.0, 0.0, 0.0, 0.0, 0.0, 1.0, 1.0, 1.0, 0.0, 1.0, 1.0, 0.0, 1.0, 1.0, 1.0, 1.0, 0.0, 0.0, 0.0, 0.0, 1.0, 0.0, 1.0, 1.0, 1.0, 0.0, 0.0, 1.0, 1.0, 1.0, 1.0, 1.0, 1.0, 1.0, 1.0, 0.0, 0.0, 0.0, 1.0, 0.0, 0.0, 1.0, 0.0, 0.0, 1.0, 1.0, 1.0, 1.0, 0.0, 0.0, 0.0, 0.0, 1.0, 1.0, 1.0, 0.0, 0.0, 0.0, 1.0, 0.0, 1.0, 1.0, 1.0, 1.0, 0.0, 0.0, 0.0, 0.0, 0.0, 0.0, 0.0, 0.0, 0.0, 0.0, 0.0, 0.0, 0.0, 1.0, 0.0, 1.0, 0.0, 1.0, 1.0, 0.0, 1.0, 1.0, 1.0, 1.0, 1.0, 0.0, 0.0, 1.0]",-311.9759791000219,630.4973078603782,-482.430437669722,964.860875339444,467.7831001373352,-5.549457500218862,-5.545177444479562,13.17835654211756,11.090354888959125,620.6057578863351,-11.096098508543957,-11.090354888959125,24.964785739327695,22.18070977791825,1.0908740239314543,"[0.0, 0.0, 1.0, 0.0, 0.0, 0.0, 0.0, 0.0, 1.0, 1.0, 1.0, 1.0, 0.877, 0.877, 0.877, 0.0, 1.0, 0.259, 1.0, 1.0, 0.8015, 0.0, 0.259, 1.0, 1.0, 1.0, 1.0, 1.0, 1.0, 1.0, 1.0, 0.0, 0.0, 0.0, 1.0, 0.0, 0.0, 0.0, 1.0, 0.0, 0.0, 0.0, 1.0, 0.0, 0.0, 0.0, 1.0, 0.0, 0.0, 0.0, 0.0, 0.0775, 0.0, 0.0, 0.1635, 0.47100000000000003, 1.0, 1.0, 1.0, 1.0, 0.0, 0.0, 0.0, 0.0, 0.0, 0.0, 0.0, 0.0, 0.0, 0.0, 0.0, 0.0, 1.0, 1.0, 1.0, 1.0, 1.0, 1.0, 1.0, 0.0, 1.0, 1.0, 1.0, 1.0, 0.0, 0.0, 0.0, 0.0, 0.0, 0.0, 0.0, 0.0, 0.0, 0.113, 0.113, 0.0, 0.0, 0.0, 0.0, 1.0, 0.0, 0.0, 0.0, 0.0, 1.0, 1.0, 1.0, 1.0, 0.0, 0.0, 0.0, 0.0, 0.9995, 1.0, 1.0, 0.663, 1.0, 1.0, 1.0, 0.353, 1.0, 1.0, 1.0, 1.0, 0.082, 0.082, 0.0, 0.0, 0.973, 1.0, 0.7655000000000001, 0.605, 0.973, 1.0, 1.0, 0.368, 0.0, 0.0, 1.0, 0.0, 1.0, 0.0, 1.0, 0.0, 1.0, 1.0, 1.0, 1.0, 0.0, 0.0, 1.0, 0.0, 1.0, 1.0, 1.0, 1.0, 0.0, 0.9465, 0.0, 0.0, 0.666, 1.0, 0.666, 0.666, 0.0, 0.0, 0.7975, 0.0, 0.0, 0.9430000000000001, 0.0, 1.0, 1.0, 0.0, 0.0, 0.0, 0.0, 1.0, 0.0, 0.0, 0.0, 0.0, 0.0, 0.0, 1.0, 1.0, 1.0, 1.0, 0.0, 0.0, 0.0, 0.0, 1.0, 1.0, 1.0, 1.0, 1.0, 1.0, 1.0, 0.0005, 1.0, 1.0, 1.0, 1.0, 1.0, 1.0, 0.0, 1.0, 1.0, 1.0, 1.0, 1.0, 0.0, 0.0, 0.0, 0.0, 1.0, 1.0, 1.0, 1.0, 1.0, 1.0, 1.0, 0.0, 1.0, 0.0, 1.0, 0.0, 0.0, 0.0, 0.0, 0.0, 0.0, 1.0, 0.0, 1.0, 0.0, 1.0, 0.0, 1.0, 1.0, 1.0, 1.0, 1.0, 1.0, 1.0, 1.0, 0.0, 1.0, 0.0, 1.0, 1.0, 1.0, 0.0, 0.0, 1.0, 1.0, 1.0, 1.0, 1.0, 1.0, 1.0, 1.0, 1.0, 0.0, 0.9580000000000001, 0.0, 0.0, 0.0, 0.0, 0.0045000000000000005, 0.0, 0.0, 0.0, 0.0, 0.0, 0.0, 0.0, 0.0, 1.0, 0.0, 0.0, 0.0005, 0.0, 0.0, 0.0, 0.0, 0.0, 0.0, 1.0, 0.0, 0.0, 0.0, 0.0, 0.0, 0.0, 1.0, 1.0, 1.0, 0.001, 0.001, 0.001, 1.0, 0.0, 0.0, 0.0, 0.6225, 0.0, 0.0, 0.0, 0.0, 0.0, 1.0, 1.0, 1.0, 1.0, 0.0, 0.0, 0.0, 0.0, 0.0, 0.0, 0.0, 0.0, 0.0, 0.0, 0.0, 0.0, 1.0, 1.0, 1.0, 1.0, 1.0, 1.0, 1.0, 0.0, 0.0, 0.0, 0.0, 1.0, 0.0, 0.0, 1.0, 0.0, 1.0, 1.0, 1.0, 1.0, 0.0, 0.0, 0.0, 0.0, 0.0, 1.0, 0.0, 0.0, 1.0, 0.0, 0.0, 1.0, 1.0, 1.0, 1.0, 1.0, 0.0, 0.0, 0.0, 0.0, 1.0, 1.0, 1.0, 1.0, 1.0, 0.0, 1.0, 1.0, 0.0, 0.0005, 0.0, 0.0, 0.0, 0.38, 0.0, 0.0, 1.0, 1.0, 1.0, 1.0, 0.0, 0.0, 0.0, 0.0, 1.0, 1.0, 1.0, 0.999, 1.0, 1.0, 1.0, 0.0195, 1.0, 1.0, 1.0, 1.0, 0.0, 0.0, 0.0, 0.0, 0.0, 0.6285000000000001, 0.0, 0.328, 0.0, 0.0, 0.6285000000000001, 0.0, 0.0, 0.0, 0.0, 0.0, 0.0, 0.0, 0.0, 1.0, 1.0, 1.0, 1.0, 1.0, 0.0, 0.0, 0.0, 0.0, 1.0, 1.0, 1.0, 1.0, 1.0, 1.0, 1.0, 0.0, 1.0, 1.0, 1.0, 1.0, 1.0, 1.0, 0.0375, 1.0, 1.0, 1.0, 1.0, 1.0, 0.0, 0.0, 0.0, 0.0, 1.0, 1.0, 1.0, 1.0, 1.0, 1.0, 1.0, 0.0, 1.0, 1.0, 1.0, 1.0, 1.0, 1.0, 0.0, 1.0, 1.0, 1.0, 1.0, 1.0, 0.0, 0.0, 0.0, 0.0, 1.0, 1.0, 1.0, 1.0, 1.0, 1.0, 1.0, 1.0, 0.0, 0.0, 0.4395, 0.0, 0.0, 0.0, 0.001, 1.0, 0.0, 0.0, 0.0, 0.0, 0.0, 0.0, 0.0, 0.0, 1.0, 1.0, 1.0, 0.0, 1.0, 0.0, 0.0, 1.0, 0.0, 0.0, 1.0, 1.0, 1.0, 0.0, 0.0, 0.0, 0.0, 0.0, 0.0, 0.0, 0.0, 0.0, 0.0, 0.0, 1.0, 1.0, 1.0, 1.0, 0.0, 0.0, 0.0, 0.0, 0.0, 0.0, 0.0, 0.0, 0.0, 1.0, 0.0, 0.0, 1.0, 1.0, 1.0, 1.0, 0.0, 0.4945, 0.0, 0.0, 1.0, 1.0, 1.0, 1.0, 0.0, 0.0, 1.0, 1.0, 1.0, 1.0, 1.0, 1.0, 0.0, 0.0, 0.0, 0.0, 1.0, 1.0, 1.0, 1.0, 1.0, 0.704, 0.296, 0.0, 1.0, 1.0, 1.0, 1.0, 0.0, 0.0, 1.0, 1.0, 1.0, 1.0, 1.0, 1.0, 0.0, 0.0, 0.0, 0.0, 0.006, 1.0, 0.006, 0.708, 0.298, 1.0, 0.298, 1.0, 1.0, 1.0, 1.0, 1.0, 0.0, 0.0, 0.0, 0.0, 1.0, 0.0, 1.0, 1.0, 1.0, 0.0, 0.0, 1.0, 0.0, 1.0, 1.0, 1.0, 0.0, 0.0, 0.0, 0.0, 1.0, 0.224, 1.0, 1.0, 0.776, 0.0, 0.224, 1.0, 1.0, 1.0, 1.0, 1.0, 0.0, 0.0, 0.0, 0.0, 1.0, 1.0, 0.0, 1.0, 1.0, 1.0, 0.0, 1.0, 1.0, 1.0, 1.0, 1.0, 0.0, 0.0, 0.0, 0.0, 1.0, 1.0, 1.0, 1.0, 1.0, 1.0, 1.0, 0.0, 1.0, 1.0, 1.0, 1.0, 0.0, 0.0, 0.0, 0.0, 0.0, 0.0, 0.0, 0.0, 0.0, 0.0, 0.0, 0.0, 1.0, 0.4865, 1.0, 1.0, 1.0, 0.0075, 0.4865, 1.0, 0.0225, 0.0, 0.0, 0.9775, 0.0, 0.0, 0.0, 0.0]",-419.18595103414617,844.9172517286268,-482.430437669722,964.860875339444,0.01,0.0,-5.545177444479562,2.0794415416798357,11.090354888959125,1.0,-6.012187000291565,-11.090354888959125,14.796962722822911,22.18070977791825,0.5787520451143159,"[1.0, 1.0, 1.0, 1.0, 1.0, 0.0, 1.0, 0.0, 1.0, 1.0, 1.0, 1.0, 1.0, 1.0, 1.0, 0.0, 0.0, 0.0, 0.0, 0.0, 0.0, 0.0, 0.0, 0.0, 1.0, 1.0, 1.0, 1.0, 0.0, 0.0, 1.0, 0.0, 0.0, 0.0, 0.0, 0.0, 0.0, 1.0, 0.0, 0.0, 0.0, 0.0, 0.0, 0.0, 0.0, 0.0, 0.0, 0.0, 1.0, 1.0, 1.0, 1.0, 0.0, 0.0, 0.0, 0.0, 1.0, 1.0, 1.0, 1.0, 0.0, 0.0, 0.0, 0.0, 0.0, 0.0, 0.0, 0.0, 0.0, 1.0, 1.0, 0.0, 1.0, 1.0, 1.0, 1.0, 0.0, 0.0, 0.0, 0.0, 1.0, 1.0, 1.0, 1.0, 0.0, 0.0, 0.0, 0.0, 0.0, 0.0, 0.0, 0.0, 0.0, 0.0, 0.0, 0.0, 1.0, 1.0, 1.0, 1.0, 1.0, 1.0, 1.0, 0.0, 1.0, 1.0, 1.0, 1.0, 1.0, 0.0, 1.0, 0.0, 0.0, 1.0, 0.0, 0.0, 1.0, 1.0, 1.0, 0.0, 1.0, 1.0, 0.0, 1.0, 1.0, 0.0, 0.0, 0.0, 1.0, 1.0, 1.0, 0.0, 1.0, 1.0, 1.0, 1.0, 1.0, 1.0, 1.0, 1.0, 0.0, 0.0, 0.0, 0.0, 1.0, 1.0, 1.0, 0.0, 0.0, 0.0, 1.0, 0.0, 0.0, 0.0, 1.0, 0.0, 0.0, 0.0, 0.0, 0.0, 1.0, 1.0, 1.0, 0.0, 0.0, 0.0, 1.0, 0.0, 0.0, 0.0, 0.0, 1.0, 0.0, 0.0, 0.0, 0.0, 0.0, 0.0, 0.0, 1.0, 0.0, 0.0, 0.0, 0.0, 1.0, 1.0, 1.0, 1.0, 0.0, 0.0, 0.0, 0.0, 1.0, 1.0, 1.0, 0.0, 0.0, 0.0, 1.0, 0.0, 1.0, 1.0, 1.0, 1.0, 0.0, 0.0, 0.0, 0.0, 1.0, 1.0, 1.0, 1.0, 0.0, 0.0, 0.0, 0.0, 1.0, 1.0, 1.0, 1.0, 1.0, 1.0, 1.0, 0.0, 0.0, 0.0, 0.0, 0.0, 1.0, 0.0, 0.0, 0.0, 1.0, 1.0, 1.0, 1.0, 1.0, 1.0, 1.0, 1.0, 1.0, 1.0, 1.0, 1.0, 1.0, 1.0, 1.0, 0.0, 0.0, 0.0, 0.0, 0.0, 0.0, 0.0, 0.0, 0.0, 0.0, 1.0, 0.0, 1.0, 0.0, 1.0, 0.0, 1.0, 0.0, 0.0, 0.0, 1.0, 0.0, 0.0, 0.0, 0.0, 1.0, 1.0, 1.0, 0.0, 0.0, 0.0, 1.0, 0.0, 0.0, 0.0, 1.0, 0.0, 0.0, 0.0, 0.0, 0.0, 0.0, 1.0, 1.0, 1.0, 0.0, 0.0, 0.0, 0.0, 1.0, 1.0, 1.0, 0.0, 1.0, 1.0, 1.0, 1.0, 0.0, 0.0, 1.0, 0.0, 0.0, 0.0, 0.0, 0.0, 1.0, 1.0, 1.0, 1.0, 1.0, 1.0, 1.0, 0.0, 1.0, 1.0, 1.0, 1.0, 0.0, 0.0, 0.0, 0.0, 1.0, 1.0, 1.0, 1.0, 0.0, 0.0, 0.0, 0.0, 0.0, 1.0, 0.0, 0.0, 0.0, 0.0, 0.0, 0.0, 0.0, 0.0, 0.0, 0.0, 0.0, 0.0, 0.0, 0.0, 0.0, 0.0, 0.0, 0.0, 0.0, 0.0, 0.0, 0.0, 1.0, 1.0, 0.0, 1.0, 1.0, 0.0, 1.0, 0.0, 1.0, 1.0, 1.0, 1.0, 1.0, 0.0, 1.0, 1.0, 0.0, 0.0, 0.0, 0.0, 0.0, 1.0, 1.0, 0.0, 1.0, 0.0, 0.0, 1.0, 0.0, 0.0, 0.0, 0.0, 1.0, 1.0, 1.0, 0.0, 0.0, 0.0, 1.0, 0.0, 1.0, 1.0, 1.0, 0.0, 0.0, 0.0, 0.0, 0.0, 1.0, 1.0, 1.0, 1.0, 1.0, 1.0, 1.0, 0.0, 0.0, 0.0, 0.0, 0.0, 0.0, 0.0, 0.0, 0.0, 1.0, 0.0, 1.0, 0.0, 0.0, 0.0, 0.0, 0.0, 1.0, 1.0, 1.0, 1.0, 1.0, 1.0, 1.0, 0.0, 1.0, 1.0, 1.0, 1.0, 1.0, 1.0, 0.0, 1.0, 1.0, 1.0, 1.0, 1.0, 0.0, 0.0, 0.0, 0.0, 1.0, 1.0, 1.0, 1.0, 1.0, 1.0, 1.0, 0.0, 0.0, 1.0, 1.0, 1.0, 0.0, 0.0, 0.0, 0.0, 1.0, 1.0, 1.0, 1.0, 0.0, 0.0, 0.0, 0.0, 1.0, 0.0, 1.0, 0.0, 0.0, 0.0, 0.0, 0.0, 1.0, 1.0, 1.0, 1.0, 1.0, 0.0, 1.0, 0.0, 1.0, 1.0, 1.0, 0.0, 1.0, 1.0, 0.0, 1.0, 1.0, 1.0, 1.0, 1.0, 0.0, 0.0, 0.0, 0.0, 0.0, 0.0, 0.0, 0.0, 0.0, 0.0, 0.0, 0.0, 1.0, 1.0, 1.0, 1.0, 0.0, 0.0, 0.0, 0.0, 0.0, 0.0, 0.0, 0.0, 0.0, 0.0, 0.0, 0.0, 0.0, 0.0, 0.0, 0.0, 0.0, 0.0, 0.0, 0.0, 1.0, 1.0, 0.0, 0.0, 1.0, 1.0, 1.0, 1.0, 1.0, 1.0, 1.0, 1.0, 1.0, 1.0, 1.0, 1.0, 1.0, 1.0, 1.0, 1.0, 1.0, 0.0, 1.0, 1.0, 0.0, 1.0, 0.0, 1.0, 0.0, 1.0, 0.0, 0.0, 1.0, 1.0, 1.0, 1.0, 0.0, 0.0, 1.0, 0.0, 1.0, 1.0, 1.0, 1.0, 0.0, 0.0, 0.0, 0.0, 0.0, 0.0, 0.0, 1.0, 0.0, 0.0, 0.0, 0.0, 1.0, 1.0, 1.0, 1.0, 0.0, 0.0, 0.0, 0.0, 0.0, 1.0, 1.0, 1.0, 0.0, 1.0, 1.0, 0.0, 1.0, 1.0, 1.0, 1.0, 0.0, 0.0, 0.0, 0.0, 1.0, 0.0, 1.0, 1.0, 1.0, 0.0, 0.0, 1.0, 1.0, 1.0, 1.0, 1.0, 1.0, 1.0, 1.0, 0.0, 0.0, 1.0, 1.0, 1.0, 1.0, 1.0, 0.0, 0.0, 1.0, 1.0, 1.0, 1.0, 0.0, 0.0, 0.0, 0.0, 1.0, 1.0, 1.0, 0.0, 0.0, 0.0, 1.0, 0.0, 1.0, 1.0, 1.0, 1.0, 0.0, 0.0, 0.0, 0.0, 0.0, 0.0, 0.0, 0.0, 0.0, 0.0, 0.0, 0.0, 0.0, 0.0, 1.0, 1.0, 0.0, 0.0, 0.0, 0.0, 1.0, 1.0, 1.0, 1.0, 1.0, 0.0, 0.0, 1.0]",-295.2442605392121,597.0338707387587,-482.430437669722,964.860875339444,592.3348703281686,-11.095425291899243,24.963439306038268,1.2846122460949685,-433.45128860920846,873.4479268787513,False,True,True,False,True,0.75,0.5,0.75,0.75,0.75,0.75,0.4375,0.5,0.75,0.75,0.5,0.75,"Z.exists(lambda x1: Z.lequal(x1,1,'size'),X)","Z.atleast(lambda x1: Z.exists(lambda x2: Z.and_operator(Z.and_operator(Z.equal(x1,'blue','colour'),Z.equal(x2,'blue','colour')),Z.and_operator(Z.not_operator(Z.equal(x1,x2,'size')),Z.not_operator(Z.hor_operator(x1,x2,'contact')))),X),2,X)","Z.exists(lambda x1: Z.less(x1,2,'size'),X)","Z.atleast(lambda x1: Z.exists(lambda x2: Z.and_operator(Z.and_operator(Z.equal(x1,'blue','colour'),Z.equal(x2,'blue','colour')),Z.and_operator(Z.not_operator(Z.equal(x1,x2,'size')),Z.not_operator(Z.hor_operator(x1,x2,'contact')))),X),2,X)",0.5,0.625,0.75,0.5,0.75,0.7083333333333334,0.6982758620689655,0.6867816091954023,0.6954022988505747,0.6925287356321839,5.241379310344827,0,0,0,0,0,0
61,75,143,5veYwyhYkk,Wl6enmNtC8pc-47KAAAV,Upsilon,none are upright,"[True, True, True, True, True, False, False, False]","[True, True, True, True, True, False, False, False]",0.875,0.875,at least two triangles touch each other and neither is standing straight up.,"[['x1'],['x1','x2']]","Z.exists(lambda x1: Z.exists(lambda x2: Z.and_operator(Z.hor_operator(x1,x2,'contact'),Z.and_operator(Z.not_operator(Z.equal(x1,'upright','orientation')),Z.not_operator(Z.equal(x2,'upright','orientation')))),X),X)",at least 2 triangles touch each other and neither are standing straight up.,"[{'ids': [0, 1, 2], 'colours': ['red', 'red', 'blue'], 'sizes': [3, 3, 1], 'xpos': [1.1125725839763605, 0.13458659825920705, 4.2500411668069225], 'ypos': [3.8061018594266685, 3.313196352119971, 3.8307506090986188], 'rotations': [3.799079623233246, 4.450222877854225, 1.2121899680575183], 'orientations': ['strange', 'strange', 'lhs'], 'contact': [[0, 1], [1, 0], [2]], 'grounded': ['yes', 'no', 'yes'], 'follow_rule': True}, {'ids': [0, 1], 'colours': ['red', 'red'], 'sizes': [2, 3], 'xpos': [6.545718552578239, 4.836019396751223], 'ypos': [4.11121175400707, 3.6335482968101642], 'rotations': [3.140522534101194, 1.2445455545630892], 'orientations': ['upright', 'lhs'], 'contact': [[0], [1]], 'grounded': ['yes', 'yes'], 'follow_rule': False}, {'ids': [0, 1], 'colours': ['red', 'red'], 'sizes': [3, 3], 'xpos': [4.741631922631855, 5.568779326911013], 'ypos': [3.637932642379844, 3.04921354914231], 'rotations': [5.037960599574217, 5.590658116663852], 'orientations': ['rhs', 'strange'], 'contact': [[0, 1], [1, 0]], 'grounded': ['yes', 'yes'], 'follow_rule': True}, {'ids': [0, 1], 'colours': ['red', 'red'], 'sizes': [3, 3], 'xpos': [5.83934443933142, 5.840226783919369], 'ypos': [4.108948929083639, 3.7923690550406355], 'rotations': [3.1440520058072994, 3.1428699067798673], 'orientations': ['upright', 'upright'], 'contact': [[0, 1], [1, 0]], 'grounded': ['yes', 'no'], 'follow_rule': False}, {'ids': [0, 1], 'colours': ['red', 'red'], 'sizes': [3, 1], 'xpos': [3.565338957838307, 3.9415632086835086], 'ypos': [3.638069946834514, 3.5577811782963775], 'rotations': [5.037768591003829, 2.578272698278227], 'orientations': ['rhs', 'strange'], 'contact': [[0, 1], [1, 0]], 'grounded': ['yes', 'no'], 'follow_rule': True}, {'ids': [0, 1], 'colours': ['red', 'red'], 'sizes': [1, 1], 'xpos': [1.0774412137355867, 1.0857266669575554], 'ypos': [4.107562038121624, 3.641655422965416], 'rotations': [3.1423752191982994, 2.6391160566449274], 'orientations': ['upright', 'upright'], 'contact': [[0, 1], [1, 0]], 'grounded': ['yes', 'no'], 'follow_rule': False}, {'ids': [0, 1], 'colours': ['red', 'red'], 'sizes': [1, 1], 'xpos': [3.3916490245881006, 4.452374073081158], 'ypos': [3.8287309832134393, 3.8101771389099803], 'rotations': [5.0743250179867925, 1.6763849457032345], 'orientations': ['rhs', 'lhs'], 'contact': [[0, 1], [1, 0]], 'grounded': ['yes', 'yes'], 'follow_rule': True}, {'ids': [0, 1], 'colours': ['blue', 'blue'], 'sizes': [2, 1], 'xpos': [2.414753147984813, 2.869929521779268], 'ypos': [3.7338626844070353, 3.809044113826317], 'rotations': [1.2361809112233169, 1.4485295246236842], 'orientations': ['lhs', 'lhs'], 'contact': [[0, 1], [1, 0]], 'grounded': ['yes', 'yes'], 'follow_rule': True}, {'ids': [0, 1, 2, 3, 4, 5], 'colours': ['red', 'green', 'green', 'red', 'red', 'green'], 'sizes': [3, 3, 3, 1, 3, 1], 'xpos': [4.04539932046708, 6.25367104406576, 1.31220887489158, 2.54397206141056, 5.03680142626962, 2.83313903630872], 'ypos': [3.68714653723475, 3.68793264237984, 3.68536700039956, 3.87290072175348, 3.71647947714512, 3.32290442001056], 'rotations': [1.24459422608336, 1.24522470760537, 5.03721490711028, 4.41693289260746, 2.04844681297516, 1.27753534246253], 'contact': [[0, 4, 3], 1, 2, [3, 0, 5], [4, 0], [5, 3]], 'grounded': ['yes', 'yes', 'yes', 'yes', 'yes', 'no']}, {'ids': [0, 1, 2, 3], 'colours': ['green', 'red', 'blue', 'red'], 'sizes': [1, 3, 2, 2], 'xpos': [3.91130904169482, 5.46428515532996, 6.02804597253327, 2.75909465803677], 'ypos': [3.88039857557471, 3.68809661044642, 3.83039687351375, 3.76829024369344], 'rotations': [1.21554845923219, 5.037860999749, 2.523398913166, 4.53015371920961], 'contact': [{'V1': [0, 3], 'V2': [1, 2], 'V3': [2, 1], 'V4': [3, 0]}], 'grounded': ['yes', 'yes', 'no', 'yes']}, {'ids': [0, 1], 'colours': ['red', 'red'], 'sizes': [1, 1], 'xpos': [2.66334600794472, 1.80432622054734], 'ypos': [3.88090170709236, 3.87778384307705], 'rotations': [1.21239198245414, 4.35415315781273], 'contact': [{'V1': [0, 1], 'V2': [1, 0]}], 'grounded': ['yes', 'yes']}, {'ids': [0, 1, 2, 3, 4], 'colours': ['red', 'red', 'blue', 'blue', 'green'], 'sizes': [3, 3, 1, 1, 1], 'xpos': [1.85360354206331, 4.53707158711655, 2.22962536171588, 3.31491059447484, 3.75418292003644], 'ypos': [3.68810486672765, 3.68793278435064, 3.60822662705904, 3.84556069624473, 3.52884365217974], 'rotations': [5.03784882313905, 1.24522475821424, 2.57929284346434, 1.86403082200312, 2.07051561191284], 'contact': [[0, 3, 2], [1, 4, 3], [2, 0], [3, 0, 1, 4], [4, 1, 3]], 'grounded': ['yes', 'yes', 'no', 'no', 'no']}, {'ids': [0, 1, 2, 3, 4, 5, 6], 'colours': ['red', 'green', 'red', 'red', 'green', 'green', 'red'], 'sizes': [1, 3, 2, 3, 3, 2, 2], 'xpos': [3.25946614949676, 2.44588297516233, 5.88127197371132, 4.16563349275137, 0.72362012303879, 2.368329881437, 7.02789960687692], 'ypos': [3.95518911276486, 3.68824247585198, 4.15744335942523, 4.15757462621801, 3.67646349730594, 3.64875460383896, 3.78297829877943], 'rotations': [3.90055989251386, 1.24543827105161, 3.14018849938784, 3.14209271550925, 4.46919423935855, 4.5928664481854, 5.04768654725134], 'contact': [[0, 5], [1, 5, 4], 2, 3, [4, 1], [5, 0, 1], 6], 'grounded': ['yes', 'yes', 'yes', 'yes', 'yes', 'no', 'yes']}, {'ids': [0, 1, 2, 3, 4], 'colours': ['red', 'blue', 'green', 'green', 'red'], 'sizes': [2, 1, 3, 3, 3], 'xpos': [1.81709153920562, 5.97480057561886, 3.31338082383512, 4.38059628007586, 6.61025661823443], 'ypos': [3.77963548478066, 4.15709914239659, 4.15857486018002, 4.1579783197977, 3.68443952609824], 'rotations': [1.2339014812192, 3.13995537974587, 3.14125891347883, 3.1426763466907, 5.03874238310661], 'contact': [{'V1': 0, 'V2': 1, 'V3': 2, 'V4': 3, 'V5': 4}], 'grounded': ['yes', 'yes', 'yes', 'yes', 'yes']}, {'ids': [0, 1, 2, 3, 4], 'colours': ['red', 'red', 'red', 'green', 'red'], 'sizes': [2, 3, 1, 3, 3], 'xpos': [3.73841073372075, 3.73677173096754, 2.76148516662288, 4.77214062348621, 4.69143283396105], 'ypos': [4.16009367569396, 4.14643505860911, 4.15849207519273, 4.15973417931752, 3.17867488361144], 'rotations': [3.13742681162325, 3.12687131684704, 3.14631730814226, 3.13796262321945, 2.12453024265947], 'contact': [[0, 1], [1, 0, 4], 2, [3, 4], [4, 1, 3]], 'grounded': ['yes', 'no', 'yes', 'yes', 'no']}, {'ids': [0, 1], 'colours': ['blue', 'red'], 'sizes': [1, 3], 'xpos': [4.12725264721393, 2.49227679939128], 'ypos': [4.15816511179978, 3.68449947257032], 'rotations': [3.13776634013453, 5.03835652479557], 'contact': [{'V1': 0, 'V2': 1}], 'grounded': ['yes', 'yes']}]","[False, False, False, False, False, False, True, True]","[False, False, False, False, False, True, False, False]","[True, True, True, True, True, False, False, False]","[False, False, False, False, False, False, True, True]","[True, True, True, True, False, False, False, False]","[True, True, True, True, False, True, True, True]","[False, False, False, False, True, False, False, False]","[False, False, False, False, False, False, False, False]",0.625,-0.125,0.0,-0.75,0.125,0.875,0.125,0.875,0.75,0.0,0.75,0.0,0.875,0.125,0.5138983445076495,-3.0141612900514945,-5.545177444479562,8.107764121782825,11.090354888959125,3.97878204311917,-10.965027317116649,-11.090354888959125,24.70264335647308,22.18070977791825,1.0502311195665048,"[1.0, 1.0, 1.0, 1.0, 1.0, 0.0, 1.0, 0.0, 1.0, 1.0, 1.0, 1.0, 1.0, 1.0, 1.0, 0.0135, 0.9530000000000001, 0.092, 0.5895, 0.5895, 1.0, 0.0, 0.0, 0.861, 1.0, 1.0, 1.0, 0.2925, 0.999, 0.999, 1.0, 0.7155, 0.0, 0.0, 1.0, 0.0, 0.0, 0.0, 1.0, 0.0, 0.0, 0.0, 1.0, 0.0, 0.0, 0.0, 1.0, 0.0, 1.0, 1.0, 1.0, 1.0, 0.0, 0.0, 0.0, 0.0, 1.0, 1.0, 1.0, 1.0, 0.935, 0.935, 0.935, 0.935, 1.0, 1.0, 1.0, 1.0, 0.0, 1.0, 0.0, 0.0, 0.0, 1.0, 1.0, 1.0, 1.0, 1.0, 1.0, 1.0, 1.0, 1.0, 1.0, 1.0, 0.0935, 0.0935, 0.0935, 0.0935, 1.0, 1.0, 1.0, 1.0, 1.0, 1.0, 1.0, 1.0, 1.0, 1.0, 1.0, 1.0, 1.0, 1.0, 1.0, 0.013000000000000001, 1.0, 1.0, 0.998, 1.0, 1.0, 0.002, 0.998, 0.002, 1.0, 1.0, 1.0, 1.0, 1.0, 1.0, 1.0, 0.0, 0.973, 1.0, 0.9530000000000001, 1.0, 0.8925000000000001, 0.9195, 0.17400000000000002, 0.201, 1.0, 1.0, 1.0, 1.0, 0.0, 0.0, 0.0, 0.0, 1.0, 1.0, 1.0, 0.24, 1.0, 1.0, 0.968, 1.0, 0.653, 0.653, 0.653, 1.0, 0.2535, 0.2535, 0.7035, 0.10300000000000001, 1.0, 1.0, 1.0, 1.0, 0.0, 1.0, 0.0, 0.0, 1.0, 1.0, 1.0, 0.012, 0.988, 0.988, 1.0, 1.0, 1.0, 0.0, 1.0, 1.0, 1.0, 0.0, 0.0, 1.0, 0.0, 0.0, 0.0, 1.0, 1.0, 0.0, 0.0, 0.0, 1.0, 1.0, 1.0, 1.0, 0.0, 0.0, 0.0, 0.0, 1.0, 1.0, 1.0, 1.0, 0.0, 0.0, 0.0, 0.0, 1.0, 1.0, 1.0, 1.0, 1.0, 1.0, 0.841, 1.0, 1.0, 1.0, 1.0, 1.0, 0.0, 0.0, 0.0, 0.0, 1.0, 1.0, 1.0, 1.0, 1.0, 1.0, 1.0, 0.0, 0.197, 0.0, 0.85, 0.653, 0.803, 0.0, 0.0, 0.0, 0.8525, 0.847, 0.9935, 0.847, 0.28300000000000003, 0.4305, 0.426, 0.426, 1.0, 1.0, 1.0, 1.0, 1.0, 1.0, 1.0, 0.0, 0.798, 1.0, 0.7995, 0.7995, 0.0275, 0.029, 0.2265, 0.1975, 1.0, 1.0, 1.0, 1.0, 0.0, 0.0, 0.0, 0.0, 0.862, 0.854, 0.8595, 0.8955000000000001, 0.045, 0.0005, 0.8695, 0.8505, 1.0, 1.0, 1.0, 0.022, 1.0, 1.0, 1.0, 0.978, 0.28400000000000003, 0.0145, 0.1885, 0.0275, 0.2755, 0.0, 0.0015, 0.013000000000000001, 0.0, 0.0, 0.0, 1.0, 1.0, 0.0, 0.0, 0.0, 1.0, 1.0, 1.0, 1.0, 0.0, 0.0, 0.0, 0.0, 1.0, 1.0, 1.0, 1.0, 1.0, 0.0, 1.0, 0.0, 1.0, 1.0, 1.0, 1.0, 1.0, 1.0, 1.0, 0.0, 1.0, 1.0, 1.0, 0.728, 0.8265, 0.5545, 0.5545, 0.8265, 1.0, 1.0, 1.0, 1.0, 1.0, 1.0, 1.0, 1.0, 1.0, 1.0, 1.0, 0.8715, 0.9365, 0.8695, 0.8695, 0.9365, 0.229, 0.229, 0.229, 0.229, 0.801, 0.03, 0.03, 0.801, 0.0, 0.0, 0.0, 1.0, 1.0, 0.0, 0.0, 0.0, 0.108, 0.114, 0.2315, 0.108, 0.114, 0.07050000000000001, 0.0495, 0.006, 1.0, 1.0, 1.0, 1.0, 0.0, 0.0, 0.0, 0.0, 0.8955000000000001, 0.895, 0.0115, 0.0, 0.883, 0.0, 0.0, 0.0, 1.0, 1.0, 1.0, 1.0, 0.0, 0.0, 0.0, 0.0, 0.902, 0.902, 0.902, 0.678, 0.88, 0.88, 0.902, 0.807, 1.0, 1.0, 1.0, 1.0, 0.0, 0.0, 0.0, 0.0, 1.0, 1.0, 1.0, 1.0, 1.0, 1.0, 1.0, 0.0, 1.0, 1.0, 1.0, 1.0, 0.0, 0.0, 0.0, 0.0, 1.0, 1.0, 1.0, 1.0, 0.008, 0.008, 0.008, 0.008, 1.0, 1.0, 1.0, 1.0, 1.0, 1.0, 1.0, 0.0, 1.0, 1.0, 1.0, 1.0, 1.0, 1.0, 0.6980000000000001, 1.0, 1.0, 1.0, 1.0, 1.0, 0.0, 0.0, 0.0, 0.0, 1.0, 1.0, 1.0, 1.0, 1.0, 1.0, 1.0, 0.0, 0.9530000000000001, 0.9530000000000001, 0.9530000000000001, 1.0, 1.0, 1.0, 0.641, 0.9530000000000001, 1.0, 1.0, 1.0, 1.0, 0.0, 0.0, 0.0, 0.0, 1.0, 1.0, 1.0, 1.0, 1.0, 1.0, 1.0, 1.0, 1.0, 1.0, 1.0, 1.0, 0.0, 0.0, 0.0, 0.0, 1.0, 1.0, 1.0, 1.0, 1.0, 1.0, 1.0, 1.0, 1.0, 1.0, 1.0, 1.0, 0.021500000000000002, 0.021500000000000002, 0.021500000000000002, 0.021500000000000002, 0.021500000000000002, 0.003, 0.02, 0.0095, 0.0095, 0.964, 0.9555, 0.0095, 1.0, 1.0, 1.0, 1.0, 1.0, 1.0, 1.0, 1.0, 1.0, 1.0, 1.0, 1.0, 0.0, 0.0, 0.0, 0.0, 1.0, 1.0, 1.0, 1.0, 0.0, 0.0, 1.0, 1.0, 1.0, 0.873, 0.198, 0.198, 1.0, 1.0, 0.6905, 1.0, 1.0, 1.0, 1.0, 1.0, 1.0, 1.0, 1.0, 0.0, 1.0, 0.999, 0.999, 1.0, 0.0025, 0.0025, 0.0025, 0.0025, 1.0, 1.0, 1.0, 1.0, 1.0, 0.686, 0.314, 0.0, 1.0, 1.0, 1.0, 1.0, 0.524, 0.524, 1.0, 0.47600000000000003, 1.0, 1.0, 1.0, 1.0, 0.008, 0.008, 0.008, 0.008, 0.9935, 0.9935, 0.9775, 0.9935, 0.9935, 0.0225, 0.988, 0.017, 1.0, 1.0, 1.0, 1.0, 0.0725, 0.0725, 0.0725, 0.0725, 0.041, 1.0, 1.0, 0.9590000000000001, 0.041, 0.9590000000000001, 1.0, 0.0, 0.7435, 0.9835, 0.7425, 0.986, 0.7435, 0.7435, 0.256, 0.987, 1.0, 0.005, 1.0, 1.0, 1.0, 0.005, 0.005, 1.0, 1.0, 1.0, 1.0, 1.0, 1.0, 1.0, 1.0, 0.0, 1.0, 1.0, 1.0, 1.0, 0.0, 0.0, 0.0, 0.0, 1.0, 1.0, 1.0, 1.0, 0.0, 0.0, 0.0, 0.0, 0.9705, 0.9705, 0.9145, 1.0, 0.8015, 0.8015, 0.9705, 0.7865, 1.0, 1.0, 1.0, 1.0, 0.0, 0.0, 0.0, 0.0, 1.0, 1.0, 1.0, 1.0, 0.0, 0.0, 0.0, 0.0, 1.0, 1.0, 1.0, 1.0, 0.0, 0.0, 0.0, 0.0, 1.0, 1.0, 1.0, 1.0, 1.0, 1.0, 1.0, 1.0]",-418.5875071169283,843.720363894191,-482.430437669722,964.860875339444,1.0,-3.5060935001457825,9.091628541971401,1.0,-6.012187000291565,14.796962722822911,0.6334250289943713,"[1.0, 1.0, 1.0, 1.0, 1.0, 0.0, 1.0, 0.0, 1.0, 1.0, 1.0, 1.0, 1.0, 1.0, 1.0, 0.0, 0.0, 0.0, 0.0, 0.0, 0.0, 0.0, 0.0, 0.0, 1.0, 1.0, 1.0, 0.0, 0.0, 0.0, 1.0, 0.0, 0.0, 0.0, 1.0, 1.0, 0.0, 1.0, 1.0, 1.0, 1.0, 1.0, 1.0, 1.0, 0.0, 0.0, 1.0, 1.0, 1.0, 1.0, 1.0, 1.0, 0.0, 0.0, 0.0, 0.0, 1.0, 1.0, 1.0, 1.0, 0.0, 0.0, 0.0, 0.0, 0.0, 0.0, 0.0, 0.0, 0.0, 1.0, 1.0, 0.0, 1.0, 1.0, 1.0, 1.0, 0.0, 0.0, 0.0, 0.0, 1.0, 1.0, 1.0, 1.0, 0.0, 0.0, 0.0, 0.0, 1.0, 1.0, 1.0, 1.0, 1.0, 1.0, 0.0, 1.0, 1.0, 1.0, 1.0, 1.0, 1.0, 1.0, 1.0, 0.0, 1.0, 1.0, 1.0, 1.0, 1.0, 0.0, 1.0, 0.0, 0.0, 1.0, 0.0, 0.0, 1.0, 1.0, 1.0, 0.0, 1.0, 1.0, 0.0, 1.0, 1.0, 0.0, 0.0, 0.0, 1.0, 1.0, 1.0, 0.0, 1.0, 1.0, 1.0, 1.0, 1.0, 1.0, 1.0, 1.0, 0.0, 0.0, 0.0, 0.0, 1.0, 1.0, 1.0, 0.0, 0.0, 0.0, 1.0, 0.0, 0.0, 0.0, 1.0, 0.0, 0.0, 0.0, 0.0, 0.0, 1.0, 1.0, 1.0, 0.0, 0.0, 0.0, 1.0, 0.0, 0.0, 0.0, 0.0, 1.0, 0.0, 0.0, 0.0, 0.0, 0.0, 0.0, 0.0, 1.0, 0.0, 0.0, 0.0, 0.0, 1.0, 1.0, 1.0, 1.0, 0.0, 0.0, 0.0, 0.0, 1.0, 1.0, 1.0, 0.0, 0.0, 0.0, 1.0, 0.0, 1.0, 1.0, 1.0, 1.0, 0.0, 0.0, 0.0, 0.0, 1.0, 1.0, 1.0, 1.0, 0.0, 0.0, 0.0, 0.0, 1.0, 1.0, 1.0, 1.0, 1.0, 1.0, 1.0, 0.0, 0.0, 0.0, 0.0, 0.0, 1.0, 0.0, 0.0, 0.0, 1.0, 1.0, 1.0, 1.0, 1.0, 1.0, 1.0, 1.0, 1.0, 1.0, 1.0, 1.0, 1.0, 1.0, 1.0, 0.0, 0.0, 0.0, 0.0, 0.0, 0.0, 0.0, 0.0, 0.0, 0.0, 1.0, 0.0, 1.0, 0.0, 1.0, 0.0, 1.0, 0.0, 0.0, 0.0, 1.0, 0.0, 0.0, 0.0, 0.0, 1.0, 1.0, 1.0, 0.0, 0.0, 0.0, 1.0, 0.0, 1.0, 1.0, 1.0, 1.0, 1.0, 0.0, 1.0, 0.0, 0.0, 1.0, 1.0, 1.0, 0.0, 0.0, 0.0, 0.0, 1.0, 1.0, 1.0, 0.0, 1.0, 1.0, 1.0, 1.0, 0.0, 1.0, 1.0, 1.0, 0.0, 0.0, 0.0, 0.0, 1.0, 1.0, 1.0, 1.0, 1.0, 1.0, 1.0, 0.0, 1.0, 1.0, 1.0, 1.0, 0.0, 0.0, 0.0, 0.0, 1.0, 1.0, 1.0, 1.0, 0.0, 0.0, 0.0, 0.0, 0.0, 1.0, 0.0, 0.0, 0.0, 0.0, 0.0, 0.0, 1.0, 1.0, 1.0, 1.0, 1.0, 0.0, 1.0, 1.0, 0.0, 0.0, 0.0, 0.0, 0.0, 1.0, 1.0, 0.0, 1.0, 1.0, 1.0, 1.0, 1.0, 0.0, 1.0, 0.0, 1.0, 1.0, 1.0, 1.0, 1.0, 0.0, 1.0, 1.0, 0.0, 0.0, 0.0, 0.0, 0.0, 1.0, 1.0, 0.0, 1.0, 0.0, 0.0, 1.0, 0.0, 0.0, 0.0, 0.0, 1.0, 1.0, 1.0, 0.0, 0.0, 0.0, 1.0, 0.0, 1.0, 1.0, 1.0, 0.0, 0.0, 0.0, 0.0, 0.0, 1.0, 1.0, 1.0, 1.0, 1.0, 1.0, 1.0, 0.0, 0.0, 0.0, 0.0, 0.0, 0.0, 0.0, 0.0, 0.0, 1.0, 0.0, 1.0, 0.0, 0.0, 0.0, 0.0, 0.0, 1.0, 1.0, 1.0, 1.0, 1.0, 1.0, 1.0, 0.0, 1.0, 1.0, 1.0, 1.0, 1.0, 1.0, 0.0, 1.0, 1.0, 1.0, 1.0, 1.0, 0.0, 0.0, 0.0, 0.0, 1.0, 1.0, 1.0, 1.0, 1.0, 1.0, 1.0, 0.0, 0.0, 1.0, 1.0, 1.0, 0.0, 0.0, 0.0, 0.0, 1.0, 1.0, 1.0, 1.0, 0.0, 0.0, 0.0, 0.0, 1.0, 0.0, 1.0, 0.0, 0.0, 0.0, 0.0, 0.0, 1.0, 1.0, 1.0, 1.0, 1.0, 0.0, 1.0, 0.0, 1.0, 1.0, 1.0, 0.0, 1.0, 1.0, 0.0, 1.0, 1.0, 1.0, 1.0, 1.0, 0.0, 0.0, 0.0, 0.0, 0.0, 0.0, 0.0, 0.0, 0.0, 1.0, 0.0, 0.0, 1.0, 1.0, 1.0, 1.0, 0.0, 0.0, 0.0, 0.0, 0.0, 0.0, 0.0, 0.0, 0.0, 0.0, 0.0, 0.0, 1.0, 0.0, 1.0, 0.0, 0.0, 0.0, 0.0, 0.0, 1.0, 1.0, 0.0, 0.0, 1.0, 1.0, 1.0, 1.0, 1.0, 1.0, 1.0, 1.0, 1.0, 1.0, 1.0, 1.0, 1.0, 1.0, 1.0, 1.0, 1.0, 0.0, 1.0, 1.0, 0.0, 1.0, 0.0, 1.0, 0.0, 1.0, 0.0, 0.0, 1.0, 1.0, 1.0, 1.0, 0.0, 0.0, 1.0, 0.0, 1.0, 1.0, 1.0, 1.0, 0.0, 0.0, 0.0, 0.0, 0.0, 0.0, 0.0, 1.0, 0.0, 0.0, 0.0, 0.0, 1.0, 1.0, 1.0, 1.0, 0.0, 0.0, 0.0, 0.0, 0.0, 1.0, 1.0, 1.0, 0.0, 1.0, 1.0, 0.0, 1.0, 1.0, 1.0, 1.0, 0.0, 0.0, 0.0, 0.0, 1.0, 0.0, 1.0, 1.0, 1.0, 0.0, 0.0, 1.0, 1.0, 1.0, 1.0, 1.0, 1.0, 1.0, 1.0, 0.0, 0.0, 1.0, 1.0, 1.0, 1.0, 1.0, 0.0, 0.0, 1.0, 1.0, 1.0, 1.0, 0.0, 0.0, 0.0, 0.0, 1.0, 1.0, 1.0, 0.0, 0.0, 0.0, 1.0, 0.0, 1.0, 1.0, 1.0, 1.0, 0.0, 0.0, 0.0, 0.0, 0.0, 0.0, 0.0, 0.0, 0.0, 0.0, 0.0, 0.0, 0.0, 1.0, 0.0, 1.0, 0.0, 1.0, 1.0, 0.0, 1.0, 1.0, 1.0, 1.0, 1.0, 0.0, 0.0, 1.0]",-318.3726801373107,643.2907099349558,1.0,-3.5060935001457825,-5.545177444479562,9.091628541971401,11.090354888959125,1.0,-6.012187000291565,-11.090354888959125,14.796962722822911,22.18070977791825,0.6173530694834558,"[1.0, 1.0, 1.0, 1.0, 1.0, 0.0, 1.0, 0.0, 1.0, 1.0, 1.0, 1.0, 1.0, 1.0, 1.0, 0.0, 0.0, 0.0, 0.0, 0.0, 0.0, 0.0, 0.0, 0.0, 1.0, 1.0, 1.0, 0.0, 0.0, 0.0, 1.0, 0.0, 0.0, 0.0, 1.0, 1.0, 0.0, 1.0, 1.0, 1.0, 0.0, 0.0, 0.0, 0.0, 0.0, 0.0, 0.0, 0.0, 1.0, 1.0, 1.0, 1.0, 0.0, 0.0, 0.0, 0.0, 1.0, 1.0, 1.0, 1.0, 0.0, 0.0, 0.0, 0.0, 0.0, 0.0, 0.0, 0.0, 0.0, 1.0, 1.0, 0.0, 0.0, 0.0, 0.0, 1.0, 0.0, 0.0, 0.0, 0.0, 1.0, 1.0, 1.0, 1.0, 0.0, 0.0, 0.0, 0.0, 0.0, 0.0, 0.0, 0.0, 1.0, 1.0, 0.0, 1.0, 1.0, 1.0, 1.0, 1.0, 1.0, 1.0, 1.0, 0.0, 1.0, 1.0, 1.0, 1.0, 1.0, 0.0, 1.0, 0.0, 0.0, 1.0, 0.0, 0.0, 1.0, 1.0, 1.0, 0.0, 1.0, 1.0, 0.0, 1.0, 1.0, 0.0, 0.0, 0.0, 1.0, 1.0, 1.0, 0.0, 1.0, 1.0, 1.0, 1.0, 1.0, 1.0, 1.0, 1.0, 0.0, 0.0, 0.0, 0.0, 1.0, 1.0, 1.0, 0.0, 0.0, 0.0, 1.0, 0.0, 0.0, 0.0, 1.0, 0.0, 0.0, 0.0, 0.0, 0.0, 1.0, 1.0, 1.0, 0.0, 0.0, 0.0, 1.0, 0.0, 0.0, 0.0, 0.0, 1.0, 0.0, 0.0, 0.0, 0.0, 0.0, 0.0, 0.0, 1.0, 0.0, 0.0, 0.0, 0.0, 1.0, 1.0, 1.0, 1.0, 0.0, 0.0, 0.0, 0.0, 1.0, 1.0, 1.0, 0.0, 0.0, 0.0, 1.0, 0.0, 1.0, 1.0, 1.0, 1.0, 0.0, 0.0, 0.0, 0.0, 1.0, 1.0, 1.0, 1.0, 0.0, 0.0, 0.0, 0.0, 1.0, 1.0, 1.0, 1.0, 1.0, 1.0, 1.0, 0.0, 0.0, 0.0, 0.0, 0.0, 1.0, 0.0, 0.0, 0.0, 1.0, 1.0, 1.0, 1.0, 1.0, 1.0, 1.0, 1.0, 1.0, 1.0, 1.0, 1.0, 1.0, 1.0, 1.0, 0.0, 0.0, 0.0, 0.0, 0.0, 0.0, 0.0, 0.0, 0.0, 0.0, 1.0, 0.0, 1.0, 0.0, 1.0, 0.0, 1.0, 0.0, 0.0, 0.0, 1.0, 0.0, 0.0, 0.0, 0.0, 1.0, 1.0, 1.0, 0.0, 0.0, 0.0, 1.0, 0.0, 1.0, 1.0, 1.0, 1.0, 1.0, 0.0, 1.0, 0.0, 0.0, 1.0, 1.0, 1.0, 0.0, 0.0, 0.0, 0.0, 1.0, 1.0, 1.0, 0.0, 1.0, 1.0, 1.0, 1.0, 0.0, 1.0, 1.0, 1.0, 0.0, 0.0, 0.0, 0.0, 1.0, 1.0, 1.0, 1.0, 1.0, 1.0, 1.0, 0.0, 1.0, 1.0, 1.0, 1.0, 0.0, 0.0, 0.0, 0.0, 1.0, 1.0, 1.0, 1.0, 0.0, 0.0, 0.0, 0.0, 0.0, 1.0, 0.0, 0.0, 0.0, 0.0, 0.0, 0.0, 0.0, 0.0, 0.0, 0.0, 0.0, 0.0, 0.0, 0.0, 1.0, 0.0, 1.0, 1.0, 1.0, 0.0, 0.0, 1.0, 1.0, 1.0, 1.0, 1.0, 1.0, 0.0, 1.0, 0.0, 1.0, 1.0, 1.0, 1.0, 1.0, 0.0, 1.0, 1.0, 0.0, 0.0, 0.0, 0.0, 0.0, 1.0, 1.0, 0.0, 1.0, 0.0, 0.0, 1.0, 0.0, 0.0, 0.0, 0.0, 1.0, 1.0, 1.0, 0.0, 0.0, 0.0, 1.0, 0.0, 1.0, 1.0, 1.0, 0.0, 0.0, 0.0, 0.0, 0.0, 1.0, 1.0, 1.0, 1.0, 1.0, 1.0, 1.0, 0.0, 0.0, 0.0, 0.0, 0.0, 0.0, 0.0, 0.0, 0.0, 1.0, 0.0, 1.0, 0.0, 0.0, 0.0, 0.0, 0.0, 1.0, 1.0, 1.0, 1.0, 1.0, 1.0, 1.0, 0.0, 1.0, 1.0, 1.0, 1.0, 1.0, 1.0, 0.0, 1.0, 1.0, 1.0, 1.0, 1.0, 0.0, 0.0, 0.0, 0.0, 1.0, 1.0, 1.0, 1.0, 1.0, 1.0, 1.0, 0.0, 0.0, 1.0, 1.0, 1.0, 0.0, 0.0, 0.0, 0.0, 1.0, 1.0, 1.0, 1.0, 0.0, 0.0, 0.0, 0.0, 1.0, 0.0, 1.0, 0.0, 0.0, 0.0, 0.0, 0.0, 1.0, 1.0, 1.0, 1.0, 1.0, 0.0, 1.0, 0.0, 1.0, 1.0, 1.0, 0.0, 1.0, 1.0, 0.0, 1.0, 1.0, 1.0, 1.0, 1.0, 0.0, 0.0, 0.0, 0.0, 0.0, 0.0, 0.0, 0.0, 0.0, 1.0, 0.0, 0.0, 1.0, 1.0, 1.0, 1.0, 0.0, 0.0, 0.0, 0.0, 0.0, 0.0, 0.0, 0.0, 0.0, 0.0, 0.0, 0.0, 1.0, 0.0, 1.0, 0.0, 0.0, 0.0, 0.0, 0.0, 1.0, 1.0, 0.0, 0.0, 1.0, 1.0, 1.0, 1.0, 1.0, 1.0, 1.0, 1.0, 1.0, 1.0, 1.0, 1.0, 1.0, 1.0, 1.0, 1.0, 1.0, 0.0, 1.0, 1.0, 0.0, 1.0, 0.0, 1.0, 0.0, 1.0, 0.0, 0.0, 1.0, 1.0, 1.0, 1.0, 0.0, 0.0, 1.0, 0.0, 1.0, 1.0, 1.0, 1.0, 0.0, 0.0, 0.0, 0.0, 0.0, 0.0, 0.0, 1.0, 0.0, 0.0, 0.0, 0.0, 1.0, 1.0, 1.0, 1.0, 0.0, 0.0, 0.0, 0.0, 0.0, 1.0, 1.0, 1.0, 0.0, 1.0, 1.0, 0.0, 1.0, 1.0, 1.0, 1.0, 0.0, 0.0, 0.0, 0.0, 1.0, 0.0, 1.0, 1.0, 1.0, 0.0, 0.0, 1.0, 1.0, 1.0, 1.0, 1.0, 1.0, 1.0, 1.0, 0.0, 0.0, 0.0, 1.0, 0.0, 0.0, 1.0, 0.0, 0.0, 1.0, 1.0, 1.0, 1.0, 0.0, 0.0, 0.0, 0.0, 1.0, 1.0, 1.0, 0.0, 0.0, 0.0, 1.0, 0.0, 1.0, 1.0, 1.0, 1.0, 0.0, 0.0, 0.0, 0.0, 0.0, 0.0, 0.0, 0.0, 0.0, 0.0, 0.0, 0.0, 0.0, 1.0, 0.0, 1.0, 0.0, 1.0, 1.0, 0.0, 1.0, 1.0, 1.0, 1.0, 1.0, 0.0, 0.0, 1.0]",-311.9759791000219,630.4973078603782,-482.430437669722,964.860875339444,404.61398847318276,-5.549042031190886,-5.545177444479562,13.177525604061609,11.090354888959125,620.6057578863351,-11.096098508543957,-11.090354888959125,24.964785739327695,22.18070977791825,1.0908740239314543,"[0.0, 0.0, 1.0, 0.0, 0.0, 0.0, 0.0, 0.0, 1.0, 1.0, 1.0, 1.0, 0.877, 0.877, 0.877, 0.0, 1.0, 0.259, 1.0, 1.0, 0.8015, 0.0, 0.259, 1.0, 1.0, 1.0, 1.0, 1.0, 1.0, 1.0, 1.0, 0.0, 0.0, 0.0, 1.0, 0.0, 0.0, 0.0, 1.0, 0.0, 0.0, 0.0, 1.0, 0.0, 0.0, 0.0, 1.0, 0.0, 0.0, 0.0, 0.0, 0.0775, 0.0, 0.0, 0.1635, 0.47100000000000003, 1.0, 1.0, 1.0, 1.0, 0.0, 0.0, 0.0, 0.0, 0.0, 0.0, 0.0, 0.0, 0.0, 0.0, 0.0, 0.0, 1.0, 1.0, 1.0, 1.0, 1.0, 1.0, 1.0, 0.0, 1.0, 1.0, 1.0, 1.0, 0.0, 0.0, 0.0, 0.0, 0.0, 0.0, 0.0, 0.0, 0.0, 0.113, 0.113, 0.0, 0.0, 0.0, 0.0, 1.0, 0.0, 0.0, 0.0, 0.0, 1.0, 1.0, 1.0, 1.0, 0.0, 0.0, 0.0, 0.0, 0.9995, 1.0, 1.0, 0.663, 1.0, 1.0, 1.0, 0.353, 1.0, 1.0, 1.0, 1.0, 0.082, 0.082, 0.0, 0.0, 0.973, 1.0, 0.7655000000000001, 0.605, 0.973, 1.0, 1.0, 0.368, 0.0, 0.0, 1.0, 0.0, 1.0, 0.0, 1.0, 0.0, 1.0, 1.0, 1.0, 1.0, 0.0, 0.0, 1.0, 0.0, 1.0, 1.0, 1.0, 1.0, 0.0, 0.9465, 0.0, 0.0, 0.666, 1.0, 0.666, 0.666, 0.0, 0.0, 0.7975, 0.0, 0.0, 0.9430000000000001, 0.0, 1.0, 1.0, 0.0, 0.0, 0.0, 0.0, 1.0, 0.0, 0.0, 0.0, 0.0, 0.0, 0.0, 1.0, 1.0, 1.0, 1.0, 0.0, 0.0, 0.0, 0.0, 1.0, 1.0, 1.0, 1.0, 1.0, 1.0, 1.0, 0.0005, 1.0, 1.0, 1.0, 1.0, 1.0, 1.0, 0.0, 1.0, 1.0, 1.0, 1.0, 1.0, 0.0, 0.0, 0.0, 0.0, 1.0, 1.0, 1.0, 1.0, 1.0, 1.0, 1.0, 0.0, 1.0, 0.0, 1.0, 0.0, 0.0, 0.0, 0.0, 0.0, 0.0, 1.0, 0.0, 1.0, 0.0, 1.0, 0.0, 1.0, 1.0, 1.0, 1.0, 1.0, 1.0, 1.0, 1.0, 0.0, 1.0, 0.0, 1.0, 1.0, 1.0, 0.0, 0.0, 1.0, 1.0, 1.0, 1.0, 1.0, 1.0, 1.0, 1.0, 1.0, 0.0, 0.9580000000000001, 0.0, 0.0, 0.0, 0.0, 0.0045000000000000005, 0.0, 0.0, 0.0, 0.0, 0.0, 0.0, 0.0, 0.0, 1.0, 0.0, 0.0, 0.0005, 0.0, 0.0, 0.0, 0.0, 0.0, 0.0, 1.0, 0.0, 0.0, 0.0, 0.0, 0.0, 0.0, 1.0, 1.0, 1.0, 0.001, 0.001, 0.001, 1.0, 0.0, 0.0, 0.0, 0.6225, 0.0, 0.0, 0.0, 0.0, 0.0, 1.0, 1.0, 1.0, 1.0, 0.0, 0.0, 0.0, 0.0, 0.0, 0.0, 0.0, 0.0, 0.0, 0.0, 0.0, 0.0, 1.0, 1.0, 1.0, 1.0, 1.0, 1.0, 1.0, 0.0, 0.0, 0.0, 0.0, 1.0, 0.0, 0.0, 1.0, 0.0, 1.0, 1.0, 1.0, 1.0, 0.0, 0.0, 0.0, 0.0, 0.0, 1.0, 0.0, 0.0, 1.0, 0.0, 0.0, 1.0, 1.0, 1.0, 1.0, 1.0, 0.0, 0.0, 0.0, 0.0, 1.0, 1.0, 1.0, 1.0, 1.0, 0.0, 1.0, 1.0, 0.0, 0.0005, 0.0, 0.0, 0.0, 0.38, 0.0, 0.0, 1.0, 1.0, 1.0, 1.0, 0.0, 0.0, 0.0, 0.0, 1.0, 1.0, 1.0, 0.999, 1.0, 1.0, 1.0, 0.0195, 1.0, 1.0, 1.0, 1.0, 0.0, 0.0, 0.0, 0.0, 0.0, 0.6285000000000001, 0.0, 0.328, 0.0, 0.0, 0.6285000000000001, 0.0, 0.0, 0.0, 0.0, 0.0, 0.0, 0.0, 0.0, 1.0, 1.0, 1.0, 1.0, 1.0, 0.0, 0.0, 0.0, 0.0, 1.0, 1.0, 1.0, 1.0, 1.0, 1.0, 1.0, 0.0, 1.0, 1.0, 1.0, 1.0, 1.0, 1.0, 0.0375, 1.0, 1.0, 1.0, 1.0, 1.0, 0.0, 0.0, 0.0, 0.0, 1.0, 1.0, 1.0, 1.0, 1.0, 1.0, 1.0, 0.0, 1.0, 1.0, 1.0, 1.0, 1.0, 1.0, 0.0, 1.0, 1.0, 1.0, 1.0, 1.0, 0.0, 0.0, 0.0, 0.0, 1.0, 1.0, 1.0, 1.0, 1.0, 1.0, 1.0, 1.0, 0.0, 0.0, 0.4395, 0.0, 0.0, 0.0, 0.001, 1.0, 0.0, 0.0, 0.0, 0.0, 0.0, 0.0, 0.0, 0.0, 1.0, 1.0, 1.0, 0.0, 1.0, 0.0, 0.0, 1.0, 0.0, 0.0, 1.0, 1.0, 1.0, 0.0, 0.0, 0.0, 0.0, 0.0, 0.0, 0.0, 0.0, 0.0, 0.0, 0.0, 1.0, 1.0, 1.0, 1.0, 0.0, 0.0, 0.0, 0.0, 0.0, 0.0, 0.0, 0.0, 0.0, 1.0, 0.0, 0.0, 1.0, 1.0, 1.0, 1.0, 0.0, 0.4945, 0.0, 0.0, 1.0, 1.0, 1.0, 1.0, 0.0, 0.0, 1.0, 1.0, 1.0, 1.0, 1.0, 1.0, 0.0, 0.0, 0.0, 0.0, 1.0, 1.0, 1.0, 1.0, 1.0, 0.704, 0.296, 0.0, 1.0, 1.0, 1.0, 1.0, 0.0, 0.0, 1.0, 1.0, 1.0, 1.0, 1.0, 1.0, 0.0, 0.0, 0.0, 0.0, 0.006, 1.0, 0.006, 0.708, 0.298, 1.0, 0.298, 1.0, 1.0, 1.0, 1.0, 1.0, 0.0, 0.0, 0.0, 0.0, 1.0, 0.0, 1.0, 1.0, 1.0, 0.0, 0.0, 1.0, 0.0, 1.0, 1.0, 1.0, 0.0, 0.0, 0.0, 0.0, 1.0, 0.224, 1.0, 1.0, 0.776, 0.0, 0.224, 1.0, 1.0, 1.0, 1.0, 1.0, 0.0, 0.0, 0.0, 0.0, 1.0, 1.0, 0.0, 1.0, 1.0, 1.0, 0.0, 1.0, 1.0, 1.0, 1.0, 1.0, 0.0, 0.0, 0.0, 0.0, 1.0, 1.0, 1.0, 1.0, 1.0, 1.0, 1.0, 0.0, 1.0, 1.0, 1.0, 1.0, 0.0, 0.0, 0.0, 0.0, 0.0, 0.0, 0.0, 0.0, 0.0, 0.0, 0.0, 0.0, 1.0, 0.4865, 1.0, 1.0, 1.0, 0.0075, 0.4865, 1.0, 0.0225, 0.0, 0.0, 0.9775, 0.0, 0.0, 0.0, 0.0]",-419.18595103414617,844.9172517286268,-482.430437669722,964.860875339444,1.0,-3.5060935001457825,-5.545177444479562,9.091628541971401,11.090354888959125,1.0,-6.012187000291565,-11.090354888959125,14.796962722822911,22.18070977791825,0.5787520451143159,"[1.0, 1.0, 1.0, 1.0, 1.0, 0.0, 1.0, 0.0, 1.0, 1.0, 1.0, 1.0, 1.0, 1.0, 1.0, 0.0, 0.0, 0.0, 0.0, 0.0, 0.0, 0.0, 0.0, 0.0, 1.0, 1.0, 1.0, 1.0, 0.0, 0.0, 1.0, 0.0, 0.0, 0.0, 0.0, 0.0, 0.0, 1.0, 0.0, 0.0, 0.0, 0.0, 0.0, 0.0, 0.0, 0.0, 0.0, 0.0, 1.0, 1.0, 1.0, 1.0, 0.0, 0.0, 0.0, 0.0, 1.0, 1.0, 1.0, 1.0, 0.0, 0.0, 0.0, 0.0, 0.0, 0.0, 0.0, 0.0, 0.0, 1.0, 1.0, 0.0, 1.0, 1.0, 1.0, 1.0, 0.0, 0.0, 0.0, 0.0, 1.0, 1.0, 1.0, 1.0, 0.0, 0.0, 0.0, 0.0, 0.0, 0.0, 0.0, 0.0, 0.0, 0.0, 0.0, 0.0, 1.0, 1.0, 1.0, 1.0, 1.0, 1.0, 1.0, 0.0, 1.0, 1.0, 1.0, 1.0, 1.0, 0.0, 1.0, 0.0, 0.0, 1.0, 0.0, 0.0, 1.0, 1.0, 1.0, 0.0, 1.0, 1.0, 0.0, 1.0, 1.0, 0.0, 0.0, 0.0, 1.0, 1.0, 1.0, 0.0, 1.0, 1.0, 1.0, 1.0, 1.0, 1.0, 1.0, 1.0, 0.0, 0.0, 0.0, 0.0, 1.0, 1.0, 1.0, 0.0, 0.0, 0.0, 1.0, 0.0, 0.0, 0.0, 1.0, 0.0, 0.0, 0.0, 0.0, 0.0, 1.0, 1.0, 1.0, 0.0, 0.0, 0.0, 1.0, 0.0, 0.0, 0.0, 0.0, 1.0, 0.0, 0.0, 0.0, 0.0, 0.0, 0.0, 0.0, 1.0, 0.0, 0.0, 0.0, 0.0, 1.0, 1.0, 1.0, 1.0, 0.0, 0.0, 0.0, 0.0, 1.0, 1.0, 1.0, 0.0, 0.0, 0.0, 1.0, 0.0, 1.0, 1.0, 1.0, 1.0, 0.0, 0.0, 0.0, 0.0, 1.0, 1.0, 1.0, 1.0, 0.0, 0.0, 0.0, 0.0, 1.0, 1.0, 1.0, 1.0, 1.0, 1.0, 1.0, 0.0, 0.0, 0.0, 0.0, 0.0, 1.0, 0.0, 0.0, 0.0, 1.0, 1.0, 1.0, 1.0, 1.0, 1.0, 1.0, 1.0, 1.0, 1.0, 1.0, 1.0, 1.0, 1.0, 1.0, 0.0, 0.0, 0.0, 0.0, 0.0, 0.0, 0.0, 0.0, 0.0, 0.0, 1.0, 0.0, 1.0, 0.0, 1.0, 0.0, 1.0, 0.0, 0.0, 0.0, 1.0, 0.0, 0.0, 0.0, 0.0, 1.0, 1.0, 1.0, 0.0, 0.0, 0.0, 1.0, 0.0, 0.0, 0.0, 1.0, 0.0, 0.0, 0.0, 0.0, 0.0, 0.0, 1.0, 1.0, 1.0, 0.0, 0.0, 0.0, 0.0, 1.0, 1.0, 1.0, 0.0, 1.0, 1.0, 1.0, 1.0, 0.0, 0.0, 1.0, 0.0, 0.0, 0.0, 0.0, 0.0, 1.0, 1.0, 1.0, 1.0, 1.0, 1.0, 1.0, 0.0, 1.0, 1.0, 1.0, 1.0, 0.0, 0.0, 0.0, 0.0, 1.0, 1.0, 1.0, 1.0, 0.0, 0.0, 0.0, 0.0, 0.0, 1.0, 0.0, 0.0, 0.0, 0.0, 0.0, 0.0, 0.0, 0.0, 0.0, 0.0, 0.0, 0.0, 0.0, 0.0, 0.0, 0.0, 0.0, 0.0, 0.0, 0.0, 0.0, 0.0, 1.0, 1.0, 0.0, 1.0, 1.0, 0.0, 1.0, 0.0, 1.0, 1.0, 1.0, 1.0, 1.0, 0.0, 1.0, 1.0, 0.0, 0.0, 0.0, 0.0, 0.0, 1.0, 1.0, 0.0, 1.0, 0.0, 0.0, 1.0, 0.0, 0.0, 0.0, 0.0, 1.0, 1.0, 1.0, 0.0, 0.0, 0.0, 1.0, 0.0, 1.0, 1.0, 1.0, 0.0, 0.0, 0.0, 0.0, 0.0, 1.0, 1.0, 1.0, 1.0, 1.0, 1.0, 1.0, 0.0, 0.0, 0.0, 0.0, 0.0, 0.0, 0.0, 0.0, 0.0, 1.0, 0.0, 1.0, 0.0, 0.0, 0.0, 0.0, 0.0, 1.0, 1.0, 1.0, 1.0, 1.0, 1.0, 1.0, 0.0, 1.0, 1.0, 1.0, 1.0, 1.0, 1.0, 0.0, 1.0, 1.0, 1.0, 1.0, 1.0, 0.0, 0.0, 0.0, 0.0, 1.0, 1.0, 1.0, 1.0, 1.0, 1.0, 1.0, 0.0, 0.0, 1.0, 1.0, 1.0, 0.0, 0.0, 0.0, 0.0, 1.0, 1.0, 1.0, 1.0, 0.0, 0.0, 0.0, 0.0, 1.0, 0.0, 1.0, 0.0, 0.0, 0.0, 0.0, 0.0, 1.0, 1.0, 1.0, 1.0, 1.0, 0.0, 1.0, 0.0, 1.0, 1.0, 1.0, 0.0, 1.0, 1.0, 0.0, 1.0, 1.0, 1.0, 1.0, 1.0, 0.0, 0.0, 0.0, 0.0, 0.0, 0.0, 0.0, 0.0, 0.0, 0.0, 0.0, 0.0, 1.0, 1.0, 1.0, 1.0, 0.0, 0.0, 0.0, 0.0, 0.0, 0.0, 0.0, 0.0, 0.0, 0.0, 0.0, 0.0, 0.0, 0.0, 0.0, 0.0, 0.0, 0.0, 0.0, 0.0, 1.0, 1.0, 0.0, 0.0, 1.0, 1.0, 1.0, 1.0, 1.0, 1.0, 1.0, 1.0, 1.0, 1.0, 1.0, 1.0, 1.0, 1.0, 1.0, 1.0, 1.0, 0.0, 1.0, 1.0, 0.0, 1.0, 0.0, 1.0, 0.0, 1.0, 0.0, 0.0, 1.0, 1.0, 1.0, 1.0, 0.0, 0.0, 1.0, 0.0, 1.0, 1.0, 1.0, 1.0, 0.0, 0.0, 0.0, 0.0, 0.0, 0.0, 0.0, 1.0, 0.0, 0.0, 0.0, 0.0, 1.0, 1.0, 1.0, 1.0, 0.0, 0.0, 0.0, 0.0, 0.0, 1.0, 1.0, 1.0, 0.0, 1.0, 1.0, 0.0, 1.0, 1.0, 1.0, 1.0, 0.0, 0.0, 0.0, 0.0, 1.0, 0.0, 1.0, 1.0, 1.0, 0.0, 0.0, 1.0, 1.0, 1.0, 1.0, 1.0, 1.0, 1.0, 1.0, 0.0, 0.0, 1.0, 1.0, 1.0, 1.0, 1.0, 0.0, 0.0, 1.0, 1.0, 1.0, 1.0, 0.0, 0.0, 0.0, 0.0, 1.0, 1.0, 1.0, 0.0, 0.0, 0.0, 1.0, 0.0, 1.0, 1.0, 1.0, 1.0, 0.0, 0.0, 0.0, 0.0, 0.0, 0.0, 0.0, 0.0, 0.0, 0.0, 0.0, 0.0, 0.0, 0.0, 1.0, 1.0, 0.0, 0.0, 0.0, 0.0, 1.0, 1.0, 1.0, 1.0, 1.0, 0.0, 0.0, 1.0]",-295.2442605392121,597.0338707387587,-482.430437669722,964.860875339444,592.3348703281686,-11.095425291899243,24.963439306038268,1.2846122460949685,-433.45128860920846,873.4479268787513,False,True,True,False,True,0.75,1.0,0.75,0.75,0.75,0.75,0.4375,0.375,0.75,0.75,0.5,0.25,"Z.forall(lambda x1: Z.not_operator(Z.equal(x1,'upright','orientation')),X)","Z.exists(lambda x1: Z.exists(lambda x2: Z.and_operator(Z.hor_operator(x1,x2,'contact'),Z.and_operator(Z.not_operator(Z.less(x2,x1,'size')),Z.not_operator(Z.equal(x2,'upright','orientation')))),X),X)","Z.atmost(lambda x1: Z.lequal(x1,3,'size'),3,X)","Z.exists(lambda x1: Z.exists(lambda x2: Z.and_operator(Z.hor_operator(x1,x2,'contact'),Z.and_operator(Z.not_operator(Z.equal(x1,'upright','orientation')),Z.not_operator(Z.equal(x2,'upright','orientation')))),X),X)",1.0,0.75,0.75,0.5,0.75,0.7083333333333334,0.6982758620689655,0.6867816091954023,0.6954022988505747,0.6925287356321839,5.241379310344827,2000,0,0,0,0,0
62,76,147,5veYwyhYkk,VHELOrTF2QcME3ATAAAU,Kappa,at least one is blue AND small,"[False, True, True, True, False, False, False, True]","[True, False, False, False, False, False, False, False]",0.75,0.625,There should be all colors. ,"[['x1'],['x1','x2'],['x1','x2','x3']]","Z.exists(lambda x1: Z.exists(lambda x2: Z.exists(lambda x3: Z.and_operator(Z.and_operator(Z.equal(x1,'red','colour'),Z.equal(x2,'blue','colour')),Z.equal(x3,'green','colour')),X),X),X)",There should be each color. ,"[{'ids': [0, 1, 2, 3, 4], 'colours': ['blue', 'blue', 'green', 'green', 'green'], 'sizes': [1, 2, 1, 2, 3], 'xpos': [0.3094433528812804, 3.922363302427679, 5.337497520816633, 3.1134078380413537, 5.411614333804962], 'ypos': [4.111666666666668, 4.111666666666668, 4.111666666666668, 4.111666666666668, 4.111666653102389], 'rotations': [3.141592653589794, 3.1415926535897927, 3.141592653589793, 3.1415926535897927, 3.1415926801864194], 'orientations': ['upright', 'upright', 'upright', 'upright', 'upright'], 'contact': [[0], [1, 3], [2], [3, 1], [4]], 'grounded': ['yes', 'yes', 'yes', 'yes', 'yes'], 'follow_rule': True}, {'ids': [0, 1, 2], 'colours': ['red', 'green', 'blue'], 'sizes': [1, 1, 1], 'xpos': [6.305425669166721, 1.9873835125329533, 4.433780576247626], 'ypos': [4.108097361152161, 4.108169924210627, 3.8266853585962823], 'rotations': [3.14405550515378, 3.1457748656998406, 1.2111896187508322], 'orientations': ['upright', 'upright', 'lhs'], 'contact': [[0], [1], [2]], 'grounded': ['yes', 'yes', 'yes'], 'follow_rule': True}, {'ids': [0, 1], 'colours': ['red', 'red'], 'sizes': [3, 3], 'xpos': [3.250516657433112, 4.2595544983055], 'ypos': [4.107962262303385, 4.108205970601199], 'rotations': [3.1442445955537206, 3.1431687672010615], 'orientations': ['upright', 'upright'], 'contact': [[0, 1], [1, 0]], 'grounded': ['yes', 'yes'], 'follow_rule': False}, {'ids': [0, 1, 2, 3, 4, 5, 6, 7], 'colours': ['green', 'blue', 'blue', 'red', 'green', 'red', 'red', 'green'], 'sizes': [2, 2, 2, 3, 3, 2, 2, 2], 'xpos': [6.174978077232751, 4.95011643355406, 0.43445151551743216, 6.800594698760144, 3.3278297277972984, 2.0110482779258376, 1.1558436399628602, 2.1284508118043393], 'ypos': [3.73379151928281, 3.730791511293516, 4.108656956029375, 3.6945384488400412, 4.107420820651375, 3.73357046851948, 3.8608771674182734, 4.051003348758649], 'rotations': [1.2366415892504325, 4.381643877172663, 3.1447484520957123, 4.116217831750114, 3.1404078613222364, 1.238330805539526, 2.478681543283141, 3.287526272843215], 'orientations': ['lhs', 'strange', 'upright', 'strange', 'upright', 'lhs', 'strange', 'upright'], 'contact': [[0, 1], [1, 0], [2, 6], [3], [4], [5, 7], [6, 2], [7, 5]], 'grounded': ['yes', 'yes', 'yes', 'yes', 'yes', 'yes', 'yes', 'yes'], 'follow_rule': False}, {'ids': [0, 1, 2, 3, 4, 5, 6, 7, 8], 'colours': ['blue', 'green', 'red', 'blue', 'green', 'red', 'blue', 'green', 'red'], 'sizes': [3, 3, 3, 2, 2, 2, 1, 1, 1], 'xpos': [2.879620289101478, 6.081246141960391, 6.4298682066670745, 4.433046894192097, 7.2925325447759946, 2.839870633395978, 6.005513176131028, 2.9860263164926377, 5.02946404278059], 'ypos': [4.112424825551443, 3.538699264260081, 3.6377936570193734, 4.108315988415396, 3.686404236764674, 3.3868713742350733, 3.534805796566492, 2.8874172057856464, 3.986069977805027], 'rotations': [3.1425490575355264, 5.0363668195452425, 5.036560414381259, 3.144355972727362, 3.7882970092456603, 3.153795529504628, 0.6135199798349936, 2.965239448425466, 3.565073680654887], 'orientations': ['upright', 'rhs', 'rhs', 'upright', 'strange', 'upright', 'strange', 'upright', 'upright'], 'contact': [[0, 7, 5], [1, 6, 2], [2, 1, 4], [3, 8], [4, 2], [5, 0, 7], [6, 1], [7, 0, 5], [8, 3]], 'grounded': ['yes', 'no', 'yes', 'yes', 'no', 'no', 'yes', 'no', 'yes'], 'follow_rule': True}, {'ids': [0, 1, 2], 'colours': ['red', 'green', 'blue'], 'sizes': [1, 1, 1], 'xpos': [2.0430910030343266, 4.558705888017125, 4.954947046874024], 'ypos': [4.107789366206908, 4.107735832945649, 3.916935306302839], 'rotations': [3.1450450267785275, 3.139395877837453, 3.836848588200699], 'orientations': ['upright', 'upright', 'strange'], 'contact': [[0], [1, 2], [2, 1]], 'grounded': ['yes', 'yes', 'yes'], 'follow_rule': True}, {'ids': [0, 1, 2], 'colours': ['blue', 'green', 'red'], 'sizes': [3, 3, 3], 'xpos': [1.5332395013085205, 0.4924744834584991, 0.7094763711002801], 'ypos': [3.932846500344662, 3.9929272758451555, 3.4355970849601203], 'rotations': [3.50050077329005, 2.9067920932376805, 4.1515716323090155], 'orientations': ['upright', 'upright', 'strange'], 'contact': [[0, 2], [1, 2], [2, 0, 1]], 'grounded': ['yes', 'yes', 'no'], 'follow_rule': False}, {'ids': [0, 1, 2, 3, 4, 5], 'colours': ['red', 'green', 'blue', 'red', 'green', 'blue'], 'sizes': [1, 1, 1, 2, 2, 2], 'xpos': [2.4915841512065366, 4.405379751190993, 3.187639224369368, 5.3532391715729695, 6.550876277848418, 0.6395787029071717], 'ypos': [4.1076871019869685, 4.107893153115102, 4.107604629940054, 4.107755549552989, 4.107299469535301, 3.7293514623946487], 'rotations': [3.146486373004319, 3.144369305830585, 3.1446376672702963, 3.1434983940950607, 3.14075020560037, 5.050029847219436], 'orientations': ['upright', 'upright', 'upright', 'upright', 'upright', 'rhs'], 'contact': [[0], [1], [2], [3], [4], [5]], 'grounded': ['yes', 'yes', 'yes', 'yes', 'yes', 'yes'], 'follow_rule': True}, {'ids': [0, 1, 2, 3, 4, 5, 6, 7], 'colours': ['red', 'blue', 'blue', 'red', 'red', 'green', 'red', 'blue'], 'sizes': [3, 1, 2, 2, 3, 2, 1, 2], 'xpos': [3.73068127782473, 5.21143043275308, 0.628029634657912, 5.41985831114537, 3.73221495043733, 2.6881904061602, 2.69592462610732, 4.6441478837753], 'ypos': [4.15955293434237, 3.88040887163376, 3.77952636825576, 4.00866939013447, 3.84618730815599, 4.16046505787232, 3.36197381341272, 4.15735107629793], 'rotations': [3.14513282779734, 5.0677355060028, 5.0513292843393, 2.88192941289468, 3.14453575957132, 3.13858862708556, 2.60114260528712, 3.14253353812844], 'contact': [[0, 4], [1, 3], 2, [3, 1, 7], [4, 0], [5, 6], [6, 5], [7, 3]], 'grounded': ['yes', 'yes', 'yes', 'no', 'no', 'yes', 'no', 'yes']}, {'ids': [0, 1, 2, 3, 4], 'colours': ['green', 'red', 'red', 'blue', 'blue'], 'sizes': [3, 3, 3, 1, 1], 'xpos': [0.494087661193018, 3.9483348516538, 5.27168256714865, 5.34332261433319, 0.73624872055367], 'ypos': [4.03747541930378, 4.15789345817489, 3.68793264237984, 3.6957884966519, 3.12182877557111], 'rotations': [3.39186622255945, 3.13985318391394, 5.03796059957422, 0.88254982855712, 3.37051889969503], 'contact': [[0, 4], 1, [2, 3], [3, 2], [4, 0]], 'grounded': ['yes', 'yes', 'yes', 'yes', 'no']}, {'ids': [0, 1, 2, 3], 'colours': ['red', 'blue', 'blue', 'green'], 'sizes': [1, 1, 2, 2], 'xpos': [3.18059163568182, 0.310290458717288, 3.1806567054277, 2.31556998810598], 'ypos': [4.16168723431181, 4.15876638336768, 4.1487939044355, 4.15777861520172], 'rotations': [3.14159140357956, 3.14265904643877, 3.14147445775215, 3.14506697679819], 'contact': [[0, 2], 1, [2, 0], 3], 'grounded': ['yes', 'yes', 'no', 'yes']}, {'ids': [0, 1, 2], 'colours': ['red', 'blue', 'blue'], 'sizes': [2, 1, 1], 'xpos': [4.18368803941992, 0.414042657065262, 2.15035350734386], 'ypos': [3.77956682056473, 4.15748311487421, 3.8762597297667], 'rotations': [1.23393916549627, 3.14433838895914, 1.21175410086331], 'contact': [{'V1': 0, 'V2': 1, 'V3': 2}], 'grounded': ['yes', 'yes', 'yes']}, {'ids': [0, 1, 2, 3], 'colours': ['red', 'blue', 'green', 'green'], 'sizes': [1, 2, 3, 2], 'xpos': [3.51554594721066, 0.952630095552302, 1.15938786102465, 4.3365248890533], 'ypos': [4.15861023322789, 3.78844050360235, 3.68324865018165, 3.81210635173936], 'rotations': [3.13374769948046, 1.95279692618981, 5.03789515425762, 2.09958352806452], 'contact': [[0, 3], 1, 2, [3, 0]], 'grounded': ['yes', 'yes', 'yes', 'yes']}, {'ids': [0, 1, 2, 3, 4, 5, 6], 'colours': ['red', 'green', 'green', 'red', 'red', 'green', 'blue'], 'sizes': [2, 2, 1, 2, 3, 1, 2], 'xpos': [6.87642919084431, 0.500811040908878, 6.83118798955539, 0.500811040908877, 2.84733119936067, 4.8509860534385, 6.36697442237732], 'ypos': [4.16175085069598, 4.16166666666667, 3.43496091839389, 3.86081693802354, 3.68420776646255, 3.88048305615273, 3.30313545616522], 'rotations': [3.14149734712368, 3.14159265358979, 3.21473720201577, 3.1415926535898, 5.03748075887867, 5.06844557980735, 3.76206868572812], 'contact': [[0, 6, 2], [1, 3], [2, 0, 6], [3, 1], 4, 5, [6, 0, 2]], 'grounded': ['yes', 'yes', 'no', 'no', 'yes', 'yes', 'no']}, {'ids': [0, 1, 2, 3], 'colours': ['green', 'red', 'green', 'green'], 'sizes': [3, 2, 3, 1], 'xpos': [0.68898442305447, 3.35991414777035, 6.19696481477246, 0.285852488312505], 'ypos': [4.14082379374931, 3.77953993499473, 3.68347394204074, 3.22090721981064], 'rotations': [3.17946147794873, 5.05131141313782, 1.24390261182064, 2.78305328423849], 'contact': [[0, 3], 1, 2, [3, 0]], 'grounded': ['yes', 'yes', 'yes', 'no']}, {'ids': [0, 1, 2, 3, 4, 5], 'colours': ['blue', 'green', 'red', 'green', 'red', 'red'], 'sizes': [2, 1, 3, 3, 2, 2], 'xpos': [1.90901458039544, 3.20404317572615, 5.35557787085149, 2.21502873493383, 4.45133508655654, 0.411178438002497], 'ypos': [4.15997299836821, 3.9724254650111, 3.68341260130509, 3.66870790290145, 3.29547827552602, 4.15884184210246], 'rotations': [3.14582683698787, 3.82418159605204, 1.24456815445981, 4.50974799681394, 6.86637263771617, 3.14292060739547], 'contact': [[0, 3], [1, 3], [2, 4], [3, 0, 1], [4, 2], 5], 'grounded': ['yes', 'yes', 'yes', 'yes', 'yes', 'yes']}]","[True, False, True, False, False, False, False, False]","[False, False, True, False, True, True, True, False]","[False, True, False, True, False, False, False, True]","[True, False, False, False, False, False, False, False]","[True, False, True, False, False, False, False, False]","[True, True, False, True, True, True, True, True]","[False, False, False, False, False, False, False, False]","[False, False, True, False, False, False, False, False]",0.0,-0.125,0.125,0.0,0.5,0.875,0.5,0.625,0.25,0.0,0.0,-0.125,0.5,0.125,66.97929211649829,-5.545400346938725,-5.545177444479562,13.170242235557286,11.090354888959125,66.97929211649829,-5.545400346938725,-5.545177444479562,13.170242235557286,11.090354888959125,1.0502311195665048,"[1.0, 1.0, 1.0, 1.0, 1.0, 0.0, 1.0, 0.0, 1.0, 1.0, 1.0, 1.0, 1.0, 1.0, 1.0, 0.0135, 0.9530000000000001, 0.092, 0.5895, 0.5895, 1.0, 0.0, 0.0, 0.861, 1.0, 1.0, 1.0, 0.2925, 0.999, 0.999, 1.0, 0.7155, 0.0, 0.0, 1.0, 0.0, 0.0, 0.0, 1.0, 0.0, 0.0, 0.0, 1.0, 0.0, 0.0, 0.0, 1.0, 0.0, 1.0, 1.0, 1.0, 1.0, 0.0, 0.0, 0.0, 0.0, 1.0, 1.0, 1.0, 1.0, 0.935, 0.935, 0.935, 0.935, 1.0, 1.0, 1.0, 1.0, 0.0, 1.0, 0.0, 0.0, 0.0, 1.0, 1.0, 1.0, 1.0, 1.0, 1.0, 1.0, 1.0, 1.0, 1.0, 1.0, 0.0935, 0.0935, 0.0935, 0.0935, 1.0, 1.0, 1.0, 1.0, 1.0, 1.0, 1.0, 1.0, 1.0, 1.0, 1.0, 1.0, 1.0, 1.0, 1.0, 0.013000000000000001, 1.0, 1.0, 0.998, 1.0, 1.0, 0.002, 0.998, 0.002, 1.0, 1.0, 1.0, 1.0, 1.0, 1.0, 1.0, 0.0, 0.973, 1.0, 0.9530000000000001, 1.0, 0.8925000000000001, 0.9195, 0.17400000000000002, 0.201, 1.0, 1.0, 1.0, 1.0, 0.0, 0.0, 0.0, 0.0, 1.0, 1.0, 1.0, 0.24, 1.0, 1.0, 0.968, 1.0, 0.653, 0.653, 0.653, 1.0, 0.2535, 0.2535, 0.7035, 0.10300000000000001, 1.0, 1.0, 1.0, 1.0, 0.0, 1.0, 0.0, 0.0, 1.0, 1.0, 1.0, 0.012, 0.988, 0.988, 1.0, 1.0, 1.0, 0.0, 1.0, 1.0, 1.0, 0.0, 0.0, 1.0, 0.0, 0.0, 0.0, 1.0, 1.0, 0.0, 0.0, 0.0, 1.0, 1.0, 1.0, 1.0, 0.0, 0.0, 0.0, 0.0, 1.0, 1.0, 1.0, 1.0, 0.0, 0.0, 0.0, 0.0, 1.0, 1.0, 1.0, 1.0, 1.0, 1.0, 0.841, 1.0, 1.0, 1.0, 1.0, 1.0, 0.0, 0.0, 0.0, 0.0, 1.0, 1.0, 1.0, 1.0, 1.0, 1.0, 1.0, 0.0, 0.197, 0.0, 0.85, 0.653, 0.803, 0.0, 0.0, 0.0, 0.8525, 0.847, 0.9935, 0.847, 0.28300000000000003, 0.4305, 0.426, 0.426, 1.0, 1.0, 1.0, 1.0, 1.0, 1.0, 1.0, 0.0, 0.798, 1.0, 0.7995, 0.7995, 0.0275, 0.029, 0.2265, 0.1975, 1.0, 1.0, 1.0, 1.0, 0.0, 0.0, 0.0, 0.0, 0.862, 0.854, 0.8595, 0.8955000000000001, 0.045, 0.0005, 0.8695, 0.8505, 1.0, 1.0, 1.0, 0.022, 1.0, 1.0, 1.0, 0.978, 0.28400000000000003, 0.0145, 0.1885, 0.0275, 0.2755, 0.0, 0.0015, 0.013000000000000001, 0.0, 0.0, 0.0, 1.0, 1.0, 0.0, 0.0, 0.0, 1.0, 1.0, 1.0, 1.0, 0.0, 0.0, 0.0, 0.0, 1.0, 1.0, 1.0, 1.0, 1.0, 0.0, 1.0, 0.0, 1.0, 1.0, 1.0, 1.0, 1.0, 1.0, 1.0, 0.0, 1.0, 1.0, 1.0, 0.728, 0.8265, 0.5545, 0.5545, 0.8265, 1.0, 1.0, 1.0, 1.0, 1.0, 1.0, 1.0, 1.0, 1.0, 1.0, 1.0, 0.8715, 0.9365, 0.8695, 0.8695, 0.9365, 0.229, 0.229, 0.229, 0.229, 0.801, 0.03, 0.03, 0.801, 0.0, 0.0, 0.0, 1.0, 1.0, 0.0, 0.0, 0.0, 0.108, 0.114, 0.2315, 0.108, 0.114, 0.07050000000000001, 0.0495, 0.006, 1.0, 1.0, 1.0, 1.0, 0.0, 0.0, 0.0, 0.0, 0.8955000000000001, 0.895, 0.0115, 0.0, 0.883, 0.0, 0.0, 0.0, 1.0, 1.0, 1.0, 1.0, 0.0, 0.0, 0.0, 0.0, 0.902, 0.902, 0.902, 0.678, 0.88, 0.88, 0.902, 0.807, 1.0, 1.0, 1.0, 1.0, 0.0, 0.0, 0.0, 0.0, 1.0, 1.0, 1.0, 1.0, 1.0, 1.0, 1.0, 0.0, 1.0, 1.0, 1.0, 1.0, 0.0, 0.0, 0.0, 0.0, 1.0, 1.0, 1.0, 1.0, 0.008, 0.008, 0.008, 0.008, 1.0, 1.0, 1.0, 1.0, 1.0, 1.0, 1.0, 0.0, 1.0, 1.0, 1.0, 1.0, 1.0, 1.0, 0.6980000000000001, 1.0, 1.0, 1.0, 1.0, 1.0, 0.0, 0.0, 0.0, 0.0, 1.0, 1.0, 1.0, 1.0, 1.0, 1.0, 1.0, 0.0, 0.9530000000000001, 0.9530000000000001, 0.9530000000000001, 1.0, 1.0, 1.0, 0.641, 0.9530000000000001, 1.0, 1.0, 1.0, 1.0, 0.0, 0.0, 0.0, 0.0, 1.0, 1.0, 1.0, 1.0, 1.0, 1.0, 1.0, 1.0, 1.0, 1.0, 1.0, 1.0, 0.0, 0.0, 0.0, 0.0, 1.0, 1.0, 1.0, 1.0, 1.0, 1.0, 1.0, 1.0, 1.0, 1.0, 1.0, 1.0, 0.021500000000000002, 0.021500000000000002, 0.021500000000000002, 0.021500000000000002, 0.021500000000000002, 0.003, 0.02, 0.0095, 0.0095, 0.964, 0.9555, 0.0095, 1.0, 1.0, 1.0, 1.0, 1.0, 1.0, 1.0, 1.0, 1.0, 1.0, 1.0, 1.0, 0.0, 0.0, 0.0, 0.0, 1.0, 1.0, 1.0, 1.0, 0.0, 0.0, 1.0, 1.0, 1.0, 0.873, 0.198, 0.198, 1.0, 1.0, 0.6905, 1.0, 1.0, 1.0, 1.0, 1.0, 1.0, 1.0, 1.0, 0.0, 1.0, 0.999, 0.999, 1.0, 0.0025, 0.0025, 0.0025, 0.0025, 1.0, 1.0, 1.0, 1.0, 1.0, 0.686, 0.314, 0.0, 1.0, 1.0, 1.0, 1.0, 0.524, 0.524, 1.0, 0.47600000000000003, 1.0, 1.0, 1.0, 1.0, 0.008, 0.008, 0.008, 0.008, 0.9935, 0.9935, 0.9775, 0.9935, 0.9935, 0.0225, 0.988, 0.017, 1.0, 1.0, 1.0, 1.0, 0.0725, 0.0725, 0.0725, 0.0725, 0.041, 1.0, 1.0, 0.9590000000000001, 0.041, 0.9590000000000001, 1.0, 0.0, 0.7435, 0.9835, 0.7425, 0.986, 0.7435, 0.7435, 0.256, 0.987, 1.0, 0.005, 1.0, 1.0, 1.0, 0.005, 0.005, 1.0, 1.0, 1.0, 1.0, 1.0, 1.0, 1.0, 1.0, 0.0, 1.0, 1.0, 1.0, 1.0, 0.0, 0.0, 0.0, 0.0, 1.0, 1.0, 1.0, 1.0, 0.0, 0.0, 0.0, 0.0, 0.9705, 0.9705, 0.9145, 1.0, 0.8015, 0.8015, 0.9705, 0.7865, 1.0, 1.0, 1.0, 1.0, 0.0, 0.0, 0.0, 0.0, 1.0, 1.0, 1.0, 1.0, 0.0, 0.0, 0.0, 0.0, 1.0, 1.0, 1.0, 1.0, 0.0, 0.0, 0.0, 0.0, 1.0, 1.0, 1.0, 1.0, 1.0, 1.0, 1.0, 1.0]",-418.5875071169283,843.720363894191,-482.430437669722,964.860875339444,344.4324661880127,-5.548089200554276,13.175619942788389,344.4324661880127,-5.548089200554276,13.175619942788389,0.6334250289943713,"[1.0, 1.0, 1.0, 1.0, 1.0, 0.0, 1.0, 0.0, 1.0, 1.0, 1.0, 1.0, 1.0, 1.0, 1.0, 0.0, 0.0, 0.0, 0.0, 0.0, 0.0, 0.0, 0.0, 0.0, 1.0, 1.0, 1.0, 0.0, 0.0, 0.0, 1.0, 0.0, 0.0, 0.0, 1.0, 1.0, 0.0, 1.0, 1.0, 1.0, 1.0, 1.0, 1.0, 1.0, 0.0, 0.0, 1.0, 1.0, 1.0, 1.0, 1.0, 1.0, 0.0, 0.0, 0.0, 0.0, 1.0, 1.0, 1.0, 1.0, 0.0, 0.0, 0.0, 0.0, 0.0, 0.0, 0.0, 0.0, 0.0, 1.0, 1.0, 0.0, 1.0, 1.0, 1.0, 1.0, 0.0, 0.0, 0.0, 0.0, 1.0, 1.0, 1.0, 1.0, 0.0, 0.0, 0.0, 0.0, 1.0, 1.0, 1.0, 1.0, 1.0, 1.0, 0.0, 1.0, 1.0, 1.0, 1.0, 1.0, 1.0, 1.0, 1.0, 0.0, 1.0, 1.0, 1.0, 1.0, 1.0, 0.0, 1.0, 0.0, 0.0, 1.0, 0.0, 0.0, 1.0, 1.0, 1.0, 0.0, 1.0, 1.0, 0.0, 1.0, 1.0, 0.0, 0.0, 0.0, 1.0, 1.0, 1.0, 0.0, 1.0, 1.0, 1.0, 1.0, 1.0, 1.0, 1.0, 1.0, 0.0, 0.0, 0.0, 0.0, 1.0, 1.0, 1.0, 0.0, 0.0, 0.0, 1.0, 0.0, 0.0, 0.0, 1.0, 0.0, 0.0, 0.0, 0.0, 0.0, 1.0, 1.0, 1.0, 0.0, 0.0, 0.0, 1.0, 0.0, 0.0, 0.0, 0.0, 1.0, 0.0, 0.0, 0.0, 0.0, 0.0, 0.0, 0.0, 1.0, 0.0, 0.0, 0.0, 0.0, 1.0, 1.0, 1.0, 1.0, 0.0, 0.0, 0.0, 0.0, 1.0, 1.0, 1.0, 0.0, 0.0, 0.0, 1.0, 0.0, 1.0, 1.0, 1.0, 1.0, 0.0, 0.0, 0.0, 0.0, 1.0, 1.0, 1.0, 1.0, 0.0, 0.0, 0.0, 0.0, 1.0, 1.0, 1.0, 1.0, 1.0, 1.0, 1.0, 0.0, 0.0, 0.0, 0.0, 0.0, 1.0, 0.0, 0.0, 0.0, 1.0, 1.0, 1.0, 1.0, 1.0, 1.0, 1.0, 1.0, 1.0, 1.0, 1.0, 1.0, 1.0, 1.0, 1.0, 0.0, 0.0, 0.0, 0.0, 0.0, 0.0, 0.0, 0.0, 0.0, 0.0, 1.0, 0.0, 1.0, 0.0, 1.0, 0.0, 1.0, 0.0, 0.0, 0.0, 1.0, 0.0, 0.0, 0.0, 0.0, 1.0, 1.0, 1.0, 0.0, 0.0, 0.0, 1.0, 0.0, 1.0, 1.0, 1.0, 1.0, 1.0, 0.0, 1.0, 0.0, 0.0, 1.0, 1.0, 1.0, 0.0, 0.0, 0.0, 0.0, 1.0, 1.0, 1.0, 0.0, 1.0, 1.0, 1.0, 1.0, 0.0, 1.0, 1.0, 1.0, 0.0, 0.0, 0.0, 0.0, 1.0, 1.0, 1.0, 1.0, 1.0, 1.0, 1.0, 0.0, 1.0, 1.0, 1.0, 1.0, 0.0, 0.0, 0.0, 0.0, 1.0, 1.0, 1.0, 1.0, 0.0, 0.0, 0.0, 0.0, 0.0, 1.0, 0.0, 0.0, 0.0, 0.0, 0.0, 0.0, 1.0, 1.0, 1.0, 1.0, 1.0, 0.0, 1.0, 1.0, 0.0, 0.0, 0.0, 0.0, 0.0, 1.0, 1.0, 0.0, 1.0, 1.0, 1.0, 1.0, 1.0, 0.0, 1.0, 0.0, 1.0, 1.0, 1.0, 1.0, 1.0, 0.0, 1.0, 1.0, 0.0, 0.0, 0.0, 0.0, 0.0, 1.0, 1.0, 0.0, 1.0, 0.0, 0.0, 1.0, 0.0, 0.0, 0.0, 0.0, 1.0, 1.0, 1.0, 0.0, 0.0, 0.0, 1.0, 0.0, 1.0, 1.0, 1.0, 0.0, 0.0, 0.0, 0.0, 0.0, 1.0, 1.0, 1.0, 1.0, 1.0, 1.0, 1.0, 0.0, 0.0, 0.0, 0.0, 0.0, 0.0, 0.0, 0.0, 0.0, 1.0, 0.0, 1.0, 0.0, 0.0, 0.0, 0.0, 0.0, 1.0, 1.0, 1.0, 1.0, 1.0, 1.0, 1.0, 0.0, 1.0, 1.0, 1.0, 1.0, 1.0, 1.0, 0.0, 1.0, 1.0, 1.0, 1.0, 1.0, 0.0, 0.0, 0.0, 0.0, 1.0, 1.0, 1.0, 1.0, 1.0, 1.0, 1.0, 0.0, 0.0, 1.0, 1.0, 1.0, 0.0, 0.0, 0.0, 0.0, 1.0, 1.0, 1.0, 1.0, 0.0, 0.0, 0.0, 0.0, 1.0, 0.0, 1.0, 0.0, 0.0, 0.0, 0.0, 0.0, 1.0, 1.0, 1.0, 1.0, 1.0, 0.0, 1.0, 0.0, 1.0, 1.0, 1.0, 0.0, 1.0, 1.0, 0.0, 1.0, 1.0, 1.0, 1.0, 1.0, 0.0, 0.0, 0.0, 0.0, 0.0, 0.0, 0.0, 0.0, 0.0, 1.0, 0.0, 0.0, 1.0, 1.0, 1.0, 1.0, 0.0, 0.0, 0.0, 0.0, 0.0, 0.0, 0.0, 0.0, 0.0, 0.0, 0.0, 0.0, 1.0, 0.0, 1.0, 0.0, 0.0, 0.0, 0.0, 0.0, 1.0, 1.0, 0.0, 0.0, 1.0, 1.0, 1.0, 1.0, 1.0, 1.0, 1.0, 1.0, 1.0, 1.0, 1.0, 1.0, 1.0, 1.0, 1.0, 1.0, 1.0, 0.0, 1.0, 1.0, 0.0, 1.0, 0.0, 1.0, 0.0, 1.0, 0.0, 0.0, 1.0, 1.0, 1.0, 1.0, 0.0, 0.0, 1.0, 0.0, 1.0, 1.0, 1.0, 1.0, 0.0, 0.0, 0.0, 0.0, 0.0, 0.0, 0.0, 1.0, 0.0, 0.0, 0.0, 0.0, 1.0, 1.0, 1.0, 1.0, 0.0, 0.0, 0.0, 0.0, 0.0, 1.0, 1.0, 1.0, 0.0, 1.0, 1.0, 0.0, 1.0, 1.0, 1.0, 1.0, 0.0, 0.0, 0.0, 0.0, 1.0, 0.0, 1.0, 1.0, 1.0, 0.0, 0.0, 1.0, 1.0, 1.0, 1.0, 1.0, 1.0, 1.0, 1.0, 0.0, 0.0, 1.0, 1.0, 1.0, 1.0, 1.0, 0.0, 0.0, 1.0, 1.0, 1.0, 1.0, 0.0, 0.0, 0.0, 0.0, 1.0, 1.0, 1.0, 0.0, 0.0, 0.0, 1.0, 0.0, 1.0, 1.0, 1.0, 1.0, 0.0, 0.0, 0.0, 0.0, 0.0, 0.0, 0.0, 0.0, 0.0, 0.0, 0.0, 0.0, 0.0, 1.0, 0.0, 1.0, 0.0, 1.0, 1.0, 0.0, 1.0, 1.0, 1.0, 1.0, 1.0, 0.0, 0.0, 1.0]",-318.3726801373107,643.2907099349558,344.4324661880127,-5.548089200554276,-5.545177444479562,13.175619942788389,11.090354888959125,344.4324661880127,-5.548089200554276,-5.545177444479562,13.175619942788389,11.090354888959125,0.6173530694834558,"[1.0, 1.0, 1.0, 1.0, 1.0, 0.0, 1.0, 0.0, 1.0, 1.0, 1.0, 1.0, 1.0, 1.0, 1.0, 0.0, 0.0, 0.0, 0.0, 0.0, 0.0, 0.0, 0.0, 0.0, 1.0, 1.0, 1.0, 0.0, 0.0, 0.0, 1.0, 0.0, 0.0, 0.0, 1.0, 1.0, 0.0, 1.0, 1.0, 1.0, 0.0, 0.0, 0.0, 0.0, 0.0, 0.0, 0.0, 0.0, 1.0, 1.0, 1.0, 1.0, 0.0, 0.0, 0.0, 0.0, 1.0, 1.0, 1.0, 1.0, 0.0, 0.0, 0.0, 0.0, 0.0, 0.0, 0.0, 0.0, 0.0, 1.0, 1.0, 0.0, 0.0, 0.0, 0.0, 1.0, 0.0, 0.0, 0.0, 0.0, 1.0, 1.0, 1.0, 1.0, 0.0, 0.0, 0.0, 0.0, 0.0, 0.0, 0.0, 0.0, 1.0, 1.0, 0.0, 1.0, 1.0, 1.0, 1.0, 1.0, 1.0, 1.0, 1.0, 0.0, 1.0, 1.0, 1.0, 1.0, 1.0, 0.0, 1.0, 0.0, 0.0, 1.0, 0.0, 0.0, 1.0, 1.0, 1.0, 0.0, 1.0, 1.0, 0.0, 1.0, 1.0, 0.0, 0.0, 0.0, 1.0, 1.0, 1.0, 0.0, 1.0, 1.0, 1.0, 1.0, 1.0, 1.0, 1.0, 1.0, 0.0, 0.0, 0.0, 0.0, 1.0, 1.0, 1.0, 0.0, 0.0, 0.0, 1.0, 0.0, 0.0, 0.0, 1.0, 0.0, 0.0, 0.0, 0.0, 0.0, 1.0, 1.0, 1.0, 0.0, 0.0, 0.0, 1.0, 0.0, 0.0, 0.0, 0.0, 1.0, 0.0, 0.0, 0.0, 0.0, 0.0, 0.0, 0.0, 1.0, 0.0, 0.0, 0.0, 0.0, 1.0, 1.0, 1.0, 1.0, 0.0, 0.0, 0.0, 0.0, 1.0, 1.0, 1.0, 0.0, 0.0, 0.0, 1.0, 0.0, 1.0, 1.0, 1.0, 1.0, 0.0, 0.0, 0.0, 0.0, 1.0, 1.0, 1.0, 1.0, 0.0, 0.0, 0.0, 0.0, 1.0, 1.0, 1.0, 1.0, 1.0, 1.0, 1.0, 0.0, 0.0, 0.0, 0.0, 0.0, 1.0, 0.0, 0.0, 0.0, 1.0, 1.0, 1.0, 1.0, 1.0, 1.0, 1.0, 1.0, 1.0, 1.0, 1.0, 1.0, 1.0, 1.0, 1.0, 0.0, 0.0, 0.0, 0.0, 0.0, 0.0, 0.0, 0.0, 0.0, 0.0, 1.0, 0.0, 1.0, 0.0, 1.0, 0.0, 1.0, 0.0, 0.0, 0.0, 1.0, 0.0, 0.0, 0.0, 0.0, 1.0, 1.0, 1.0, 0.0, 0.0, 0.0, 1.0, 0.0, 1.0, 1.0, 1.0, 1.0, 1.0, 0.0, 1.0, 0.0, 0.0, 1.0, 1.0, 1.0, 0.0, 0.0, 0.0, 0.0, 1.0, 1.0, 1.0, 0.0, 1.0, 1.0, 1.0, 1.0, 0.0, 1.0, 1.0, 1.0, 0.0, 0.0, 0.0, 0.0, 1.0, 1.0, 1.0, 1.0, 1.0, 1.0, 1.0, 0.0, 1.0, 1.0, 1.0, 1.0, 0.0, 0.0, 0.0, 0.0, 1.0, 1.0, 1.0, 1.0, 0.0, 0.0, 0.0, 0.0, 0.0, 1.0, 0.0, 0.0, 0.0, 0.0, 0.0, 0.0, 0.0, 0.0, 0.0, 0.0, 0.0, 0.0, 0.0, 0.0, 1.0, 0.0, 1.0, 1.0, 1.0, 0.0, 0.0, 1.0, 1.0, 1.0, 1.0, 1.0, 1.0, 0.0, 1.0, 0.0, 1.0, 1.0, 1.0, 1.0, 1.0, 0.0, 1.0, 1.0, 0.0, 0.0, 0.0, 0.0, 0.0, 1.0, 1.0, 0.0, 1.0, 0.0, 0.0, 1.0, 0.0, 0.0, 0.0, 0.0, 1.0, 1.0, 1.0, 0.0, 0.0, 0.0, 1.0, 0.0, 1.0, 1.0, 1.0, 0.0, 0.0, 0.0, 0.0, 0.0, 1.0, 1.0, 1.0, 1.0, 1.0, 1.0, 1.0, 0.0, 0.0, 0.0, 0.0, 0.0, 0.0, 0.0, 0.0, 0.0, 1.0, 0.0, 1.0, 0.0, 0.0, 0.0, 0.0, 0.0, 1.0, 1.0, 1.0, 1.0, 1.0, 1.0, 1.0, 0.0, 1.0, 1.0, 1.0, 1.0, 1.0, 1.0, 0.0, 1.0, 1.0, 1.0, 1.0, 1.0, 0.0, 0.0, 0.0, 0.0, 1.0, 1.0, 1.0, 1.0, 1.0, 1.0, 1.0, 0.0, 0.0, 1.0, 1.0, 1.0, 0.0, 0.0, 0.0, 0.0, 1.0, 1.0, 1.0, 1.0, 0.0, 0.0, 0.0, 0.0, 1.0, 0.0, 1.0, 0.0, 0.0, 0.0, 0.0, 0.0, 1.0, 1.0, 1.0, 1.0, 1.0, 0.0, 1.0, 0.0, 1.0, 1.0, 1.0, 0.0, 1.0, 1.0, 0.0, 1.0, 1.0, 1.0, 1.0, 1.0, 0.0, 0.0, 0.0, 0.0, 0.0, 0.0, 0.0, 0.0, 0.0, 1.0, 0.0, 0.0, 1.0, 1.0, 1.0, 1.0, 0.0, 0.0, 0.0, 0.0, 0.0, 0.0, 0.0, 0.0, 0.0, 0.0, 0.0, 0.0, 1.0, 0.0, 1.0, 0.0, 0.0, 0.0, 0.0, 0.0, 1.0, 1.0, 0.0, 0.0, 1.0, 1.0, 1.0, 1.0, 1.0, 1.0, 1.0, 1.0, 1.0, 1.0, 1.0, 1.0, 1.0, 1.0, 1.0, 1.0, 1.0, 0.0, 1.0, 1.0, 0.0, 1.0, 0.0, 1.0, 0.0, 1.0, 0.0, 0.0, 1.0, 1.0, 1.0, 1.0, 0.0, 0.0, 1.0, 0.0, 1.0, 1.0, 1.0, 1.0, 0.0, 0.0, 0.0, 0.0, 0.0, 0.0, 0.0, 1.0, 0.0, 0.0, 0.0, 0.0, 1.0, 1.0, 1.0, 1.0, 0.0, 0.0, 0.0, 0.0, 0.0, 1.0, 1.0, 1.0, 0.0, 1.0, 1.0, 0.0, 1.0, 1.0, 1.0, 1.0, 0.0, 0.0, 0.0, 0.0, 1.0, 0.0, 1.0, 1.0, 1.0, 0.0, 0.0, 1.0, 1.0, 1.0, 1.0, 1.0, 1.0, 1.0, 1.0, 0.0, 0.0, 0.0, 1.0, 0.0, 0.0, 1.0, 0.0, 0.0, 1.0, 1.0, 1.0, 1.0, 0.0, 0.0, 0.0, 0.0, 1.0, 1.0, 1.0, 0.0, 0.0, 0.0, 1.0, 0.0, 1.0, 1.0, 1.0, 1.0, 0.0, 0.0, 0.0, 0.0, 0.0, 0.0, 0.0, 0.0, 0.0, 0.0, 0.0, 0.0, 0.0, 1.0, 0.0, 1.0, 0.0, 1.0, 1.0, 0.0, 1.0, 1.0, 1.0, 1.0, 1.0, 0.0, 0.0, 1.0]",-311.9759791000219,630.4973078603782,-482.430437669722,964.860875339444,0.5138983422688457,-3.0141612900514945,-5.545177444479562,8.107764121782825,11.090354888959125,0.5138983422688457,-3.0141612900514945,-5.545177444479562,8.107764121782825,11.090354888959125,1.0908740239314543,"[0.0, 0.0, 1.0, 0.0, 0.0, 0.0, 0.0, 0.0, 1.0, 1.0, 1.0, 1.0, 0.877, 0.877, 0.877, 0.0, 1.0, 0.259, 1.0, 1.0, 0.8015, 0.0, 0.259, 1.0, 1.0, 1.0, 1.0, 1.0, 1.0, 1.0, 1.0, 0.0, 0.0, 0.0, 1.0, 0.0, 0.0, 0.0, 1.0, 0.0, 0.0, 0.0, 1.0, 0.0, 0.0, 0.0, 1.0, 0.0, 0.0, 0.0, 0.0, 0.0775, 0.0, 0.0, 0.1635, 0.47100000000000003, 1.0, 1.0, 1.0, 1.0, 0.0, 0.0, 0.0, 0.0, 0.0, 0.0, 0.0, 0.0, 0.0, 0.0, 0.0, 0.0, 1.0, 1.0, 1.0, 1.0, 1.0, 1.0, 1.0, 0.0, 1.0, 1.0, 1.0, 1.0, 0.0, 0.0, 0.0, 0.0, 0.0, 0.0, 0.0, 0.0, 0.0, 0.113, 0.113, 0.0, 0.0, 0.0, 0.0, 1.0, 0.0, 0.0, 0.0, 0.0, 1.0, 1.0, 1.0, 1.0, 0.0, 0.0, 0.0, 0.0, 0.9995, 1.0, 1.0, 0.663, 1.0, 1.0, 1.0, 0.353, 1.0, 1.0, 1.0, 1.0, 0.082, 0.082, 0.0, 0.0, 0.973, 1.0, 0.7655000000000001, 0.605, 0.973, 1.0, 1.0, 0.368, 0.0, 0.0, 1.0, 0.0, 1.0, 0.0, 1.0, 0.0, 1.0, 1.0, 1.0, 1.0, 0.0, 0.0, 1.0, 0.0, 1.0, 1.0, 1.0, 1.0, 0.0, 0.9465, 0.0, 0.0, 0.666, 1.0, 0.666, 0.666, 0.0, 0.0, 0.7975, 0.0, 0.0, 0.9430000000000001, 0.0, 1.0, 1.0, 0.0, 0.0, 0.0, 0.0, 1.0, 0.0, 0.0, 0.0, 0.0, 0.0, 0.0, 1.0, 1.0, 1.0, 1.0, 0.0, 0.0, 0.0, 0.0, 1.0, 1.0, 1.0, 1.0, 1.0, 1.0, 1.0, 0.0005, 1.0, 1.0, 1.0, 1.0, 1.0, 1.0, 0.0, 1.0, 1.0, 1.0, 1.0, 1.0, 0.0, 0.0, 0.0, 0.0, 1.0, 1.0, 1.0, 1.0, 1.0, 1.0, 1.0, 0.0, 1.0, 0.0, 1.0, 0.0, 0.0, 0.0, 0.0, 0.0, 0.0, 1.0, 0.0, 1.0, 0.0, 1.0, 0.0, 1.0, 1.0, 1.0, 1.0, 1.0, 1.0, 1.0, 1.0, 0.0, 1.0, 0.0, 1.0, 1.0, 1.0, 0.0, 0.0, 1.0, 1.0, 1.0, 1.0, 1.0, 1.0, 1.0, 1.0, 1.0, 0.0, 0.9580000000000001, 0.0, 0.0, 0.0, 0.0, 0.0045000000000000005, 0.0, 0.0, 0.0, 0.0, 0.0, 0.0, 0.0, 0.0, 1.0, 0.0, 0.0, 0.0005, 0.0, 0.0, 0.0, 0.0, 0.0, 0.0, 1.0, 0.0, 0.0, 0.0, 0.0, 0.0, 0.0, 1.0, 1.0, 1.0, 0.001, 0.001, 0.001, 1.0, 0.0, 0.0, 0.0, 0.6225, 0.0, 0.0, 0.0, 0.0, 0.0, 1.0, 1.0, 1.0, 1.0, 0.0, 0.0, 0.0, 0.0, 0.0, 0.0, 0.0, 0.0, 0.0, 0.0, 0.0, 0.0, 1.0, 1.0, 1.0, 1.0, 1.0, 1.0, 1.0, 0.0, 0.0, 0.0, 0.0, 1.0, 0.0, 0.0, 1.0, 0.0, 1.0, 1.0, 1.0, 1.0, 0.0, 0.0, 0.0, 0.0, 0.0, 1.0, 0.0, 0.0, 1.0, 0.0, 0.0, 1.0, 1.0, 1.0, 1.0, 1.0, 0.0, 0.0, 0.0, 0.0, 1.0, 1.0, 1.0, 1.0, 1.0, 0.0, 1.0, 1.0, 0.0, 0.0005, 0.0, 0.0, 0.0, 0.38, 0.0, 0.0, 1.0, 1.0, 1.0, 1.0, 0.0, 0.0, 0.0, 0.0, 1.0, 1.0, 1.0, 0.999, 1.0, 1.0, 1.0, 0.0195, 1.0, 1.0, 1.0, 1.0, 0.0, 0.0, 0.0, 0.0, 0.0, 0.6285000000000001, 0.0, 0.328, 0.0, 0.0, 0.6285000000000001, 0.0, 0.0, 0.0, 0.0, 0.0, 0.0, 0.0, 0.0, 1.0, 1.0, 1.0, 1.0, 1.0, 0.0, 0.0, 0.0, 0.0, 1.0, 1.0, 1.0, 1.0, 1.0, 1.0, 1.0, 0.0, 1.0, 1.0, 1.0, 1.0, 1.0, 1.0, 0.0375, 1.0, 1.0, 1.0, 1.0, 1.0, 0.0, 0.0, 0.0, 0.0, 1.0, 1.0, 1.0, 1.0, 1.0, 1.0, 1.0, 0.0, 1.0, 1.0, 1.0, 1.0, 1.0, 1.0, 0.0, 1.0, 1.0, 1.0, 1.0, 1.0, 0.0, 0.0, 0.0, 0.0, 1.0, 1.0, 1.0, 1.0, 1.0, 1.0, 1.0, 1.0, 0.0, 0.0, 0.4395, 0.0, 0.0, 0.0, 0.001, 1.0, 0.0, 0.0, 0.0, 0.0, 0.0, 0.0, 0.0, 0.0, 1.0, 1.0, 1.0, 0.0, 1.0, 0.0, 0.0, 1.0, 0.0, 0.0, 1.0, 1.0, 1.0, 0.0, 0.0, 0.0, 0.0, 0.0, 0.0, 0.0, 0.0, 0.0, 0.0, 0.0, 1.0, 1.0, 1.0, 1.0, 0.0, 0.0, 0.0, 0.0, 0.0, 0.0, 0.0, 0.0, 0.0, 1.0, 0.0, 0.0, 1.0, 1.0, 1.0, 1.0, 0.0, 0.4945, 0.0, 0.0, 1.0, 1.0, 1.0, 1.0, 0.0, 0.0, 1.0, 1.0, 1.0, 1.0, 1.0, 1.0, 0.0, 0.0, 0.0, 0.0, 1.0, 1.0, 1.0, 1.0, 1.0, 0.704, 0.296, 0.0, 1.0, 1.0, 1.0, 1.0, 0.0, 0.0, 1.0, 1.0, 1.0, 1.0, 1.0, 1.0, 0.0, 0.0, 0.0, 0.0, 0.006, 1.0, 0.006, 0.708, 0.298, 1.0, 0.298, 1.0, 1.0, 1.0, 1.0, 1.0, 0.0, 0.0, 0.0, 0.0, 1.0, 0.0, 1.0, 1.0, 1.0, 0.0, 0.0, 1.0, 0.0, 1.0, 1.0, 1.0, 0.0, 0.0, 0.0, 0.0, 1.0, 0.224, 1.0, 1.0, 0.776, 0.0, 0.224, 1.0, 1.0, 1.0, 1.0, 1.0, 0.0, 0.0, 0.0, 0.0, 1.0, 1.0, 0.0, 1.0, 1.0, 1.0, 0.0, 1.0, 1.0, 1.0, 1.0, 1.0, 0.0, 0.0, 0.0, 0.0, 1.0, 1.0, 1.0, 1.0, 1.0, 1.0, 1.0, 0.0, 1.0, 1.0, 1.0, 1.0, 0.0, 0.0, 0.0, 0.0, 0.0, 0.0, 0.0, 0.0, 0.0, 0.0, 0.0, 0.0, 1.0, 0.4865, 1.0, 1.0, 1.0, 0.0075, 0.4865, 1.0, 0.0225, 0.0, 0.0, 0.9775, 0.0, 0.0, 0.0, 0.0]",-419.18595103414617,844.9172517286268,-482.430437669722,964.860875339444,344.4324661880127,-5.548089200554276,-5.545177444479562,13.175619942788389,11.090354888959125,344.4324661880127,-5.548089200554276,-5.545177444479562,13.175619942788389,11.090354888959125,0.5787520451143159,"[1.0, 1.0, 1.0, 1.0, 1.0, 0.0, 1.0, 0.0, 1.0, 1.0, 1.0, 1.0, 1.0, 1.0, 1.0, 0.0, 0.0, 0.0, 0.0, 0.0, 0.0, 0.0, 0.0, 0.0, 1.0, 1.0, 1.0, 1.0, 0.0, 0.0, 1.0, 0.0, 0.0, 0.0, 0.0, 0.0, 0.0, 1.0, 0.0, 0.0, 0.0, 0.0, 0.0, 0.0, 0.0, 0.0, 0.0, 0.0, 1.0, 1.0, 1.0, 1.0, 0.0, 0.0, 0.0, 0.0, 1.0, 1.0, 1.0, 1.0, 0.0, 0.0, 0.0, 0.0, 0.0, 0.0, 0.0, 0.0, 0.0, 1.0, 1.0, 0.0, 1.0, 1.0, 1.0, 1.0, 0.0, 0.0, 0.0, 0.0, 1.0, 1.0, 1.0, 1.0, 0.0, 0.0, 0.0, 0.0, 0.0, 0.0, 0.0, 0.0, 0.0, 0.0, 0.0, 0.0, 1.0, 1.0, 1.0, 1.0, 1.0, 1.0, 1.0, 0.0, 1.0, 1.0, 1.0, 1.0, 1.0, 0.0, 1.0, 0.0, 0.0, 1.0, 0.0, 0.0, 1.0, 1.0, 1.0, 0.0, 1.0, 1.0, 0.0, 1.0, 1.0, 0.0, 0.0, 0.0, 1.0, 1.0, 1.0, 0.0, 1.0, 1.0, 1.0, 1.0, 1.0, 1.0, 1.0, 1.0, 0.0, 0.0, 0.0, 0.0, 1.0, 1.0, 1.0, 0.0, 0.0, 0.0, 1.0, 0.0, 0.0, 0.0, 1.0, 0.0, 0.0, 0.0, 0.0, 0.0, 1.0, 1.0, 1.0, 0.0, 0.0, 0.0, 1.0, 0.0, 0.0, 0.0, 0.0, 1.0, 0.0, 0.0, 0.0, 0.0, 0.0, 0.0, 0.0, 1.0, 0.0, 0.0, 0.0, 0.0, 1.0, 1.0, 1.0, 1.0, 0.0, 0.0, 0.0, 0.0, 1.0, 1.0, 1.0, 0.0, 0.0, 0.0, 1.0, 0.0, 1.0, 1.0, 1.0, 1.0, 0.0, 0.0, 0.0, 0.0, 1.0, 1.0, 1.0, 1.0, 0.0, 0.0, 0.0, 0.0, 1.0, 1.0, 1.0, 1.0, 1.0, 1.0, 1.0, 0.0, 0.0, 0.0, 0.0, 0.0, 1.0, 0.0, 0.0, 0.0, 1.0, 1.0, 1.0, 1.0, 1.0, 1.0, 1.0, 1.0, 1.0, 1.0, 1.0, 1.0, 1.0, 1.0, 1.0, 0.0, 0.0, 0.0, 0.0, 0.0, 0.0, 0.0, 0.0, 0.0, 0.0, 1.0, 0.0, 1.0, 0.0, 1.0, 0.0, 1.0, 0.0, 0.0, 0.0, 1.0, 0.0, 0.0, 0.0, 0.0, 1.0, 1.0, 1.0, 0.0, 0.0, 0.0, 1.0, 0.0, 0.0, 0.0, 1.0, 0.0, 0.0, 0.0, 0.0, 0.0, 0.0, 1.0, 1.0, 1.0, 0.0, 0.0, 0.0, 0.0, 1.0, 1.0, 1.0, 0.0, 1.0, 1.0, 1.0, 1.0, 0.0, 0.0, 1.0, 0.0, 0.0, 0.0, 0.0, 0.0, 1.0, 1.0, 1.0, 1.0, 1.0, 1.0, 1.0, 0.0, 1.0, 1.0, 1.0, 1.0, 0.0, 0.0, 0.0, 0.0, 1.0, 1.0, 1.0, 1.0, 0.0, 0.0, 0.0, 0.0, 0.0, 1.0, 0.0, 0.0, 0.0, 0.0, 0.0, 0.0, 0.0, 0.0, 0.0, 0.0, 0.0, 0.0, 0.0, 0.0, 0.0, 0.0, 0.0, 0.0, 0.0, 0.0, 0.0, 0.0, 1.0, 1.0, 0.0, 1.0, 1.0, 0.0, 1.0, 0.0, 1.0, 1.0, 1.0, 1.0, 1.0, 0.0, 1.0, 1.0, 0.0, 0.0, 0.0, 0.0, 0.0, 1.0, 1.0, 0.0, 1.0, 0.0, 0.0, 1.0, 0.0, 0.0, 0.0, 0.0, 1.0, 1.0, 1.0, 0.0, 0.0, 0.0, 1.0, 0.0, 1.0, 1.0, 1.0, 0.0, 0.0, 0.0, 0.0, 0.0, 1.0, 1.0, 1.0, 1.0, 1.0, 1.0, 1.0, 0.0, 0.0, 0.0, 0.0, 0.0, 0.0, 0.0, 0.0, 0.0, 1.0, 0.0, 1.0, 0.0, 0.0, 0.0, 0.0, 0.0, 1.0, 1.0, 1.0, 1.0, 1.0, 1.0, 1.0, 0.0, 1.0, 1.0, 1.0, 1.0, 1.0, 1.0, 0.0, 1.0, 1.0, 1.0, 1.0, 1.0, 0.0, 0.0, 0.0, 0.0, 1.0, 1.0, 1.0, 1.0, 1.0, 1.0, 1.0, 0.0, 0.0, 1.0, 1.0, 1.0, 0.0, 0.0, 0.0, 0.0, 1.0, 1.0, 1.0, 1.0, 0.0, 0.0, 0.0, 0.0, 1.0, 0.0, 1.0, 0.0, 0.0, 0.0, 0.0, 0.0, 1.0, 1.0, 1.0, 1.0, 1.0, 0.0, 1.0, 0.0, 1.0, 1.0, 1.0, 0.0, 1.0, 1.0, 0.0, 1.0, 1.0, 1.0, 1.0, 1.0, 0.0, 0.0, 0.0, 0.0, 0.0, 0.0, 0.0, 0.0, 0.0, 0.0, 0.0, 0.0, 1.0, 1.0, 1.0, 1.0, 0.0, 0.0, 0.0, 0.0, 0.0, 0.0, 0.0, 0.0, 0.0, 0.0, 0.0, 0.0, 0.0, 0.0, 0.0, 0.0, 0.0, 0.0, 0.0, 0.0, 1.0, 1.0, 0.0, 0.0, 1.0, 1.0, 1.0, 1.0, 1.0, 1.0, 1.0, 1.0, 1.0, 1.0, 1.0, 1.0, 1.0, 1.0, 1.0, 1.0, 1.0, 0.0, 1.0, 1.0, 0.0, 1.0, 0.0, 1.0, 0.0, 1.0, 0.0, 0.0, 1.0, 1.0, 1.0, 1.0, 0.0, 0.0, 1.0, 0.0, 1.0, 1.0, 1.0, 1.0, 0.0, 0.0, 0.0, 0.0, 0.0, 0.0, 0.0, 1.0, 0.0, 0.0, 0.0, 0.0, 1.0, 1.0, 1.0, 1.0, 0.0, 0.0, 0.0, 0.0, 0.0, 1.0, 1.0, 1.0, 0.0, 1.0, 1.0, 0.0, 1.0, 1.0, 1.0, 1.0, 0.0, 0.0, 0.0, 0.0, 1.0, 0.0, 1.0, 1.0, 1.0, 0.0, 0.0, 1.0, 1.0, 1.0, 1.0, 1.0, 1.0, 1.0, 1.0, 0.0, 0.0, 1.0, 1.0, 1.0, 1.0, 1.0, 0.0, 0.0, 1.0, 1.0, 1.0, 1.0, 0.0, 0.0, 0.0, 0.0, 1.0, 1.0, 1.0, 0.0, 0.0, 0.0, 1.0, 0.0, 1.0, 1.0, 1.0, 1.0, 0.0, 0.0, 0.0, 0.0, 0.0, 0.0, 0.0, 0.0, 0.0, 0.0, 0.0, 0.0, 0.0, 0.0, 1.0, 1.0, 0.0, 0.0, 0.0, 0.0, 1.0, 1.0, 1.0, 1.0, 1.0, 0.0, 0.0, 1.0]",-295.2442605392121,597.0338707387587,-482.430437669722,964.860875339444,1.0,-3.5060935001457825,9.091628541971401,1.2846122460949685,-433.45128860920846,873.4479268787513,False,False,False,True,False,0.5,0.5,0.5,0.5,0.5,0.5,0.5,0.5,0.5,0.5,0.75,0.75,"Z.exists(lambda x1: Z.less(x1,2,'size'),X)","Z.exists(lambda x1: Z.exists(lambda x2: Z.exists(lambda x3: Z.and_operator(Z.and_operator(Z.equal(x1,'red','colour'),Z.equal(x2,'blue','colour')),Z.equal(x3,'green','colour')),X),X),X)","Z.atleast(lambda x1: Z.lequal(x1,1,'size'),3,X)","Z.exists(lambda x1: Z.exists(lambda x2: Z.exists(lambda x3: Z.and_operator(Z.and_operator(Z.equal(x1,'red','colour'),Z.equal(x2,'blue','colour')),Z.equal(x3,'green','colour')),X),X),X)",0.5,0.75,0.5,0.5,0.5,0.7083333333333334,0.6982758620689655,0.6867816091954023,0.6954022988505747,0.6925287356321839,5.241379310344827,0,0,0,0,0,0
63,78,151,dExckpP5o5,OTeHWPov9yZkcbEZAAAB,Zeta,there is a red,"[True, True, True, True, False, False, False, False]","[True, True, True, True, False, False, False, False]",1.0,1.0,there must be at least one red triangle ,[['x1']],"Z.atleast(lambda x1: Z.equal(x1,'red','colour'),1,X)",there must be at least one red triangle ,"[{'ids': [0, 1, 2], 'colours': ['red', 'green', 'red'], 'sizes': [2, 2, 1], 'xpos': [1.2082633136609209, 1.2082633136558607, 3.655562675831928], 'ypos': [4.1200000000074875, 3.819150271509094, 3.8390839424319516], 'rotations': [3.141592653588558, 3.1415926535800955, 1.2121899680575183], 'orientations': ['upright', 'upright', 'lhs'], 'contact': [[0, 1], [1, 0], [2]], 'grounded': ['yes', 'no', 'yes'], 'follow_rule': True}, {'ids': [0], 'colours': ['red'], 'sizes': [1], 'xpos': [4.948016608365323], 'ypos': [3.835210693706779], 'rotations': [1.2105011104884507], 'orientations': ['lhs'], 'contact': [[0]], 'grounded': ['yes'], 'follow_rule': True}, {'ids': [0, 1], 'colours': ['red', 'blue'], 'sizes': [2, 2], 'xpos': [1.081943990458747, 4.134115723118919], 'ypos': [4.116526811592972, 3.737816255169466], 'rotations': [3.142964789830914, 5.049438887802641], 'orientations': ['upright', 'rhs'], 'contact': [[0], [1]], 'grounded': ['yes', 'yes'], 'follow_rule': True}, {'ids': [0, 1, 2], 'colours': ['red', 'blue', 'green'], 'sizes': [3, 3, 3], 'xpos': [1.4435103260234188, 5.154793580119956, 1.5762945920612552], 'ypos': [4.120063388018847, 3.6427848975026045, 3.969684402431027], 'rotations': [3.1416147140670687, 5.03865427571227, 3.079332775049472], 'orientations': ['upright', 'rhs', 'upright'], 'contact': [[0, 2], [1], [2, 0]], 'grounded': ['yes', 'yes', 'no'], 'follow_rule': True}, {'ids': [0, 1, 2], 'colours': ['red', 'red', 'blue'], 'sizes': [1, 1, 3], 'xpos': [4.302126607141522, 4.299815544353037, 4.300311975416662], 'ypos': [4.118086011123634, 3.834113392626029, 4.116078871067536], 'rotations': [3.1362105673002394, 3.140829185935828, 3.1389075112576066], 'orientations': ['upright', 'upright', 'upright'], 'contact': [[0, 1], [1, 0, 2], [2, 1]], 'grounded': ['yes', 'no', 'yes'], 'follow_rule': True}, {'ids': [0, 1, 2, 3], 'colours': ['red', 'blue', 'green', 'green'], 'sizes': [3, 2, 3, 3], 'xpos': [2.496247080572105, 4.200978223181625, 4.2008885698493055, 6.723284090607508], 'ypos': [4.116463155294399, 4.12001503572826, 4.106196567074253, 3.666997367778769], 'rotations': [3.143151259558599, 3.141593599328428, 3.1414109745180068, 4.256149280060693], 'orientations': ['upright', 'upright', 'upright', 'strange'], 'contact': [[0], [1, 2], [2, 1], [3]], 'grounded': ['yes', 'yes', 'no', 'yes'], 'follow_rule': True}, {'ids': [0, 1, 2], 'colours': ['green', 'red', 'blue'], 'sizes': [2, 2, 3], 'xpos': [5.394284700958923, 4.526591834102988, 2.1499534507589497], 'ypos': [3.73760311426295, 4.116389736626892, 3.6166108061290467], 'rotations': [5.049478626447212, 3.142833273997848, 4.656953584988434], 'orientations': ['rhs', 'upright', 'rhs'], 'contact': [[0], [1], [2]], 'grounded': ['yes', 'yes', 'yes'], 'follow_rule': True}, {'ids': [0, 1], 'colours': ['blue', 'green'], 'sizes': [1, 2], 'xpos': [4.61207526536103, 5.883755283644187], 'ypos': [4.115681484878003, 4.116131616398721], 'rotations': [3.143013315187063, 3.1437412550118147], 'orientations': ['upright', 'upright'], 'contact': [[0], [1]], 'grounded': ['yes', 'yes'], 'follow_rule': False}, {'ids': [0, 1, 2, 3], 'colours': ['red', 'green', 'green', 'red'], 'sizes': [1, 3, 1, 2], 'xpos': [4.99719497412721, 5.33966521510595, 6.7812617602386, 0.647214122653947], 'ypos': [3.87616110226316, 3.89757703212827, 4.15810225565523, 4.15717162300964], 'rotations': [1.21015432030723, 3.69203273094864, 3.14416974526282, 3.14125264303298], 'contact': [[0, 1], [1, 0], 2, 3], 'grounded': ['yes', 'yes', 'yes', 'yes']}, {'ids': [0, 1, 2, 3, 4], 'colours': ['red', 'red', 'blue', 'blue', 'green'], 'sizes': [2, 1, 2, 2, 1], 'xpos': [0.756045112876682, 5.7930538088619, 4.02912968049722, 0.607249611808554, 2.34445062198903], 'ypos': [3.78128677692435, 3.87663053995449, 3.77926220180112, 4.09987976609843, 4.15797989686201], 'rotations': [5.04734512360657, 1.21097145412816, 1.2338944765227, 2.99747085022243, 3.14330311350596], 'contact': [[0, 3], 1, 2, [3, 0], 4], 'grounded': ['yes', 'yes', 'yes', 'yes', 'yes']}, {'ids': [0, 1, 2, 3, 4, 5], 'colours': ['green', 'green', 'green', 'green', 'red', 'red'], 'sizes': [1, 1, 2, 2, 1, 1], 'xpos': [0.392205266119112, 6.46736091582645, 5.87132830651543, 2.56842478452184, 1.05497225772388, 3.35722507237469], 'ypos': [4.15754519774028, 3.87672651888649, 3.80774864689194, 4.15891117383473, 4.15835090526104, 4.15780493355124], 'rotations': [3.14560426344892, 5.07442800349693, 4.20513160762651, 3.14652142167178, 3.14300168792949, 3.1450254884391], 'contact': [0, [1, 2], [2, 1], 3, 4, 5], 'grounded': ['yes', 'yes', 'yes', 'yes', 'yes', 'yes']}, {'ids': [0, 1, 2], 'colours': ['blue', 'red', 'blue'], 'sizes': [1, 3, 1], 'xpos': [3.65329156447024, 3.06074315033349, 4.60711408951368], 'ypos': [3.87683998879975, 3.89790852126602, 4.15748043316142], 'rotations': [1.21104984409195, 2.59341814797494, 3.14017425270441], 'contact': [[0, 1], [1, 0], 2], 'grounded': ['yes', 'yes', 'yes']}, {'ids': [0, 1, 2, 3, 4, 5], 'colours': ['green', 'green', 'green', 'green', 'blue', 'blue'], 'sizes': [1, 3, 2, 1, 2, 1], 'xpos': [2.9046526114666, 3.68975290255409, 5.65833149766197, 2.8246611501998, 2.89449149866101, 1.87269773742003], 'ypos': [3.88094533031908, 3.68797064017839, 4.15757175612118, 3.68349548447456, 3.68583647526567, 3.8760767087662], 'rotations': [1.21243000430047, 5.03772434357929, 3.14324414103154, 5.06868148794976, 5.04716419664426, 1.2105262200236], 'contact': [[0, 4], [1, 4], 2, [3, 4], [4, 0, 1, 3], 5], 'grounded': ['yes', 'yes', 'yes', 'no', 'no', 'yes']}, {'ids': [0, 1], 'colours': ['green', 'green'], 'sizes': [1, 3], 'xpos': [0.670764619467334, 5.261348820008], 'ypos': [3.86447444538309, 4.15793495472947], 'rotations': [1.77488765373097, 3.13951555729719], 'contact': [{'V1': 0, 'V2': 1}], 'grounded': ['yes', 'yes']}, {'ids': [0, 1, 2], 'colours': ['blue', 'green', 'green'], 'sizes': [1, 1, 3], 'xpos': [4.69009713254434, 2.93439461350621, 4.78205690186546], 'ypos': [4.15772510399043, 4.15704164375121, 4.15823822985147], 'rotations': [3.14100478933091, 3.14035932239342, 3.14115234487408], 'contact': [[0, 2], 1, [2, 0]], 'grounded': ['yes', 'yes', 'yes']}, {'ids': [0, 1, 2, 3, 4, 5], 'colours': ['green', 'blue', 'blue', 'green', 'green', 'green'], 'sizes': [3, 2, 1, 1, 3, 2], 'xpos': [4.08915128061252, 2.29489936724743, 2.81704915678861, 6.85663898790724, 1.00051084466887, 4.09237106060331], 'ypos': [4.1616688599196, 4.16166316032898, 3.87799901532656, 4.1578940642729, 4.15850762807611, 3.52787490122945], 'rotations': [3.14159237119885, 3.14158410154621, 5.07138880585438, 3.13808482008692, 3.14212541938172, 3.13686252238553], 'contact': [[0, 5], 1, 2, 3, 4, [5, 0]], 'grounded': ['yes', 'yes', 'yes', 'yes', 'yes', 'no']}]","[False, True, True, False, True, False, False, True]","[False, True, True, False, False, True, True, False]","[True, False, False, True, False, False, False, False]","[False, False, False, False, True, False, False, True]","[True, False, False, True, True, False, False, True]","[True, False, False, True, False, True, True, False]","[False, True, True, False, False, False, False, False]","[False, False, False, False, True, False, False, True]",0.5,0.5,0.0,0.0,0.5,0.5,0.5,0.5,0.5,0.5,0.0,0.0,0.5,0.5,0.01,0.0,-5.545177444479562,2.0794415416798357,11.090354888959125,1.0,-12.560591334753433,-16.635532333438686,28.29923649985481,33.27106466687737,1.0502311195665048,"[1.0, 1.0, 1.0, 1.0, 1.0, 0.0, 1.0, 0.0, 1.0, 1.0, 1.0, 1.0, 1.0, 1.0, 1.0, 0.0135, 0.9530000000000001, 0.092, 0.5895, 0.5895, 1.0, 0.0, 0.0, 0.861, 1.0, 1.0, 1.0, 0.2925, 0.999, 0.999, 1.0, 0.7155, 0.0, 0.0, 1.0, 0.0, 0.0, 0.0, 1.0, 0.0, 0.0, 0.0, 1.0, 0.0, 0.0, 0.0, 1.0, 0.0, 1.0, 1.0, 1.0, 1.0, 0.0, 0.0, 0.0, 0.0, 1.0, 1.0, 1.0, 1.0, 0.935, 0.935, 0.935, 0.935, 1.0, 1.0, 1.0, 1.0, 0.0, 1.0, 0.0, 0.0, 0.0, 1.0, 1.0, 1.0, 1.0, 1.0, 1.0, 1.0, 1.0, 1.0, 1.0, 1.0, 0.0935, 0.0935, 0.0935, 0.0935, 1.0, 1.0, 1.0, 1.0, 1.0, 1.0, 1.0, 1.0, 1.0, 1.0, 1.0, 1.0, 1.0, 1.0, 1.0, 0.013000000000000001, 1.0, 1.0, 0.998, 1.0, 1.0, 0.002, 0.998, 0.002, 1.0, 1.0, 1.0, 1.0, 1.0, 1.0, 1.0, 0.0, 0.973, 1.0, 0.9530000000000001, 1.0, 0.8925000000000001, 0.9195, 0.17400000000000002, 0.201, 1.0, 1.0, 1.0, 1.0, 0.0, 0.0, 0.0, 0.0, 1.0, 1.0, 1.0, 0.24, 1.0, 1.0, 0.968, 1.0, 0.653, 0.653, 0.653, 1.0, 0.2535, 0.2535, 0.7035, 0.10300000000000001, 1.0, 1.0, 1.0, 1.0, 0.0, 1.0, 0.0, 0.0, 1.0, 1.0, 1.0, 0.012, 0.988, 0.988, 1.0, 1.0, 1.0, 0.0, 1.0, 1.0, 1.0, 0.0, 0.0, 1.0, 0.0, 0.0, 0.0, 1.0, 1.0, 0.0, 0.0, 0.0, 1.0, 1.0, 1.0, 1.0, 0.0, 0.0, 0.0, 0.0, 1.0, 1.0, 1.0, 1.0, 0.0, 0.0, 0.0, 0.0, 1.0, 1.0, 1.0, 1.0, 1.0, 1.0, 0.841, 1.0, 1.0, 1.0, 1.0, 1.0, 0.0, 0.0, 0.0, 0.0, 1.0, 1.0, 1.0, 1.0, 1.0, 1.0, 1.0, 0.0, 0.197, 0.0, 0.85, 0.653, 0.803, 0.0, 0.0, 0.0, 0.8525, 0.847, 0.9935, 0.847, 0.28300000000000003, 0.4305, 0.426, 0.426, 1.0, 1.0, 1.0, 1.0, 1.0, 1.0, 1.0, 0.0, 0.798, 1.0, 0.7995, 0.7995, 0.0275, 0.029, 0.2265, 0.1975, 1.0, 1.0, 1.0, 1.0, 0.0, 0.0, 0.0, 0.0, 0.862, 0.854, 0.8595, 0.8955000000000001, 0.045, 0.0005, 0.8695, 0.8505, 1.0, 1.0, 1.0, 0.022, 1.0, 1.0, 1.0, 0.978, 0.28400000000000003, 0.0145, 0.1885, 0.0275, 0.2755, 0.0, 0.0015, 0.013000000000000001, 0.0, 0.0, 0.0, 1.0, 1.0, 0.0, 0.0, 0.0, 1.0, 1.0, 1.0, 1.0, 0.0, 0.0, 0.0, 0.0, 1.0, 1.0, 1.0, 1.0, 1.0, 0.0, 1.0, 0.0, 1.0, 1.0, 1.0, 1.0, 1.0, 1.0, 1.0, 0.0, 1.0, 1.0, 1.0, 0.728, 0.8265, 0.5545, 0.5545, 0.8265, 1.0, 1.0, 1.0, 1.0, 1.0, 1.0, 1.0, 1.0, 1.0, 1.0, 1.0, 0.8715, 0.9365, 0.8695, 0.8695, 0.9365, 0.229, 0.229, 0.229, 0.229, 0.801, 0.03, 0.03, 0.801, 0.0, 0.0, 0.0, 1.0, 1.0, 0.0, 0.0, 0.0, 0.108, 0.114, 0.2315, 0.108, 0.114, 0.07050000000000001, 0.0495, 0.006, 1.0, 1.0, 1.0, 1.0, 0.0, 0.0, 0.0, 0.0, 0.8955000000000001, 0.895, 0.0115, 0.0, 0.883, 0.0, 0.0, 0.0, 1.0, 1.0, 1.0, 1.0, 0.0, 0.0, 0.0, 0.0, 0.902, 0.902, 0.902, 0.678, 0.88, 0.88, 0.902, 0.807, 1.0, 1.0, 1.0, 1.0, 0.0, 0.0, 0.0, 0.0, 1.0, 1.0, 1.0, 1.0, 1.0, 1.0, 1.0, 0.0, 1.0, 1.0, 1.0, 1.0, 0.0, 0.0, 0.0, 0.0, 1.0, 1.0, 1.0, 1.0, 0.008, 0.008, 0.008, 0.008, 1.0, 1.0, 1.0, 1.0, 1.0, 1.0, 1.0, 0.0, 1.0, 1.0, 1.0, 1.0, 1.0, 1.0, 0.6980000000000001, 1.0, 1.0, 1.0, 1.0, 1.0, 0.0, 0.0, 0.0, 0.0, 1.0, 1.0, 1.0, 1.0, 1.0, 1.0, 1.0, 0.0, 0.9530000000000001, 0.9530000000000001, 0.9530000000000001, 1.0, 1.0, 1.0, 0.641, 0.9530000000000001, 1.0, 1.0, 1.0, 1.0, 0.0, 0.0, 0.0, 0.0, 1.0, 1.0, 1.0, 1.0, 1.0, 1.0, 1.0, 1.0, 1.0, 1.0, 1.0, 1.0, 0.0, 0.0, 0.0, 0.0, 1.0, 1.0, 1.0, 1.0, 1.0, 1.0, 1.0, 1.0, 1.0, 1.0, 1.0, 1.0, 0.021500000000000002, 0.021500000000000002, 0.021500000000000002, 0.021500000000000002, 0.021500000000000002, 0.003, 0.02, 0.0095, 0.0095, 0.964, 0.9555, 0.0095, 1.0, 1.0, 1.0, 1.0, 1.0, 1.0, 1.0, 1.0, 1.0, 1.0, 1.0, 1.0, 0.0, 0.0, 0.0, 0.0, 1.0, 1.0, 1.0, 1.0, 0.0, 0.0, 1.0, 1.0, 1.0, 0.873, 0.198, 0.198, 1.0, 1.0, 0.6905, 1.0, 1.0, 1.0, 1.0, 1.0, 1.0, 1.0, 1.0, 0.0, 1.0, 0.999, 0.999, 1.0, 0.0025, 0.0025, 0.0025, 0.0025, 1.0, 1.0, 1.0, 1.0, 1.0, 0.686, 0.314, 0.0, 1.0, 1.0, 1.0, 1.0, 0.524, 0.524, 1.0, 0.47600000000000003, 1.0, 1.0, 1.0, 1.0, 0.008, 0.008, 0.008, 0.008, 0.9935, 0.9935, 0.9775, 0.9935, 0.9935, 0.0225, 0.988, 0.017, 1.0, 1.0, 1.0, 1.0, 0.0725, 0.0725, 0.0725, 0.0725, 0.041, 1.0, 1.0, 0.9590000000000001, 0.041, 0.9590000000000001, 1.0, 0.0, 0.7435, 0.9835, 0.7425, 0.986, 0.7435, 0.7435, 0.256, 0.987, 1.0, 0.005, 1.0, 1.0, 1.0, 0.005, 0.005, 1.0, 1.0, 1.0, 1.0, 1.0, 1.0, 1.0, 1.0, 0.0, 1.0, 1.0, 1.0, 1.0, 0.0, 0.0, 0.0, 0.0, 1.0, 1.0, 1.0, 1.0, 0.0, 0.0, 0.0, 0.0, 0.9705, 0.9705, 0.9145, 1.0, 0.8015, 0.8015, 0.9705, 0.7865, 1.0, 1.0, 1.0, 1.0, 0.0, 0.0, 0.0, 0.0, 1.0, 1.0, 1.0, 1.0, 0.0, 0.0, 0.0, 0.0, 1.0, 1.0, 1.0, 1.0, 0.0, 0.0, 0.0, 0.0, 1.0, 1.0, 1.0, 1.0, 1.0, 1.0, 1.0, 1.0]",-418.5875071169283,843.720363894191,-482.430437669722,964.860875339444,0.01,0.0,2.0794415416798357,0.3189290193554026,-4.156924961980295,11.491903754308535,0.6334250289943713,"[1.0, 1.0, 1.0, 1.0, 1.0, 0.0, 1.0, 0.0, 1.0, 1.0, 1.0, 1.0, 1.0, 1.0, 1.0, 0.0, 0.0, 0.0, 0.0, 0.0, 0.0, 0.0, 0.0, 0.0, 1.0, 1.0, 1.0, 0.0, 0.0, 0.0, 1.0, 0.0, 0.0, 0.0, 1.0, 1.0, 0.0, 1.0, 1.0, 1.0, 1.0, 1.0, 1.0, 1.0, 0.0, 0.0, 1.0, 1.0, 1.0, 1.0, 1.0, 1.0, 0.0, 0.0, 0.0, 0.0, 1.0, 1.0, 1.0, 1.0, 0.0, 0.0, 0.0, 0.0, 0.0, 0.0, 0.0, 0.0, 0.0, 1.0, 1.0, 0.0, 1.0, 1.0, 1.0, 1.0, 0.0, 0.0, 0.0, 0.0, 1.0, 1.0, 1.0, 1.0, 0.0, 0.0, 0.0, 0.0, 1.0, 1.0, 1.0, 1.0, 1.0, 1.0, 0.0, 1.0, 1.0, 1.0, 1.0, 1.0, 1.0, 1.0, 1.0, 0.0, 1.0, 1.0, 1.0, 1.0, 1.0, 0.0, 1.0, 0.0, 0.0, 1.0, 0.0, 0.0, 1.0, 1.0, 1.0, 0.0, 1.0, 1.0, 0.0, 1.0, 1.0, 0.0, 0.0, 0.0, 1.0, 1.0, 1.0, 0.0, 1.0, 1.0, 1.0, 1.0, 1.0, 1.0, 1.0, 1.0, 0.0, 0.0, 0.0, 0.0, 1.0, 1.0, 1.0, 0.0, 0.0, 0.0, 1.0, 0.0, 0.0, 0.0, 1.0, 0.0, 0.0, 0.0, 0.0, 0.0, 1.0, 1.0, 1.0, 0.0, 0.0, 0.0, 1.0, 0.0, 0.0, 0.0, 0.0, 1.0, 0.0, 0.0, 0.0, 0.0, 0.0, 0.0, 0.0, 1.0, 0.0, 0.0, 0.0, 0.0, 1.0, 1.0, 1.0, 1.0, 0.0, 0.0, 0.0, 0.0, 1.0, 1.0, 1.0, 0.0, 0.0, 0.0, 1.0, 0.0, 1.0, 1.0, 1.0, 1.0, 0.0, 0.0, 0.0, 0.0, 1.0, 1.0, 1.0, 1.0, 0.0, 0.0, 0.0, 0.0, 1.0, 1.0, 1.0, 1.0, 1.0, 1.0, 1.0, 0.0, 0.0, 0.0, 0.0, 0.0, 1.0, 0.0, 0.0, 0.0, 1.0, 1.0, 1.0, 1.0, 1.0, 1.0, 1.0, 1.0, 1.0, 1.0, 1.0, 1.0, 1.0, 1.0, 1.0, 0.0, 0.0, 0.0, 0.0, 0.0, 0.0, 0.0, 0.0, 0.0, 0.0, 1.0, 0.0, 1.0, 0.0, 1.0, 0.0, 1.0, 0.0, 0.0, 0.0, 1.0, 0.0, 0.0, 0.0, 0.0, 1.0, 1.0, 1.0, 0.0, 0.0, 0.0, 1.0, 0.0, 1.0, 1.0, 1.0, 1.0, 1.0, 0.0, 1.0, 0.0, 0.0, 1.0, 1.0, 1.0, 0.0, 0.0, 0.0, 0.0, 1.0, 1.0, 1.0, 0.0, 1.0, 1.0, 1.0, 1.0, 0.0, 1.0, 1.0, 1.0, 0.0, 0.0, 0.0, 0.0, 1.0, 1.0, 1.0, 1.0, 1.0, 1.0, 1.0, 0.0, 1.0, 1.0, 1.0, 1.0, 0.0, 0.0, 0.0, 0.0, 1.0, 1.0, 1.0, 1.0, 0.0, 0.0, 0.0, 0.0, 0.0, 1.0, 0.0, 0.0, 0.0, 0.0, 0.0, 0.0, 1.0, 1.0, 1.0, 1.0, 1.0, 0.0, 1.0, 1.0, 0.0, 0.0, 0.0, 0.0, 0.0, 1.0, 1.0, 0.0, 1.0, 1.0, 1.0, 1.0, 1.0, 0.0, 1.0, 0.0, 1.0, 1.0, 1.0, 1.0, 1.0, 0.0, 1.0, 1.0, 0.0, 0.0, 0.0, 0.0, 0.0, 1.0, 1.0, 0.0, 1.0, 0.0, 0.0, 1.0, 0.0, 0.0, 0.0, 0.0, 1.0, 1.0, 1.0, 0.0, 0.0, 0.0, 1.0, 0.0, 1.0, 1.0, 1.0, 0.0, 0.0, 0.0, 0.0, 0.0, 1.0, 1.0, 1.0, 1.0, 1.0, 1.0, 1.0, 0.0, 0.0, 0.0, 0.0, 0.0, 0.0, 0.0, 0.0, 0.0, 1.0, 0.0, 1.0, 0.0, 0.0, 0.0, 0.0, 0.0, 1.0, 1.0, 1.0, 1.0, 1.0, 1.0, 1.0, 0.0, 1.0, 1.0, 1.0, 1.0, 1.0, 1.0, 0.0, 1.0, 1.0, 1.0, 1.0, 1.0, 0.0, 0.0, 0.0, 0.0, 1.0, 1.0, 1.0, 1.0, 1.0, 1.0, 1.0, 0.0, 0.0, 1.0, 1.0, 1.0, 0.0, 0.0, 0.0, 0.0, 1.0, 1.0, 1.0, 1.0, 0.0, 0.0, 0.0, 0.0, 1.0, 0.0, 1.0, 0.0, 0.0, 0.0, 0.0, 0.0, 1.0, 1.0, 1.0, 1.0, 1.0, 0.0, 1.0, 0.0, 1.0, 1.0, 1.0, 0.0, 1.0, 1.0, 0.0, 1.0, 1.0, 1.0, 1.0, 1.0, 0.0, 0.0, 0.0, 0.0, 0.0, 0.0, 0.0, 0.0, 0.0, 1.0, 0.0, 0.0, 1.0, 1.0, 1.0, 1.0, 0.0, 0.0, 0.0, 0.0, 0.0, 0.0, 0.0, 0.0, 0.0, 0.0, 0.0, 0.0, 1.0, 0.0, 1.0, 0.0, 0.0, 0.0, 0.0, 0.0, 1.0, 1.0, 0.0, 0.0, 1.0, 1.0, 1.0, 1.0, 1.0, 1.0, 1.0, 1.0, 1.0, 1.0, 1.0, 1.0, 1.0, 1.0, 1.0, 1.0, 1.0, 0.0, 1.0, 1.0, 0.0, 1.0, 0.0, 1.0, 0.0, 1.0, 0.0, 0.0, 1.0, 1.0, 1.0, 1.0, 0.0, 0.0, 1.0, 0.0, 1.0, 1.0, 1.0, 1.0, 0.0, 0.0, 0.0, 0.0, 0.0, 0.0, 0.0, 1.0, 0.0, 0.0, 0.0, 0.0, 1.0, 1.0, 1.0, 1.0, 0.0, 0.0, 0.0, 0.0, 0.0, 1.0, 1.0, 1.0, 0.0, 1.0, 1.0, 0.0, 1.0, 1.0, 1.0, 1.0, 0.0, 0.0, 0.0, 0.0, 1.0, 0.0, 1.0, 1.0, 1.0, 0.0, 0.0, 1.0, 1.0, 1.0, 1.0, 1.0, 1.0, 1.0, 1.0, 0.0, 0.0, 1.0, 1.0, 1.0, 1.0, 1.0, 0.0, 0.0, 1.0, 1.0, 1.0, 1.0, 0.0, 0.0, 0.0, 0.0, 1.0, 1.0, 1.0, 0.0, 0.0, 0.0, 1.0, 0.0, 1.0, 1.0, 1.0, 1.0, 0.0, 0.0, 0.0, 0.0, 0.0, 0.0, 0.0, 0.0, 0.0, 0.0, 0.0, 0.0, 0.0, 1.0, 0.0, 1.0, 0.0, 1.0, 1.0, 0.0, 1.0, 1.0, 1.0, 1.0, 1.0, 0.0, 0.0, 1.0]",-318.3726801373107,643.2907099349558,0.01,0.0,-5.545177444479562,2.0794415416798357,11.090354888959125,0.3189290193554026,-4.156924961980295,-16.635532333438686,11.491903754308535,33.27106466687737,0.6173530694834558,"[1.0, 1.0, 1.0, 1.0, 1.0, 0.0, 1.0, 0.0, 1.0, 1.0, 1.0, 1.0, 1.0, 1.0, 1.0, 0.0, 0.0, 0.0, 0.0, 0.0, 0.0, 0.0, 0.0, 0.0, 1.0, 1.0, 1.0, 0.0, 0.0, 0.0, 1.0, 0.0, 0.0, 0.0, 1.0, 1.0, 0.0, 1.0, 1.0, 1.0, 0.0, 0.0, 0.0, 0.0, 0.0, 0.0, 0.0, 0.0, 1.0, 1.0, 1.0, 1.0, 0.0, 0.0, 0.0, 0.0, 1.0, 1.0, 1.0, 1.0, 0.0, 0.0, 0.0, 0.0, 0.0, 0.0, 0.0, 0.0, 0.0, 1.0, 1.0, 0.0, 0.0, 0.0, 0.0, 1.0, 0.0, 0.0, 0.0, 0.0, 1.0, 1.0, 1.0, 1.0, 0.0, 0.0, 0.0, 0.0, 0.0, 0.0, 0.0, 0.0, 1.0, 1.0, 0.0, 1.0, 1.0, 1.0, 1.0, 1.0, 1.0, 1.0, 1.0, 0.0, 1.0, 1.0, 1.0, 1.0, 1.0, 0.0, 1.0, 0.0, 0.0, 1.0, 0.0, 0.0, 1.0, 1.0, 1.0, 0.0, 1.0, 1.0, 0.0, 1.0, 1.0, 0.0, 0.0, 0.0, 1.0, 1.0, 1.0, 0.0, 1.0, 1.0, 1.0, 1.0, 1.0, 1.0, 1.0, 1.0, 0.0, 0.0, 0.0, 0.0, 1.0, 1.0, 1.0, 0.0, 0.0, 0.0, 1.0, 0.0, 0.0, 0.0, 1.0, 0.0, 0.0, 0.0, 0.0, 0.0, 1.0, 1.0, 1.0, 0.0, 0.0, 0.0, 1.0, 0.0, 0.0, 0.0, 0.0, 1.0, 0.0, 0.0, 0.0, 0.0, 0.0, 0.0, 0.0, 1.0, 0.0, 0.0, 0.0, 0.0, 1.0, 1.0, 1.0, 1.0, 0.0, 0.0, 0.0, 0.0, 1.0, 1.0, 1.0, 0.0, 0.0, 0.0, 1.0, 0.0, 1.0, 1.0, 1.0, 1.0, 0.0, 0.0, 0.0, 0.0, 1.0, 1.0, 1.0, 1.0, 0.0, 0.0, 0.0, 0.0, 1.0, 1.0, 1.0, 1.0, 1.0, 1.0, 1.0, 0.0, 0.0, 0.0, 0.0, 0.0, 1.0, 0.0, 0.0, 0.0, 1.0, 1.0, 1.0, 1.0, 1.0, 1.0, 1.0, 1.0, 1.0, 1.0, 1.0, 1.0, 1.0, 1.0, 1.0, 0.0, 0.0, 0.0, 0.0, 0.0, 0.0, 0.0, 0.0, 0.0, 0.0, 1.0, 0.0, 1.0, 0.0, 1.0, 0.0, 1.0, 0.0, 0.0, 0.0, 1.0, 0.0, 0.0, 0.0, 0.0, 1.0, 1.0, 1.0, 0.0, 0.0, 0.0, 1.0, 0.0, 1.0, 1.0, 1.0, 1.0, 1.0, 0.0, 1.0, 0.0, 0.0, 1.0, 1.0, 1.0, 0.0, 0.0, 0.0, 0.0, 1.0, 1.0, 1.0, 0.0, 1.0, 1.0, 1.0, 1.0, 0.0, 1.0, 1.0, 1.0, 0.0, 0.0, 0.0, 0.0, 1.0, 1.0, 1.0, 1.0, 1.0, 1.0, 1.0, 0.0, 1.0, 1.0, 1.0, 1.0, 0.0, 0.0, 0.0, 0.0, 1.0, 1.0, 1.0, 1.0, 0.0, 0.0, 0.0, 0.0, 0.0, 1.0, 0.0, 0.0, 0.0, 0.0, 0.0, 0.0, 0.0, 0.0, 0.0, 0.0, 0.0, 0.0, 0.0, 0.0, 1.0, 0.0, 1.0, 1.0, 1.0, 0.0, 0.0, 1.0, 1.0, 1.0, 1.0, 1.0, 1.0, 0.0, 1.0, 0.0, 1.0, 1.0, 1.0, 1.0, 1.0, 0.0, 1.0, 1.0, 0.0, 0.0, 0.0, 0.0, 0.0, 1.0, 1.0, 0.0, 1.0, 0.0, 0.0, 1.0, 0.0, 0.0, 0.0, 0.0, 1.0, 1.0, 1.0, 0.0, 0.0, 0.0, 1.0, 0.0, 1.0, 1.0, 1.0, 0.0, 0.0, 0.0, 0.0, 0.0, 1.0, 1.0, 1.0, 1.0, 1.0, 1.0, 1.0, 0.0, 0.0, 0.0, 0.0, 0.0, 0.0, 0.0, 0.0, 0.0, 1.0, 0.0, 1.0, 0.0, 0.0, 0.0, 0.0, 0.0, 1.0, 1.0, 1.0, 1.0, 1.0, 1.0, 1.0, 0.0, 1.0, 1.0, 1.0, 1.0, 1.0, 1.0, 0.0, 1.0, 1.0, 1.0, 1.0, 1.0, 0.0, 0.0, 0.0, 0.0, 1.0, 1.0, 1.0, 1.0, 1.0, 1.0, 1.0, 0.0, 0.0, 1.0, 1.0, 1.0, 0.0, 0.0, 0.0, 0.0, 1.0, 1.0, 1.0, 1.0, 0.0, 0.0, 0.0, 0.0, 1.0, 0.0, 1.0, 0.0, 0.0, 0.0, 0.0, 0.0, 1.0, 1.0, 1.0, 1.0, 1.0, 0.0, 1.0, 0.0, 1.0, 1.0, 1.0, 0.0, 1.0, 1.0, 0.0, 1.0, 1.0, 1.0, 1.0, 1.0, 0.0, 0.0, 0.0, 0.0, 0.0, 0.0, 0.0, 0.0, 0.0, 1.0, 0.0, 0.0, 1.0, 1.0, 1.0, 1.0, 0.0, 0.0, 0.0, 0.0, 0.0, 0.0, 0.0, 0.0, 0.0, 0.0, 0.0, 0.0, 1.0, 0.0, 1.0, 0.0, 0.0, 0.0, 0.0, 0.0, 1.0, 1.0, 0.0, 0.0, 1.0, 1.0, 1.0, 1.0, 1.0, 1.0, 1.0, 1.0, 1.0, 1.0, 1.0, 1.0, 1.0, 1.0, 1.0, 1.0, 1.0, 0.0, 1.0, 1.0, 0.0, 1.0, 0.0, 1.0, 0.0, 1.0, 0.0, 0.0, 1.0, 1.0, 1.0, 1.0, 0.0, 0.0, 1.0, 0.0, 1.0, 1.0, 1.0, 1.0, 0.0, 0.0, 0.0, 0.0, 0.0, 0.0, 0.0, 1.0, 0.0, 0.0, 0.0, 0.0, 1.0, 1.0, 1.0, 1.0, 0.0, 0.0, 0.0, 0.0, 0.0, 1.0, 1.0, 1.0, 0.0, 1.0, 1.0, 0.0, 1.0, 1.0, 1.0, 1.0, 0.0, 0.0, 0.0, 0.0, 1.0, 0.0, 1.0, 1.0, 1.0, 0.0, 0.0, 1.0, 1.0, 1.0, 1.0, 1.0, 1.0, 1.0, 1.0, 0.0, 0.0, 0.0, 1.0, 0.0, 0.0, 1.0, 0.0, 0.0, 1.0, 1.0, 1.0, 1.0, 0.0, 0.0, 0.0, 0.0, 1.0, 1.0, 1.0, 0.0, 0.0, 0.0, 1.0, 0.0, 1.0, 1.0, 1.0, 1.0, 0.0, 0.0, 0.0, 0.0, 0.0, 0.0, 0.0, 0.0, 0.0, 0.0, 0.0, 0.0, 0.0, 1.0, 0.0, 1.0, 0.0, 1.0, 1.0, 0.0, 1.0, 1.0, 1.0, 1.0, 1.0, 0.0, 0.0, 1.0]",-311.9759791000219,630.4973078603782,-482.430437669722,964.860875339444,1.957578598074899,-5.292505905349328,-5.545177444479562,12.664453352378493,11.090354888959125,97.35621642331539,-16.635848846743556,-16.635532333438686,36.44975152383506,33.27106466687737,1.0908740239314543,"[0.0, 0.0, 1.0, 0.0, 0.0, 0.0, 0.0, 0.0, 1.0, 1.0, 1.0, 1.0, 0.877, 0.877, 0.877, 0.0, 1.0, 0.259, 1.0, 1.0, 0.8015, 0.0, 0.259, 1.0, 1.0, 1.0, 1.0, 1.0, 1.0, 1.0, 1.0, 0.0, 0.0, 0.0, 1.0, 0.0, 0.0, 0.0, 1.0, 0.0, 0.0, 0.0, 1.0, 0.0, 0.0, 0.0, 1.0, 0.0, 0.0, 0.0, 0.0, 0.0775, 0.0, 0.0, 0.1635, 0.47100000000000003, 1.0, 1.0, 1.0, 1.0, 0.0, 0.0, 0.0, 0.0, 0.0, 0.0, 0.0, 0.0, 0.0, 0.0, 0.0, 0.0, 1.0, 1.0, 1.0, 1.0, 1.0, 1.0, 1.0, 0.0, 1.0, 1.0, 1.0, 1.0, 0.0, 0.0, 0.0, 0.0, 0.0, 0.0, 0.0, 0.0, 0.0, 0.113, 0.113, 0.0, 0.0, 0.0, 0.0, 1.0, 0.0, 0.0, 0.0, 0.0, 1.0, 1.0, 1.0, 1.0, 0.0, 0.0, 0.0, 0.0, 0.9995, 1.0, 1.0, 0.663, 1.0, 1.0, 1.0, 0.353, 1.0, 1.0, 1.0, 1.0, 0.082, 0.082, 0.0, 0.0, 0.973, 1.0, 0.7655000000000001, 0.605, 0.973, 1.0, 1.0, 0.368, 0.0, 0.0, 1.0, 0.0, 1.0, 0.0, 1.0, 0.0, 1.0, 1.0, 1.0, 1.0, 0.0, 0.0, 1.0, 0.0, 1.0, 1.0, 1.0, 1.0, 0.0, 0.9465, 0.0, 0.0, 0.666, 1.0, 0.666, 0.666, 0.0, 0.0, 0.7975, 0.0, 0.0, 0.9430000000000001, 0.0, 1.0, 1.0, 0.0, 0.0, 0.0, 0.0, 1.0, 0.0, 0.0, 0.0, 0.0, 0.0, 0.0, 1.0, 1.0, 1.0, 1.0, 0.0, 0.0, 0.0, 0.0, 1.0, 1.0, 1.0, 1.0, 1.0, 1.0, 1.0, 0.0005, 1.0, 1.0, 1.0, 1.0, 1.0, 1.0, 0.0, 1.0, 1.0, 1.0, 1.0, 1.0, 0.0, 0.0, 0.0, 0.0, 1.0, 1.0, 1.0, 1.0, 1.0, 1.0, 1.0, 0.0, 1.0, 0.0, 1.0, 0.0, 0.0, 0.0, 0.0, 0.0, 0.0, 1.0, 0.0, 1.0, 0.0, 1.0, 0.0, 1.0, 1.0, 1.0, 1.0, 1.0, 1.0, 1.0, 1.0, 0.0, 1.0, 0.0, 1.0, 1.0, 1.0, 0.0, 0.0, 1.0, 1.0, 1.0, 1.0, 1.0, 1.0, 1.0, 1.0, 1.0, 0.0, 0.9580000000000001, 0.0, 0.0, 0.0, 0.0, 0.0045000000000000005, 0.0, 0.0, 0.0, 0.0, 0.0, 0.0, 0.0, 0.0, 1.0, 0.0, 0.0, 0.0005, 0.0, 0.0, 0.0, 0.0, 0.0, 0.0, 1.0, 0.0, 0.0, 0.0, 0.0, 0.0, 0.0, 1.0, 1.0, 1.0, 0.001, 0.001, 0.001, 1.0, 0.0, 0.0, 0.0, 0.6225, 0.0, 0.0, 0.0, 0.0, 0.0, 1.0, 1.0, 1.0, 1.0, 0.0, 0.0, 0.0, 0.0, 0.0, 0.0, 0.0, 0.0, 0.0, 0.0, 0.0, 0.0, 1.0, 1.0, 1.0, 1.0, 1.0, 1.0, 1.0, 0.0, 0.0, 0.0, 0.0, 1.0, 0.0, 0.0, 1.0, 0.0, 1.0, 1.0, 1.0, 1.0, 0.0, 0.0, 0.0, 0.0, 0.0, 1.0, 0.0, 0.0, 1.0, 0.0, 0.0, 1.0, 1.0, 1.0, 1.0, 1.0, 0.0, 0.0, 0.0, 0.0, 1.0, 1.0, 1.0, 1.0, 1.0, 0.0, 1.0, 1.0, 0.0, 0.0005, 0.0, 0.0, 0.0, 0.38, 0.0, 0.0, 1.0, 1.0, 1.0, 1.0, 0.0, 0.0, 0.0, 0.0, 1.0, 1.0, 1.0, 0.999, 1.0, 1.0, 1.0, 0.0195, 1.0, 1.0, 1.0, 1.0, 0.0, 0.0, 0.0, 0.0, 0.0, 0.6285000000000001, 0.0, 0.328, 0.0, 0.0, 0.6285000000000001, 0.0, 0.0, 0.0, 0.0, 0.0, 0.0, 0.0, 0.0, 1.0, 1.0, 1.0, 1.0, 1.0, 0.0, 0.0, 0.0, 0.0, 1.0, 1.0, 1.0, 1.0, 1.0, 1.0, 1.0, 0.0, 1.0, 1.0, 1.0, 1.0, 1.0, 1.0, 0.0375, 1.0, 1.0, 1.0, 1.0, 1.0, 0.0, 0.0, 0.0, 0.0, 1.0, 1.0, 1.0, 1.0, 1.0, 1.0, 1.0, 0.0, 1.0, 1.0, 1.0, 1.0, 1.0, 1.0, 0.0, 1.0, 1.0, 1.0, 1.0, 1.0, 0.0, 0.0, 0.0, 0.0, 1.0, 1.0, 1.0, 1.0, 1.0, 1.0, 1.0, 1.0, 0.0, 0.0, 0.4395, 0.0, 0.0, 0.0, 0.001, 1.0, 0.0, 0.0, 0.0, 0.0, 0.0, 0.0, 0.0, 0.0, 1.0, 1.0, 1.0, 0.0, 1.0, 0.0, 0.0, 1.0, 0.0, 0.0, 1.0, 1.0, 1.0, 0.0, 0.0, 0.0, 0.0, 0.0, 0.0, 0.0, 0.0, 0.0, 0.0, 0.0, 1.0, 1.0, 1.0, 1.0, 0.0, 0.0, 0.0, 0.0, 0.0, 0.0, 0.0, 0.0, 0.0, 1.0, 0.0, 0.0, 1.0, 1.0, 1.0, 1.0, 0.0, 0.4945, 0.0, 0.0, 1.0, 1.0, 1.0, 1.0, 0.0, 0.0, 1.0, 1.0, 1.0, 1.0, 1.0, 1.0, 0.0, 0.0, 0.0, 0.0, 1.0, 1.0, 1.0, 1.0, 1.0, 0.704, 0.296, 0.0, 1.0, 1.0, 1.0, 1.0, 0.0, 0.0, 1.0, 1.0, 1.0, 1.0, 1.0, 1.0, 0.0, 0.0, 0.0, 0.0, 0.006, 1.0, 0.006, 0.708, 0.298, 1.0, 0.298, 1.0, 1.0, 1.0, 1.0, 1.0, 0.0, 0.0, 0.0, 0.0, 1.0, 0.0, 1.0, 1.0, 1.0, 0.0, 0.0, 1.0, 0.0, 1.0, 1.0, 1.0, 0.0, 0.0, 0.0, 0.0, 1.0, 0.224, 1.0, 1.0, 0.776, 0.0, 0.224, 1.0, 1.0, 1.0, 1.0, 1.0, 0.0, 0.0, 0.0, 0.0, 1.0, 1.0, 0.0, 1.0, 1.0, 1.0, 0.0, 1.0, 1.0, 1.0, 1.0, 1.0, 0.0, 0.0, 0.0, 0.0, 1.0, 1.0, 1.0, 1.0, 1.0, 1.0, 1.0, 0.0, 1.0, 1.0, 1.0, 1.0, 0.0, 0.0, 0.0, 0.0, 0.0, 0.0, 0.0, 0.0, 0.0, 0.0, 0.0, 0.0, 1.0, 0.4865, 1.0, 1.0, 1.0, 0.0075, 0.4865, 1.0, 0.0225, 0.0, 0.0, 0.9775, 0.0, 0.0, 0.0, 0.0]",-419.18595103414617,844.9172517286268,-482.430437669722,964.860875339444,0.01,0.0,-5.545177444479562,2.0794415416798357,11.090354888959125,0.41703231407568264,-6.8840635933480385,-16.635532333438686,16.946181017044022,33.27106466687737,0.5787520451143159,"[1.0, 1.0, 1.0, 1.0, 1.0, 0.0, 1.0, 0.0, 1.0, 1.0, 1.0, 1.0, 1.0, 1.0, 1.0, 0.0, 0.0, 0.0, 0.0, 0.0, 0.0, 0.0, 0.0, 0.0, 1.0, 1.0, 1.0, 1.0, 0.0, 0.0, 1.0, 0.0, 0.0, 0.0, 0.0, 0.0, 0.0, 1.0, 0.0, 0.0, 0.0, 0.0, 0.0, 0.0, 0.0, 0.0, 0.0, 0.0, 1.0, 1.0, 1.0, 1.0, 0.0, 0.0, 0.0, 0.0, 1.0, 1.0, 1.0, 1.0, 0.0, 0.0, 0.0, 0.0, 0.0, 0.0, 0.0, 0.0, 0.0, 1.0, 1.0, 0.0, 1.0, 1.0, 1.0, 1.0, 0.0, 0.0, 0.0, 0.0, 1.0, 1.0, 1.0, 1.0, 0.0, 0.0, 0.0, 0.0, 0.0, 0.0, 0.0, 0.0, 0.0, 0.0, 0.0, 0.0, 1.0, 1.0, 1.0, 1.0, 1.0, 1.0, 1.0, 0.0, 1.0, 1.0, 1.0, 1.0, 1.0, 0.0, 1.0, 0.0, 0.0, 1.0, 0.0, 0.0, 1.0, 1.0, 1.0, 0.0, 1.0, 1.0, 0.0, 1.0, 1.0, 0.0, 0.0, 0.0, 1.0, 1.0, 1.0, 0.0, 1.0, 1.0, 1.0, 1.0, 1.0, 1.0, 1.0, 1.0, 0.0, 0.0, 0.0, 0.0, 1.0, 1.0, 1.0, 0.0, 0.0, 0.0, 1.0, 0.0, 0.0, 0.0, 1.0, 0.0, 0.0, 0.0, 0.0, 0.0, 1.0, 1.0, 1.0, 0.0, 0.0, 0.0, 1.0, 0.0, 0.0, 0.0, 0.0, 1.0, 0.0, 0.0, 0.0, 0.0, 0.0, 0.0, 0.0, 1.0, 0.0, 0.0, 0.0, 0.0, 1.0, 1.0, 1.0, 1.0, 0.0, 0.0, 0.0, 0.0, 1.0, 1.0, 1.0, 0.0, 0.0, 0.0, 1.0, 0.0, 1.0, 1.0, 1.0, 1.0, 0.0, 0.0, 0.0, 0.0, 1.0, 1.0, 1.0, 1.0, 0.0, 0.0, 0.0, 0.0, 1.0, 1.0, 1.0, 1.0, 1.0, 1.0, 1.0, 0.0, 0.0, 0.0, 0.0, 0.0, 1.0, 0.0, 0.0, 0.0, 1.0, 1.0, 1.0, 1.0, 1.0, 1.0, 1.0, 1.0, 1.0, 1.0, 1.0, 1.0, 1.0, 1.0, 1.0, 0.0, 0.0, 0.0, 0.0, 0.0, 0.0, 0.0, 0.0, 0.0, 0.0, 1.0, 0.0, 1.0, 0.0, 1.0, 0.0, 1.0, 0.0, 0.0, 0.0, 1.0, 0.0, 0.0, 0.0, 0.0, 1.0, 1.0, 1.0, 0.0, 0.0, 0.0, 1.0, 0.0, 0.0, 0.0, 1.0, 0.0, 0.0, 0.0, 0.0, 0.0, 0.0, 1.0, 1.0, 1.0, 0.0, 0.0, 0.0, 0.0, 1.0, 1.0, 1.0, 0.0, 1.0, 1.0, 1.0, 1.0, 0.0, 0.0, 1.0, 0.0, 0.0, 0.0, 0.0, 0.0, 1.0, 1.0, 1.0, 1.0, 1.0, 1.0, 1.0, 0.0, 1.0, 1.0, 1.0, 1.0, 0.0, 0.0, 0.0, 0.0, 1.0, 1.0, 1.0, 1.0, 0.0, 0.0, 0.0, 0.0, 0.0, 1.0, 0.0, 0.0, 0.0, 0.0, 0.0, 0.0, 0.0, 0.0, 0.0, 0.0, 0.0, 0.0, 0.0, 0.0, 0.0, 0.0, 0.0, 0.0, 0.0, 0.0, 0.0, 0.0, 1.0, 1.0, 0.0, 1.0, 1.0, 0.0, 1.0, 0.0, 1.0, 1.0, 1.0, 1.0, 1.0, 0.0, 1.0, 1.0, 0.0, 0.0, 0.0, 0.0, 0.0, 1.0, 1.0, 0.0, 1.0, 0.0, 0.0, 1.0, 0.0, 0.0, 0.0, 0.0, 1.0, 1.0, 1.0, 0.0, 0.0, 0.0, 1.0, 0.0, 1.0, 1.0, 1.0, 0.0, 0.0, 0.0, 0.0, 0.0, 1.0, 1.0, 1.0, 1.0, 1.0, 1.0, 1.0, 0.0, 0.0, 0.0, 0.0, 0.0, 0.0, 0.0, 0.0, 0.0, 1.0, 0.0, 1.0, 0.0, 0.0, 0.0, 0.0, 0.0, 1.0, 1.0, 1.0, 1.0, 1.0, 1.0, 1.0, 0.0, 1.0, 1.0, 1.0, 1.0, 1.0, 1.0, 0.0, 1.0, 1.0, 1.0, 1.0, 1.0, 0.0, 0.0, 0.0, 0.0, 1.0, 1.0, 1.0, 1.0, 1.0, 1.0, 1.0, 0.0, 0.0, 1.0, 1.0, 1.0, 0.0, 0.0, 0.0, 0.0, 1.0, 1.0, 1.0, 1.0, 0.0, 0.0, 0.0, 0.0, 1.0, 0.0, 1.0, 0.0, 0.0, 0.0, 0.0, 0.0, 1.0, 1.0, 1.0, 1.0, 1.0, 0.0, 1.0, 0.0, 1.0, 1.0, 1.0, 0.0, 1.0, 1.0, 0.0, 1.0, 1.0, 1.0, 1.0, 1.0, 0.0, 0.0, 0.0, 0.0, 0.0, 0.0, 0.0, 0.0, 0.0, 0.0, 0.0, 0.0, 1.0, 1.0, 1.0, 1.0, 0.0, 0.0, 0.0, 0.0, 0.0, 0.0, 0.0, 0.0, 0.0, 0.0, 0.0, 0.0, 0.0, 0.0, 0.0, 0.0, 0.0, 0.0, 0.0, 0.0, 1.0, 1.0, 0.0, 0.0, 1.0, 1.0, 1.0, 1.0, 1.0, 1.0, 1.0, 1.0, 1.0, 1.0, 1.0, 1.0, 1.0, 1.0, 1.0, 1.0, 1.0, 0.0, 1.0, 1.0, 0.0, 1.0, 0.0, 1.0, 0.0, 1.0, 0.0, 0.0, 1.0, 1.0, 1.0, 1.0, 0.0, 0.0, 1.0, 0.0, 1.0, 1.0, 1.0, 1.0, 0.0, 0.0, 0.0, 0.0, 0.0, 0.0, 0.0, 1.0, 0.0, 0.0, 0.0, 0.0, 1.0, 1.0, 1.0, 1.0, 0.0, 0.0, 0.0, 0.0, 0.0, 1.0, 1.0, 1.0, 0.0, 1.0, 1.0, 0.0, 1.0, 1.0, 1.0, 1.0, 0.0, 0.0, 0.0, 0.0, 1.0, 0.0, 1.0, 1.0, 1.0, 0.0, 0.0, 1.0, 1.0, 1.0, 1.0, 1.0, 1.0, 1.0, 1.0, 0.0, 0.0, 1.0, 1.0, 1.0, 1.0, 1.0, 0.0, 0.0, 1.0, 1.0, 1.0, 1.0, 0.0, 0.0, 0.0, 0.0, 1.0, 1.0, 1.0, 0.0, 0.0, 0.0, 1.0, 0.0, 1.0, 1.0, 1.0, 1.0, 0.0, 0.0, 0.0, 0.0, 0.0, 0.0, 0.0, 0.0, 0.0, 0.0, 0.0, 0.0, 0.0, 0.0, 1.0, 1.0, 0.0, 0.0, 0.0, 0.0, 1.0, 1.0, 1.0, 1.0, 1.0, 0.0, 0.0, 1.0]",-295.2442605392121,597.0338707387587,-482.430437669722,964.860875339444,98.5659908492023,-16.63584112484684,36.44973608004163,1.2846122460949685,-433.45128860920846,873.4479268787513,True,True,True,False,True,0.5833333333333334,1.0,0.7916666666666666,1.0,0.7916666666666666,1.0,0.5833333333333334,0.625,0.8333333333333334,1.0,0.5,0.5,"Z.exists(lambda x1: Z.equal(x1,'red','colour'),X)","Z.atleast(lambda x1: Z.equal(x1,'red','colour'),1,X)","Z.atleast(lambda x1: Z.grequal(x1,2,'size'),2,X)","Z.atleast(lambda x1: Z.equal(x1,'red','colour'),1,X)",1.0,1.0,1.0,0.625,1.0,0.7083333333333334,0.6982758620689655,0.6867816091954023,0.6954022988505747,0.6925287356321839,5.241379310344827,1957,1977,1977,0,0,0
64,79,153,dExckpP5o5,OTeHWPov9yZkcbEZAAAB,Omega,all are blue OR small,"[False, False, False, False, False, True, False, False]","[False, False, False, False, False, True, False, True]",0.375,0.25,there must be at least one green triangle touching blue one,"[['x1'],['x1','x2']]","Z.exists(lambda x1: Z.exists(lambda x2: Z.and_operator(Z.and_operator(Z.equal(x1,'green','colour'),Z.equal(x2,'blue','colour')),Z.hor_operator(x1,x2,'contact')),X),X)",there must be one green triangle should touch blue triangle,"[{'ids': [0, 1, 2], 'colours': ['green', 'blue', 'green'], 'sizes': [1, 2, 1], 'xpos': [0.3695942856342497, 3.3550059521137996, 2.7147670825474255], 'ypos': [4.120000000000001, 4.120000000000001, 4.0401439343482535], 'rotations': [3.1415926535897936, 3.1415926535897927, 2.872157630851283], 'orientations': ['upright', 'upright', 'upright'], 'contact': [[0], [1, 2], [2, 1]], 'grounded': ['yes', 'yes', 'yes'], 'follow_rule': True}, {'ids': [0, 1, 2], 'colours': ['green', 'green', 'blue'], 'sizes': [2, 2, 1], 'xpos': [3.3813822069274426, 7.00326285782627, 4.7721503535062455], 'ypos': [4.115379341762389, 3.7476531619371523, 3.8350316211482083], 'rotations': [3.142361232951839, 4.308483333887605, 5.072504812077983], 'orientations': ['upright', 'strange', 'rhs'], 'contact': [[0], [1], [2]], 'grounded': ['yes', 'yes', 'yes'], 'follow_rule': False}, {'ids': [0, 1, 2], 'colours': ['green', 'green', 'blue'], 'sizes': [3, 3, 3], 'xpos': [5.119484641844685, 0.6383111028919862, 3.75082269114581], 'ypos': [4.116140299043138, 4.1161917094131235, 4.11654288565318], 'rotations': [3.1421115912399387, 3.144154070542996, 3.140842643546669], 'orientations': ['upright', 'upright', 'upright'], 'contact': [[0], [1], [2]], 'grounded': ['yes', 'yes', 'yes'], 'follow_rule': False}, {'ids': [0, 1, 2], 'colours': ['green', 'green', 'blue'], 'sizes': [2, 1, 2], 'xpos': [6.259844808428229, 5.491539204589685, 3.9638680657827376], 'ypos': [4.118069857877264, 4.116103774080029, 3.7418826899482207], 'rotations': [3.136767279557114, 3.1406543976976486, -1.2384924404292859], 'orientations': ['upright', 'upright', 'rhs'], 'contact': [[0], [1], [2]], 'grounded': ['yes', 'yes', 'yes'], 'follow_rule': False}, {'ids': [0, 1, 2], 'colours': ['blue', 'green', 'green'], 'sizes': [3, 2, 2], 'xpos': [6.663287343772049, 0.41275454274810136, 3.868256243191665], 'ypos': [3.6415673599005904, 4.116558141855534, 3.7379396697747085], 'rotations': [5.0377521261777165, 3.1444238658374077, 5.050187100547263], 'orientations': ['rhs', 'upright', 'rhs'], 'contact': [[0], [1], [2]], 'grounded': ['yes', 'yes', 'yes'], 'follow_rule': False}, {'ids': [0, 1, 2], 'colours': ['blue', 'green', 'green'], 'sizes': [2, 2, 2], 'xpos': [3.422701384028541, 4.791246779194088, 0.5134564034834771], 'ypos': [4.117204084767229, 4.115878544508479, 4.11647878982107], 'rotations': [3.1346471708916845, -3.142999379690162, 3.142697618681429], 'orientations': ['upright', 'upright', 'upright'], 'contact': [[0], [1], [2]], 'grounded': ['yes', 'yes', 'yes'], 'follow_rule': False}, {'ids': [0, 1, 2], 'colours': ['green', 'blue', 'green'], 'sizes': [1, 2, 2], 'xpos': [1.7124889258107963, 0.9475380019469029, 4.35912835249917], 'ypos': [4.116383278880701, 4.117274220935647, 3.737871241290573], 'rotations': [3.143840797055369, 3.134977729317331, 5.050512470849787], 'orientations': ['upright', 'upright', 'rhs'], 'contact': [[0], [1], [2]], 'grounded': ['yes', 'yes', 'yes'], 'follow_rule': False}, {'ids': [0, 1], 'colours': ['blue', 'green'], 'sizes': [2, 2], 'xpos': [2.0097785874743863, 3.714765366043145], 'ypos': [3.7424566574535985, 3.739862403278367], 'rotations': [-5.049063799771416, 1.2348355251299532], 'orientations': ['lhs', 'lhs'], 'contact': [[0], [1]], 'grounded': ['yes', 'yes'], 'follow_rule': False}, {'ids': [0], 'colours': ['red'], 'sizes': [1], 'xpos': [0.980966455584144], 'ypos': [4.15692217898732], 'rotations': [3.14075602080225], 'contact': [{'V1': 0}], 'grounded': ['yes']}, {'ids': [0, 1], 'colours': ['blue', 'blue'], 'sizes': [2, 2], 'xpos': [5.53919900438758, 1.65854079923742], 'ypos': [4.15829751656101, 4.15751198256046], 'rotations': [3.14294469336728, 3.13947439604659], 'contact': [{'V1': 0, 'V2': 1}], 'grounded': ['yes', 'yes']}, {'ids': [0, 1, 2], 'colours': ['blue', 'red', 'blue'], 'sizes': [1, 1, 1], 'xpos': [2.91233558185412, 3.62676822308812, 1.29792616640764], 'ypos': [4.1571699418337, 4.15734457821355, 3.87855314146574], 'rotations': [3.14061931424498, 3.14080979983927, 1.21335141178178], 'contact': [{'V1': 0, 'V2': 1, 'V3': 2}], 'grounded': ['yes', 'yes', 'yes']}, {'ids': [0, 1, 2, 3], 'colours': ['blue', 'red', 'blue', 'green'], 'sizes': [1, 1, 2, 1], 'xpos': [2.95609825059217, 3.96209693679724, 2.2390687716568, 6.71224095289635], 'ypos': [4.15768622476784, 4.15787716497594, 4.15807459370596, 3.87670727460735], 'rotations': [3.13919121672235, 3.14161554480523, 3.13998936351093, 5.07284064751327], 'contact': [{'V1': 0, 'V2': 1, 'V3': 2, 'V4': 3}], 'grounded': ['yes', 'yes', 'yes', 'yes']}, {'ids': [0, 1, 2], 'colours': ['green', 'red', 'red'], 'sizes': [1, 3, 1], 'xpos': [1.21736009446034, 6.88866095105911, 4.29219484852988], 'ypos': [4.15714834736316, 4.15848443530156, 4.15761681621936], 'rotations': [3.14148035908309, 3.14030543965137, 3.14298105798337], 'contact': [{'V1': 0, 'V2': 1, 'V3': 2}], 'grounded': ['yes', 'yes', 'yes']}, {'ids': [0, 1, 2, 3, 4], 'colours': ['green', 'blue', 'green', 'red', 'red'], 'sizes': [2, 2, 2, 2, 3], 'xpos': [3.83090657832267, 2.38910717821051, 3.54259339814947, 1.00881638670343, 0.483372753490727], 'ypos': [4.15913936320131, 4.15701392299474, 3.77761038379749, 3.76166694023043, 3.53535261859211], 'rotations': [3.13980420303635, 3.14077430032494, 1.87848516525718, 1.57196158476873, 2.81423018257197], 'contact': [[0, 2], [1, 2], [2, 0, 1], [3, 4], [4, 3]], 'grounded': ['yes', 'yes', 'yes', 'yes', 'no']}, {'ids': [0, 1, 2], 'colours': ['red', 'blue', 'green'], 'sizes': [2, 2, 2], 'xpos': [6.08097769326034, 5.78861976198164, 1.25011232086784], 'ypos': [3.78458058527285, 4.1039571708585, 3.7795894526631], 'rotations': [5.04856954343186, 3.00593527717321, 5.05105310034866], 'contact': [[0, 1], [1, 0], 2], 'grounded': ['yes', 'yes', 'yes']}, {'ids': [0, 1, 2, 3], 'colours': ['red', 'green', 'red', 'red'], 'sizes': [2, 2, 2, 1], 'xpos': [4.475106476545, 0.413561660061233, 6.37662276433712, 5.00296952327856], 'ypos': [4.1607559072369, 4.15829244701068, 3.77944860362373, 3.87681059949227], 'rotations': [3.14176346787067, 3.1433043689908, 5.0514105380658, 5.07138540402654], 'contact': [{'V1': 0, 'V2': 1, 'V3': 2, 'V4': 3}], 'grounded': ['yes', 'yes', 'yes', 'yes']}]","[False, False, True, True, False, False, False, True]","[True, True, False, False, True, False, True, False]","[False, False, False, False, False, True, False, False]","[False, False, True, True, False, False, False, True]","[False, False, False, False, False, True, False, False]","[True, True, True, True, True, True, True, False]","[False, False, False, False, False, False, False, True]","[False, False, False, False, False, False, False, False]",-0.25,-0.125,0.125,0.25,0.5,0.875,0.25,0.25,0.125,0.0,-0.125,-0.25,0.5,0.125,1.0,-3.501414543907942,-5.545177444479562,9.082270629495719,11.090354888959125,1.0,-12.560591334753433,-16.635532333438686,28.29923649985481,33.27106466687737,1.0502311195665048,"[1.0, 1.0, 1.0, 1.0, 1.0, 0.0, 1.0, 0.0, 1.0, 1.0, 1.0, 1.0, 1.0, 1.0, 1.0, 0.0135, 0.9530000000000001, 0.092, 0.5895, 0.5895, 1.0, 0.0, 0.0, 0.861, 1.0, 1.0, 1.0, 0.2925, 0.999, 0.999, 1.0, 0.7155, 0.0, 0.0, 1.0, 0.0, 0.0, 0.0, 1.0, 0.0, 0.0, 0.0, 1.0, 0.0, 0.0, 0.0, 1.0, 0.0, 1.0, 1.0, 1.0, 1.0, 0.0, 0.0, 0.0, 0.0, 1.0, 1.0, 1.0, 1.0, 0.935, 0.935, 0.935, 0.935, 1.0, 1.0, 1.0, 1.0, 0.0, 1.0, 0.0, 0.0, 0.0, 1.0, 1.0, 1.0, 1.0, 1.0, 1.0, 1.0, 1.0, 1.0, 1.0, 1.0, 0.0935, 0.0935, 0.0935, 0.0935, 1.0, 1.0, 1.0, 1.0, 1.0, 1.0, 1.0, 1.0, 1.0, 1.0, 1.0, 1.0, 1.0, 1.0, 1.0, 0.013000000000000001, 1.0, 1.0, 0.998, 1.0, 1.0, 0.002, 0.998, 0.002, 1.0, 1.0, 1.0, 1.0, 1.0, 1.0, 1.0, 0.0, 0.973, 1.0, 0.9530000000000001, 1.0, 0.8925000000000001, 0.9195, 0.17400000000000002, 0.201, 1.0, 1.0, 1.0, 1.0, 0.0, 0.0, 0.0, 0.0, 1.0, 1.0, 1.0, 0.24, 1.0, 1.0, 0.968, 1.0, 0.653, 0.653, 0.653, 1.0, 0.2535, 0.2535, 0.7035, 0.10300000000000001, 1.0, 1.0, 1.0, 1.0, 0.0, 1.0, 0.0, 0.0, 1.0, 1.0, 1.0, 0.012, 0.988, 0.988, 1.0, 1.0, 1.0, 0.0, 1.0, 1.0, 1.0, 0.0, 0.0, 1.0, 0.0, 0.0, 0.0, 1.0, 1.0, 0.0, 0.0, 0.0, 1.0, 1.0, 1.0, 1.0, 0.0, 0.0, 0.0, 0.0, 1.0, 1.0, 1.0, 1.0, 0.0, 0.0, 0.0, 0.0, 1.0, 1.0, 1.0, 1.0, 1.0, 1.0, 0.841, 1.0, 1.0, 1.0, 1.0, 1.0, 0.0, 0.0, 0.0, 0.0, 1.0, 1.0, 1.0, 1.0, 1.0, 1.0, 1.0, 0.0, 0.197, 0.0, 0.85, 0.653, 0.803, 0.0, 0.0, 0.0, 0.8525, 0.847, 0.9935, 0.847, 0.28300000000000003, 0.4305, 0.426, 0.426, 1.0, 1.0, 1.0, 1.0, 1.0, 1.0, 1.0, 0.0, 0.798, 1.0, 0.7995, 0.7995, 0.0275, 0.029, 0.2265, 0.1975, 1.0, 1.0, 1.0, 1.0, 0.0, 0.0, 0.0, 0.0, 0.862, 0.854, 0.8595, 0.8955000000000001, 0.045, 0.0005, 0.8695, 0.8505, 1.0, 1.0, 1.0, 0.022, 1.0, 1.0, 1.0, 0.978, 0.28400000000000003, 0.0145, 0.1885, 0.0275, 0.2755, 0.0, 0.0015, 0.013000000000000001, 0.0, 0.0, 0.0, 1.0, 1.0, 0.0, 0.0, 0.0, 1.0, 1.0, 1.0, 1.0, 0.0, 0.0, 0.0, 0.0, 1.0, 1.0, 1.0, 1.0, 1.0, 0.0, 1.0, 0.0, 1.0, 1.0, 1.0, 1.0, 1.0, 1.0, 1.0, 0.0, 1.0, 1.0, 1.0, 0.728, 0.8265, 0.5545, 0.5545, 0.8265, 1.0, 1.0, 1.0, 1.0, 1.0, 1.0, 1.0, 1.0, 1.0, 1.0, 1.0, 0.8715, 0.9365, 0.8695, 0.8695, 0.9365, 0.229, 0.229, 0.229, 0.229, 0.801, 0.03, 0.03, 0.801, 0.0, 0.0, 0.0, 1.0, 1.0, 0.0, 0.0, 0.0, 0.108, 0.114, 0.2315, 0.108, 0.114, 0.07050000000000001, 0.0495, 0.006, 1.0, 1.0, 1.0, 1.0, 0.0, 0.0, 0.0, 0.0, 0.8955000000000001, 0.895, 0.0115, 0.0, 0.883, 0.0, 0.0, 0.0, 1.0, 1.0, 1.0, 1.0, 0.0, 0.0, 0.0, 0.0, 0.902, 0.902, 0.902, 0.678, 0.88, 0.88, 0.902, 0.807, 1.0, 1.0, 1.0, 1.0, 0.0, 0.0, 0.0, 0.0, 1.0, 1.0, 1.0, 1.0, 1.0, 1.0, 1.0, 0.0, 1.0, 1.0, 1.0, 1.0, 0.0, 0.0, 0.0, 0.0, 1.0, 1.0, 1.0, 1.0, 0.008, 0.008, 0.008, 0.008, 1.0, 1.0, 1.0, 1.0, 1.0, 1.0, 1.0, 0.0, 1.0, 1.0, 1.0, 1.0, 1.0, 1.0, 0.6980000000000001, 1.0, 1.0, 1.0, 1.0, 1.0, 0.0, 0.0, 0.0, 0.0, 1.0, 1.0, 1.0, 1.0, 1.0, 1.0, 1.0, 0.0, 0.9530000000000001, 0.9530000000000001, 0.9530000000000001, 1.0, 1.0, 1.0, 0.641, 0.9530000000000001, 1.0, 1.0, 1.0, 1.0, 0.0, 0.0, 0.0, 0.0, 1.0, 1.0, 1.0, 1.0, 1.0, 1.0, 1.0, 1.0, 1.0, 1.0, 1.0, 1.0, 0.0, 0.0, 0.0, 0.0, 1.0, 1.0, 1.0, 1.0, 1.0, 1.0, 1.0, 1.0, 1.0, 1.0, 1.0, 1.0, 0.021500000000000002, 0.021500000000000002, 0.021500000000000002, 0.021500000000000002, 0.021500000000000002, 0.003, 0.02, 0.0095, 0.0095, 0.964, 0.9555, 0.0095, 1.0, 1.0, 1.0, 1.0, 1.0, 1.0, 1.0, 1.0, 1.0, 1.0, 1.0, 1.0, 0.0, 0.0, 0.0, 0.0, 1.0, 1.0, 1.0, 1.0, 0.0, 0.0, 1.0, 1.0, 1.0, 0.873, 0.198, 0.198, 1.0, 1.0, 0.6905, 1.0, 1.0, 1.0, 1.0, 1.0, 1.0, 1.0, 1.0, 0.0, 1.0, 0.999, 0.999, 1.0, 0.0025, 0.0025, 0.0025, 0.0025, 1.0, 1.0, 1.0, 1.0, 1.0, 0.686, 0.314, 0.0, 1.0, 1.0, 1.0, 1.0, 0.524, 0.524, 1.0, 0.47600000000000003, 1.0, 1.0, 1.0, 1.0, 0.008, 0.008, 0.008, 0.008, 0.9935, 0.9935, 0.9775, 0.9935, 0.9935, 0.0225, 0.988, 0.017, 1.0, 1.0, 1.0, 1.0, 0.0725, 0.0725, 0.0725, 0.0725, 0.041, 1.0, 1.0, 0.9590000000000001, 0.041, 0.9590000000000001, 1.0, 0.0, 0.7435, 0.9835, 0.7425, 0.986, 0.7435, 0.7435, 0.256, 0.987, 1.0, 0.005, 1.0, 1.0, 1.0, 0.005, 0.005, 1.0, 1.0, 1.0, 1.0, 1.0, 1.0, 1.0, 1.0, 0.0, 1.0, 1.0, 1.0, 1.0, 0.0, 0.0, 0.0, 0.0, 1.0, 1.0, 1.0, 1.0, 0.0, 0.0, 0.0, 0.0, 0.9705, 0.9705, 0.9145, 1.0, 0.8015, 0.8015, 0.9705, 0.7865, 1.0, 1.0, 1.0, 1.0, 0.0, 0.0, 0.0, 0.0, 1.0, 1.0, 1.0, 1.0, 0.0, 0.0, 0.0, 0.0, 1.0, 1.0, 1.0, 1.0, 0.0, 0.0, 0.0, 0.0, 1.0, 1.0, 1.0, 1.0, 1.0, 1.0, 1.0, 1.0]",-418.5875071169283,843.720363894191,-482.430437669722,964.860875339444,0.5138983421086265,-3.014161290051494,8.107764121782823,0.3189290193554026,-4.156924961980295,11.491903754308535,0.6334250289943713,"[1.0, 1.0, 1.0, 1.0, 1.0, 0.0, 1.0, 0.0, 1.0, 1.0, 1.0, 1.0, 1.0, 1.0, 1.0, 0.0, 0.0, 0.0, 0.0, 0.0, 0.0, 0.0, 0.0, 0.0, 1.0, 1.0, 1.0, 0.0, 0.0, 0.0, 1.0, 0.0, 0.0, 0.0, 1.0, 1.0, 0.0, 1.0, 1.0, 1.0, 1.0, 1.0, 1.0, 1.0, 0.0, 0.0, 1.0, 1.0, 1.0, 1.0, 1.0, 1.0, 0.0, 0.0, 0.0, 0.0, 1.0, 1.0, 1.0, 1.0, 0.0, 0.0, 0.0, 0.0, 0.0, 0.0, 0.0, 0.0, 0.0, 1.0, 1.0, 0.0, 1.0, 1.0, 1.0, 1.0, 0.0, 0.0, 0.0, 0.0, 1.0, 1.0, 1.0, 1.0, 0.0, 0.0, 0.0, 0.0, 1.0, 1.0, 1.0, 1.0, 1.0, 1.0, 0.0, 1.0, 1.0, 1.0, 1.0, 1.0, 1.0, 1.0, 1.0, 0.0, 1.0, 1.0, 1.0, 1.0, 1.0, 0.0, 1.0, 0.0, 0.0, 1.0, 0.0, 0.0, 1.0, 1.0, 1.0, 0.0, 1.0, 1.0, 0.0, 1.0, 1.0, 0.0, 0.0, 0.0, 1.0, 1.0, 1.0, 0.0, 1.0, 1.0, 1.0, 1.0, 1.0, 1.0, 1.0, 1.0, 0.0, 0.0, 0.0, 0.0, 1.0, 1.0, 1.0, 0.0, 0.0, 0.0, 1.0, 0.0, 0.0, 0.0, 1.0, 0.0, 0.0, 0.0, 0.0, 0.0, 1.0, 1.0, 1.0, 0.0, 0.0, 0.0, 1.0, 0.0, 0.0, 0.0, 0.0, 1.0, 0.0, 0.0, 0.0, 0.0, 0.0, 0.0, 0.0, 1.0, 0.0, 0.0, 0.0, 0.0, 1.0, 1.0, 1.0, 1.0, 0.0, 0.0, 0.0, 0.0, 1.0, 1.0, 1.0, 0.0, 0.0, 0.0, 1.0, 0.0, 1.0, 1.0, 1.0, 1.0, 0.0, 0.0, 0.0, 0.0, 1.0, 1.0, 1.0, 1.0, 0.0, 0.0, 0.0, 0.0, 1.0, 1.0, 1.0, 1.0, 1.0, 1.0, 1.0, 0.0, 0.0, 0.0, 0.0, 0.0, 1.0, 0.0, 0.0, 0.0, 1.0, 1.0, 1.0, 1.0, 1.0, 1.0, 1.0, 1.0, 1.0, 1.0, 1.0, 1.0, 1.0, 1.0, 1.0, 0.0, 0.0, 0.0, 0.0, 0.0, 0.0, 0.0, 0.0, 0.0, 0.0, 1.0, 0.0, 1.0, 0.0, 1.0, 0.0, 1.0, 0.0, 0.0, 0.0, 1.0, 0.0, 0.0, 0.0, 0.0, 1.0, 1.0, 1.0, 0.0, 0.0, 0.0, 1.0, 0.0, 1.0, 1.0, 1.0, 1.0, 1.0, 0.0, 1.0, 0.0, 0.0, 1.0, 1.0, 1.0, 0.0, 0.0, 0.0, 0.0, 1.0, 1.0, 1.0, 0.0, 1.0, 1.0, 1.0, 1.0, 0.0, 1.0, 1.0, 1.0, 0.0, 0.0, 0.0, 0.0, 1.0, 1.0, 1.0, 1.0, 1.0, 1.0, 1.0, 0.0, 1.0, 1.0, 1.0, 1.0, 0.0, 0.0, 0.0, 0.0, 1.0, 1.0, 1.0, 1.0, 0.0, 0.0, 0.0, 0.0, 0.0, 1.0, 0.0, 0.0, 0.0, 0.0, 0.0, 0.0, 1.0, 1.0, 1.0, 1.0, 1.0, 0.0, 1.0, 1.0, 0.0, 0.0, 0.0, 0.0, 0.0, 1.0, 1.0, 0.0, 1.0, 1.0, 1.0, 1.0, 1.0, 0.0, 1.0, 0.0, 1.0, 1.0, 1.0, 1.0, 1.0, 0.0, 1.0, 1.0, 0.0, 0.0, 0.0, 0.0, 0.0, 1.0, 1.0, 0.0, 1.0, 0.0, 0.0, 1.0, 0.0, 0.0, 0.0, 0.0, 1.0, 1.0, 1.0, 0.0, 0.0, 0.0, 1.0, 0.0, 1.0, 1.0, 1.0, 0.0, 0.0, 0.0, 0.0, 0.0, 1.0, 1.0, 1.0, 1.0, 1.0, 1.0, 1.0, 0.0, 0.0, 0.0, 0.0, 0.0, 0.0, 0.0, 0.0, 0.0, 1.0, 0.0, 1.0, 0.0, 0.0, 0.0, 0.0, 0.0, 1.0, 1.0, 1.0, 1.0, 1.0, 1.0, 1.0, 0.0, 1.0, 1.0, 1.0, 1.0, 1.0, 1.0, 0.0, 1.0, 1.0, 1.0, 1.0, 1.0, 0.0, 0.0, 0.0, 0.0, 1.0, 1.0, 1.0, 1.0, 1.0, 1.0, 1.0, 0.0, 0.0, 1.0, 1.0, 1.0, 0.0, 0.0, 0.0, 0.0, 1.0, 1.0, 1.0, 1.0, 0.0, 0.0, 0.0, 0.0, 1.0, 0.0, 1.0, 0.0, 0.0, 0.0, 0.0, 0.0, 1.0, 1.0, 1.0, 1.0, 1.0, 0.0, 1.0, 0.0, 1.0, 1.0, 1.0, 0.0, 1.0, 1.0, 0.0, 1.0, 1.0, 1.0, 1.0, 1.0, 0.0, 0.0, 0.0, 0.0, 0.0, 0.0, 0.0, 0.0, 0.0, 1.0, 0.0, 0.0, 1.0, 1.0, 1.0, 1.0, 0.0, 0.0, 0.0, 0.0, 0.0, 0.0, 0.0, 0.0, 0.0, 0.0, 0.0, 0.0, 1.0, 0.0, 1.0, 0.0, 0.0, 0.0, 0.0, 0.0, 1.0, 1.0, 0.0, 0.0, 1.0, 1.0, 1.0, 1.0, 1.0, 1.0, 1.0, 1.0, 1.0, 1.0, 1.0, 1.0, 1.0, 1.0, 1.0, 1.0, 1.0, 0.0, 1.0, 1.0, 0.0, 1.0, 0.0, 1.0, 0.0, 1.0, 0.0, 0.0, 1.0, 1.0, 1.0, 1.0, 0.0, 0.0, 1.0, 0.0, 1.0, 1.0, 1.0, 1.0, 0.0, 0.0, 0.0, 0.0, 0.0, 0.0, 0.0, 1.0, 0.0, 0.0, 0.0, 0.0, 1.0, 1.0, 1.0, 1.0, 0.0, 0.0, 0.0, 0.0, 0.0, 1.0, 1.0, 1.0, 0.0, 1.0, 1.0, 0.0, 1.0, 1.0, 1.0, 1.0, 0.0, 0.0, 0.0, 0.0, 1.0, 0.0, 1.0, 1.0, 1.0, 0.0, 0.0, 1.0, 1.0, 1.0, 1.0, 1.0, 1.0, 1.0, 1.0, 0.0, 0.0, 1.0, 1.0, 1.0, 1.0, 1.0, 0.0, 0.0, 1.0, 1.0, 1.0, 1.0, 0.0, 0.0, 0.0, 0.0, 1.0, 1.0, 1.0, 0.0, 0.0, 0.0, 1.0, 0.0, 1.0, 1.0, 1.0, 1.0, 0.0, 0.0, 0.0, 0.0, 0.0, 0.0, 0.0, 0.0, 0.0, 0.0, 0.0, 0.0, 0.0, 1.0, 0.0, 1.0, 0.0, 1.0, 1.0, 0.0, 1.0, 1.0, 1.0, 1.0, 1.0, 0.0, 0.0, 1.0]",-318.3726801373107,643.2907099349558,0.5138983421086265,-3.014161290051494,-5.545177444479562,8.107764121782823,11.090354888959125,0.3189290193554026,-4.156924961980295,-16.635532333438686,11.491903754308535,33.27106466687737,0.6173530694834558,"[1.0, 1.0, 1.0, 1.0, 1.0, 0.0, 1.0, 0.0, 1.0, 1.0, 1.0, 1.0, 1.0, 1.0, 1.0, 0.0, 0.0, 0.0, 0.0, 0.0, 0.0, 0.0, 0.0, 0.0, 1.0, 1.0, 1.0, 0.0, 0.0, 0.0, 1.0, 0.0, 0.0, 0.0, 1.0, 1.0, 0.0, 1.0, 1.0, 1.0, 0.0, 0.0, 0.0, 0.0, 0.0, 0.0, 0.0, 0.0, 1.0, 1.0, 1.0, 1.0, 0.0, 0.0, 0.0, 0.0, 1.0, 1.0, 1.0, 1.0, 0.0, 0.0, 0.0, 0.0, 0.0, 0.0, 0.0, 0.0, 0.0, 1.0, 1.0, 0.0, 0.0, 0.0, 0.0, 1.0, 0.0, 0.0, 0.0, 0.0, 1.0, 1.0, 1.0, 1.0, 0.0, 0.0, 0.0, 0.0, 0.0, 0.0, 0.0, 0.0, 1.0, 1.0, 0.0, 1.0, 1.0, 1.0, 1.0, 1.0, 1.0, 1.0, 1.0, 0.0, 1.0, 1.0, 1.0, 1.0, 1.0, 0.0, 1.0, 0.0, 0.0, 1.0, 0.0, 0.0, 1.0, 1.0, 1.0, 0.0, 1.0, 1.0, 0.0, 1.0, 1.0, 0.0, 0.0, 0.0, 1.0, 1.0, 1.0, 0.0, 1.0, 1.0, 1.0, 1.0, 1.0, 1.0, 1.0, 1.0, 0.0, 0.0, 0.0, 0.0, 1.0, 1.0, 1.0, 0.0, 0.0, 0.0, 1.0, 0.0, 0.0, 0.0, 1.0, 0.0, 0.0, 0.0, 0.0, 0.0, 1.0, 1.0, 1.0, 0.0, 0.0, 0.0, 1.0, 0.0, 0.0, 0.0, 0.0, 1.0, 0.0, 0.0, 0.0, 0.0, 0.0, 0.0, 0.0, 1.0, 0.0, 0.0, 0.0, 0.0, 1.0, 1.0, 1.0, 1.0, 0.0, 0.0, 0.0, 0.0, 1.0, 1.0, 1.0, 0.0, 0.0, 0.0, 1.0, 0.0, 1.0, 1.0, 1.0, 1.0, 0.0, 0.0, 0.0, 0.0, 1.0, 1.0, 1.0, 1.0, 0.0, 0.0, 0.0, 0.0, 1.0, 1.0, 1.0, 1.0, 1.0, 1.0, 1.0, 0.0, 0.0, 0.0, 0.0, 0.0, 1.0, 0.0, 0.0, 0.0, 1.0, 1.0, 1.0, 1.0, 1.0, 1.0, 1.0, 1.0, 1.0, 1.0, 1.0, 1.0, 1.0, 1.0, 1.0, 0.0, 0.0, 0.0, 0.0, 0.0, 0.0, 0.0, 0.0, 0.0, 0.0, 1.0, 0.0, 1.0, 0.0, 1.0, 0.0, 1.0, 0.0, 0.0, 0.0, 1.0, 0.0, 0.0, 0.0, 0.0, 1.0, 1.0, 1.0, 0.0, 0.0, 0.0, 1.0, 0.0, 1.0, 1.0, 1.0, 1.0, 1.0, 0.0, 1.0, 0.0, 0.0, 1.0, 1.0, 1.0, 0.0, 0.0, 0.0, 0.0, 1.0, 1.0, 1.0, 0.0, 1.0, 1.0, 1.0, 1.0, 0.0, 1.0, 1.0, 1.0, 0.0, 0.0, 0.0, 0.0, 1.0, 1.0, 1.0, 1.0, 1.0, 1.0, 1.0, 0.0, 1.0, 1.0, 1.0, 1.0, 0.0, 0.0, 0.0, 0.0, 1.0, 1.0, 1.0, 1.0, 0.0, 0.0, 0.0, 0.0, 0.0, 1.0, 0.0, 0.0, 0.0, 0.0, 0.0, 0.0, 0.0, 0.0, 0.0, 0.0, 0.0, 0.0, 0.0, 0.0, 1.0, 0.0, 1.0, 1.0, 1.0, 0.0, 0.0, 1.0, 1.0, 1.0, 1.0, 1.0, 1.0, 0.0, 1.0, 0.0, 1.0, 1.0, 1.0, 1.0, 1.0, 0.0, 1.0, 1.0, 0.0, 0.0, 0.0, 0.0, 0.0, 1.0, 1.0, 0.0, 1.0, 0.0, 0.0, 1.0, 0.0, 0.0, 0.0, 0.0, 1.0, 1.0, 1.0, 0.0, 0.0, 0.0, 1.0, 0.0, 1.0, 1.0, 1.0, 0.0, 0.0, 0.0, 0.0, 0.0, 1.0, 1.0, 1.0, 1.0, 1.0, 1.0, 1.0, 0.0, 0.0, 0.0, 0.0, 0.0, 0.0, 0.0, 0.0, 0.0, 1.0, 0.0, 1.0, 0.0, 0.0, 0.0, 0.0, 0.0, 1.0, 1.0, 1.0, 1.0, 1.0, 1.0, 1.0, 0.0, 1.0, 1.0, 1.0, 1.0, 1.0, 1.0, 0.0, 1.0, 1.0, 1.0, 1.0, 1.0, 0.0, 0.0, 0.0, 0.0, 1.0, 1.0, 1.0, 1.0, 1.0, 1.0, 1.0, 0.0, 0.0, 1.0, 1.0, 1.0, 0.0, 0.0, 0.0, 0.0, 1.0, 1.0, 1.0, 1.0, 0.0, 0.0, 0.0, 0.0, 1.0, 0.0, 1.0, 0.0, 0.0, 0.0, 0.0, 0.0, 1.0, 1.0, 1.0, 1.0, 1.0, 0.0, 1.0, 0.0, 1.0, 1.0, 1.0, 0.0, 1.0, 1.0, 0.0, 1.0, 1.0, 1.0, 1.0, 1.0, 0.0, 0.0, 0.0, 0.0, 0.0, 0.0, 0.0, 0.0, 0.0, 1.0, 0.0, 0.0, 1.0, 1.0, 1.0, 1.0, 0.0, 0.0, 0.0, 0.0, 0.0, 0.0, 0.0, 0.0, 0.0, 0.0, 0.0, 0.0, 1.0, 0.0, 1.0, 0.0, 0.0, 0.0, 0.0, 0.0, 1.0, 1.0, 0.0, 0.0, 1.0, 1.0, 1.0, 1.0, 1.0, 1.0, 1.0, 1.0, 1.0, 1.0, 1.0, 1.0, 1.0, 1.0, 1.0, 1.0, 1.0, 0.0, 1.0, 1.0, 0.0, 1.0, 0.0, 1.0, 0.0, 1.0, 0.0, 0.0, 1.0, 1.0, 1.0, 1.0, 0.0, 0.0, 1.0, 0.0, 1.0, 1.0, 1.0, 1.0, 0.0, 0.0, 0.0, 0.0, 0.0, 0.0, 0.0, 1.0, 0.0, 0.0, 0.0, 0.0, 1.0, 1.0, 1.0, 1.0, 0.0, 0.0, 0.0, 0.0, 0.0, 1.0, 1.0, 1.0, 0.0, 1.0, 1.0, 0.0, 1.0, 1.0, 1.0, 1.0, 0.0, 0.0, 0.0, 0.0, 1.0, 0.0, 1.0, 1.0, 1.0, 0.0, 0.0, 1.0, 1.0, 1.0, 1.0, 1.0, 1.0, 1.0, 1.0, 0.0, 0.0, 0.0, 1.0, 0.0, 0.0, 1.0, 0.0, 0.0, 1.0, 1.0, 1.0, 1.0, 0.0, 0.0, 0.0, 0.0, 1.0, 1.0, 1.0, 0.0, 0.0, 0.0, 1.0, 0.0, 1.0, 1.0, 1.0, 1.0, 0.0, 0.0, 0.0, 0.0, 0.0, 0.0, 0.0, 0.0, 0.0, 0.0, 0.0, 0.0, 0.0, 1.0, 0.0, 1.0, 0.0, 1.0, 1.0, 0.0, 1.0, 1.0, 1.0, 1.0, 1.0, 0.0, 0.0, 1.0]",-311.9759791000219,630.4973078603782,-482.430437669722,964.860875339444,341.96079807208855,-5.548110307885022,-5.545177444479562,13.17566215744988,11.090354888959125,97.35621642331539,-16.635848846743556,-16.635532333438686,36.44975152383506,33.27106466687737,1.0908740239314543,"[0.0, 0.0, 1.0, 0.0, 0.0, 0.0, 0.0, 0.0, 1.0, 1.0, 1.0, 1.0, 0.877, 0.877, 0.877, 0.0, 1.0, 0.259, 1.0, 1.0, 0.8015, 0.0, 0.259, 1.0, 1.0, 1.0, 1.0, 1.0, 1.0, 1.0, 1.0, 0.0, 0.0, 0.0, 1.0, 0.0, 0.0, 0.0, 1.0, 0.0, 0.0, 0.0, 1.0, 0.0, 0.0, 0.0, 1.0, 0.0, 0.0, 0.0, 0.0, 0.0775, 0.0, 0.0, 0.1635, 0.47100000000000003, 1.0, 1.0, 1.0, 1.0, 0.0, 0.0, 0.0, 0.0, 0.0, 0.0, 0.0, 0.0, 0.0, 0.0, 0.0, 0.0, 1.0, 1.0, 1.0, 1.0, 1.0, 1.0, 1.0, 0.0, 1.0, 1.0, 1.0, 1.0, 0.0, 0.0, 0.0, 0.0, 0.0, 0.0, 0.0, 0.0, 0.0, 0.113, 0.113, 0.0, 0.0, 0.0, 0.0, 1.0, 0.0, 0.0, 0.0, 0.0, 1.0, 1.0, 1.0, 1.0, 0.0, 0.0, 0.0, 0.0, 0.9995, 1.0, 1.0, 0.663, 1.0, 1.0, 1.0, 0.353, 1.0, 1.0, 1.0, 1.0, 0.082, 0.082, 0.0, 0.0, 0.973, 1.0, 0.7655000000000001, 0.605, 0.973, 1.0, 1.0, 0.368, 0.0, 0.0, 1.0, 0.0, 1.0, 0.0, 1.0, 0.0, 1.0, 1.0, 1.0, 1.0, 0.0, 0.0, 1.0, 0.0, 1.0, 1.0, 1.0, 1.0, 0.0, 0.9465, 0.0, 0.0, 0.666, 1.0, 0.666, 0.666, 0.0, 0.0, 0.7975, 0.0, 0.0, 0.9430000000000001, 0.0, 1.0, 1.0, 0.0, 0.0, 0.0, 0.0, 1.0, 0.0, 0.0, 0.0, 0.0, 0.0, 0.0, 1.0, 1.0, 1.0, 1.0, 0.0, 0.0, 0.0, 0.0, 1.0, 1.0, 1.0, 1.0, 1.0, 1.0, 1.0, 0.0005, 1.0, 1.0, 1.0, 1.0, 1.0, 1.0, 0.0, 1.0, 1.0, 1.0, 1.0, 1.0, 0.0, 0.0, 0.0, 0.0, 1.0, 1.0, 1.0, 1.0, 1.0, 1.0, 1.0, 0.0, 1.0, 0.0, 1.0, 0.0, 0.0, 0.0, 0.0, 0.0, 0.0, 1.0, 0.0, 1.0, 0.0, 1.0, 0.0, 1.0, 1.0, 1.0, 1.0, 1.0, 1.0, 1.0, 1.0, 0.0, 1.0, 0.0, 1.0, 1.0, 1.0, 0.0, 0.0, 1.0, 1.0, 1.0, 1.0, 1.0, 1.0, 1.0, 1.0, 1.0, 0.0, 0.9580000000000001, 0.0, 0.0, 0.0, 0.0, 0.0045000000000000005, 0.0, 0.0, 0.0, 0.0, 0.0, 0.0, 0.0, 0.0, 1.0, 0.0, 0.0, 0.0005, 0.0, 0.0, 0.0, 0.0, 0.0, 0.0, 1.0, 0.0, 0.0, 0.0, 0.0, 0.0, 0.0, 1.0, 1.0, 1.0, 0.001, 0.001, 0.001, 1.0, 0.0, 0.0, 0.0, 0.6225, 0.0, 0.0, 0.0, 0.0, 0.0, 1.0, 1.0, 1.0, 1.0, 0.0, 0.0, 0.0, 0.0, 0.0, 0.0, 0.0, 0.0, 0.0, 0.0, 0.0, 0.0, 1.0, 1.0, 1.0, 1.0, 1.0, 1.0, 1.0, 0.0, 0.0, 0.0, 0.0, 1.0, 0.0, 0.0, 1.0, 0.0, 1.0, 1.0, 1.0, 1.0, 0.0, 0.0, 0.0, 0.0, 0.0, 1.0, 0.0, 0.0, 1.0, 0.0, 0.0, 1.0, 1.0, 1.0, 1.0, 1.0, 0.0, 0.0, 0.0, 0.0, 1.0, 1.0, 1.0, 1.0, 1.0, 0.0, 1.0, 1.0, 0.0, 0.0005, 0.0, 0.0, 0.0, 0.38, 0.0, 0.0, 1.0, 1.0, 1.0, 1.0, 0.0, 0.0, 0.0, 0.0, 1.0, 1.0, 1.0, 0.999, 1.0, 1.0, 1.0, 0.0195, 1.0, 1.0, 1.0, 1.0, 0.0, 0.0, 0.0, 0.0, 0.0, 0.6285000000000001, 0.0, 0.328, 0.0, 0.0, 0.6285000000000001, 0.0, 0.0, 0.0, 0.0, 0.0, 0.0, 0.0, 0.0, 1.0, 1.0, 1.0, 1.0, 1.0, 0.0, 0.0, 0.0, 0.0, 1.0, 1.0, 1.0, 1.0, 1.0, 1.0, 1.0, 0.0, 1.0, 1.0, 1.0, 1.0, 1.0, 1.0, 0.0375, 1.0, 1.0, 1.0, 1.0, 1.0, 0.0, 0.0, 0.0, 0.0, 1.0, 1.0, 1.0, 1.0, 1.0, 1.0, 1.0, 0.0, 1.0, 1.0, 1.0, 1.0, 1.0, 1.0, 0.0, 1.0, 1.0, 1.0, 1.0, 1.0, 0.0, 0.0, 0.0, 0.0, 1.0, 1.0, 1.0, 1.0, 1.0, 1.0, 1.0, 1.0, 0.0, 0.0, 0.4395, 0.0, 0.0, 0.0, 0.001, 1.0, 0.0, 0.0, 0.0, 0.0, 0.0, 0.0, 0.0, 0.0, 1.0, 1.0, 1.0, 0.0, 1.0, 0.0, 0.0, 1.0, 0.0, 0.0, 1.0, 1.0, 1.0, 0.0, 0.0, 0.0, 0.0, 0.0, 0.0, 0.0, 0.0, 0.0, 0.0, 0.0, 1.0, 1.0, 1.0, 1.0, 0.0, 0.0, 0.0, 0.0, 0.0, 0.0, 0.0, 0.0, 0.0, 1.0, 0.0, 0.0, 1.0, 1.0, 1.0, 1.0, 0.0, 0.4945, 0.0, 0.0, 1.0, 1.0, 1.0, 1.0, 0.0, 0.0, 1.0, 1.0, 1.0, 1.0, 1.0, 1.0, 0.0, 0.0, 0.0, 0.0, 1.0, 1.0, 1.0, 1.0, 1.0, 0.704, 0.296, 0.0, 1.0, 1.0, 1.0, 1.0, 0.0, 0.0, 1.0, 1.0, 1.0, 1.0, 1.0, 1.0, 0.0, 0.0, 0.0, 0.0, 0.006, 1.0, 0.006, 0.708, 0.298, 1.0, 0.298, 1.0, 1.0, 1.0, 1.0, 1.0, 0.0, 0.0, 0.0, 0.0, 1.0, 0.0, 1.0, 1.0, 1.0, 0.0, 0.0, 1.0, 0.0, 1.0, 1.0, 1.0, 0.0, 0.0, 0.0, 0.0, 1.0, 0.224, 1.0, 1.0, 0.776, 0.0, 0.224, 1.0, 1.0, 1.0, 1.0, 1.0, 0.0, 0.0, 0.0, 0.0, 1.0, 1.0, 0.0, 1.0, 1.0, 1.0, 0.0, 1.0, 1.0, 1.0, 1.0, 1.0, 0.0, 0.0, 0.0, 0.0, 1.0, 1.0, 1.0, 1.0, 1.0, 1.0, 1.0, 0.0, 1.0, 1.0, 1.0, 1.0, 0.0, 0.0, 0.0, 0.0, 0.0, 0.0, 0.0, 0.0, 0.0, 0.0, 0.0, 0.0, 1.0, 0.4865, 1.0, 1.0, 1.0, 0.0075, 0.4865, 1.0, 0.0225, 0.0, 0.0, 0.9775, 0.0, 0.0, 0.0, 0.0]",-419.18595103414617,844.9172517286268,-482.430437669722,964.860875339444,0.9102430794110984,-4.498681156966684,-5.545177444479562,11.076803855613203,11.090354888959125,0.41703231407568264,-6.8840635933480385,-16.635532333438686,16.946181017044022,33.27106466687737,0.5787520451143159,"[1.0, 1.0, 1.0, 1.0, 1.0, 0.0, 1.0, 0.0, 1.0, 1.0, 1.0, 1.0, 1.0, 1.0, 1.0, 0.0, 0.0, 0.0, 0.0, 0.0, 0.0, 0.0, 0.0, 0.0, 1.0, 1.0, 1.0, 1.0, 0.0, 0.0, 1.0, 0.0, 0.0, 0.0, 0.0, 0.0, 0.0, 1.0, 0.0, 0.0, 0.0, 0.0, 0.0, 0.0, 0.0, 0.0, 0.0, 0.0, 1.0, 1.0, 1.0, 1.0, 0.0, 0.0, 0.0, 0.0, 1.0, 1.0, 1.0, 1.0, 0.0, 0.0, 0.0, 0.0, 0.0, 0.0, 0.0, 0.0, 0.0, 1.0, 1.0, 0.0, 1.0, 1.0, 1.0, 1.0, 0.0, 0.0, 0.0, 0.0, 1.0, 1.0, 1.0, 1.0, 0.0, 0.0, 0.0, 0.0, 0.0, 0.0, 0.0, 0.0, 0.0, 0.0, 0.0, 0.0, 1.0, 1.0, 1.0, 1.0, 1.0, 1.0, 1.0, 0.0, 1.0, 1.0, 1.0, 1.0, 1.0, 0.0, 1.0, 0.0, 0.0, 1.0, 0.0, 0.0, 1.0, 1.0, 1.0, 0.0, 1.0, 1.0, 0.0, 1.0, 1.0, 0.0, 0.0, 0.0, 1.0, 1.0, 1.0, 0.0, 1.0, 1.0, 1.0, 1.0, 1.0, 1.0, 1.0, 1.0, 0.0, 0.0, 0.0, 0.0, 1.0, 1.0, 1.0, 0.0, 0.0, 0.0, 1.0, 0.0, 0.0, 0.0, 1.0, 0.0, 0.0, 0.0, 0.0, 0.0, 1.0, 1.0, 1.0, 0.0, 0.0, 0.0, 1.0, 0.0, 0.0, 0.0, 0.0, 1.0, 0.0, 0.0, 0.0, 0.0, 0.0, 0.0, 0.0, 1.0, 0.0, 0.0, 0.0, 0.0, 1.0, 1.0, 1.0, 1.0, 0.0, 0.0, 0.0, 0.0, 1.0, 1.0, 1.0, 0.0, 0.0, 0.0, 1.0, 0.0, 1.0, 1.0, 1.0, 1.0, 0.0, 0.0, 0.0, 0.0, 1.0, 1.0, 1.0, 1.0, 0.0, 0.0, 0.0, 0.0, 1.0, 1.0, 1.0, 1.0, 1.0, 1.0, 1.0, 0.0, 0.0, 0.0, 0.0, 0.0, 1.0, 0.0, 0.0, 0.0, 1.0, 1.0, 1.0, 1.0, 1.0, 1.0, 1.0, 1.0, 1.0, 1.0, 1.0, 1.0, 1.0, 1.0, 1.0, 0.0, 0.0, 0.0, 0.0, 0.0, 0.0, 0.0, 0.0, 0.0, 0.0, 1.0, 0.0, 1.0, 0.0, 1.0, 0.0, 1.0, 0.0, 0.0, 0.0, 1.0, 0.0, 0.0, 0.0, 0.0, 1.0, 1.0, 1.0, 0.0, 0.0, 0.0, 1.0, 0.0, 0.0, 0.0, 1.0, 0.0, 0.0, 0.0, 0.0, 0.0, 0.0, 1.0, 1.0, 1.0, 0.0, 0.0, 0.0, 0.0, 1.0, 1.0, 1.0, 0.0, 1.0, 1.0, 1.0, 1.0, 0.0, 0.0, 1.0, 0.0, 0.0, 0.0, 0.0, 0.0, 1.0, 1.0, 1.0, 1.0, 1.0, 1.0, 1.0, 0.0, 1.0, 1.0, 1.0, 1.0, 0.0, 0.0, 0.0, 0.0, 1.0, 1.0, 1.0, 1.0, 0.0, 0.0, 0.0, 0.0, 0.0, 1.0, 0.0, 0.0, 0.0, 0.0, 0.0, 0.0, 0.0, 0.0, 0.0, 0.0, 0.0, 0.0, 0.0, 0.0, 0.0, 0.0, 0.0, 0.0, 0.0, 0.0, 0.0, 0.0, 1.0, 1.0, 0.0, 1.0, 1.0, 0.0, 1.0, 0.0, 1.0, 1.0, 1.0, 1.0, 1.0, 0.0, 1.0, 1.0, 0.0, 0.0, 0.0, 0.0, 0.0, 1.0, 1.0, 0.0, 1.0, 0.0, 0.0, 1.0, 0.0, 0.0, 0.0, 0.0, 1.0, 1.0, 1.0, 0.0, 0.0, 0.0, 1.0, 0.0, 1.0, 1.0, 1.0, 0.0, 0.0, 0.0, 0.0, 0.0, 1.0, 1.0, 1.0, 1.0, 1.0, 1.0, 1.0, 0.0, 0.0, 0.0, 0.0, 0.0, 0.0, 0.0, 0.0, 0.0, 1.0, 0.0, 1.0, 0.0, 0.0, 0.0, 0.0, 0.0, 1.0, 1.0, 1.0, 1.0, 1.0, 1.0, 1.0, 0.0, 1.0, 1.0, 1.0, 1.0, 1.0, 1.0, 0.0, 1.0, 1.0, 1.0, 1.0, 1.0, 0.0, 0.0, 0.0, 0.0, 1.0, 1.0, 1.0, 1.0, 1.0, 1.0, 1.0, 0.0, 0.0, 1.0, 1.0, 1.0, 0.0, 0.0, 0.0, 0.0, 1.0, 1.0, 1.0, 1.0, 0.0, 0.0, 0.0, 0.0, 1.0, 0.0, 1.0, 0.0, 0.0, 0.0, 0.0, 0.0, 1.0, 1.0, 1.0, 1.0, 1.0, 0.0, 1.0, 0.0, 1.0, 1.0, 1.0, 0.0, 1.0, 1.0, 0.0, 1.0, 1.0, 1.0, 1.0, 1.0, 0.0, 0.0, 0.0, 0.0, 0.0, 0.0, 0.0, 0.0, 0.0, 0.0, 0.0, 0.0, 1.0, 1.0, 1.0, 1.0, 0.0, 0.0, 0.0, 0.0, 0.0, 0.0, 0.0, 0.0, 0.0, 0.0, 0.0, 0.0, 0.0, 0.0, 0.0, 0.0, 0.0, 0.0, 0.0, 0.0, 1.0, 1.0, 0.0, 0.0, 1.0, 1.0, 1.0, 1.0, 1.0, 1.0, 1.0, 1.0, 1.0, 1.0, 1.0, 1.0, 1.0, 1.0, 1.0, 1.0, 1.0, 0.0, 1.0, 1.0, 0.0, 1.0, 0.0, 1.0, 0.0, 1.0, 0.0, 0.0, 1.0, 1.0, 1.0, 1.0, 0.0, 0.0, 1.0, 0.0, 1.0, 1.0, 1.0, 1.0, 0.0, 0.0, 0.0, 0.0, 0.0, 0.0, 0.0, 1.0, 0.0, 0.0, 0.0, 0.0, 1.0, 1.0, 1.0, 1.0, 0.0, 0.0, 0.0, 0.0, 0.0, 1.0, 1.0, 1.0, 0.0, 1.0, 1.0, 0.0, 1.0, 1.0, 1.0, 1.0, 0.0, 0.0, 0.0, 0.0, 1.0, 0.0, 1.0, 1.0, 1.0, 0.0, 0.0, 1.0, 1.0, 1.0, 1.0, 1.0, 1.0, 1.0, 1.0, 0.0, 0.0, 1.0, 1.0, 1.0, 1.0, 1.0, 0.0, 0.0, 1.0, 1.0, 1.0, 1.0, 0.0, 0.0, 0.0, 0.0, 1.0, 1.0, 1.0, 0.0, 0.0, 0.0, 1.0, 0.0, 1.0, 1.0, 1.0, 1.0, 0.0, 0.0, 0.0, 0.0, 0.0, 0.0, 0.0, 0.0, 0.0, 0.0, 0.0, 0.0, 0.0, 0.0, 1.0, 1.0, 0.0, 0.0, 0.0, 0.0, 1.0, 1.0, 1.0, 1.0, 1.0, 0.0, 0.0, 1.0]",-295.2442605392121,597.0338707387587,-482.430437669722,964.860875339444,98.5659908492023,-16.63584112484684,36.44973608004163,1.2846122460949685,-433.45128860920846,873.4479268787513,True,True,True,False,True,0.5833333333333334,0.25,0.7916666666666666,0.375,0.7916666666666666,0.375,0.5833333333333334,0.625,0.8333333333333334,0.5,0.5,0.625,"Z.exists(lambda x1: Z.exists(lambda x2: Z.hor_operator(x2,x1,'contact'),X),X)","Z.exists(lambda x1: Z.exists(lambda x2: Z.and_operator(Z.and_operator(Z.equal(x1,'green','colour'),Z.equal(x2,'blue','colour')),Z.hor_operator(x1,x2,'contact')),X),X)","Z.atleast(lambda x1: Z.less(x1,2,'size'),2,X)","Z.atleast(lambda x1: Z.greater(x1, 2,'size'),2,X)",0.25,0.375,0.375,0.625,0.5,0.7083333333333334,0.6982758620689655,0.6867816091954023,0.6954022988505747,0.6925287356321839,5.241379310344827,0,0,0,0,0,0
65,80,154,dExckpP5o5,OTeHWPov9yZkcbEZAAAB,Kappa,at least one is blue AND small,"[True, True, True, True, False, False, False, False]","[True, True, True, True, False, False, False, False]",1.0,1.0,there must be at least one small blue triangle,[['x1']],"Z.atleast(lambda x1: Z.and_operator(Z.equal(x1,'blue','colour'),Z.equal(x1,1,'size')),1,X)",there must be at least one blue triangle,"[{'ids': [0, 1, 2, 3, 4], 'colours': ['blue', 'blue', 'green', 'green', 'green'], 'sizes': [1, 2, 1, 2, 3], 'xpos': [0.30944354698471727, 3.9223107844508354, 5.337497571026289, 3.113460372457518, 5.411614200311723], 'ypos': [4.120000000000001, 4.120000000000001, 4.120000000000001, 4.120000000000001, 4.119999844065521], 'rotations': [3.141592653589794, 3.1415926535897922, 3.1415926535897944, 3.1415926535897922, 3.1415929593436753], 'orientations': ['upright', 'upright', 'upright', 'upright', 'upright'], 'contact': [[0], [1, 3], [2], [3, 1], [4]], 'grounded': ['yes', 'yes', 'yes', 'yes', 'yes'], 'follow_rule': True}, {'ids': [0, 1], 'colours': ['green', 'green'], 'sizes': [2, 3], 'xpos': [4.524747394667465, 4.525489629441824], 'ypos': [4.120035732185123, 4.108509918822441], 'rotations': [9.424776214396712, 3.1455851471959493], 'orientations': ['upright', 'upright'], 'contact': [[0, 1], [1, 0]], 'grounded': ['yes', 'no'], 'follow_rule': False}, {'ids': [0, 1], 'colours': ['blue', 'green'], 'sizes': [2, 2], 'xpos': [5.714558449056791, 4.874117362031553], 'ypos': [4.117253815367892, 4.11631994826647], 'rotations': [3.1456139549266426, 3.14454338569603], 'orientations': ['upright', 'upright'], 'contact': [[0], [1]], 'grounded': ['yes', 'yes'], 'follow_rule': False}, {'ids': [0, 1, 2], 'colours': ['green', 'blue', 'blue'], 'sizes': [2, 2, 1], 'xpos': [1.8449986137596568, 2.6943973149989646, 0.3412364857574986], 'ypos': [4.117821182216001, 4.116032545611068, 4.116755886415245], 'rotations': [3.140146092788053, 9.426849968643076, 3.1438536858929833], 'orientations': ['upright', 'upright', 'upright'], 'contact': [[0], [1], [2]], 'grounded': ['yes', 'yes', 'yes'], 'follow_rule': True}, {'ids': [0], 'colours': ['blue'], 'sizes': [1], 'xpos': [0.3174897256246712], 'ypos': [4.116152856434774], 'rotations': [3.1417986967298086], 'orientations': ['upright'], 'contact': [[0]], 'grounded': ['yes'], 'follow_rule': True}, {'ids': [0], 'colours': ['blue'], 'sizes': [2], 'xpos': [3.3586263901768967], 'ypos': [4.11637786915525], 'rotations': [3.1440684476690053], 'orientations': ['upright'], 'contact': [[0]], 'grounded': ['yes'], 'follow_rule': False}, {'ids': [0], 'colours': ['blue'], 'sizes': [1], 'xpos': [7.834374090214066], 'ypos': [3.8359253349057583], 'rotations': [1.2111132355861667], 'orientations': ['lhs'], 'contact': [[0]], 'grounded': ['yes'], 'follow_rule': True}, {'ids': [0], 'colours': ['blue'], 'sizes': [1], 'xpos': [0.9492554793961053], 'ypos': [4.115636464134682], 'rotations': [3.142553723434589], 'orientations': ['upright'], 'contact': [[0]], 'grounded': ['yes'], 'follow_rule': True}, {'ids': [0, 1, 2, 3, 4, 5, 6, 7], 'colours': ['red', 'blue', 'blue', 'red', 'red', 'green', 'red', 'blue'], 'sizes': [3, 1, 2, 2, 3, 2, 1, 2], 'xpos': [3.73068127782473, 5.21143043275308, 0.628029634657912, 5.41985831114537, 3.73221495043733, 2.6881904061602, 2.69592462610732, 4.6441478837753], 'ypos': [4.15955293434237, 3.88040887163376, 3.77952636825576, 4.00866939013447, 3.84618730815599, 4.16046505787232, 3.36197381341272, 4.15735107629793], 'rotations': [3.14513282779734, 5.0677355060028, 5.0513292843393, 2.88192941289468, 3.14453575957132, 3.13858862708556, 2.60114260528712, 3.14253353812844], 'contact': [[0, 4], [1, 3], 2, [3, 1, 7], [4, 0], [5, 6], [6, 5], [7, 3]], 'grounded': ['yes', 'yes', 'yes', 'no', 'no', 'yes', 'no', 'yes']}, {'ids': [0, 1, 2, 3, 4], 'colours': ['green', 'red', 'red', 'blue', 'blue'], 'sizes': [3, 3, 3, 1, 1], 'xpos': [0.494087661193018, 3.9483348516538, 5.27168256714865, 5.34332261433319, 0.73624872055367], 'ypos': [4.03747541930378, 4.15789345817489, 3.68793264237984, 3.6957884966519, 3.12182877557111], 'rotations': [3.39186622255945, 3.13985318391394, 5.03796059957422, 0.88254982855712, 3.37051889969503], 'contact': [[0, 4], 1, [2, 3], [3, 2], [4, 0]], 'grounded': ['yes', 'yes', 'yes', 'yes', 'no']}, {'ids': [0, 1, 2, 3], 'colours': ['red', 'blue', 'blue', 'green'], 'sizes': [1, 1, 2, 2], 'xpos': [3.18059163568182, 0.310290458717288, 3.1806567054277, 2.31556998810598], 'ypos': [4.16168723431181, 4.15876638336768, 4.1487939044355, 4.15777861520172], 'rotations': [3.14159140357956, 3.14265904643877, 3.14147445775215, 3.14506697679819], 'contact': [[0, 2], 1, [2, 0], 3], 'grounded': ['yes', 'yes', 'no', 'yes']}, {'ids': [0, 1, 2], 'colours': ['red', 'blue', 'blue'], 'sizes': [2, 1, 1], 'xpos': [4.18368803941992, 0.414042657065262, 2.15035350734386], 'ypos': [3.77956682056473, 4.15748311487421, 3.8762597297667], 'rotations': [1.23393916549627, 3.14433838895914, 1.21175410086331], 'contact': [{'V1': 0, 'V2': 1, 'V3': 2}], 'grounded': ['yes', 'yes', 'yes']}, {'ids': [0, 1, 2, 3], 'colours': ['red', 'blue', 'green', 'green'], 'sizes': [1, 2, 3, 2], 'xpos': [3.51554594721066, 0.952630095552302, 1.15938786102465, 4.3365248890533], 'ypos': [4.15861023322789, 3.78844050360235, 3.68324865018165, 3.81210635173936], 'rotations': [3.13374769948046, 1.95279692618981, 5.03789515425762, 2.09958352806452], 'contact': [[0, 3], 1, 2, [3, 0]], 'grounded': ['yes', 'yes', 'yes', 'yes']}, {'ids': [0, 1, 2, 3, 4, 5, 6], 'colours': ['red', 'green', 'green', 'red', 'red', 'green', 'blue'], 'sizes': [2, 2, 1, 2, 3, 1, 2], 'xpos': [6.87642919084431, 0.500811040908878, 6.83118798955539, 0.500811040908877, 2.84733119936067, 4.8509860534385, 6.36697442237732], 'ypos': [4.16175085069598, 4.16166666666667, 3.43496091839389, 3.86081693802354, 3.68420776646255, 3.88048305615273, 3.30313545616522], 'rotations': [3.14149734712368, 3.14159265358979, 3.21473720201577, 3.1415926535898, 5.03748075887867, 5.06844557980735, 3.76206868572812], 'contact': [[0, 6, 2], [1, 3], [2, 0, 6], [3, 1], 4, 5, [6, 0, 2]], 'grounded': ['yes', 'yes', 'no', 'no', 'yes', 'yes', 'no']}, {'ids': [0, 1, 2, 3], 'colours': ['green', 'red', 'green', 'green'], 'sizes': [3, 2, 3, 1], 'xpos': [0.68898442305447, 3.35991414777035, 6.19696481477246, 0.285852488312505], 'ypos': [4.14082379374931, 3.77953993499473, 3.68347394204074, 3.22090721981064], 'rotations': [3.17946147794873, 5.05131141313782, 1.24390261182064, 2.78305328423849], 'contact': [[0, 3], 1, 2, [3, 0]], 'grounded': ['yes', 'yes', 'yes', 'no']}, {'ids': [0, 1, 2, 3, 4, 5], 'colours': ['blue', 'green', 'red', 'green', 'red', 'red'], 'sizes': [2, 1, 3, 3, 2, 2], 'xpos': [1.90901458039544, 3.20404317572615, 5.35557787085149, 2.21502873493383, 4.45133508655654, 0.411178438002497], 'ypos': [4.15997299836821, 3.9724254650111, 3.68341260130509, 3.66870790290145, 3.29547827552602, 4.15884184210246], 'rotations': [3.14582683698787, 3.82418159605204, 1.24456815445981, 4.50974799681394, 6.86637263771617, 3.14292060739547], 'contact': [[0, 3], [1, 3], [2, 4], [3, 0, 1], [4, 2], 5], 'grounded': ['yes', 'yes', 'yes', 'yes', 'yes', 'yes']}]","[True, False, False, False, False, True, True, False]","[True, False, False, False, True, False, False, True]","[False, True, True, True, False, False, False, False]","[False, False, False, False, False, True, True, False]","[False, False, True, False, False, False, False, False]","[False, False, True, False, True, True, True, True]","[True, True, False, True, False, False, False, False]","[False, False, False, False, False, False, False, False]",0.625,0.375,0.0,-0.25,0.375,0.625,0.375,0.625,0.625,0.375,0.25,0.0,0.625,0.375,66.97929211649829,-5.545400346938725,-5.545177444479562,13.170242235557286,11.090354888959125,1.0,-12.560591334753433,-16.635532333438686,28.29923649985481,33.27106466687737,1.0502311195665048,"[1.0, 1.0, 1.0, 1.0, 1.0, 0.0, 1.0, 0.0, 1.0, 1.0, 1.0, 1.0, 1.0, 1.0, 1.0, 0.0135, 0.9530000000000001, 0.092, 0.5895, 0.5895, 1.0, 0.0, 0.0, 0.861, 1.0, 1.0, 1.0, 0.2925, 0.999, 0.999, 1.0, 0.7155, 0.0, 0.0, 1.0, 0.0, 0.0, 0.0, 1.0, 0.0, 0.0, 0.0, 1.0, 0.0, 0.0, 0.0, 1.0, 0.0, 1.0, 1.0, 1.0, 1.0, 0.0, 0.0, 0.0, 0.0, 1.0, 1.0, 1.0, 1.0, 0.935, 0.935, 0.935, 0.935, 1.0, 1.0, 1.0, 1.0, 0.0, 1.0, 0.0, 0.0, 0.0, 1.0, 1.0, 1.0, 1.0, 1.0, 1.0, 1.0, 1.0, 1.0, 1.0, 1.0, 0.0935, 0.0935, 0.0935, 0.0935, 1.0, 1.0, 1.0, 1.0, 1.0, 1.0, 1.0, 1.0, 1.0, 1.0, 1.0, 1.0, 1.0, 1.0, 1.0, 0.013000000000000001, 1.0, 1.0, 0.998, 1.0, 1.0, 0.002, 0.998, 0.002, 1.0, 1.0, 1.0, 1.0, 1.0, 1.0, 1.0, 0.0, 0.973, 1.0, 0.9530000000000001, 1.0, 0.8925000000000001, 0.9195, 0.17400000000000002, 0.201, 1.0, 1.0, 1.0, 1.0, 0.0, 0.0, 0.0, 0.0, 1.0, 1.0, 1.0, 0.24, 1.0, 1.0, 0.968, 1.0, 0.653, 0.653, 0.653, 1.0, 0.2535, 0.2535, 0.7035, 0.10300000000000001, 1.0, 1.0, 1.0, 1.0, 0.0, 1.0, 0.0, 0.0, 1.0, 1.0, 1.0, 0.012, 0.988, 0.988, 1.0, 1.0, 1.0, 0.0, 1.0, 1.0, 1.0, 0.0, 0.0, 1.0, 0.0, 0.0, 0.0, 1.0, 1.0, 0.0, 0.0, 0.0, 1.0, 1.0, 1.0, 1.0, 0.0, 0.0, 0.0, 0.0, 1.0, 1.0, 1.0, 1.0, 0.0, 0.0, 0.0, 0.0, 1.0, 1.0, 1.0, 1.0, 1.0, 1.0, 0.841, 1.0, 1.0, 1.0, 1.0, 1.0, 0.0, 0.0, 0.0, 0.0, 1.0, 1.0, 1.0, 1.0, 1.0, 1.0, 1.0, 0.0, 0.197, 0.0, 0.85, 0.653, 0.803, 0.0, 0.0, 0.0, 0.8525, 0.847, 0.9935, 0.847, 0.28300000000000003, 0.4305, 0.426, 0.426, 1.0, 1.0, 1.0, 1.0, 1.0, 1.0, 1.0, 0.0, 0.798, 1.0, 0.7995, 0.7995, 0.0275, 0.029, 0.2265, 0.1975, 1.0, 1.0, 1.0, 1.0, 0.0, 0.0, 0.0, 0.0, 0.862, 0.854, 0.8595, 0.8955000000000001, 0.045, 0.0005, 0.8695, 0.8505, 1.0, 1.0, 1.0, 0.022, 1.0, 1.0, 1.0, 0.978, 0.28400000000000003, 0.0145, 0.1885, 0.0275, 0.2755, 0.0, 0.0015, 0.013000000000000001, 0.0, 0.0, 0.0, 1.0, 1.0, 0.0, 0.0, 0.0, 1.0, 1.0, 1.0, 1.0, 0.0, 0.0, 0.0, 0.0, 1.0, 1.0, 1.0, 1.0, 1.0, 0.0, 1.0, 0.0, 1.0, 1.0, 1.0, 1.0, 1.0, 1.0, 1.0, 0.0, 1.0, 1.0, 1.0, 0.728, 0.8265, 0.5545, 0.5545, 0.8265, 1.0, 1.0, 1.0, 1.0, 1.0, 1.0, 1.0, 1.0, 1.0, 1.0, 1.0, 0.8715, 0.9365, 0.8695, 0.8695, 0.9365, 0.229, 0.229, 0.229, 0.229, 0.801, 0.03, 0.03, 0.801, 0.0, 0.0, 0.0, 1.0, 1.0, 0.0, 0.0, 0.0, 0.108, 0.114, 0.2315, 0.108, 0.114, 0.07050000000000001, 0.0495, 0.006, 1.0, 1.0, 1.0, 1.0, 0.0, 0.0, 0.0, 0.0, 0.8955000000000001, 0.895, 0.0115, 0.0, 0.883, 0.0, 0.0, 0.0, 1.0, 1.0, 1.0, 1.0, 0.0, 0.0, 0.0, 0.0, 0.902, 0.902, 0.902, 0.678, 0.88, 0.88, 0.902, 0.807, 1.0, 1.0, 1.0, 1.0, 0.0, 0.0, 0.0, 0.0, 1.0, 1.0, 1.0, 1.0, 1.0, 1.0, 1.0, 0.0, 1.0, 1.0, 1.0, 1.0, 0.0, 0.0, 0.0, 0.0, 1.0, 1.0, 1.0, 1.0, 0.008, 0.008, 0.008, 0.008, 1.0, 1.0, 1.0, 1.0, 1.0, 1.0, 1.0, 0.0, 1.0, 1.0, 1.0, 1.0, 1.0, 1.0, 0.6980000000000001, 1.0, 1.0, 1.0, 1.0, 1.0, 0.0, 0.0, 0.0, 0.0, 1.0, 1.0, 1.0, 1.0, 1.0, 1.0, 1.0, 0.0, 0.9530000000000001, 0.9530000000000001, 0.9530000000000001, 1.0, 1.0, 1.0, 0.641, 0.9530000000000001, 1.0, 1.0, 1.0, 1.0, 0.0, 0.0, 0.0, 0.0, 1.0, 1.0, 1.0, 1.0, 1.0, 1.0, 1.0, 1.0, 1.0, 1.0, 1.0, 1.0, 0.0, 0.0, 0.0, 0.0, 1.0, 1.0, 1.0, 1.0, 1.0, 1.0, 1.0, 1.0, 1.0, 1.0, 1.0, 1.0, 0.021500000000000002, 0.021500000000000002, 0.021500000000000002, 0.021500000000000002, 0.021500000000000002, 0.003, 0.02, 0.0095, 0.0095, 0.964, 0.9555, 0.0095, 1.0, 1.0, 1.0, 1.0, 1.0, 1.0, 1.0, 1.0, 1.0, 1.0, 1.0, 1.0, 0.0, 0.0, 0.0, 0.0, 1.0, 1.0, 1.0, 1.0, 0.0, 0.0, 1.0, 1.0, 1.0, 0.873, 0.198, 0.198, 1.0, 1.0, 0.6905, 1.0, 1.0, 1.0, 1.0, 1.0, 1.0, 1.0, 1.0, 0.0, 1.0, 0.999, 0.999, 1.0, 0.0025, 0.0025, 0.0025, 0.0025, 1.0, 1.0, 1.0, 1.0, 1.0, 0.686, 0.314, 0.0, 1.0, 1.0, 1.0, 1.0, 0.524, 0.524, 1.0, 0.47600000000000003, 1.0, 1.0, 1.0, 1.0, 0.008, 0.008, 0.008, 0.008, 0.9935, 0.9935, 0.9775, 0.9935, 0.9935, 0.0225, 0.988, 0.017, 1.0, 1.0, 1.0, 1.0, 0.0725, 0.0725, 0.0725, 0.0725, 0.041, 1.0, 1.0, 0.9590000000000001, 0.041, 0.9590000000000001, 1.0, 0.0, 0.7435, 0.9835, 0.7425, 0.986, 0.7435, 0.7435, 0.256, 0.987, 1.0, 0.005, 1.0, 1.0, 1.0, 0.005, 0.005, 1.0, 1.0, 1.0, 1.0, 1.0, 1.0, 1.0, 1.0, 0.0, 1.0, 1.0, 1.0, 1.0, 0.0, 0.0, 0.0, 0.0, 1.0, 1.0, 1.0, 1.0, 0.0, 0.0, 0.0, 0.0, 0.9705, 0.9705, 0.9145, 1.0, 0.8015, 0.8015, 0.9705, 0.7865, 1.0, 1.0, 1.0, 1.0, 0.0, 0.0, 0.0, 0.0, 1.0, 1.0, 1.0, 1.0, 0.0, 0.0, 0.0, 0.0, 1.0, 1.0, 1.0, 1.0, 0.0, 0.0, 0.0, 0.0, 1.0, 1.0, 1.0, 1.0, 1.0, 1.0, 1.0, 1.0]",-418.5875071169283,843.720363894191,-482.430437669722,964.860875339444,0.01,0.0,2.0794415416798357,0.3189290193554026,-4.156924961980295,11.491903754308535,0.6334250289943713,"[1.0, 1.0, 1.0, 1.0, 1.0, 0.0, 1.0, 0.0, 1.0, 1.0, 1.0, 1.0, 1.0, 1.0, 1.0, 0.0, 0.0, 0.0, 0.0, 0.0, 0.0, 0.0, 0.0, 0.0, 1.0, 1.0, 1.0, 0.0, 0.0, 0.0, 1.0, 0.0, 0.0, 0.0, 1.0, 1.0, 0.0, 1.0, 1.0, 1.0, 1.0, 1.0, 1.0, 1.0, 0.0, 0.0, 1.0, 1.0, 1.0, 1.0, 1.0, 1.0, 0.0, 0.0, 0.0, 0.0, 1.0, 1.0, 1.0, 1.0, 0.0, 0.0, 0.0, 0.0, 0.0, 0.0, 0.0, 0.0, 0.0, 1.0, 1.0, 0.0, 1.0, 1.0, 1.0, 1.0, 0.0, 0.0, 0.0, 0.0, 1.0, 1.0, 1.0, 1.0, 0.0, 0.0, 0.0, 0.0, 1.0, 1.0, 1.0, 1.0, 1.0, 1.0, 0.0, 1.0, 1.0, 1.0, 1.0, 1.0, 1.0, 1.0, 1.0, 0.0, 1.0, 1.0, 1.0, 1.0, 1.0, 0.0, 1.0, 0.0, 0.0, 1.0, 0.0, 0.0, 1.0, 1.0, 1.0, 0.0, 1.0, 1.0, 0.0, 1.0, 1.0, 0.0, 0.0, 0.0, 1.0, 1.0, 1.0, 0.0, 1.0, 1.0, 1.0, 1.0, 1.0, 1.0, 1.0, 1.0, 0.0, 0.0, 0.0, 0.0, 1.0, 1.0, 1.0, 0.0, 0.0, 0.0, 1.0, 0.0, 0.0, 0.0, 1.0, 0.0, 0.0, 0.0, 0.0, 0.0, 1.0, 1.0, 1.0, 0.0, 0.0, 0.0, 1.0, 0.0, 0.0, 0.0, 0.0, 1.0, 0.0, 0.0, 0.0, 0.0, 0.0, 0.0, 0.0, 1.0, 0.0, 0.0, 0.0, 0.0, 1.0, 1.0, 1.0, 1.0, 0.0, 0.0, 0.0, 0.0, 1.0, 1.0, 1.0, 0.0, 0.0, 0.0, 1.0, 0.0, 1.0, 1.0, 1.0, 1.0, 0.0, 0.0, 0.0, 0.0, 1.0, 1.0, 1.0, 1.0, 0.0, 0.0, 0.0, 0.0, 1.0, 1.0, 1.0, 1.0, 1.0, 1.0, 1.0, 0.0, 0.0, 0.0, 0.0, 0.0, 1.0, 0.0, 0.0, 0.0, 1.0, 1.0, 1.0, 1.0, 1.0, 1.0, 1.0, 1.0, 1.0, 1.0, 1.0, 1.0, 1.0, 1.0, 1.0, 0.0, 0.0, 0.0, 0.0, 0.0, 0.0, 0.0, 0.0, 0.0, 0.0, 1.0, 0.0, 1.0, 0.0, 1.0, 0.0, 1.0, 0.0, 0.0, 0.0, 1.0, 0.0, 0.0, 0.0, 0.0, 1.0, 1.0, 1.0, 0.0, 0.0, 0.0, 1.0, 0.0, 1.0, 1.0, 1.0, 1.0, 1.0, 0.0, 1.0, 0.0, 0.0, 1.0, 1.0, 1.0, 0.0, 0.0, 0.0, 0.0, 1.0, 1.0, 1.0, 0.0, 1.0, 1.0, 1.0, 1.0, 0.0, 1.0, 1.0, 1.0, 0.0, 0.0, 0.0, 0.0, 1.0, 1.0, 1.0, 1.0, 1.0, 1.0, 1.0, 0.0, 1.0, 1.0, 1.0, 1.0, 0.0, 0.0, 0.0, 0.0, 1.0, 1.0, 1.0, 1.0, 0.0, 0.0, 0.0, 0.0, 0.0, 1.0, 0.0, 0.0, 0.0, 0.0, 0.0, 0.0, 1.0, 1.0, 1.0, 1.0, 1.0, 0.0, 1.0, 1.0, 0.0, 0.0, 0.0, 0.0, 0.0, 1.0, 1.0, 0.0, 1.0, 1.0, 1.0, 1.0, 1.0, 0.0, 1.0, 0.0, 1.0, 1.0, 1.0, 1.0, 1.0, 0.0, 1.0, 1.0, 0.0, 0.0, 0.0, 0.0, 0.0, 1.0, 1.0, 0.0, 1.0, 0.0, 0.0, 1.0, 0.0, 0.0, 0.0, 0.0, 1.0, 1.0, 1.0, 0.0, 0.0, 0.0, 1.0, 0.0, 1.0, 1.0, 1.0, 0.0, 0.0, 0.0, 0.0, 0.0, 1.0, 1.0, 1.0, 1.0, 1.0, 1.0, 1.0, 0.0, 0.0, 0.0, 0.0, 0.0, 0.0, 0.0, 0.0, 0.0, 1.0, 0.0, 1.0, 0.0, 0.0, 0.0, 0.0, 0.0, 1.0, 1.0, 1.0, 1.0, 1.0, 1.0, 1.0, 0.0, 1.0, 1.0, 1.0, 1.0, 1.0, 1.0, 0.0, 1.0, 1.0, 1.0, 1.0, 1.0, 0.0, 0.0, 0.0, 0.0, 1.0, 1.0, 1.0, 1.0, 1.0, 1.0, 1.0, 0.0, 0.0, 1.0, 1.0, 1.0, 0.0, 0.0, 0.0, 0.0, 1.0, 1.0, 1.0, 1.0, 0.0, 0.0, 0.0, 0.0, 1.0, 0.0, 1.0, 0.0, 0.0, 0.0, 0.0, 0.0, 1.0, 1.0, 1.0, 1.0, 1.0, 0.0, 1.0, 0.0, 1.0, 1.0, 1.0, 0.0, 1.0, 1.0, 0.0, 1.0, 1.0, 1.0, 1.0, 1.0, 0.0, 0.0, 0.0, 0.0, 0.0, 0.0, 0.0, 0.0, 0.0, 1.0, 0.0, 0.0, 1.0, 1.0, 1.0, 1.0, 0.0, 0.0, 0.0, 0.0, 0.0, 0.0, 0.0, 0.0, 0.0, 0.0, 0.0, 0.0, 1.0, 0.0, 1.0, 0.0, 0.0, 0.0, 0.0, 0.0, 1.0, 1.0, 0.0, 0.0, 1.0, 1.0, 1.0, 1.0, 1.0, 1.0, 1.0, 1.0, 1.0, 1.0, 1.0, 1.0, 1.0, 1.0, 1.0, 1.0, 1.0, 0.0, 1.0, 1.0, 0.0, 1.0, 0.0, 1.0, 0.0, 1.0, 0.0, 0.0, 1.0, 1.0, 1.0, 1.0, 0.0, 0.0, 1.0, 0.0, 1.0, 1.0, 1.0, 1.0, 0.0, 0.0, 0.0, 0.0, 0.0, 0.0, 0.0, 1.0, 0.0, 0.0, 0.0, 0.0, 1.0, 1.0, 1.0, 1.0, 0.0, 0.0, 0.0, 0.0, 0.0, 1.0, 1.0, 1.0, 0.0, 1.0, 1.0, 0.0, 1.0, 1.0, 1.0, 1.0, 0.0, 0.0, 0.0, 0.0, 1.0, 0.0, 1.0, 1.0, 1.0, 0.0, 0.0, 1.0, 1.0, 1.0, 1.0, 1.0, 1.0, 1.0, 1.0, 0.0, 0.0, 1.0, 1.0, 1.0, 1.0, 1.0, 0.0, 0.0, 1.0, 1.0, 1.0, 1.0, 0.0, 0.0, 0.0, 0.0, 1.0, 1.0, 1.0, 0.0, 0.0, 0.0, 1.0, 0.0, 1.0, 1.0, 1.0, 1.0, 0.0, 0.0, 0.0, 0.0, 0.0, 0.0, 0.0, 0.0, 0.0, 0.0, 0.0, 0.0, 0.0, 1.0, 0.0, 1.0, 0.0, 1.0, 1.0, 0.0, 1.0, 1.0, 1.0, 1.0, 1.0, 0.0, 0.0, 1.0]",-318.3726801373107,643.2907099349558,0.01,0.0,-5.545177444479562,2.0794415416798357,11.090354888959125,0.3189290193554026,-4.156924961980295,-16.635532333438686,11.491903754308535,33.27106466687737,0.6173530694834558,"[1.0, 1.0, 1.0, 1.0, 1.0, 0.0, 1.0, 0.0, 1.0, 1.0, 1.0, 1.0, 1.0, 1.0, 1.0, 0.0, 0.0, 0.0, 0.0, 0.0, 0.0, 0.0, 0.0, 0.0, 1.0, 1.0, 1.0, 0.0, 0.0, 0.0, 1.0, 0.0, 0.0, 0.0, 1.0, 1.0, 0.0, 1.0, 1.0, 1.0, 0.0, 0.0, 0.0, 0.0, 0.0, 0.0, 0.0, 0.0, 1.0, 1.0, 1.0, 1.0, 0.0, 0.0, 0.0, 0.0, 1.0, 1.0, 1.0, 1.0, 0.0, 0.0, 0.0, 0.0, 0.0, 0.0, 0.0, 0.0, 0.0, 1.0, 1.0, 0.0, 0.0, 0.0, 0.0, 1.0, 0.0, 0.0, 0.0, 0.0, 1.0, 1.0, 1.0, 1.0, 0.0, 0.0, 0.0, 0.0, 0.0, 0.0, 0.0, 0.0, 1.0, 1.0, 0.0, 1.0, 1.0, 1.0, 1.0, 1.0, 1.0, 1.0, 1.0, 0.0, 1.0, 1.0, 1.0, 1.0, 1.0, 0.0, 1.0, 0.0, 0.0, 1.0, 0.0, 0.0, 1.0, 1.0, 1.0, 0.0, 1.0, 1.0, 0.0, 1.0, 1.0, 0.0, 0.0, 0.0, 1.0, 1.0, 1.0, 0.0, 1.0, 1.0, 1.0, 1.0, 1.0, 1.0, 1.0, 1.0, 0.0, 0.0, 0.0, 0.0, 1.0, 1.0, 1.0, 0.0, 0.0, 0.0, 1.0, 0.0, 0.0, 0.0, 1.0, 0.0, 0.0, 0.0, 0.0, 0.0, 1.0, 1.0, 1.0, 0.0, 0.0, 0.0, 1.0, 0.0, 0.0, 0.0, 0.0, 1.0, 0.0, 0.0, 0.0, 0.0, 0.0, 0.0, 0.0, 1.0, 0.0, 0.0, 0.0, 0.0, 1.0, 1.0, 1.0, 1.0, 0.0, 0.0, 0.0, 0.0, 1.0, 1.0, 1.0, 0.0, 0.0, 0.0, 1.0, 0.0, 1.0, 1.0, 1.0, 1.0, 0.0, 0.0, 0.0, 0.0, 1.0, 1.0, 1.0, 1.0, 0.0, 0.0, 0.0, 0.0, 1.0, 1.0, 1.0, 1.0, 1.0, 1.0, 1.0, 0.0, 0.0, 0.0, 0.0, 0.0, 1.0, 0.0, 0.0, 0.0, 1.0, 1.0, 1.0, 1.0, 1.0, 1.0, 1.0, 1.0, 1.0, 1.0, 1.0, 1.0, 1.0, 1.0, 1.0, 0.0, 0.0, 0.0, 0.0, 0.0, 0.0, 0.0, 0.0, 0.0, 0.0, 1.0, 0.0, 1.0, 0.0, 1.0, 0.0, 1.0, 0.0, 0.0, 0.0, 1.0, 0.0, 0.0, 0.0, 0.0, 1.0, 1.0, 1.0, 0.0, 0.0, 0.0, 1.0, 0.0, 1.0, 1.0, 1.0, 1.0, 1.0, 0.0, 1.0, 0.0, 0.0, 1.0, 1.0, 1.0, 0.0, 0.0, 0.0, 0.0, 1.0, 1.0, 1.0, 0.0, 1.0, 1.0, 1.0, 1.0, 0.0, 1.0, 1.0, 1.0, 0.0, 0.0, 0.0, 0.0, 1.0, 1.0, 1.0, 1.0, 1.0, 1.0, 1.0, 0.0, 1.0, 1.0, 1.0, 1.0, 0.0, 0.0, 0.0, 0.0, 1.0, 1.0, 1.0, 1.0, 0.0, 0.0, 0.0, 0.0, 0.0, 1.0, 0.0, 0.0, 0.0, 0.0, 0.0, 0.0, 0.0, 0.0, 0.0, 0.0, 0.0, 0.0, 0.0, 0.0, 1.0, 0.0, 1.0, 1.0, 1.0, 0.0, 0.0, 1.0, 1.0, 1.0, 1.0, 1.0, 1.0, 0.0, 1.0, 0.0, 1.0, 1.0, 1.0, 1.0, 1.0, 0.0, 1.0, 1.0, 0.0, 0.0, 0.0, 0.0, 0.0, 1.0, 1.0, 0.0, 1.0, 0.0, 0.0, 1.0, 0.0, 0.0, 0.0, 0.0, 1.0, 1.0, 1.0, 0.0, 0.0, 0.0, 1.0, 0.0, 1.0, 1.0, 1.0, 0.0, 0.0, 0.0, 0.0, 0.0, 1.0, 1.0, 1.0, 1.0, 1.0, 1.0, 1.0, 0.0, 0.0, 0.0, 0.0, 0.0, 0.0, 0.0, 0.0, 0.0, 1.0, 0.0, 1.0, 0.0, 0.0, 0.0, 0.0, 0.0, 1.0, 1.0, 1.0, 1.0, 1.0, 1.0, 1.0, 0.0, 1.0, 1.0, 1.0, 1.0, 1.0, 1.0, 0.0, 1.0, 1.0, 1.0, 1.0, 1.0, 0.0, 0.0, 0.0, 0.0, 1.0, 1.0, 1.0, 1.0, 1.0, 1.0, 1.0, 0.0, 0.0, 1.0, 1.0, 1.0, 0.0, 0.0, 0.0, 0.0, 1.0, 1.0, 1.0, 1.0, 0.0, 0.0, 0.0, 0.0, 1.0, 0.0, 1.0, 0.0, 0.0, 0.0, 0.0, 0.0, 1.0, 1.0, 1.0, 1.0, 1.0, 0.0, 1.0, 0.0, 1.0, 1.0, 1.0, 0.0, 1.0, 1.0, 0.0, 1.0, 1.0, 1.0, 1.0, 1.0, 0.0, 0.0, 0.0, 0.0, 0.0, 0.0, 0.0, 0.0, 0.0, 1.0, 0.0, 0.0, 1.0, 1.0, 1.0, 1.0, 0.0, 0.0, 0.0, 0.0, 0.0, 0.0, 0.0, 0.0, 0.0, 0.0, 0.0, 0.0, 1.0, 0.0, 1.0, 0.0, 0.0, 0.0, 0.0, 0.0, 1.0, 1.0, 0.0, 0.0, 1.0, 1.0, 1.0, 1.0, 1.0, 1.0, 1.0, 1.0, 1.0, 1.0, 1.0, 1.0, 1.0, 1.0, 1.0, 1.0, 1.0, 0.0, 1.0, 1.0, 0.0, 1.0, 0.0, 1.0, 0.0, 1.0, 0.0, 0.0, 1.0, 1.0, 1.0, 1.0, 0.0, 0.0, 1.0, 0.0, 1.0, 1.0, 1.0, 1.0, 0.0, 0.0, 0.0, 0.0, 0.0, 0.0, 0.0, 1.0, 0.0, 0.0, 0.0, 0.0, 1.0, 1.0, 1.0, 1.0, 0.0, 0.0, 0.0, 0.0, 0.0, 1.0, 1.0, 1.0, 0.0, 1.0, 1.0, 0.0, 1.0, 1.0, 1.0, 1.0, 0.0, 0.0, 0.0, 0.0, 1.0, 0.0, 1.0, 1.0, 1.0, 0.0, 0.0, 1.0, 1.0, 1.0, 1.0, 1.0, 1.0, 1.0, 1.0, 0.0, 0.0, 0.0, 1.0, 0.0, 0.0, 1.0, 0.0, 0.0, 1.0, 1.0, 1.0, 1.0, 0.0, 0.0, 0.0, 0.0, 1.0, 1.0, 1.0, 0.0, 0.0, 0.0, 1.0, 0.0, 1.0, 1.0, 1.0, 1.0, 0.0, 0.0, 0.0, 0.0, 0.0, 0.0, 0.0, 0.0, 0.0, 0.0, 0.0, 0.0, 0.0, 1.0, 0.0, 1.0, 0.0, 1.0, 1.0, 0.0, 1.0, 1.0, 1.0, 1.0, 1.0, 0.0, 0.0, 1.0]",-311.9759791000219,630.4973078603782,-482.430437669722,964.860875339444,67.14643343005883,-5.545399238629768,-5.545177444479562,13.170240018939372,11.090354888959125,97.35621642331539,-16.635848846743556,-16.635532333438686,36.44975152383506,33.27106466687737,1.0908740239314543,"[0.0, 0.0, 1.0, 0.0, 0.0, 0.0, 0.0, 0.0, 1.0, 1.0, 1.0, 1.0, 0.877, 0.877, 0.877, 0.0, 1.0, 0.259, 1.0, 1.0, 0.8015, 0.0, 0.259, 1.0, 1.0, 1.0, 1.0, 1.0, 1.0, 1.0, 1.0, 0.0, 0.0, 0.0, 1.0, 0.0, 0.0, 0.0, 1.0, 0.0, 0.0, 0.0, 1.0, 0.0, 0.0, 0.0, 1.0, 0.0, 0.0, 0.0, 0.0, 0.0775, 0.0, 0.0, 0.1635, 0.47100000000000003, 1.0, 1.0, 1.0, 1.0, 0.0, 0.0, 0.0, 0.0, 0.0, 0.0, 0.0, 0.0, 0.0, 0.0, 0.0, 0.0, 1.0, 1.0, 1.0, 1.0, 1.0, 1.0, 1.0, 0.0, 1.0, 1.0, 1.0, 1.0, 0.0, 0.0, 0.0, 0.0, 0.0, 0.0, 0.0, 0.0, 0.0, 0.113, 0.113, 0.0, 0.0, 0.0, 0.0, 1.0, 0.0, 0.0, 0.0, 0.0, 1.0, 1.0, 1.0, 1.0, 0.0, 0.0, 0.0, 0.0, 0.9995, 1.0, 1.0, 0.663, 1.0, 1.0, 1.0, 0.353, 1.0, 1.0, 1.0, 1.0, 0.082, 0.082, 0.0, 0.0, 0.973, 1.0, 0.7655000000000001, 0.605, 0.973, 1.0, 1.0, 0.368, 0.0, 0.0, 1.0, 0.0, 1.0, 0.0, 1.0, 0.0, 1.0, 1.0, 1.0, 1.0, 0.0, 0.0, 1.0, 0.0, 1.0, 1.0, 1.0, 1.0, 0.0, 0.9465, 0.0, 0.0, 0.666, 1.0, 0.666, 0.666, 0.0, 0.0, 0.7975, 0.0, 0.0, 0.9430000000000001, 0.0, 1.0, 1.0, 0.0, 0.0, 0.0, 0.0, 1.0, 0.0, 0.0, 0.0, 0.0, 0.0, 0.0, 1.0, 1.0, 1.0, 1.0, 0.0, 0.0, 0.0, 0.0, 1.0, 1.0, 1.0, 1.0, 1.0, 1.0, 1.0, 0.0005, 1.0, 1.0, 1.0, 1.0, 1.0, 1.0, 0.0, 1.0, 1.0, 1.0, 1.0, 1.0, 0.0, 0.0, 0.0, 0.0, 1.0, 1.0, 1.0, 1.0, 1.0, 1.0, 1.0, 0.0, 1.0, 0.0, 1.0, 0.0, 0.0, 0.0, 0.0, 0.0, 0.0, 1.0, 0.0, 1.0, 0.0, 1.0, 0.0, 1.0, 1.0, 1.0, 1.0, 1.0, 1.0, 1.0, 1.0, 0.0, 1.0, 0.0, 1.0, 1.0, 1.0, 0.0, 0.0, 1.0, 1.0, 1.0, 1.0, 1.0, 1.0, 1.0, 1.0, 1.0, 0.0, 0.9580000000000001, 0.0, 0.0, 0.0, 0.0, 0.0045000000000000005, 0.0, 0.0, 0.0, 0.0, 0.0, 0.0, 0.0, 0.0, 1.0, 0.0, 0.0, 0.0005, 0.0, 0.0, 0.0, 0.0, 0.0, 0.0, 1.0, 0.0, 0.0, 0.0, 0.0, 0.0, 0.0, 1.0, 1.0, 1.0, 0.001, 0.001, 0.001, 1.0, 0.0, 0.0, 0.0, 0.6225, 0.0, 0.0, 0.0, 0.0, 0.0, 1.0, 1.0, 1.0, 1.0, 0.0, 0.0, 0.0, 0.0, 0.0, 0.0, 0.0, 0.0, 0.0, 0.0, 0.0, 0.0, 1.0, 1.0, 1.0, 1.0, 1.0, 1.0, 1.0, 0.0, 0.0, 0.0, 0.0, 1.0, 0.0, 0.0, 1.0, 0.0, 1.0, 1.0, 1.0, 1.0, 0.0, 0.0, 0.0, 0.0, 0.0, 1.0, 0.0, 0.0, 1.0, 0.0, 0.0, 1.0, 1.0, 1.0, 1.0, 1.0, 0.0, 0.0, 0.0, 0.0, 1.0, 1.0, 1.0, 1.0, 1.0, 0.0, 1.0, 1.0, 0.0, 0.0005, 0.0, 0.0, 0.0, 0.38, 0.0, 0.0, 1.0, 1.0, 1.0, 1.0, 0.0, 0.0, 0.0, 0.0, 1.0, 1.0, 1.0, 0.999, 1.0, 1.0, 1.0, 0.0195, 1.0, 1.0, 1.0, 1.0, 0.0, 0.0, 0.0, 0.0, 0.0, 0.6285000000000001, 0.0, 0.328, 0.0, 0.0, 0.6285000000000001, 0.0, 0.0, 0.0, 0.0, 0.0, 0.0, 0.0, 0.0, 1.0, 1.0, 1.0, 1.0, 1.0, 0.0, 0.0, 0.0, 0.0, 1.0, 1.0, 1.0, 1.0, 1.0, 1.0, 1.0, 0.0, 1.0, 1.0, 1.0, 1.0, 1.0, 1.0, 0.0375, 1.0, 1.0, 1.0, 1.0, 1.0, 0.0, 0.0, 0.0, 0.0, 1.0, 1.0, 1.0, 1.0, 1.0, 1.0, 1.0, 0.0, 1.0, 1.0, 1.0, 1.0, 1.0, 1.0, 0.0, 1.0, 1.0, 1.0, 1.0, 1.0, 0.0, 0.0, 0.0, 0.0, 1.0, 1.0, 1.0, 1.0, 1.0, 1.0, 1.0, 1.0, 0.0, 0.0, 0.4395, 0.0, 0.0, 0.0, 0.001, 1.0, 0.0, 0.0, 0.0, 0.0, 0.0, 0.0, 0.0, 0.0, 1.0, 1.0, 1.0, 0.0, 1.0, 0.0, 0.0, 1.0, 0.0, 0.0, 1.0, 1.0, 1.0, 0.0, 0.0, 0.0, 0.0, 0.0, 0.0, 0.0, 0.0, 0.0, 0.0, 0.0, 1.0, 1.0, 1.0, 1.0, 0.0, 0.0, 0.0, 0.0, 0.0, 0.0, 0.0, 0.0, 0.0, 1.0, 0.0, 0.0, 1.0, 1.0, 1.0, 1.0, 0.0, 0.4945, 0.0, 0.0, 1.0, 1.0, 1.0, 1.0, 0.0, 0.0, 1.0, 1.0, 1.0, 1.0, 1.0, 1.0, 0.0, 0.0, 0.0, 0.0, 1.0, 1.0, 1.0, 1.0, 1.0, 0.704, 0.296, 0.0, 1.0, 1.0, 1.0, 1.0, 0.0, 0.0, 1.0, 1.0, 1.0, 1.0, 1.0, 1.0, 0.0, 0.0, 0.0, 0.0, 0.006, 1.0, 0.006, 0.708, 0.298, 1.0, 0.298, 1.0, 1.0, 1.0, 1.0, 1.0, 0.0, 0.0, 0.0, 0.0, 1.0, 0.0, 1.0, 1.0, 1.0, 0.0, 0.0, 1.0, 0.0, 1.0, 1.0, 1.0, 0.0, 0.0, 0.0, 0.0, 1.0, 0.224, 1.0, 1.0, 0.776, 0.0, 0.224, 1.0, 1.0, 1.0, 1.0, 1.0, 0.0, 0.0, 0.0, 0.0, 1.0, 1.0, 0.0, 1.0, 1.0, 1.0, 0.0, 1.0, 1.0, 1.0, 1.0, 1.0, 0.0, 0.0, 0.0, 0.0, 1.0, 1.0, 1.0, 1.0, 1.0, 1.0, 1.0, 0.0, 1.0, 1.0, 1.0, 1.0, 0.0, 0.0, 0.0, 0.0, 0.0, 0.0, 0.0, 0.0, 0.0, 0.0, 0.0, 0.0, 1.0, 0.4865, 1.0, 1.0, 1.0, 0.0075, 0.4865, 1.0, 0.0225, 0.0, 0.0, 0.9775, 0.0, 0.0, 0.0, 0.0]",-419.18595103414617,844.9172517286268,-482.430437669722,964.860875339444,0.01,0.0,-5.545177444479562,2.0794415416798357,11.090354888959125,0.41703231407568264,-6.8840635933480385,-16.635532333438686,16.946181017044022,33.27106466687737,0.5787520451143159,"[1.0, 1.0, 1.0, 1.0, 1.0, 0.0, 1.0, 0.0, 1.0, 1.0, 1.0, 1.0, 1.0, 1.0, 1.0, 0.0, 0.0, 0.0, 0.0, 0.0, 0.0, 0.0, 0.0, 0.0, 1.0, 1.0, 1.0, 1.0, 0.0, 0.0, 1.0, 0.0, 0.0, 0.0, 0.0, 0.0, 0.0, 1.0, 0.0, 0.0, 0.0, 0.0, 0.0, 0.0, 0.0, 0.0, 0.0, 0.0, 1.0, 1.0, 1.0, 1.0, 0.0, 0.0, 0.0, 0.0, 1.0, 1.0, 1.0, 1.0, 0.0, 0.0, 0.0, 0.0, 0.0, 0.0, 0.0, 0.0, 0.0, 1.0, 1.0, 0.0, 1.0, 1.0, 1.0, 1.0, 0.0, 0.0, 0.0, 0.0, 1.0, 1.0, 1.0, 1.0, 0.0, 0.0, 0.0, 0.0, 0.0, 0.0, 0.0, 0.0, 0.0, 0.0, 0.0, 0.0, 1.0, 1.0, 1.0, 1.0, 1.0, 1.0, 1.0, 0.0, 1.0, 1.0, 1.0, 1.0, 1.0, 0.0, 1.0, 0.0, 0.0, 1.0, 0.0, 0.0, 1.0, 1.0, 1.0, 0.0, 1.0, 1.0, 0.0, 1.0, 1.0, 0.0, 0.0, 0.0, 1.0, 1.0, 1.0, 0.0, 1.0, 1.0, 1.0, 1.0, 1.0, 1.0, 1.0, 1.0, 0.0, 0.0, 0.0, 0.0, 1.0, 1.0, 1.0, 0.0, 0.0, 0.0, 1.0, 0.0, 0.0, 0.0, 1.0, 0.0, 0.0, 0.0, 0.0, 0.0, 1.0, 1.0, 1.0, 0.0, 0.0, 0.0, 1.0, 0.0, 0.0, 0.0, 0.0, 1.0, 0.0, 0.0, 0.0, 0.0, 0.0, 0.0, 0.0, 1.0, 0.0, 0.0, 0.0, 0.0, 1.0, 1.0, 1.0, 1.0, 0.0, 0.0, 0.0, 0.0, 1.0, 1.0, 1.0, 0.0, 0.0, 0.0, 1.0, 0.0, 1.0, 1.0, 1.0, 1.0, 0.0, 0.0, 0.0, 0.0, 1.0, 1.0, 1.0, 1.0, 0.0, 0.0, 0.0, 0.0, 1.0, 1.0, 1.0, 1.0, 1.0, 1.0, 1.0, 0.0, 0.0, 0.0, 0.0, 0.0, 1.0, 0.0, 0.0, 0.0, 1.0, 1.0, 1.0, 1.0, 1.0, 1.0, 1.0, 1.0, 1.0, 1.0, 1.0, 1.0, 1.0, 1.0, 1.0, 0.0, 0.0, 0.0, 0.0, 0.0, 0.0, 0.0, 0.0, 0.0, 0.0, 1.0, 0.0, 1.0, 0.0, 1.0, 0.0, 1.0, 0.0, 0.0, 0.0, 1.0, 0.0, 0.0, 0.0, 0.0, 1.0, 1.0, 1.0, 0.0, 0.0, 0.0, 1.0, 0.0, 0.0, 0.0, 1.0, 0.0, 0.0, 0.0, 0.0, 0.0, 0.0, 1.0, 1.0, 1.0, 0.0, 0.0, 0.0, 0.0, 1.0, 1.0, 1.0, 0.0, 1.0, 1.0, 1.0, 1.0, 0.0, 0.0, 1.0, 0.0, 0.0, 0.0, 0.0, 0.0, 1.0, 1.0, 1.0, 1.0, 1.0, 1.0, 1.0, 0.0, 1.0, 1.0, 1.0, 1.0, 0.0, 0.0, 0.0, 0.0, 1.0, 1.0, 1.0, 1.0, 0.0, 0.0, 0.0, 0.0, 0.0, 1.0, 0.0, 0.0, 0.0, 0.0, 0.0, 0.0, 0.0, 0.0, 0.0, 0.0, 0.0, 0.0, 0.0, 0.0, 0.0, 0.0, 0.0, 0.0, 0.0, 0.0, 0.0, 0.0, 1.0, 1.0, 0.0, 1.0, 1.0, 0.0, 1.0, 0.0, 1.0, 1.0, 1.0, 1.0, 1.0, 0.0, 1.0, 1.0, 0.0, 0.0, 0.0, 0.0, 0.0, 1.0, 1.0, 0.0, 1.0, 0.0, 0.0, 1.0, 0.0, 0.0, 0.0, 0.0, 1.0, 1.0, 1.0, 0.0, 0.0, 0.0, 1.0, 0.0, 1.0, 1.0, 1.0, 0.0, 0.0, 0.0, 0.0, 0.0, 1.0, 1.0, 1.0, 1.0, 1.0, 1.0, 1.0, 0.0, 0.0, 0.0, 0.0, 0.0, 0.0, 0.0, 0.0, 0.0, 1.0, 0.0, 1.0, 0.0, 0.0, 0.0, 0.0, 0.0, 1.0, 1.0, 1.0, 1.0, 1.0, 1.0, 1.0, 0.0, 1.0, 1.0, 1.0, 1.0, 1.0, 1.0, 0.0, 1.0, 1.0, 1.0, 1.0, 1.0, 0.0, 0.0, 0.0, 0.0, 1.0, 1.0, 1.0, 1.0, 1.0, 1.0, 1.0, 0.0, 0.0, 1.0, 1.0, 1.0, 0.0, 0.0, 0.0, 0.0, 1.0, 1.0, 1.0, 1.0, 0.0, 0.0, 0.0, 0.0, 1.0, 0.0, 1.0, 0.0, 0.0, 0.0, 0.0, 0.0, 1.0, 1.0, 1.0, 1.0, 1.0, 0.0, 1.0, 0.0, 1.0, 1.0, 1.0, 0.0, 1.0, 1.0, 0.0, 1.0, 1.0, 1.0, 1.0, 1.0, 0.0, 0.0, 0.0, 0.0, 0.0, 0.0, 0.0, 0.0, 0.0, 0.0, 0.0, 0.0, 1.0, 1.0, 1.0, 1.0, 0.0, 0.0, 0.0, 0.0, 0.0, 0.0, 0.0, 0.0, 0.0, 0.0, 0.0, 0.0, 0.0, 0.0, 0.0, 0.0, 0.0, 0.0, 0.0, 0.0, 1.0, 1.0, 0.0, 0.0, 1.0, 1.0, 1.0, 1.0, 1.0, 1.0, 1.0, 1.0, 1.0, 1.0, 1.0, 1.0, 1.0, 1.0, 1.0, 1.0, 1.0, 0.0, 1.0, 1.0, 0.0, 1.0, 0.0, 1.0, 0.0, 1.0, 0.0, 0.0, 1.0, 1.0, 1.0, 1.0, 0.0, 0.0, 1.0, 0.0, 1.0, 1.0, 1.0, 1.0, 0.0, 0.0, 0.0, 0.0, 0.0, 0.0, 0.0, 1.0, 0.0, 0.0, 0.0, 0.0, 1.0, 1.0, 1.0, 1.0, 0.0, 0.0, 0.0, 0.0, 0.0, 1.0, 1.0, 1.0, 0.0, 1.0, 1.0, 0.0, 1.0, 1.0, 1.0, 1.0, 0.0, 0.0, 0.0, 0.0, 1.0, 0.0, 1.0, 1.0, 1.0, 0.0, 0.0, 1.0, 1.0, 1.0, 1.0, 1.0, 1.0, 1.0, 1.0, 0.0, 0.0, 1.0, 1.0, 1.0, 1.0, 1.0, 0.0, 0.0, 1.0, 1.0, 1.0, 1.0, 0.0, 0.0, 0.0, 0.0, 1.0, 1.0, 1.0, 0.0, 0.0, 0.0, 1.0, 0.0, 1.0, 1.0, 1.0, 1.0, 0.0, 0.0, 0.0, 0.0, 0.0, 0.0, 0.0, 0.0, 0.0, 0.0, 0.0, 0.0, 0.0, 0.0, 1.0, 1.0, 0.0, 0.0, 0.0, 0.0, 1.0, 1.0, 1.0, 1.0, 1.0, 0.0, 0.0, 1.0]",-295.2442605392121,597.0338707387587,-482.430437669722,964.860875339444,98.5659908492023,-16.63584112484684,36.44973608004163,1.2846122460949685,-433.45128860920846,873.4479268787513,True,True,True,False,True,0.5833333333333334,0.5,0.7916666666666666,1.0,0.7916666666666666,1.0,0.5833333333333334,0.5,0.8333333333333334,1.0,0.5,0.375,"Z.exists(lambda x1: Z.less(x1,2,'size'),X)","Z.atleast(lambda x1: Z.and_operator(Z.equal(x1,'blue','colour'),Z.equal(x1,1,'size')),1,X)","Z.forall(lambda x1: Z.lequal(x1,1,'size'),X)","Z.atleast(lambda x1: Z.and_operator(Z.equal(x1,'blue','colour'),Z.equal(x1,1,'size')),1,X)",0.5,1.0,1.0,0.5,1.0,0.7083333333333334,0.6982758620689655,0.6867816091954023,0.6954022988505747,0.6925287356321839,5.241379310344827,0,0,0,0,0,0
66,81,156,dExckpP5o5,qeg7II_OavRp_YREAAAC,Zeta,there is a red,"[False, True, True, False, True, False, False, True]","[True, False, False, True, True, False, False, True]",0.5,0.5,they must be same size,"[['x1'],['x1','x2']]","Z.forall(lambda x1: Z.forall(lambda x2: Z.equal(x1,x2,'size'),X),X)",they must be same size,"[{'ids': [0, 1, 2], 'colours': ['red', 'green', 'red'], 'sizes': [2, 2, 1], 'xpos': [1.208271451469777, 1.2082671466316666, 3.6555626362244524], 'ypos': [4.11167303805455, 3.810946498819745, 3.8307506090986787], 'rotations': [3.141591605044401, 3.1415844089953997, 1.2121899680575852], 'orientations': ['upright', 'upright', 'lhs'], 'contact': [[0, 1], [1, 0], [2]], 'grounded': ['yes', 'no', 'yes'], 'follow_rule': True}, {'ids': [0, 1, 2, 3], 'colours': ['green', 'red', 'blue', 'green'], 'sizes': [2, 2, 2, 2], 'xpos': [6.364917577694839, 6.971106821319502, 4.803493972465259, 4.691687137865287], 'ypos': [3.734123324120264, 3.242802176878161, 3.7293585099413846, 4.0488676836830795], 'rotations': [5.049063799771416, 5.7082398281716005, 5.049933078338689, 2.990501493500242], 'orientations': ['rhs', 'strange', 'rhs', 'upright'], 'contact': [[0, 1], [1, 0], [2, 3], [3, 2]], 'grounded': ['yes', 'yes', 'yes', 'yes'], 'follow_rule': True}, {'ids': [0, 1, 2, 3], 'colours': ['green', 'blue', 'red', 'green'], 'sizes': [1, 1, 1, 1], 'xpos': [2.0954458523798207, 4.536040727978485, 6.159082874884255, 2.886570338202787], 'ypos': [4.107937830493162, 4.1078031813741855, 4.107733199313767, 4.107776082913434], 'rotations': [3.1454507326124497, 3.1458829359667724, 3.1448615097518937, 3.146209574704085], 'orientations': ['upright', 'upright', 'upright', 'upright'], 'contact': [[0], [1], [2], [3]], 'grounded': ['yes', 'yes', 'yes', 'yes'], 'follow_rule': True}, {'ids': [0, 1, 2, 3], 'colours': ['green', 'blue', 'red', 'blue'], 'sizes': [3, 3, 3, 3], 'xpos': [4.953054794290267, 0.9450779582041974, 2.721893853792486, 0.9452000329131526], 'ypos': [4.107718285030271, 4.111488313621988, 3.633261883253595, 3.7998394366308426], 'rotations': [3.1431072317340725, 3.142037194747712, 1.243276016619666, 3.142065572184848], 'orientations': ['upright', 'upright', 'lhs', 'upright'], 'contact': [[0], [1, 3], [2], [3, 1]], 'grounded': ['yes', 'yes', 'yes', 'no'], 'follow_rule': True}, {'ids': [0, 1, 2, 3], 'colours': ['green', 'blue', 'red', 'blue'], 'sizes': [2, 2, 2, 2], 'xpos': [6.968412451307668, 5.196390427443821, 0.7578919448274307, 0.7594100987035898], 'ypos': [3.731385289836846, 4.107432688434706, 4.111057100126418, 3.8069791069928858], 'rotations': [5.047570796260734, 3.1439655693554776, 3.143116621948175, 3.143228484732323], 'orientations': ['rhs', 'upright', 'upright', 'upright'], 'contact': [[0], [1], [2, 3], [3, 2]], 'grounded': ['yes', 'yes', 'yes', 'no'], 'follow_rule': True}, {'ids': [0, 1, 2, 3], 'colours': ['green', 'green', 'green', 'green'], 'sizes': [2, 2, 3, 3], 'xpos': [1.2767875367439618, 4.192370135017721, 1.8867580044327146, 3.8010424736701727], 'ypos': [4.1096134578702515, 3.7341462092709494, 3.6377399346064596, 3.934522431481882], 'rotations': [3.1412321320721364, 1.2345714450049847, 5.036753454200489, 3.2991761260766284], 'orientations': ['upright', 'lhs', 'rhs', 'upright'], 'contact': [[0], [1, 3], [2], [3, 1]], 'grounded': ['yes', 'yes', 'yes', 'no'], 'follow_rule': False}, {'ids': [0, 1, 2, 3], 'colours': ['red', 'red', 'green', 'blue'], 'sizes': [1, 1, 2, 2], 'xpos': [4.782954147422445, 0.3130291591004146, 2.621720431219718, 4.236933689468789], 'ypos': [3.8296590292732753, 4.107869080784899, 3.7339102291970754, 3.777578461812233], 'rotations': [5.072794344422481, 3.1443087338840674, 1.2357378835235648, 4.116876296797751], 'orientations': ['rhs', 'upright', 'lhs', 'strange'], 'contact': [[0, 3], [1], [2], [3, 0]], 'grounded': ['yes', 'yes', 'yes', 'yes'], 'follow_rule': True}, {'ids': [0, 1, 2, 3], 'colours': ['green', 'blue', 'green', 'blue'], 'sizes': [2, 2, 3, 3], 'xpos': [0.5184912611641006, 2.9051635453382705, 3.9077976118343143, 6.564642537445222], 'ypos': [4.107877658566066, 4.107364954311608, 4.108035868347897, 4.108149089346751], 'rotations': [3.144816197852311, 3.1398940801509574, 3.1400708739527268, 3.143309343494682], 'orientations': ['upright', 'upright', 'upright', 'upright'], 'contact': [[0], [1], [2], [3]], 'grounded': ['yes', 'yes', 'yes', 'yes'], 'follow_rule': False}, {'ids': [0, 1, 2, 3], 'colours': ['red', 'green', 'green', 'red'], 'sizes': [1, 3, 1, 2], 'xpos': [4.99719497412721, 5.33966521510595, 6.7812617602386, 0.647214122653947], 'ypos': [3.87616110226316, 3.89757703212827, 4.15810225565523, 4.15717162300964], 'rotations': [1.21015432030723, 3.69203273094864, 3.14416974526282, 3.14125264303298], 'contact': [[0, 1], [1, 0], 2, 3], 'grounded': ['yes', 'yes', 'yes', 'yes']}, {'ids': [0, 1, 2, 3, 4], 'colours': ['red', 'red', 'blue', 'blue', 'green'], 'sizes': [2, 1, 2, 2, 1], 'xpos': [0.756045112876682, 5.7930538088619, 4.02912968049722, 0.607249611808554, 2.34445062198903], 'ypos': [3.78128677692435, 3.87663053995449, 3.77926220180112, 4.09987976609843, 4.15797989686201], 'rotations': [5.04734512360657, 1.21097145412816, 1.2338944765227, 2.99747085022243, 3.14330311350596], 'contact': [[0, 3], 1, 2, [3, 0], 4], 'grounded': ['yes', 'yes', 'yes', 'yes', 'yes']}, {'ids': [0, 1, 2, 3, 4, 5], 'colours': ['green', 'green', 'green', 'green', 'red', 'red'], 'sizes': [1, 1, 2, 2, 1, 1], 'xpos': [0.392205266119112, 6.46736091582645, 5.87132830651543, 2.56842478452184, 1.05497225772388, 3.35722507237469], 'ypos': [4.15754519774028, 3.87672651888649, 3.80774864689194, 4.15891117383473, 4.15835090526104, 4.15780493355124], 'rotations': [3.14560426344892, 5.07442800349693, 4.20513160762651, 3.14652142167178, 3.14300168792949, 3.1450254884391], 'contact': [0, [1, 2], [2, 1], 3, 4, 5], 'grounded': ['yes', 'yes', 'yes', 'yes', 'yes', 'yes']}, {'ids': [0, 1, 2], 'colours': ['blue', 'red', 'blue'], 'sizes': [1, 3, 1], 'xpos': [3.65329156447024, 3.06074315033349, 4.60711408951368], 'ypos': [3.87683998879975, 3.89790852126602, 4.15748043316142], 'rotations': [1.21104984409195, 2.59341814797494, 3.14017425270441], 'contact': [[0, 1], [1, 0], 2], 'grounded': ['yes', 'yes', 'yes']}, {'ids': [0, 1, 2, 3, 4, 5], 'colours': ['green', 'green', 'green', 'green', 'blue', 'blue'], 'sizes': [1, 3, 2, 1, 2, 1], 'xpos': [2.9046526114666, 3.68975290255409, 5.65833149766197, 2.8246611501998, 2.89449149866101, 1.87269773742003], 'ypos': [3.88094533031908, 3.68797064017839, 4.15757175612118, 3.68349548447456, 3.68583647526567, 3.8760767087662], 'rotations': [1.21243000430047, 5.03772434357929, 3.14324414103154, 5.06868148794976, 5.04716419664426, 1.2105262200236], 'contact': [[0, 4], [1, 4], 2, [3, 4], [4, 0, 1, 3], 5], 'grounded': ['yes', 'yes', 'yes', 'no', 'no', 'yes']}, {'ids': [0, 1], 'colours': ['green', 'green'], 'sizes': [1, 3], 'xpos': [0.670764619467334, 5.261348820008], 'ypos': [3.86447444538309, 4.15793495472947], 'rotations': [1.77488765373097, 3.13951555729719], 'contact': [{'V1': 0, 'V2': 1}], 'grounded': ['yes', 'yes']}, {'ids': [0, 1, 2], 'colours': ['blue', 'green', 'green'], 'sizes': [1, 1, 3], 'xpos': [4.69009713254434, 2.93439461350621, 4.78205690186546], 'ypos': [4.15772510399043, 4.15704164375121, 4.15823822985147], 'rotations': [3.14100478933091, 3.14035932239342, 3.14115234487408], 'contact': [[0, 2], 1, [2, 0]], 'grounded': ['yes', 'yes', 'yes']}, {'ids': [0, 1, 2, 3, 4, 5], 'colours': ['green', 'blue', 'blue', 'green', 'green', 'green'], 'sizes': [3, 2, 1, 1, 3, 2], 'xpos': [4.08915128061252, 2.29489936724743, 2.81704915678861, 6.85663898790724, 1.00051084466887, 4.09237106060331], 'ypos': [4.1616688599196, 4.16166316032898, 3.87799901532656, 4.1578940642729, 4.15850762807611, 3.52787490122945], 'rotations': [3.14159237119885, 3.14158410154621, 5.07138880585438, 3.13808482008692, 3.14212541938172, 3.13686252238553], 'contact': [[0, 5], 1, 2, 3, 4, [5, 0]], 'grounded': ['yes', 'yes', 'yes', 'yes', 'yes', 'no']}]","[True, True, True, True, False, False, False, False]","[False, True, True, False, False, True, True, False]","[False, False, False, False, True, False, False, True]","[True, False, False, True, False, False, False, False]","[True, True, True, True, False, False, False, False]","[True, False, False, True, False, True, True, False]","[False, False, False, False, True, False, False, True]","[False, True, True, False, False, False, False, False]",-0.5,-0.5,0.0,0.0,0.5,0.5,0.5,0.5,0.0,0.0,0.0,0.0,0.5,0.5,66.91771697671601,-5.545400757336379,-5.545177444479562,13.170243056352595,11.090354888959125,3.7478119440303437,-16.446426172623212,-16.635532333438686,36.070906175594374,33.27106466687737,1.0502311195665048,"[1.0, 1.0, 1.0, 1.0, 1.0, 0.0, 1.0, 0.0, 1.0, 1.0, 1.0, 1.0, 1.0, 1.0, 1.0, 0.0135, 0.9530000000000001, 0.092, 0.5895, 0.5895, 1.0, 0.0, 0.0, 0.861, 1.0, 1.0, 1.0, 0.2925, 0.999, 0.999, 1.0, 0.7155, 0.0, 0.0, 1.0, 0.0, 0.0, 0.0, 1.0, 0.0, 0.0, 0.0, 1.0, 0.0, 0.0, 0.0, 1.0, 0.0, 1.0, 1.0, 1.0, 1.0, 0.0, 0.0, 0.0, 0.0, 1.0, 1.0, 1.0, 1.0, 0.935, 0.935, 0.935, 0.935, 1.0, 1.0, 1.0, 1.0, 0.0, 1.0, 0.0, 0.0, 0.0, 1.0, 1.0, 1.0, 1.0, 1.0, 1.0, 1.0, 1.0, 1.0, 1.0, 1.0, 0.0935, 0.0935, 0.0935, 0.0935, 1.0, 1.0, 1.0, 1.0, 1.0, 1.0, 1.0, 1.0, 1.0, 1.0, 1.0, 1.0, 1.0, 1.0, 1.0, 0.013000000000000001, 1.0, 1.0, 0.998, 1.0, 1.0, 0.002, 0.998, 0.002, 1.0, 1.0, 1.0, 1.0, 1.0, 1.0, 1.0, 0.0, 0.973, 1.0, 0.9530000000000001, 1.0, 0.8925000000000001, 0.9195, 0.17400000000000002, 0.201, 1.0, 1.0, 1.0, 1.0, 0.0, 0.0, 0.0, 0.0, 1.0, 1.0, 1.0, 0.24, 1.0, 1.0, 0.968, 1.0, 0.653, 0.653, 0.653, 1.0, 0.2535, 0.2535, 0.7035, 0.10300000000000001, 1.0, 1.0, 1.0, 1.0, 0.0, 1.0, 0.0, 0.0, 1.0, 1.0, 1.0, 0.012, 0.988, 0.988, 1.0, 1.0, 1.0, 0.0, 1.0, 1.0, 1.0, 0.0, 0.0, 1.0, 0.0, 0.0, 0.0, 1.0, 1.0, 0.0, 0.0, 0.0, 1.0, 1.0, 1.0, 1.0, 0.0, 0.0, 0.0, 0.0, 1.0, 1.0, 1.0, 1.0, 0.0, 0.0, 0.0, 0.0, 1.0, 1.0, 1.0, 1.0, 1.0, 1.0, 0.841, 1.0, 1.0, 1.0, 1.0, 1.0, 0.0, 0.0, 0.0, 0.0, 1.0, 1.0, 1.0, 1.0, 1.0, 1.0, 1.0, 0.0, 0.197, 0.0, 0.85, 0.653, 0.803, 0.0, 0.0, 0.0, 0.8525, 0.847, 0.9935, 0.847, 0.28300000000000003, 0.4305, 0.426, 0.426, 1.0, 1.0, 1.0, 1.0, 1.0, 1.0, 1.0, 0.0, 0.798, 1.0, 0.7995, 0.7995, 0.0275, 0.029, 0.2265, 0.1975, 1.0, 1.0, 1.0, 1.0, 0.0, 0.0, 0.0, 0.0, 0.862, 0.854, 0.8595, 0.8955000000000001, 0.045, 0.0005, 0.8695, 0.8505, 1.0, 1.0, 1.0, 0.022, 1.0, 1.0, 1.0, 0.978, 0.28400000000000003, 0.0145, 0.1885, 0.0275, 0.2755, 0.0, 0.0015, 0.013000000000000001, 0.0, 0.0, 0.0, 1.0, 1.0, 0.0, 0.0, 0.0, 1.0, 1.0, 1.0, 1.0, 0.0, 0.0, 0.0, 0.0, 1.0, 1.0, 1.0, 1.0, 1.0, 0.0, 1.0, 0.0, 1.0, 1.0, 1.0, 1.0, 1.0, 1.0, 1.0, 0.0, 1.0, 1.0, 1.0, 0.728, 0.8265, 0.5545, 0.5545, 0.8265, 1.0, 1.0, 1.0, 1.0, 1.0, 1.0, 1.0, 1.0, 1.0, 1.0, 1.0, 0.8715, 0.9365, 0.8695, 0.8695, 0.9365, 0.229, 0.229, 0.229, 0.229, 0.801, 0.03, 0.03, 0.801, 0.0, 0.0, 0.0, 1.0, 1.0, 0.0, 0.0, 0.0, 0.108, 0.114, 0.2315, 0.108, 0.114, 0.07050000000000001, 0.0495, 0.006, 1.0, 1.0, 1.0, 1.0, 0.0, 0.0, 0.0, 0.0, 0.8955000000000001, 0.895, 0.0115, 0.0, 0.883, 0.0, 0.0, 0.0, 1.0, 1.0, 1.0, 1.0, 0.0, 0.0, 0.0, 0.0, 0.902, 0.902, 0.902, 0.678, 0.88, 0.88, 0.902, 0.807, 1.0, 1.0, 1.0, 1.0, 0.0, 0.0, 0.0, 0.0, 1.0, 1.0, 1.0, 1.0, 1.0, 1.0, 1.0, 0.0, 1.0, 1.0, 1.0, 1.0, 0.0, 0.0, 0.0, 0.0, 1.0, 1.0, 1.0, 1.0, 0.008, 0.008, 0.008, 0.008, 1.0, 1.0, 1.0, 1.0, 1.0, 1.0, 1.0, 0.0, 1.0, 1.0, 1.0, 1.0, 1.0, 1.0, 0.6980000000000001, 1.0, 1.0, 1.0, 1.0, 1.0, 0.0, 0.0, 0.0, 0.0, 1.0, 1.0, 1.0, 1.0, 1.0, 1.0, 1.0, 0.0, 0.9530000000000001, 0.9530000000000001, 0.9530000000000001, 1.0, 1.0, 1.0, 0.641, 0.9530000000000001, 1.0, 1.0, 1.0, 1.0, 0.0, 0.0, 0.0, 0.0, 1.0, 1.0, 1.0, 1.0, 1.0, 1.0, 1.0, 1.0, 1.0, 1.0, 1.0, 1.0, 0.0, 0.0, 0.0, 0.0, 1.0, 1.0, 1.0, 1.0, 1.0, 1.0, 1.0, 1.0, 1.0, 1.0, 1.0, 1.0, 0.021500000000000002, 0.021500000000000002, 0.021500000000000002, 0.021500000000000002, 0.021500000000000002, 0.003, 0.02, 0.0095, 0.0095, 0.964, 0.9555, 0.0095, 1.0, 1.0, 1.0, 1.0, 1.0, 1.0, 1.0, 1.0, 1.0, 1.0, 1.0, 1.0, 0.0, 0.0, 0.0, 0.0, 1.0, 1.0, 1.0, 1.0, 0.0, 0.0, 1.0, 1.0, 1.0, 0.873, 0.198, 0.198, 1.0, 1.0, 0.6905, 1.0, 1.0, 1.0, 1.0, 1.0, 1.0, 1.0, 1.0, 0.0, 1.0, 0.999, 0.999, 1.0, 0.0025, 0.0025, 0.0025, 0.0025, 1.0, 1.0, 1.0, 1.0, 1.0, 0.686, 0.314, 0.0, 1.0, 1.0, 1.0, 1.0, 0.524, 0.524, 1.0, 0.47600000000000003, 1.0, 1.0, 1.0, 1.0, 0.008, 0.008, 0.008, 0.008, 0.9935, 0.9935, 0.9775, 0.9935, 0.9935, 0.0225, 0.988, 0.017, 1.0, 1.0, 1.0, 1.0, 0.0725, 0.0725, 0.0725, 0.0725, 0.041, 1.0, 1.0, 0.9590000000000001, 0.041, 0.9590000000000001, 1.0, 0.0, 0.7435, 0.9835, 0.7425, 0.986, 0.7435, 0.7435, 0.256, 0.987, 1.0, 0.005, 1.0, 1.0, 1.0, 0.005, 0.005, 1.0, 1.0, 1.0, 1.0, 1.0, 1.0, 1.0, 1.0, 0.0, 1.0, 1.0, 1.0, 1.0, 0.0, 0.0, 0.0, 0.0, 1.0, 1.0, 1.0, 1.0, 0.0, 0.0, 0.0, 0.0, 0.9705, 0.9705, 0.9145, 1.0, 0.8015, 0.8015, 0.9705, 0.7865, 1.0, 1.0, 1.0, 1.0, 0.0, 0.0, 0.0, 0.0, 1.0, 1.0, 1.0, 1.0, 0.0, 0.0, 0.0, 0.0, 1.0, 1.0, 1.0, 1.0, 0.0, 0.0, 0.0, 0.0, 1.0, 1.0, 1.0, 1.0, 1.0, 1.0, 1.0, 1.0]",-418.5875071169283,843.720363894191,-482.430437669722,964.860875339444,67.14643343005883,-5.545399238629768,13.170240018939372,442.9663466774293,-16.640062638138197,36.45817910662434,0.6334250289943713,"[1.0, 1.0, 1.0, 1.0, 1.0, 0.0, 1.0, 0.0, 1.0, 1.0, 1.0, 1.0, 1.0, 1.0, 1.0, 0.0, 0.0, 0.0, 0.0, 0.0, 0.0, 0.0, 0.0, 0.0, 1.0, 1.0, 1.0, 0.0, 0.0, 0.0, 1.0, 0.0, 0.0, 0.0, 1.0, 1.0, 0.0, 1.0, 1.0, 1.0, 1.0, 1.0, 1.0, 1.0, 0.0, 0.0, 1.0, 1.0, 1.0, 1.0, 1.0, 1.0, 0.0, 0.0, 0.0, 0.0, 1.0, 1.0, 1.0, 1.0, 0.0, 0.0, 0.0, 0.0, 0.0, 0.0, 0.0, 0.0, 0.0, 1.0, 1.0, 0.0, 1.0, 1.0, 1.0, 1.0, 0.0, 0.0, 0.0, 0.0, 1.0, 1.0, 1.0, 1.0, 0.0, 0.0, 0.0, 0.0, 1.0, 1.0, 1.0, 1.0, 1.0, 1.0, 0.0, 1.0, 1.0, 1.0, 1.0, 1.0, 1.0, 1.0, 1.0, 0.0, 1.0, 1.0, 1.0, 1.0, 1.0, 0.0, 1.0, 0.0, 0.0, 1.0, 0.0, 0.0, 1.0, 1.0, 1.0, 0.0, 1.0, 1.0, 0.0, 1.0, 1.0, 0.0, 0.0, 0.0, 1.0, 1.0, 1.0, 0.0, 1.0, 1.0, 1.0, 1.0, 1.0, 1.0, 1.0, 1.0, 0.0, 0.0, 0.0, 0.0, 1.0, 1.0, 1.0, 0.0, 0.0, 0.0, 1.0, 0.0, 0.0, 0.0, 1.0, 0.0, 0.0, 0.0, 0.0, 0.0, 1.0, 1.0, 1.0, 0.0, 0.0, 0.0, 1.0, 0.0, 0.0, 0.0, 0.0, 1.0, 0.0, 0.0, 0.0, 0.0, 0.0, 0.0, 0.0, 1.0, 0.0, 0.0, 0.0, 0.0, 1.0, 1.0, 1.0, 1.0, 0.0, 0.0, 0.0, 0.0, 1.0, 1.0, 1.0, 0.0, 0.0, 0.0, 1.0, 0.0, 1.0, 1.0, 1.0, 1.0, 0.0, 0.0, 0.0, 0.0, 1.0, 1.0, 1.0, 1.0, 0.0, 0.0, 0.0, 0.0, 1.0, 1.0, 1.0, 1.0, 1.0, 1.0, 1.0, 0.0, 0.0, 0.0, 0.0, 0.0, 1.0, 0.0, 0.0, 0.0, 1.0, 1.0, 1.0, 1.0, 1.0, 1.0, 1.0, 1.0, 1.0, 1.0, 1.0, 1.0, 1.0, 1.0, 1.0, 0.0, 0.0, 0.0, 0.0, 0.0, 0.0, 0.0, 0.0, 0.0, 0.0, 1.0, 0.0, 1.0, 0.0, 1.0, 0.0, 1.0, 0.0, 0.0, 0.0, 1.0, 0.0, 0.0, 0.0, 0.0, 1.0, 1.0, 1.0, 0.0, 0.0, 0.0, 1.0, 0.0, 1.0, 1.0, 1.0, 1.0, 1.0, 0.0, 1.0, 0.0, 0.0, 1.0, 1.0, 1.0, 0.0, 0.0, 0.0, 0.0, 1.0, 1.0, 1.0, 0.0, 1.0, 1.0, 1.0, 1.0, 0.0, 1.0, 1.0, 1.0, 0.0, 0.0, 0.0, 0.0, 1.0, 1.0, 1.0, 1.0, 1.0, 1.0, 1.0, 0.0, 1.0, 1.0, 1.0, 1.0, 0.0, 0.0, 0.0, 0.0, 1.0, 1.0, 1.0, 1.0, 0.0, 0.0, 0.0, 0.0, 0.0, 1.0, 0.0, 0.0, 0.0, 0.0, 0.0, 0.0, 1.0, 1.0, 1.0, 1.0, 1.0, 0.0, 1.0, 1.0, 0.0, 0.0, 0.0, 0.0, 0.0, 1.0, 1.0, 0.0, 1.0, 1.0, 1.0, 1.0, 1.0, 0.0, 1.0, 0.0, 1.0, 1.0, 1.0, 1.0, 1.0, 0.0, 1.0, 1.0, 0.0, 0.0, 0.0, 0.0, 0.0, 1.0, 1.0, 0.0, 1.0, 0.0, 0.0, 1.0, 0.0, 0.0, 0.0, 0.0, 1.0, 1.0, 1.0, 0.0, 0.0, 0.0, 1.0, 0.0, 1.0, 1.0, 1.0, 0.0, 0.0, 0.0, 0.0, 0.0, 1.0, 1.0, 1.0, 1.0, 1.0, 1.0, 1.0, 0.0, 0.0, 0.0, 0.0, 0.0, 0.0, 0.0, 0.0, 0.0, 1.0, 0.0, 1.0, 0.0, 0.0, 0.0, 0.0, 0.0, 1.0, 1.0, 1.0, 1.0, 1.0, 1.0, 1.0, 0.0, 1.0, 1.0, 1.0, 1.0, 1.0, 1.0, 0.0, 1.0, 1.0, 1.0, 1.0, 1.0, 0.0, 0.0, 0.0, 0.0, 1.0, 1.0, 1.0, 1.0, 1.0, 1.0, 1.0, 0.0, 0.0, 1.0, 1.0, 1.0, 0.0, 0.0, 0.0, 0.0, 1.0, 1.0, 1.0, 1.0, 0.0, 0.0, 0.0, 0.0, 1.0, 0.0, 1.0, 0.0, 0.0, 0.0, 0.0, 0.0, 1.0, 1.0, 1.0, 1.0, 1.0, 0.0, 1.0, 0.0, 1.0, 1.0, 1.0, 0.0, 1.0, 1.0, 0.0, 1.0, 1.0, 1.0, 1.0, 1.0, 0.0, 0.0, 0.0, 0.0, 0.0, 0.0, 0.0, 0.0, 0.0, 1.0, 0.0, 0.0, 1.0, 1.0, 1.0, 1.0, 0.0, 0.0, 0.0, 0.0, 0.0, 0.0, 0.0, 0.0, 0.0, 0.0, 0.0, 0.0, 1.0, 0.0, 1.0, 0.0, 0.0, 0.0, 0.0, 0.0, 1.0, 1.0, 0.0, 0.0, 1.0, 1.0, 1.0, 1.0, 1.0, 1.0, 1.0, 1.0, 1.0, 1.0, 1.0, 1.0, 1.0, 1.0, 1.0, 1.0, 1.0, 0.0, 1.0, 1.0, 0.0, 1.0, 0.0, 1.0, 0.0, 1.0, 0.0, 0.0, 1.0, 1.0, 1.0, 1.0, 0.0, 0.0, 1.0, 0.0, 1.0, 1.0, 1.0, 1.0, 0.0, 0.0, 0.0, 0.0, 0.0, 0.0, 0.0, 1.0, 0.0, 0.0, 0.0, 0.0, 1.0, 1.0, 1.0, 1.0, 0.0, 0.0, 0.0, 0.0, 0.0, 1.0, 1.0, 1.0, 0.0, 1.0, 1.0, 0.0, 1.0, 1.0, 1.0, 1.0, 0.0, 0.0, 0.0, 0.0, 1.0, 0.0, 1.0, 1.0, 1.0, 0.0, 0.0, 1.0, 1.0, 1.0, 1.0, 1.0, 1.0, 1.0, 1.0, 0.0, 0.0, 1.0, 1.0, 1.0, 1.0, 1.0, 0.0, 0.0, 1.0, 1.0, 1.0, 1.0, 0.0, 0.0, 0.0, 0.0, 1.0, 1.0, 1.0, 0.0, 0.0, 0.0, 1.0, 0.0, 1.0, 1.0, 1.0, 1.0, 0.0, 0.0, 0.0, 0.0, 0.0, 0.0, 0.0, 0.0, 0.0, 0.0, 0.0, 0.0, 0.0, 1.0, 0.0, 1.0, 0.0, 1.0, 1.0, 0.0, 1.0, 1.0, 1.0, 1.0, 1.0, 0.0, 0.0, 1.0]",-318.3726801373107,643.2907099349558,67.14643343005883,-5.545399238629768,-5.545177444479562,13.170240018939372,11.090354888959125,442.9663466774293,-16.640062638138197,-16.635532333438686,36.45817910662434,33.27106466687737,0.6173530694834558,"[1.0, 1.0, 1.0, 1.0, 1.0, 0.0, 1.0, 0.0, 1.0, 1.0, 1.0, 1.0, 1.0, 1.0, 1.0, 0.0, 0.0, 0.0, 0.0, 0.0, 0.0, 0.0, 0.0, 0.0, 1.0, 1.0, 1.0, 0.0, 0.0, 0.0, 1.0, 0.0, 0.0, 0.0, 1.0, 1.0, 0.0, 1.0, 1.0, 1.0, 0.0, 0.0, 0.0, 0.0, 0.0, 0.0, 0.0, 0.0, 1.0, 1.0, 1.0, 1.0, 0.0, 0.0, 0.0, 0.0, 1.0, 1.0, 1.0, 1.0, 0.0, 0.0, 0.0, 0.0, 0.0, 0.0, 0.0, 0.0, 0.0, 1.0, 1.0, 0.0, 0.0, 0.0, 0.0, 1.0, 0.0, 0.0, 0.0, 0.0, 1.0, 1.0, 1.0, 1.0, 0.0, 0.0, 0.0, 0.0, 0.0, 0.0, 0.0, 0.0, 1.0, 1.0, 0.0, 1.0, 1.0, 1.0, 1.0, 1.0, 1.0, 1.0, 1.0, 0.0, 1.0, 1.0, 1.0, 1.0, 1.0, 0.0, 1.0, 0.0, 0.0, 1.0, 0.0, 0.0, 1.0, 1.0, 1.0, 0.0, 1.0, 1.0, 0.0, 1.0, 1.0, 0.0, 0.0, 0.0, 1.0, 1.0, 1.0, 0.0, 1.0, 1.0, 1.0, 1.0, 1.0, 1.0, 1.0, 1.0, 0.0, 0.0, 0.0, 0.0, 1.0, 1.0, 1.0, 0.0, 0.0, 0.0, 1.0, 0.0, 0.0, 0.0, 1.0, 0.0, 0.0, 0.0, 0.0, 0.0, 1.0, 1.0, 1.0, 0.0, 0.0, 0.0, 1.0, 0.0, 0.0, 0.0, 0.0, 1.0, 0.0, 0.0, 0.0, 0.0, 0.0, 0.0, 0.0, 1.0, 0.0, 0.0, 0.0, 0.0, 1.0, 1.0, 1.0, 1.0, 0.0, 0.0, 0.0, 0.0, 1.0, 1.0, 1.0, 0.0, 0.0, 0.0, 1.0, 0.0, 1.0, 1.0, 1.0, 1.0, 0.0, 0.0, 0.0, 0.0, 1.0, 1.0, 1.0, 1.0, 0.0, 0.0, 0.0, 0.0, 1.0, 1.0, 1.0, 1.0, 1.0, 1.0, 1.0, 0.0, 0.0, 0.0, 0.0, 0.0, 1.0, 0.0, 0.0, 0.0, 1.0, 1.0, 1.0, 1.0, 1.0, 1.0, 1.0, 1.0, 1.0, 1.0, 1.0, 1.0, 1.0, 1.0, 1.0, 0.0, 0.0, 0.0, 0.0, 0.0, 0.0, 0.0, 0.0, 0.0, 0.0, 1.0, 0.0, 1.0, 0.0, 1.0, 0.0, 1.0, 0.0, 0.0, 0.0, 1.0, 0.0, 0.0, 0.0, 0.0, 1.0, 1.0, 1.0, 0.0, 0.0, 0.0, 1.0, 0.0, 1.0, 1.0, 1.0, 1.0, 1.0, 0.0, 1.0, 0.0, 0.0, 1.0, 1.0, 1.0, 0.0, 0.0, 0.0, 0.0, 1.0, 1.0, 1.0, 0.0, 1.0, 1.0, 1.0, 1.0, 0.0, 1.0, 1.0, 1.0, 0.0, 0.0, 0.0, 0.0, 1.0, 1.0, 1.0, 1.0, 1.0, 1.0, 1.0, 0.0, 1.0, 1.0, 1.0, 1.0, 0.0, 0.0, 0.0, 0.0, 1.0, 1.0, 1.0, 1.0, 0.0, 0.0, 0.0, 0.0, 0.0, 1.0, 0.0, 0.0, 0.0, 0.0, 0.0, 0.0, 0.0, 0.0, 0.0, 0.0, 0.0, 0.0, 0.0, 0.0, 1.0, 0.0, 1.0, 1.0, 1.0, 0.0, 0.0, 1.0, 1.0, 1.0, 1.0, 1.0, 1.0, 0.0, 1.0, 0.0, 1.0, 1.0, 1.0, 1.0, 1.0, 0.0, 1.0, 1.0, 0.0, 0.0, 0.0, 0.0, 0.0, 1.0, 1.0, 0.0, 1.0, 0.0, 0.0, 1.0, 0.0, 0.0, 0.0, 0.0, 1.0, 1.0, 1.0, 0.0, 0.0, 0.0, 1.0, 0.0, 1.0, 1.0, 1.0, 0.0, 0.0, 0.0, 0.0, 0.0, 1.0, 1.0, 1.0, 1.0, 1.0, 1.0, 1.0, 0.0, 0.0, 0.0, 0.0, 0.0, 0.0, 0.0, 0.0, 0.0, 1.0, 0.0, 1.0, 0.0, 0.0, 0.0, 0.0, 0.0, 1.0, 1.0, 1.0, 1.0, 1.0, 1.0, 1.0, 0.0, 1.0, 1.0, 1.0, 1.0, 1.0, 1.0, 0.0, 1.0, 1.0, 1.0, 1.0, 1.0, 0.0, 0.0, 0.0, 0.0, 1.0, 1.0, 1.0, 1.0, 1.0, 1.0, 1.0, 0.0, 0.0, 1.0, 1.0, 1.0, 0.0, 0.0, 0.0, 0.0, 1.0, 1.0, 1.0, 1.0, 0.0, 0.0, 0.0, 0.0, 1.0, 0.0, 1.0, 0.0, 0.0, 0.0, 0.0, 0.0, 1.0, 1.0, 1.0, 1.0, 1.0, 0.0, 1.0, 0.0, 1.0, 1.0, 1.0, 0.0, 1.0, 1.0, 0.0, 1.0, 1.0, 1.0, 1.0, 1.0, 0.0, 0.0, 0.0, 0.0, 0.0, 0.0, 0.0, 0.0, 0.0, 1.0, 0.0, 0.0, 1.0, 1.0, 1.0, 1.0, 0.0, 0.0, 0.0, 0.0, 0.0, 0.0, 0.0, 0.0, 0.0, 0.0, 0.0, 0.0, 1.0, 0.0, 1.0, 0.0, 0.0, 0.0, 0.0, 0.0, 1.0, 1.0, 0.0, 0.0, 1.0, 1.0, 1.0, 1.0, 1.0, 1.0, 1.0, 1.0, 1.0, 1.0, 1.0, 1.0, 1.0, 1.0, 1.0, 1.0, 1.0, 0.0, 1.0, 1.0, 0.0, 1.0, 0.0, 1.0, 0.0, 1.0, 0.0, 0.0, 1.0, 1.0, 1.0, 1.0, 0.0, 0.0, 1.0, 0.0, 1.0, 1.0, 1.0, 1.0, 0.0, 0.0, 0.0, 0.0, 0.0, 0.0, 0.0, 1.0, 0.0, 0.0, 0.0, 0.0, 1.0, 1.0, 1.0, 1.0, 0.0, 0.0, 0.0, 0.0, 0.0, 1.0, 1.0, 1.0, 0.0, 1.0, 1.0, 0.0, 1.0, 1.0, 1.0, 1.0, 0.0, 0.0, 0.0, 0.0, 1.0, 0.0, 1.0, 1.0, 1.0, 0.0, 0.0, 1.0, 1.0, 1.0, 1.0, 1.0, 1.0, 1.0, 1.0, 0.0, 0.0, 0.0, 1.0, 0.0, 0.0, 1.0, 0.0, 0.0, 1.0, 1.0, 1.0, 1.0, 0.0, 0.0, 0.0, 0.0, 1.0, 1.0, 1.0, 0.0, 0.0, 0.0, 1.0, 0.0, 1.0, 1.0, 1.0, 1.0, 0.0, 0.0, 0.0, 0.0, 0.0, 0.0, 0.0, 0.0, 0.0, 0.0, 0.0, 0.0, 0.0, 1.0, 0.0, 1.0, 0.0, 1.0, 1.0, 0.0, 1.0, 1.0, 1.0, 1.0, 1.0, 0.0, 0.0, 1.0]",-311.9759791000219,630.4973078603782,-482.430437669722,964.860875339444,66.91771697671601,-5.545400757336379,-5.545177444479562,13.170243056352595,11.090354888959125,1.208017024070282,-14.822184073626213,-16.635532333438686,32.82242197760037,33.27106466687737,1.0908740239314543,"[0.0, 0.0, 1.0, 0.0, 0.0, 0.0, 0.0, 0.0, 1.0, 1.0, 1.0, 1.0, 0.877, 0.877, 0.877, 0.0, 1.0, 0.259, 1.0, 1.0, 0.8015, 0.0, 0.259, 1.0, 1.0, 1.0, 1.0, 1.0, 1.0, 1.0, 1.0, 0.0, 0.0, 0.0, 1.0, 0.0, 0.0, 0.0, 1.0, 0.0, 0.0, 0.0, 1.0, 0.0, 0.0, 0.0, 1.0, 0.0, 0.0, 0.0, 0.0, 0.0775, 0.0, 0.0, 0.1635, 0.47100000000000003, 1.0, 1.0, 1.0, 1.0, 0.0, 0.0, 0.0, 0.0, 0.0, 0.0, 0.0, 0.0, 0.0, 0.0, 0.0, 0.0, 1.0, 1.0, 1.0, 1.0, 1.0, 1.0, 1.0, 0.0, 1.0, 1.0, 1.0, 1.0, 0.0, 0.0, 0.0, 0.0, 0.0, 0.0, 0.0, 0.0, 0.0, 0.113, 0.113, 0.0, 0.0, 0.0, 0.0, 1.0, 0.0, 0.0, 0.0, 0.0, 1.0, 1.0, 1.0, 1.0, 0.0, 0.0, 0.0, 0.0, 0.9995, 1.0, 1.0, 0.663, 1.0, 1.0, 1.0, 0.353, 1.0, 1.0, 1.0, 1.0, 0.082, 0.082, 0.0, 0.0, 0.973, 1.0, 0.7655000000000001, 0.605, 0.973, 1.0, 1.0, 0.368, 0.0, 0.0, 1.0, 0.0, 1.0, 0.0, 1.0, 0.0, 1.0, 1.0, 1.0, 1.0, 0.0, 0.0, 1.0, 0.0, 1.0, 1.0, 1.0, 1.0, 0.0, 0.9465, 0.0, 0.0, 0.666, 1.0, 0.666, 0.666, 0.0, 0.0, 0.7975, 0.0, 0.0, 0.9430000000000001, 0.0, 1.0, 1.0, 0.0, 0.0, 0.0, 0.0, 1.0, 0.0, 0.0, 0.0, 0.0, 0.0, 0.0, 1.0, 1.0, 1.0, 1.0, 0.0, 0.0, 0.0, 0.0, 1.0, 1.0, 1.0, 1.0, 1.0, 1.0, 1.0, 0.0005, 1.0, 1.0, 1.0, 1.0, 1.0, 1.0, 0.0, 1.0, 1.0, 1.0, 1.0, 1.0, 0.0, 0.0, 0.0, 0.0, 1.0, 1.0, 1.0, 1.0, 1.0, 1.0, 1.0, 0.0, 1.0, 0.0, 1.0, 0.0, 0.0, 0.0, 0.0, 0.0, 0.0, 1.0, 0.0, 1.0, 0.0, 1.0, 0.0, 1.0, 1.0, 1.0, 1.0, 1.0, 1.0, 1.0, 1.0, 0.0, 1.0, 0.0, 1.0, 1.0, 1.0, 0.0, 0.0, 1.0, 1.0, 1.0, 1.0, 1.0, 1.0, 1.0, 1.0, 1.0, 0.0, 0.9580000000000001, 0.0, 0.0, 0.0, 0.0, 0.0045000000000000005, 0.0, 0.0, 0.0, 0.0, 0.0, 0.0, 0.0, 0.0, 1.0, 0.0, 0.0, 0.0005, 0.0, 0.0, 0.0, 0.0, 0.0, 0.0, 1.0, 0.0, 0.0, 0.0, 0.0, 0.0, 0.0, 1.0, 1.0, 1.0, 0.001, 0.001, 0.001, 1.0, 0.0, 0.0, 0.0, 0.6225, 0.0, 0.0, 0.0, 0.0, 0.0, 1.0, 1.0, 1.0, 1.0, 0.0, 0.0, 0.0, 0.0, 0.0, 0.0, 0.0, 0.0, 0.0, 0.0, 0.0, 0.0, 1.0, 1.0, 1.0, 1.0, 1.0, 1.0, 1.0, 0.0, 0.0, 0.0, 0.0, 1.0, 0.0, 0.0, 1.0, 0.0, 1.0, 1.0, 1.0, 1.0, 0.0, 0.0, 0.0, 0.0, 0.0, 1.0, 0.0, 0.0, 1.0, 0.0, 0.0, 1.0, 1.0, 1.0, 1.0, 1.0, 0.0, 0.0, 0.0, 0.0, 1.0, 1.0, 1.0, 1.0, 1.0, 0.0, 1.0, 1.0, 0.0, 0.0005, 0.0, 0.0, 0.0, 0.38, 0.0, 0.0, 1.0, 1.0, 1.0, 1.0, 0.0, 0.0, 0.0, 0.0, 1.0, 1.0, 1.0, 0.999, 1.0, 1.0, 1.0, 0.0195, 1.0, 1.0, 1.0, 1.0, 0.0, 0.0, 0.0, 0.0, 0.0, 0.6285000000000001, 0.0, 0.328, 0.0, 0.0, 0.6285000000000001, 0.0, 0.0, 0.0, 0.0, 0.0, 0.0, 0.0, 0.0, 1.0, 1.0, 1.0, 1.0, 1.0, 0.0, 0.0, 0.0, 0.0, 1.0, 1.0, 1.0, 1.0, 1.0, 1.0, 1.0, 0.0, 1.0, 1.0, 1.0, 1.0, 1.0, 1.0, 0.0375, 1.0, 1.0, 1.0, 1.0, 1.0, 0.0, 0.0, 0.0, 0.0, 1.0, 1.0, 1.0, 1.0, 1.0, 1.0, 1.0, 0.0, 1.0, 1.0, 1.0, 1.0, 1.0, 1.0, 0.0, 1.0, 1.0, 1.0, 1.0, 1.0, 0.0, 0.0, 0.0, 0.0, 1.0, 1.0, 1.0, 1.0, 1.0, 1.0, 1.0, 1.0, 0.0, 0.0, 0.4395, 0.0, 0.0, 0.0, 0.001, 1.0, 0.0, 0.0, 0.0, 0.0, 0.0, 0.0, 0.0, 0.0, 1.0, 1.0, 1.0, 0.0, 1.0, 0.0, 0.0, 1.0, 0.0, 0.0, 1.0, 1.0, 1.0, 0.0, 0.0, 0.0, 0.0, 0.0, 0.0, 0.0, 0.0, 0.0, 0.0, 0.0, 1.0, 1.0, 1.0, 1.0, 0.0, 0.0, 0.0, 0.0, 0.0, 0.0, 0.0, 0.0, 0.0, 1.0, 0.0, 0.0, 1.0, 1.0, 1.0, 1.0, 0.0, 0.4945, 0.0, 0.0, 1.0, 1.0, 1.0, 1.0, 0.0, 0.0, 1.0, 1.0, 1.0, 1.0, 1.0, 1.0, 0.0, 0.0, 0.0, 0.0, 1.0, 1.0, 1.0, 1.0, 1.0, 0.704, 0.296, 0.0, 1.0, 1.0, 1.0, 1.0, 0.0, 0.0, 1.0, 1.0, 1.0, 1.0, 1.0, 1.0, 0.0, 0.0, 0.0, 0.0, 0.006, 1.0, 0.006, 0.708, 0.298, 1.0, 0.298, 1.0, 1.0, 1.0, 1.0, 1.0, 0.0, 0.0, 0.0, 0.0, 1.0, 0.0, 1.0, 1.0, 1.0, 0.0, 0.0, 1.0, 0.0, 1.0, 1.0, 1.0, 0.0, 0.0, 0.0, 0.0, 1.0, 0.224, 1.0, 1.0, 0.776, 0.0, 0.224, 1.0, 1.0, 1.0, 1.0, 1.0, 0.0, 0.0, 0.0, 0.0, 1.0, 1.0, 0.0, 1.0, 1.0, 1.0, 0.0, 1.0, 1.0, 1.0, 1.0, 1.0, 0.0, 0.0, 0.0, 0.0, 1.0, 1.0, 1.0, 1.0, 1.0, 1.0, 1.0, 0.0, 1.0, 1.0, 1.0, 1.0, 0.0, 0.0, 0.0, 0.0, 0.0, 0.0, 0.0, 0.0, 0.0, 0.0, 0.0, 0.0, 1.0, 0.4865, 1.0, 1.0, 1.0, 0.0075, 0.4865, 1.0, 0.0225, 0.0, 0.0, 0.9775, 0.0, 0.0, 0.0, 0.0]",-419.18595103414617,844.9172517286268,-482.430437669722,964.860875339444,67.14643343005883,-5.545399238629768,-5.545177444479562,13.170240018939372,11.090354888959125,97.91014485171651,-16.6358452755303,-16.635532333438686,36.44974438140855,33.27106466687737,0.5787520451143159,"[1.0, 1.0, 1.0, 1.0, 1.0, 0.0, 1.0, 0.0, 1.0, 1.0, 1.0, 1.0, 1.0, 1.0, 1.0, 0.0, 0.0, 0.0, 0.0, 0.0, 0.0, 0.0, 0.0, 0.0, 1.0, 1.0, 1.0, 1.0, 0.0, 0.0, 1.0, 0.0, 0.0, 0.0, 0.0, 0.0, 0.0, 1.0, 0.0, 0.0, 0.0, 0.0, 0.0, 0.0, 0.0, 0.0, 0.0, 0.0, 1.0, 1.0, 1.0, 1.0, 0.0, 0.0, 0.0, 0.0, 1.0, 1.0, 1.0, 1.0, 0.0, 0.0, 0.0, 0.0, 0.0, 0.0, 0.0, 0.0, 0.0, 1.0, 1.0, 0.0, 1.0, 1.0, 1.0, 1.0, 0.0, 0.0, 0.0, 0.0, 1.0, 1.0, 1.0, 1.0, 0.0, 0.0, 0.0, 0.0, 0.0, 0.0, 0.0, 0.0, 0.0, 0.0, 0.0, 0.0, 1.0, 1.0, 1.0, 1.0, 1.0, 1.0, 1.0, 0.0, 1.0, 1.0, 1.0, 1.0, 1.0, 0.0, 1.0, 0.0, 0.0, 1.0, 0.0, 0.0, 1.0, 1.0, 1.0, 0.0, 1.0, 1.0, 0.0, 1.0, 1.0, 0.0, 0.0, 0.0, 1.0, 1.0, 1.0, 0.0, 1.0, 1.0, 1.0, 1.0, 1.0, 1.0, 1.0, 1.0, 0.0, 0.0, 0.0, 0.0, 1.0, 1.0, 1.0, 0.0, 0.0, 0.0, 1.0, 0.0, 0.0, 0.0, 1.0, 0.0, 0.0, 0.0, 0.0, 0.0, 1.0, 1.0, 1.0, 0.0, 0.0, 0.0, 1.0, 0.0, 0.0, 0.0, 0.0, 1.0, 0.0, 0.0, 0.0, 0.0, 0.0, 0.0, 0.0, 1.0, 0.0, 0.0, 0.0, 0.0, 1.0, 1.0, 1.0, 1.0, 0.0, 0.0, 0.0, 0.0, 1.0, 1.0, 1.0, 0.0, 0.0, 0.0, 1.0, 0.0, 1.0, 1.0, 1.0, 1.0, 0.0, 0.0, 0.0, 0.0, 1.0, 1.0, 1.0, 1.0, 0.0, 0.0, 0.0, 0.0, 1.0, 1.0, 1.0, 1.0, 1.0, 1.0, 1.0, 0.0, 0.0, 0.0, 0.0, 0.0, 1.0, 0.0, 0.0, 0.0, 1.0, 1.0, 1.0, 1.0, 1.0, 1.0, 1.0, 1.0, 1.0, 1.0, 1.0, 1.0, 1.0, 1.0, 1.0, 0.0, 0.0, 0.0, 0.0, 0.0, 0.0, 0.0, 0.0, 0.0, 0.0, 1.0, 0.0, 1.0, 0.0, 1.0, 0.0, 1.0, 0.0, 0.0, 0.0, 1.0, 0.0, 0.0, 0.0, 0.0, 1.0, 1.0, 1.0, 0.0, 0.0, 0.0, 1.0, 0.0, 0.0, 0.0, 1.0, 0.0, 0.0, 0.0, 0.0, 0.0, 0.0, 1.0, 1.0, 1.0, 0.0, 0.0, 0.0, 0.0, 1.0, 1.0, 1.0, 0.0, 1.0, 1.0, 1.0, 1.0, 0.0, 0.0, 1.0, 0.0, 0.0, 0.0, 0.0, 0.0, 1.0, 1.0, 1.0, 1.0, 1.0, 1.0, 1.0, 0.0, 1.0, 1.0, 1.0, 1.0, 0.0, 0.0, 0.0, 0.0, 1.0, 1.0, 1.0, 1.0, 0.0, 0.0, 0.0, 0.0, 0.0, 1.0, 0.0, 0.0, 0.0, 0.0, 0.0, 0.0, 0.0, 0.0, 0.0, 0.0, 0.0, 0.0, 0.0, 0.0, 0.0, 0.0, 0.0, 0.0, 0.0, 0.0, 0.0, 0.0, 1.0, 1.0, 0.0, 1.0, 1.0, 0.0, 1.0, 0.0, 1.0, 1.0, 1.0, 1.0, 1.0, 0.0, 1.0, 1.0, 0.0, 0.0, 0.0, 0.0, 0.0, 1.0, 1.0, 0.0, 1.0, 0.0, 0.0, 1.0, 0.0, 0.0, 0.0, 0.0, 1.0, 1.0, 1.0, 0.0, 0.0, 0.0, 1.0, 0.0, 1.0, 1.0, 1.0, 0.0, 0.0, 0.0, 0.0, 0.0, 1.0, 1.0, 1.0, 1.0, 1.0, 1.0, 1.0, 0.0, 0.0, 0.0, 0.0, 0.0, 0.0, 0.0, 0.0, 0.0, 1.0, 0.0, 1.0, 0.0, 0.0, 0.0, 0.0, 0.0, 1.0, 1.0, 1.0, 1.0, 1.0, 1.0, 1.0, 0.0, 1.0, 1.0, 1.0, 1.0, 1.0, 1.0, 0.0, 1.0, 1.0, 1.0, 1.0, 1.0, 0.0, 0.0, 0.0, 0.0, 1.0, 1.0, 1.0, 1.0, 1.0, 1.0, 1.0, 0.0, 0.0, 1.0, 1.0, 1.0, 0.0, 0.0, 0.0, 0.0, 1.0, 1.0, 1.0, 1.0, 0.0, 0.0, 0.0, 0.0, 1.0, 0.0, 1.0, 0.0, 0.0, 0.0, 0.0, 0.0, 1.0, 1.0, 1.0, 1.0, 1.0, 0.0, 1.0, 0.0, 1.0, 1.0, 1.0, 0.0, 1.0, 1.0, 0.0, 1.0, 1.0, 1.0, 1.0, 1.0, 0.0, 0.0, 0.0, 0.0, 0.0, 0.0, 0.0, 0.0, 0.0, 0.0, 0.0, 0.0, 1.0, 1.0, 1.0, 1.0, 0.0, 0.0, 0.0, 0.0, 0.0, 0.0, 0.0, 0.0, 0.0, 0.0, 0.0, 0.0, 0.0, 0.0, 0.0, 0.0, 0.0, 0.0, 0.0, 0.0, 1.0, 1.0, 0.0, 0.0, 1.0, 1.0, 1.0, 1.0, 1.0, 1.0, 1.0, 1.0, 1.0, 1.0, 1.0, 1.0, 1.0, 1.0, 1.0, 1.0, 1.0, 0.0, 1.0, 1.0, 0.0, 1.0, 0.0, 1.0, 0.0, 1.0, 0.0, 0.0, 1.0, 1.0, 1.0, 1.0, 0.0, 0.0, 1.0, 0.0, 1.0, 1.0, 1.0, 1.0, 0.0, 0.0, 0.0, 0.0, 0.0, 0.0, 0.0, 1.0, 0.0, 0.0, 0.0, 0.0, 1.0, 1.0, 1.0, 1.0, 0.0, 0.0, 0.0, 0.0, 0.0, 1.0, 1.0, 1.0, 0.0, 1.0, 1.0, 0.0, 1.0, 1.0, 1.0, 1.0, 0.0, 0.0, 0.0, 0.0, 1.0, 0.0, 1.0, 1.0, 1.0, 0.0, 0.0, 1.0, 1.0, 1.0, 1.0, 1.0, 1.0, 1.0, 1.0, 0.0, 0.0, 1.0, 1.0, 1.0, 1.0, 1.0, 0.0, 0.0, 1.0, 1.0, 1.0, 1.0, 0.0, 0.0, 0.0, 0.0, 1.0, 1.0, 1.0, 0.0, 0.0, 0.0, 1.0, 0.0, 1.0, 1.0, 1.0, 1.0, 0.0, 0.0, 0.0, 0.0, 0.0, 0.0, 0.0, 0.0, 0.0, 0.0, 0.0, 0.0, 0.0, 0.0, 1.0, 1.0, 0.0, 0.0, 0.0, 0.0, 1.0, 1.0, 1.0, 1.0, 1.0, 0.0, 0.0, 1.0]",-295.2442605392121,597.0338707387587,-482.430437669722,964.860875339444,1.1270132162821977,-14.487294036019328,32.152641902386605,1.2846122460949685,-433.45128860920846,873.4479268787513,False,False,False,True,False,0.6666666666666666,1.0,0.5,0.5,0.5,0.5,0.7916666666666666,1.0,0.4166666666666667,0.5,0.7916666666666666,1.0,"Z.exists(lambda x1: Z.equal(x1,'red','colour'),X)","Z.forall(lambda x1: Z.forall(lambda x2: Z.equal(x1,x2,'size'),X),X)","Z.exists(lambda x1: Z.equal(x1,'red','colour'),X)","Z.forall(lambda x1: Z.forall(lambda x2: Z.equal(x1,x2,'size'),X),X)",1.0,0.5,0.5,1.0,0.5,0.7083333333333334,0.6982758620689655,0.6867816091954023,0.6954022988505747,0.6925287356321839,5.241379310344827,1988,0,0,0,1942,0
67,82,158,dExckpP5o5,qeg7II_OavRp_YREAAAC,Omega,all are blue OR small,"[False, False, True, True, False, False, False, True]","[False, False, False, False, False, True, False, False]",0.625,0.375,all should be small,[['x1']],"Z.forall(lambda x1: Z.equal(x1,1,'size'),X)",all should be small,"[{'ids': [0, 1, 2], 'colours': ['green', 'blue', 'green'], 'sizes': [1, 2, 1], 'xpos': [0.36959413505621275, 3.3555395866775566, 2.6478519224999433], 'ypos': [4.111666666666668, 4.111646661557346, 4.107683490415345], 'rotations': [3.141592653589794, 3.141570133408743, 3.145070980983599], 'orientations': ['upright', 'upright', 'upright'], 'contact': [[0], [1, 2], [2, 1]], 'grounded': ['yes', 'yes', 'yes'], 'follow_rule': True}, {'ids': [0, 1, 2, 3], 'colours': ['blue', 'green', 'green', 'green'], 'sizes': [1, 2, 3, 1], 'xpos': [5.543651158180265, 3.7580014183675674, 6.520370292127346, 2.518798948859129], 'ypos': [3.8269072011166942, 3.730586962251232, 3.6344813378372467, 4.108292371288061], 'rotations': [5.0731870953758715, 1.2336871611787503, 5.037659485778091, 3.143454606490072], 'orientations': ['rhs', 'lhs', 'rhs', 'upright'], 'contact': [[0], [1], [2], [3]], 'grounded': ['yes', 'yes', 'yes', 'yes'], 'follow_rule': False}, {'ids': [0, 1, 2, 3], 'colours': ['red', 'green', 'blue', 'red'], 'sizes': [3, 3, 3, 3], 'xpos': [3.5182698749556987, 1.9520907751694223, 6.573309449489909, 5.449717940679078], 'ypos': [3.63509587020129, 3.6345975830849024, 4.1079404447691354, 4.107829768912628], 'rotations': [1.2429488121661034, 4.3811544953684605, 3.142735863868438, 3.139293978839766], 'orientations': ['lhs', 'strange', 'upright', 'upright'], 'contact': [[0, 1], [1, 0], [2], [3]], 'grounded': ['yes', 'yes', 'yes', 'yes'], 'follow_rule': False}, {'ids': [0, 1, 2, 3], 'colours': ['blue', 'green', 'red', 'green'], 'sizes': [1, 3, 3, 1], 'xpos': [1.3581425636517088, 1.3494874608555105, 7.049029396037525, 5.72256480535301], 'ypos': [4.108351094509744, 4.107999055879063, 4.106999414139152, 3.827246605968853], 'rotations': [3.1426871306665203, 3.1409065182190496, 3.141493960128445, 5.072633491938974], 'orientations': ['upright', 'upright', 'upright', 'rhs'], 'contact': [[0], [1], [2], [3]], 'grounded': ['yes', 'yes', 'yes', 'yes'], 'follow_rule': False}, {'ids': [0, 1, 2, 3], 'colours': ['red', 'green', 'green', 'blue'], 'sizes': [3, 2, 1, 1], 'xpos': [0.5639859096027515, 3.2882442695129495, 1.2639427904496165, 2.3771453420309063], 'ypos': [4.108770343860548, 4.107383829770591, 3.9879403984311907, 4.107551599628486], 'rotations': [3.1445091119942012, 3.1398863911793726, 3.551752339274752, 3.142680669160353], 'orientations': ['upright', 'upright', 'upright', 'upright'], 'contact': [[0, 2], [1], [2, 0], [3]], 'grounded': ['yes', 'yes', 'yes', 'yes'], 'follow_rule': False}, {'ids': [0, 1, 2, 3], 'colours': ['red', 'red', 'red', 'red'], 'sizes': [1, 2, 3, 1], 'xpos': [3.1553400448732734, 5.648497324664597, 6.553521396940952, 1.4380992983790453], 'ypos': [4.107492912691514, 4.107218302951459, 3.756019860707593, 3.8285712420820244], 'rotations': [3.1441622006976666, 3.142453994905977, 2.3618423275278984, 1.2129369074143357], 'orientations': ['upright', 'upright', 'strange', 'lhs'], 'contact': [[0], [1, 2], [2, 1], [3]], 'grounded': ['yes', 'yes', 'yes', 'yes'], 'follow_rule': False}, {'ids': [0, 1, 2, 3], 'colours': ['blue', 'blue', 'green', 'green'], 'sizes': [1, 1, 1, 1], 'xpos': [3.3387642746303454, 2.5798940975327778, 1.9644507123913966, 0.3942145876882639], 'ypos': [4.1080244861533775, 4.1085169033614095, 3.8787125555100355, 4.107474448022558], 'rotations': [3.144114816047399, 3.1470900163207967, 4.016791104546044, 3.1443915972378864], 'orientations': ['upright', 'upright', 'strange', 'upright'], 'contact': [[0], [1, 2], [2, 1], [3]], 'grounded': ['yes', 'yes', 'yes', 'yes'], 'follow_rule': True}, {'ids': [0, 1, 2, 3, 4, 5], 'colours': ['blue', 'red', 'red', 'blue', 'green', 'green'], 'sizes': [1, 1, 1, 1, 1, 1], 'xpos': [6.729801123592871, 5.802739164140681, 2.986942451679535, 0.7954336532796173, 2.5371762112493994, 5.840023555262976], 'ypos': [4.1095378104947535, 3.830204923359728, 4.111110822761883, 4.107407270144478, 3.828572661277595, 3.700631406764974], 'rotations': [3.138094626060457, 5.065682657469204, 3.139739839513753, 3.141549436547171, 1.2133818921232309, 0.9896830848532068], 'orientations': ['upright', 'rhs', 'upright', 'upright', 'lhs', 'lhs'], 'contact': [[0], [1, 5], [2], [3], [4], [5, 1]], 'grounded': ['yes', 'yes', 'yes', 'yes', 'yes', 'yes'], 'follow_rule': True}, {'ids': [0], 'colours': ['red'], 'sizes': [1], 'xpos': [0.980966455584144], 'ypos': [4.15692217898732], 'rotations': [3.14075602080225], 'contact': [{'V1': 0}], 'grounded': ['yes']}, {'ids': [0, 1], 'colours': ['blue', 'blue'], 'sizes': [2, 2], 'xpos': [5.53919900438758, 1.65854079923742], 'ypos': [4.15829751656101, 4.15751198256046], 'rotations': [3.14294469336728, 3.13947439604659], 'contact': [{'V1': 0, 'V2': 1}], 'grounded': ['yes', 'yes']}, {'ids': [0, 1, 2], 'colours': ['blue', 'red', 'blue'], 'sizes': [1, 1, 1], 'xpos': [2.91233558185412, 3.62676822308812, 1.29792616640764], 'ypos': [4.1571699418337, 4.15734457821355, 3.87855314146574], 'rotations': [3.14061931424498, 3.14080979983927, 1.21335141178178], 'contact': [{'V1': 0, 'V2': 1, 'V3': 2}], 'grounded': ['yes', 'yes', 'yes']}, {'ids': [0, 1, 2, 3], 'colours': ['blue', 'red', 'blue', 'green'], 'sizes': [1, 1, 2, 1], 'xpos': [2.95609825059217, 3.96209693679724, 2.2390687716568, 6.71224095289635], 'ypos': [4.15768622476784, 4.15787716497594, 4.15807459370596, 3.87670727460735], 'rotations': [3.13919121672235, 3.14161554480523, 3.13998936351093, 5.07284064751327], 'contact': [{'V1': 0, 'V2': 1, 'V3': 2, 'V4': 3}], 'grounded': ['yes', 'yes', 'yes', 'yes']}, {'ids': [0, 1, 2], 'colours': ['green', 'red', 'red'], 'sizes': [1, 3, 1], 'xpos': [1.21736009446034, 6.88866095105911, 4.29219484852988], 'ypos': [4.15714834736316, 4.15848443530156, 4.15761681621936], 'rotations': [3.14148035908309, 3.14030543965137, 3.14298105798337], 'contact': [{'V1': 0, 'V2': 1, 'V3': 2}], 'grounded': ['yes', 'yes', 'yes']}, {'ids': [0, 1, 2, 3, 4], 'colours': ['green', 'blue', 'green', 'red', 'red'], 'sizes': [2, 2, 2, 2, 3], 'xpos': [3.83090657832267, 2.38910717821051, 3.54259339814947, 1.00881638670343, 0.483372753490727], 'ypos': [4.15913936320131, 4.15701392299474, 3.77761038379749, 3.76166694023043, 3.53535261859211], 'rotations': [3.13980420303635, 3.14077430032494, 1.87848516525718, 1.57196158476873, 2.81423018257197], 'contact': [[0, 2], [1, 2], [2, 0, 1], [3, 4], [4, 3]], 'grounded': ['yes', 'yes', 'yes', 'yes', 'no']}, {'ids': [0, 1, 2], 'colours': ['red', 'blue', 'green'], 'sizes': [2, 2, 2], 'xpos': [6.08097769326034, 5.78861976198164, 1.25011232086784], 'ypos': [3.78458058527285, 4.1039571708585, 3.7795894526631], 'rotations': [5.04856954343186, 3.00593527717321, 5.05105310034866], 'contact': [[0, 1], [1, 0], 2], 'grounded': ['yes', 'yes', 'yes']}, {'ids': [0, 1, 2, 3], 'colours': ['red', 'green', 'red', 'red'], 'sizes': [2, 2, 2, 1], 'xpos': [4.475106476545, 0.413561660061233, 6.37662276433712, 5.00296952327856], 'ypos': [4.1607559072369, 4.15829244701068, 3.77944860362373, 3.87681059949227], 'rotations': [3.14176346787067, 3.1433043689908, 5.0514105380658, 5.07138540402654], 'contact': [{'V1': 0, 'V2': 1, 'V3': 2, 'V4': 3}], 'grounded': ['yes', 'yes', 'yes', 'yes']}]","[False, False, False, False, False, True, False, False]","[True, True, False, False, True, False, True, False]","[False, False, True, True, False, False, False, True]","[False, False, False, False, False, True, False, False]","[False, False, False, False, False, True, False, True]","[True, True, True, True, True, True, True, False]","[False, False, False, False, False, False, False, False]","[False, False, False, False, False, False, False, True]",0.25,0.125,0.25,0.125,0.5,0.875,0.25,0.25,0.375,0.125,-0.125,-0.25,0.5,0.125,1.9575779159907933,-5.292505905352545,-5.545177444479562,12.664453352384927,11.090354888959125,3.7478119440303437,-16.446426172623212,-16.635532333438686,36.070906175594374,33.27106466687737,1.0502311195665048,"[1.0, 1.0, 1.0, 1.0, 1.0, 0.0, 1.0, 0.0, 1.0, 1.0, 1.0, 1.0, 1.0, 1.0, 1.0, 0.0135, 0.9530000000000001, 0.092, 0.5895, 0.5895, 1.0, 0.0, 0.0, 0.861, 1.0, 1.0, 1.0, 0.2925, 0.999, 0.999, 1.0, 0.7155, 0.0, 0.0, 1.0, 0.0, 0.0, 0.0, 1.0, 0.0, 0.0, 0.0, 1.0, 0.0, 0.0, 0.0, 1.0, 0.0, 1.0, 1.0, 1.0, 1.0, 0.0, 0.0, 0.0, 0.0, 1.0, 1.0, 1.0, 1.0, 0.935, 0.935, 0.935, 0.935, 1.0, 1.0, 1.0, 1.0, 0.0, 1.0, 0.0, 0.0, 0.0, 1.0, 1.0, 1.0, 1.0, 1.0, 1.0, 1.0, 1.0, 1.0, 1.0, 1.0, 0.0935, 0.0935, 0.0935, 0.0935, 1.0, 1.0, 1.0, 1.0, 1.0, 1.0, 1.0, 1.0, 1.0, 1.0, 1.0, 1.0, 1.0, 1.0, 1.0, 0.013000000000000001, 1.0, 1.0, 0.998, 1.0, 1.0, 0.002, 0.998, 0.002, 1.0, 1.0, 1.0, 1.0, 1.0, 1.0, 1.0, 0.0, 0.973, 1.0, 0.9530000000000001, 1.0, 0.8925000000000001, 0.9195, 0.17400000000000002, 0.201, 1.0, 1.0, 1.0, 1.0, 0.0, 0.0, 0.0, 0.0, 1.0, 1.0, 1.0, 0.24, 1.0, 1.0, 0.968, 1.0, 0.653, 0.653, 0.653, 1.0, 0.2535, 0.2535, 0.7035, 0.10300000000000001, 1.0, 1.0, 1.0, 1.0, 0.0, 1.0, 0.0, 0.0, 1.0, 1.0, 1.0, 0.012, 0.988, 0.988, 1.0, 1.0, 1.0, 0.0, 1.0, 1.0, 1.0, 0.0, 0.0, 1.0, 0.0, 0.0, 0.0, 1.0, 1.0, 0.0, 0.0, 0.0, 1.0, 1.0, 1.0, 1.0, 0.0, 0.0, 0.0, 0.0, 1.0, 1.0, 1.0, 1.0, 0.0, 0.0, 0.0, 0.0, 1.0, 1.0, 1.0, 1.0, 1.0, 1.0, 0.841, 1.0, 1.0, 1.0, 1.0, 1.0, 0.0, 0.0, 0.0, 0.0, 1.0, 1.0, 1.0, 1.0, 1.0, 1.0, 1.0, 0.0, 0.197, 0.0, 0.85, 0.653, 0.803, 0.0, 0.0, 0.0, 0.8525, 0.847, 0.9935, 0.847, 0.28300000000000003, 0.4305, 0.426, 0.426, 1.0, 1.0, 1.0, 1.0, 1.0, 1.0, 1.0, 0.0, 0.798, 1.0, 0.7995, 0.7995, 0.0275, 0.029, 0.2265, 0.1975, 1.0, 1.0, 1.0, 1.0, 0.0, 0.0, 0.0, 0.0, 0.862, 0.854, 0.8595, 0.8955000000000001, 0.045, 0.0005, 0.8695, 0.8505, 1.0, 1.0, 1.0, 0.022, 1.0, 1.0, 1.0, 0.978, 0.28400000000000003, 0.0145, 0.1885, 0.0275, 0.2755, 0.0, 0.0015, 0.013000000000000001, 0.0, 0.0, 0.0, 1.0, 1.0, 0.0, 0.0, 0.0, 1.0, 1.0, 1.0, 1.0, 0.0, 0.0, 0.0, 0.0, 1.0, 1.0, 1.0, 1.0, 1.0, 0.0, 1.0, 0.0, 1.0, 1.0, 1.0, 1.0, 1.0, 1.0, 1.0, 0.0, 1.0, 1.0, 1.0, 0.728, 0.8265, 0.5545, 0.5545, 0.8265, 1.0, 1.0, 1.0, 1.0, 1.0, 1.0, 1.0, 1.0, 1.0, 1.0, 1.0, 0.8715, 0.9365, 0.8695, 0.8695, 0.9365, 0.229, 0.229, 0.229, 0.229, 0.801, 0.03, 0.03, 0.801, 0.0, 0.0, 0.0, 1.0, 1.0, 0.0, 0.0, 0.0, 0.108, 0.114, 0.2315, 0.108, 0.114, 0.07050000000000001, 0.0495, 0.006, 1.0, 1.0, 1.0, 1.0, 0.0, 0.0, 0.0, 0.0, 0.8955000000000001, 0.895, 0.0115, 0.0, 0.883, 0.0, 0.0, 0.0, 1.0, 1.0, 1.0, 1.0, 0.0, 0.0, 0.0, 0.0, 0.902, 0.902, 0.902, 0.678, 0.88, 0.88, 0.902, 0.807, 1.0, 1.0, 1.0, 1.0, 0.0, 0.0, 0.0, 0.0, 1.0, 1.0, 1.0, 1.0, 1.0, 1.0, 1.0, 0.0, 1.0, 1.0, 1.0, 1.0, 0.0, 0.0, 0.0, 0.0, 1.0, 1.0, 1.0, 1.0, 0.008, 0.008, 0.008, 0.008, 1.0, 1.0, 1.0, 1.0, 1.0, 1.0, 1.0, 0.0, 1.0, 1.0, 1.0, 1.0, 1.0, 1.0, 0.6980000000000001, 1.0, 1.0, 1.0, 1.0, 1.0, 0.0, 0.0, 0.0, 0.0, 1.0, 1.0, 1.0, 1.0, 1.0, 1.0, 1.0, 0.0, 0.9530000000000001, 0.9530000000000001, 0.9530000000000001, 1.0, 1.0, 1.0, 0.641, 0.9530000000000001, 1.0, 1.0, 1.0, 1.0, 0.0, 0.0, 0.0, 0.0, 1.0, 1.0, 1.0, 1.0, 1.0, 1.0, 1.0, 1.0, 1.0, 1.0, 1.0, 1.0, 0.0, 0.0, 0.0, 0.0, 1.0, 1.0, 1.0, 1.0, 1.0, 1.0, 1.0, 1.0, 1.0, 1.0, 1.0, 1.0, 0.021500000000000002, 0.021500000000000002, 0.021500000000000002, 0.021500000000000002, 0.021500000000000002, 0.003, 0.02, 0.0095, 0.0095, 0.964, 0.9555, 0.0095, 1.0, 1.0, 1.0, 1.0, 1.0, 1.0, 1.0, 1.0, 1.0, 1.0, 1.0, 1.0, 0.0, 0.0, 0.0, 0.0, 1.0, 1.0, 1.0, 1.0, 0.0, 0.0, 1.0, 1.0, 1.0, 0.873, 0.198, 0.198, 1.0, 1.0, 0.6905, 1.0, 1.0, 1.0, 1.0, 1.0, 1.0, 1.0, 1.0, 0.0, 1.0, 0.999, 0.999, 1.0, 0.0025, 0.0025, 0.0025, 0.0025, 1.0, 1.0, 1.0, 1.0, 1.0, 0.686, 0.314, 0.0, 1.0, 1.0, 1.0, 1.0, 0.524, 0.524, 1.0, 0.47600000000000003, 1.0, 1.0, 1.0, 1.0, 0.008, 0.008, 0.008, 0.008, 0.9935, 0.9935, 0.9775, 0.9935, 0.9935, 0.0225, 0.988, 0.017, 1.0, 1.0, 1.0, 1.0, 0.0725, 0.0725, 0.0725, 0.0725, 0.041, 1.0, 1.0, 0.9590000000000001, 0.041, 0.9590000000000001, 1.0, 0.0, 0.7435, 0.9835, 0.7425, 0.986, 0.7435, 0.7435, 0.256, 0.987, 1.0, 0.005, 1.0, 1.0, 1.0, 0.005, 0.005, 1.0, 1.0, 1.0, 1.0, 1.0, 1.0, 1.0, 1.0, 0.0, 1.0, 1.0, 1.0, 1.0, 0.0, 0.0, 0.0, 0.0, 1.0, 1.0, 1.0, 1.0, 0.0, 0.0, 0.0, 0.0, 0.9705, 0.9705, 0.9145, 1.0, 0.8015, 0.8015, 0.9705, 0.7865, 1.0, 1.0, 1.0, 1.0, 0.0, 0.0, 0.0, 0.0, 1.0, 1.0, 1.0, 1.0, 0.0, 0.0, 0.0, 0.0, 1.0, 1.0, 1.0, 1.0, 0.0, 0.0, 0.0, 0.0, 1.0, 1.0, 1.0, 1.0, 1.0, 1.0, 1.0, 1.0]",-418.5875071169283,843.720363894191,-482.430437669722,964.860875339444,1.957578004968404,-5.292505905352122,12.664453352384081,442.9663466774293,-16.640062638138197,36.45817910662434,0.6334250289943713,"[1.0, 1.0, 1.0, 1.0, 1.0, 0.0, 1.0, 0.0, 1.0, 1.0, 1.0, 1.0, 1.0, 1.0, 1.0, 0.0, 0.0, 0.0, 0.0, 0.0, 0.0, 0.0, 0.0, 0.0, 1.0, 1.0, 1.0, 0.0, 0.0, 0.0, 1.0, 0.0, 0.0, 0.0, 1.0, 1.0, 0.0, 1.0, 1.0, 1.0, 1.0, 1.0, 1.0, 1.0, 0.0, 0.0, 1.0, 1.0, 1.0, 1.0, 1.0, 1.0, 0.0, 0.0, 0.0, 0.0, 1.0, 1.0, 1.0, 1.0, 0.0, 0.0, 0.0, 0.0, 0.0, 0.0, 0.0, 0.0, 0.0, 1.0, 1.0, 0.0, 1.0, 1.0, 1.0, 1.0, 0.0, 0.0, 0.0, 0.0, 1.0, 1.0, 1.0, 1.0, 0.0, 0.0, 0.0, 0.0, 1.0, 1.0, 1.0, 1.0, 1.0, 1.0, 0.0, 1.0, 1.0, 1.0, 1.0, 1.0, 1.0, 1.0, 1.0, 0.0, 1.0, 1.0, 1.0, 1.0, 1.0, 0.0, 1.0, 0.0, 0.0, 1.0, 0.0, 0.0, 1.0, 1.0, 1.0, 0.0, 1.0, 1.0, 0.0, 1.0, 1.0, 0.0, 0.0, 0.0, 1.0, 1.0, 1.0, 0.0, 1.0, 1.0, 1.0, 1.0, 1.0, 1.0, 1.0, 1.0, 0.0, 0.0, 0.0, 0.0, 1.0, 1.0, 1.0, 0.0, 0.0, 0.0, 1.0, 0.0, 0.0, 0.0, 1.0, 0.0, 0.0, 0.0, 0.0, 0.0, 1.0, 1.0, 1.0, 0.0, 0.0, 0.0, 1.0, 0.0, 0.0, 0.0, 0.0, 1.0, 0.0, 0.0, 0.0, 0.0, 0.0, 0.0, 0.0, 1.0, 0.0, 0.0, 0.0, 0.0, 1.0, 1.0, 1.0, 1.0, 0.0, 0.0, 0.0, 0.0, 1.0, 1.0, 1.0, 0.0, 0.0, 0.0, 1.0, 0.0, 1.0, 1.0, 1.0, 1.0, 0.0, 0.0, 0.0, 0.0, 1.0, 1.0, 1.0, 1.0, 0.0, 0.0, 0.0, 0.0, 1.0, 1.0, 1.0, 1.0, 1.0, 1.0, 1.0, 0.0, 0.0, 0.0, 0.0, 0.0, 1.0, 0.0, 0.0, 0.0, 1.0, 1.0, 1.0, 1.0, 1.0, 1.0, 1.0, 1.0, 1.0, 1.0, 1.0, 1.0, 1.0, 1.0, 1.0, 0.0, 0.0, 0.0, 0.0, 0.0, 0.0, 0.0, 0.0, 0.0, 0.0, 1.0, 0.0, 1.0, 0.0, 1.0, 0.0, 1.0, 0.0, 0.0, 0.0, 1.0, 0.0, 0.0, 0.0, 0.0, 1.0, 1.0, 1.0, 0.0, 0.0, 0.0, 1.0, 0.0, 1.0, 1.0, 1.0, 1.0, 1.0, 0.0, 1.0, 0.0, 0.0, 1.0, 1.0, 1.0, 0.0, 0.0, 0.0, 0.0, 1.0, 1.0, 1.0, 0.0, 1.0, 1.0, 1.0, 1.0, 0.0, 1.0, 1.0, 1.0, 0.0, 0.0, 0.0, 0.0, 1.0, 1.0, 1.0, 1.0, 1.0, 1.0, 1.0, 0.0, 1.0, 1.0, 1.0, 1.0, 0.0, 0.0, 0.0, 0.0, 1.0, 1.0, 1.0, 1.0, 0.0, 0.0, 0.0, 0.0, 0.0, 1.0, 0.0, 0.0, 0.0, 0.0, 0.0, 0.0, 1.0, 1.0, 1.0, 1.0, 1.0, 0.0, 1.0, 1.0, 0.0, 0.0, 0.0, 0.0, 0.0, 1.0, 1.0, 0.0, 1.0, 1.0, 1.0, 1.0, 1.0, 0.0, 1.0, 0.0, 1.0, 1.0, 1.0, 1.0, 1.0, 0.0, 1.0, 1.0, 0.0, 0.0, 0.0, 0.0, 0.0, 1.0, 1.0, 0.0, 1.0, 0.0, 0.0, 1.0, 0.0, 0.0, 0.0, 0.0, 1.0, 1.0, 1.0, 0.0, 0.0, 0.0, 1.0, 0.0, 1.0, 1.0, 1.0, 0.0, 0.0, 0.0, 0.0, 0.0, 1.0, 1.0, 1.0, 1.0, 1.0, 1.0, 1.0, 0.0, 0.0, 0.0, 0.0, 0.0, 0.0, 0.0, 0.0, 0.0, 1.0, 0.0, 1.0, 0.0, 0.0, 0.0, 0.0, 0.0, 1.0, 1.0, 1.0, 1.0, 1.0, 1.0, 1.0, 0.0, 1.0, 1.0, 1.0, 1.0, 1.0, 1.0, 0.0, 1.0, 1.0, 1.0, 1.0, 1.0, 0.0, 0.0, 0.0, 0.0, 1.0, 1.0, 1.0, 1.0, 1.0, 1.0, 1.0, 0.0, 0.0, 1.0, 1.0, 1.0, 0.0, 0.0, 0.0, 0.0, 1.0, 1.0, 1.0, 1.0, 0.0, 0.0, 0.0, 0.0, 1.0, 0.0, 1.0, 0.0, 0.0, 0.0, 0.0, 0.0, 1.0, 1.0, 1.0, 1.0, 1.0, 0.0, 1.0, 0.0, 1.0, 1.0, 1.0, 0.0, 1.0, 1.0, 0.0, 1.0, 1.0, 1.0, 1.0, 1.0, 0.0, 0.0, 0.0, 0.0, 0.0, 0.0, 0.0, 0.0, 0.0, 1.0, 0.0, 0.0, 1.0, 1.0, 1.0, 1.0, 0.0, 0.0, 0.0, 0.0, 0.0, 0.0, 0.0, 0.0, 0.0, 0.0, 0.0, 0.0, 1.0, 0.0, 1.0, 0.0, 0.0, 0.0, 0.0, 0.0, 1.0, 1.0, 0.0, 0.0, 1.0, 1.0, 1.0, 1.0, 1.0, 1.0, 1.0, 1.0, 1.0, 1.0, 1.0, 1.0, 1.0, 1.0, 1.0, 1.0, 1.0, 0.0, 1.0, 1.0, 0.0, 1.0, 0.0, 1.0, 0.0, 1.0, 0.0, 0.0, 1.0, 1.0, 1.0, 1.0, 0.0, 0.0, 1.0, 0.0, 1.0, 1.0, 1.0, 1.0, 0.0, 0.0, 0.0, 0.0, 0.0, 0.0, 0.0, 1.0, 0.0, 0.0, 0.0, 0.0, 1.0, 1.0, 1.0, 1.0, 0.0, 0.0, 0.0, 0.0, 0.0, 1.0, 1.0, 1.0, 0.0, 1.0, 1.0, 0.0, 1.0, 1.0, 1.0, 1.0, 0.0, 0.0, 0.0, 0.0, 1.0, 0.0, 1.0, 1.0, 1.0, 0.0, 0.0, 1.0, 1.0, 1.0, 1.0, 1.0, 1.0, 1.0, 1.0, 0.0, 0.0, 1.0, 1.0, 1.0, 1.0, 1.0, 0.0, 0.0, 1.0, 1.0, 1.0, 1.0, 0.0, 0.0, 0.0, 0.0, 1.0, 1.0, 1.0, 0.0, 0.0, 0.0, 1.0, 0.0, 1.0, 1.0, 1.0, 1.0, 0.0, 0.0, 0.0, 0.0, 0.0, 0.0, 0.0, 0.0, 0.0, 0.0, 0.0, 0.0, 0.0, 1.0, 0.0, 1.0, 0.0, 1.0, 1.0, 0.0, 1.0, 1.0, 1.0, 1.0, 1.0, 0.0, 0.0, 1.0]",-318.3726801373107,643.2907099349558,1.957578004968404,-5.292505905352122,-5.545177444479562,12.664453352384081,11.090354888959125,442.9663466774293,-16.640062638138197,-16.635532333438686,36.45817910662434,33.27106466687737,0.6173530694834558,"[1.0, 1.0, 1.0, 1.0, 1.0, 0.0, 1.0, 0.0, 1.0, 1.0, 1.0, 1.0, 1.0, 1.0, 1.0, 0.0, 0.0, 0.0, 0.0, 0.0, 0.0, 0.0, 0.0, 0.0, 1.0, 1.0, 1.0, 0.0, 0.0, 0.0, 1.0, 0.0, 0.0, 0.0, 1.0, 1.0, 0.0, 1.0, 1.0, 1.0, 0.0, 0.0, 0.0, 0.0, 0.0, 0.0, 0.0, 0.0, 1.0, 1.0, 1.0, 1.0, 0.0, 0.0, 0.0, 0.0, 1.0, 1.0, 1.0, 1.0, 0.0, 0.0, 0.0, 0.0, 0.0, 0.0, 0.0, 0.0, 0.0, 1.0, 1.0, 0.0, 0.0, 0.0, 0.0, 1.0, 0.0, 0.0, 0.0, 0.0, 1.0, 1.0, 1.0, 1.0, 0.0, 0.0, 0.0, 0.0, 0.0, 0.0, 0.0, 0.0, 1.0, 1.0, 0.0, 1.0, 1.0, 1.0, 1.0, 1.0, 1.0, 1.0, 1.0, 0.0, 1.0, 1.0, 1.0, 1.0, 1.0, 0.0, 1.0, 0.0, 0.0, 1.0, 0.0, 0.0, 1.0, 1.0, 1.0, 0.0, 1.0, 1.0, 0.0, 1.0, 1.0, 0.0, 0.0, 0.0, 1.0, 1.0, 1.0, 0.0, 1.0, 1.0, 1.0, 1.0, 1.0, 1.0, 1.0, 1.0, 0.0, 0.0, 0.0, 0.0, 1.0, 1.0, 1.0, 0.0, 0.0, 0.0, 1.0, 0.0, 0.0, 0.0, 1.0, 0.0, 0.0, 0.0, 0.0, 0.0, 1.0, 1.0, 1.0, 0.0, 0.0, 0.0, 1.0, 0.0, 0.0, 0.0, 0.0, 1.0, 0.0, 0.0, 0.0, 0.0, 0.0, 0.0, 0.0, 1.0, 0.0, 0.0, 0.0, 0.0, 1.0, 1.0, 1.0, 1.0, 0.0, 0.0, 0.0, 0.0, 1.0, 1.0, 1.0, 0.0, 0.0, 0.0, 1.0, 0.0, 1.0, 1.0, 1.0, 1.0, 0.0, 0.0, 0.0, 0.0, 1.0, 1.0, 1.0, 1.0, 0.0, 0.0, 0.0, 0.0, 1.0, 1.0, 1.0, 1.0, 1.0, 1.0, 1.0, 0.0, 0.0, 0.0, 0.0, 0.0, 1.0, 0.0, 0.0, 0.0, 1.0, 1.0, 1.0, 1.0, 1.0, 1.0, 1.0, 1.0, 1.0, 1.0, 1.0, 1.0, 1.0, 1.0, 1.0, 0.0, 0.0, 0.0, 0.0, 0.0, 0.0, 0.0, 0.0, 0.0, 0.0, 1.0, 0.0, 1.0, 0.0, 1.0, 0.0, 1.0, 0.0, 0.0, 0.0, 1.0, 0.0, 0.0, 0.0, 0.0, 1.0, 1.0, 1.0, 0.0, 0.0, 0.0, 1.0, 0.0, 1.0, 1.0, 1.0, 1.0, 1.0, 0.0, 1.0, 0.0, 0.0, 1.0, 1.0, 1.0, 0.0, 0.0, 0.0, 0.0, 1.0, 1.0, 1.0, 0.0, 1.0, 1.0, 1.0, 1.0, 0.0, 1.0, 1.0, 1.0, 0.0, 0.0, 0.0, 0.0, 1.0, 1.0, 1.0, 1.0, 1.0, 1.0, 1.0, 0.0, 1.0, 1.0, 1.0, 1.0, 0.0, 0.0, 0.0, 0.0, 1.0, 1.0, 1.0, 1.0, 0.0, 0.0, 0.0, 0.0, 0.0, 1.0, 0.0, 0.0, 0.0, 0.0, 0.0, 0.0, 0.0, 0.0, 0.0, 0.0, 0.0, 0.0, 0.0, 0.0, 1.0, 0.0, 1.0, 1.0, 1.0, 0.0, 0.0, 1.0, 1.0, 1.0, 1.0, 1.0, 1.0, 0.0, 1.0, 0.0, 1.0, 1.0, 1.0, 1.0, 1.0, 0.0, 1.0, 1.0, 0.0, 0.0, 0.0, 0.0, 0.0, 1.0, 1.0, 0.0, 1.0, 0.0, 0.0, 1.0, 0.0, 0.0, 0.0, 0.0, 1.0, 1.0, 1.0, 0.0, 0.0, 0.0, 1.0, 0.0, 1.0, 1.0, 1.0, 0.0, 0.0, 0.0, 0.0, 0.0, 1.0, 1.0, 1.0, 1.0, 1.0, 1.0, 1.0, 0.0, 0.0, 0.0, 0.0, 0.0, 0.0, 0.0, 0.0, 0.0, 1.0, 0.0, 1.0, 0.0, 0.0, 0.0, 0.0, 0.0, 1.0, 1.0, 1.0, 1.0, 1.0, 1.0, 1.0, 0.0, 1.0, 1.0, 1.0, 1.0, 1.0, 1.0, 0.0, 1.0, 1.0, 1.0, 1.0, 1.0, 0.0, 0.0, 0.0, 0.0, 1.0, 1.0, 1.0, 1.0, 1.0, 1.0, 1.0, 0.0, 0.0, 1.0, 1.0, 1.0, 0.0, 0.0, 0.0, 0.0, 1.0, 1.0, 1.0, 1.0, 0.0, 0.0, 0.0, 0.0, 1.0, 0.0, 1.0, 0.0, 0.0, 0.0, 0.0, 0.0, 1.0, 1.0, 1.0, 1.0, 1.0, 0.0, 1.0, 0.0, 1.0, 1.0, 1.0, 0.0, 1.0, 1.0, 0.0, 1.0, 1.0, 1.0, 1.0, 1.0, 0.0, 0.0, 0.0, 0.0, 0.0, 0.0, 0.0, 0.0, 0.0, 1.0, 0.0, 0.0, 1.0, 1.0, 1.0, 1.0, 0.0, 0.0, 0.0, 0.0, 0.0, 0.0, 0.0, 0.0, 0.0, 0.0, 0.0, 0.0, 1.0, 0.0, 1.0, 0.0, 0.0, 0.0, 0.0, 0.0, 1.0, 1.0, 0.0, 0.0, 1.0, 1.0, 1.0, 1.0, 1.0, 1.0, 1.0, 1.0, 1.0, 1.0, 1.0, 1.0, 1.0, 1.0, 1.0, 1.0, 1.0, 0.0, 1.0, 1.0, 0.0, 1.0, 0.0, 1.0, 0.0, 1.0, 0.0, 0.0, 1.0, 1.0, 1.0, 1.0, 0.0, 0.0, 1.0, 0.0, 1.0, 1.0, 1.0, 1.0, 0.0, 0.0, 0.0, 0.0, 0.0, 0.0, 0.0, 1.0, 0.0, 0.0, 0.0, 0.0, 1.0, 1.0, 1.0, 1.0, 0.0, 0.0, 0.0, 0.0, 0.0, 1.0, 1.0, 1.0, 0.0, 1.0, 1.0, 0.0, 1.0, 1.0, 1.0, 1.0, 0.0, 0.0, 0.0, 0.0, 1.0, 0.0, 1.0, 1.0, 1.0, 0.0, 0.0, 1.0, 1.0, 1.0, 1.0, 1.0, 1.0, 1.0, 1.0, 0.0, 0.0, 0.0, 1.0, 0.0, 0.0, 1.0, 0.0, 0.0, 1.0, 1.0, 1.0, 1.0, 0.0, 0.0, 0.0, 0.0, 1.0, 1.0, 1.0, 0.0, 0.0, 0.0, 1.0, 0.0, 1.0, 1.0, 1.0, 1.0, 0.0, 0.0, 0.0, 0.0, 0.0, 0.0, 0.0, 0.0, 0.0, 0.0, 0.0, 0.0, 0.0, 1.0, 0.0, 1.0, 0.0, 1.0, 1.0, 0.0, 1.0, 1.0, 1.0, 1.0, 1.0, 0.0, 0.0, 1.0]",-311.9759791000219,630.4973078603782,-482.430437669722,964.860875339444,0.01,0.0,-5.545177444479562,2.0794415416798357,11.090354888959125,1.208017024070282,-14.822184073626213,-16.635532333438686,32.82242197760037,33.27106466687737,1.0908740239314543,"[0.0, 0.0, 1.0, 0.0, 0.0, 0.0, 0.0, 0.0, 1.0, 1.0, 1.0, 1.0, 0.877, 0.877, 0.877, 0.0, 1.0, 0.259, 1.0, 1.0, 0.8015, 0.0, 0.259, 1.0, 1.0, 1.0, 1.0, 1.0, 1.0, 1.0, 1.0, 0.0, 0.0, 0.0, 1.0, 0.0, 0.0, 0.0, 1.0, 0.0, 0.0, 0.0, 1.0, 0.0, 0.0, 0.0, 1.0, 0.0, 0.0, 0.0, 0.0, 0.0775, 0.0, 0.0, 0.1635, 0.47100000000000003, 1.0, 1.0, 1.0, 1.0, 0.0, 0.0, 0.0, 0.0, 0.0, 0.0, 0.0, 0.0, 0.0, 0.0, 0.0, 0.0, 1.0, 1.0, 1.0, 1.0, 1.0, 1.0, 1.0, 0.0, 1.0, 1.0, 1.0, 1.0, 0.0, 0.0, 0.0, 0.0, 0.0, 0.0, 0.0, 0.0, 0.0, 0.113, 0.113, 0.0, 0.0, 0.0, 0.0, 1.0, 0.0, 0.0, 0.0, 0.0, 1.0, 1.0, 1.0, 1.0, 0.0, 0.0, 0.0, 0.0, 0.9995, 1.0, 1.0, 0.663, 1.0, 1.0, 1.0, 0.353, 1.0, 1.0, 1.0, 1.0, 0.082, 0.082, 0.0, 0.0, 0.973, 1.0, 0.7655000000000001, 0.605, 0.973, 1.0, 1.0, 0.368, 0.0, 0.0, 1.0, 0.0, 1.0, 0.0, 1.0, 0.0, 1.0, 1.0, 1.0, 1.0, 0.0, 0.0, 1.0, 0.0, 1.0, 1.0, 1.0, 1.0, 0.0, 0.9465, 0.0, 0.0, 0.666, 1.0, 0.666, 0.666, 0.0, 0.0, 0.7975, 0.0, 0.0, 0.9430000000000001, 0.0, 1.0, 1.0, 0.0, 0.0, 0.0, 0.0, 1.0, 0.0, 0.0, 0.0, 0.0, 0.0, 0.0, 1.0, 1.0, 1.0, 1.0, 0.0, 0.0, 0.0, 0.0, 1.0, 1.0, 1.0, 1.0, 1.0, 1.0, 1.0, 0.0005, 1.0, 1.0, 1.0, 1.0, 1.0, 1.0, 0.0, 1.0, 1.0, 1.0, 1.0, 1.0, 0.0, 0.0, 0.0, 0.0, 1.0, 1.0, 1.0, 1.0, 1.0, 1.0, 1.0, 0.0, 1.0, 0.0, 1.0, 0.0, 0.0, 0.0, 0.0, 0.0, 0.0, 1.0, 0.0, 1.0, 0.0, 1.0, 0.0, 1.0, 1.0, 1.0, 1.0, 1.0, 1.0, 1.0, 1.0, 0.0, 1.0, 0.0, 1.0, 1.0, 1.0, 0.0, 0.0, 1.0, 1.0, 1.0, 1.0, 1.0, 1.0, 1.0, 1.0, 1.0, 0.0, 0.9580000000000001, 0.0, 0.0, 0.0, 0.0, 0.0045000000000000005, 0.0, 0.0, 0.0, 0.0, 0.0, 0.0, 0.0, 0.0, 1.0, 0.0, 0.0, 0.0005, 0.0, 0.0, 0.0, 0.0, 0.0, 0.0, 1.0, 0.0, 0.0, 0.0, 0.0, 0.0, 0.0, 1.0, 1.0, 1.0, 0.001, 0.001, 0.001, 1.0, 0.0, 0.0, 0.0, 0.6225, 0.0, 0.0, 0.0, 0.0, 0.0, 1.0, 1.0, 1.0, 1.0, 0.0, 0.0, 0.0, 0.0, 0.0, 0.0, 0.0, 0.0, 0.0, 0.0, 0.0, 0.0, 1.0, 1.0, 1.0, 1.0, 1.0, 1.0, 1.0, 0.0, 0.0, 0.0, 0.0, 1.0, 0.0, 0.0, 1.0, 0.0, 1.0, 1.0, 1.0, 1.0, 0.0, 0.0, 0.0, 0.0, 0.0, 1.0, 0.0, 0.0, 1.0, 0.0, 0.0, 1.0, 1.0, 1.0, 1.0, 1.0, 0.0, 0.0, 0.0, 0.0, 1.0, 1.0, 1.0, 1.0, 1.0, 0.0, 1.0, 1.0, 0.0, 0.0005, 0.0, 0.0, 0.0, 0.38, 0.0, 0.0, 1.0, 1.0, 1.0, 1.0, 0.0, 0.0, 0.0, 0.0, 1.0, 1.0, 1.0, 0.999, 1.0, 1.0, 1.0, 0.0195, 1.0, 1.0, 1.0, 1.0, 0.0, 0.0, 0.0, 0.0, 0.0, 0.6285000000000001, 0.0, 0.328, 0.0, 0.0, 0.6285000000000001, 0.0, 0.0, 0.0, 0.0, 0.0, 0.0, 0.0, 0.0, 1.0, 1.0, 1.0, 1.0, 1.0, 0.0, 0.0, 0.0, 0.0, 1.0, 1.0, 1.0, 1.0, 1.0, 1.0, 1.0, 0.0, 1.0, 1.0, 1.0, 1.0, 1.0, 1.0, 0.0375, 1.0, 1.0, 1.0, 1.0, 1.0, 0.0, 0.0, 0.0, 0.0, 1.0, 1.0, 1.0, 1.0, 1.0, 1.0, 1.0, 0.0, 1.0, 1.0, 1.0, 1.0, 1.0, 1.0, 0.0, 1.0, 1.0, 1.0, 1.0, 1.0, 0.0, 0.0, 0.0, 0.0, 1.0, 1.0, 1.0, 1.0, 1.0, 1.0, 1.0, 1.0, 0.0, 0.0, 0.4395, 0.0, 0.0, 0.0, 0.001, 1.0, 0.0, 0.0, 0.0, 0.0, 0.0, 0.0, 0.0, 0.0, 1.0, 1.0, 1.0, 0.0, 1.0, 0.0, 0.0, 1.0, 0.0, 0.0, 1.0, 1.0, 1.0, 0.0, 0.0, 0.0, 0.0, 0.0, 0.0, 0.0, 0.0, 0.0, 0.0, 0.0, 1.0, 1.0, 1.0, 1.0, 0.0, 0.0, 0.0, 0.0, 0.0, 0.0, 0.0, 0.0, 0.0, 1.0, 0.0, 0.0, 1.0, 1.0, 1.0, 1.0, 0.0, 0.4945, 0.0, 0.0, 1.0, 1.0, 1.0, 1.0, 0.0, 0.0, 1.0, 1.0, 1.0, 1.0, 1.0, 1.0, 0.0, 0.0, 0.0, 0.0, 1.0, 1.0, 1.0, 1.0, 1.0, 0.704, 0.296, 0.0, 1.0, 1.0, 1.0, 1.0, 0.0, 0.0, 1.0, 1.0, 1.0, 1.0, 1.0, 1.0, 0.0, 0.0, 0.0, 0.0, 0.006, 1.0, 0.006, 0.708, 0.298, 1.0, 0.298, 1.0, 1.0, 1.0, 1.0, 1.0, 0.0, 0.0, 0.0, 0.0, 1.0, 0.0, 1.0, 1.0, 1.0, 0.0, 0.0, 1.0, 0.0, 1.0, 1.0, 1.0, 0.0, 0.0, 0.0, 0.0, 1.0, 0.224, 1.0, 1.0, 0.776, 0.0, 0.224, 1.0, 1.0, 1.0, 1.0, 1.0, 0.0, 0.0, 0.0, 0.0, 1.0, 1.0, 0.0, 1.0, 1.0, 1.0, 0.0, 1.0, 1.0, 1.0, 1.0, 1.0, 0.0, 0.0, 0.0, 0.0, 1.0, 1.0, 1.0, 1.0, 1.0, 1.0, 1.0, 0.0, 1.0, 1.0, 1.0, 1.0, 0.0, 0.0, 0.0, 0.0, 0.0, 0.0, 0.0, 0.0, 0.0, 0.0, 0.0, 0.0, 1.0, 0.4865, 1.0, 1.0, 1.0, 0.0075, 0.4865, 1.0, 0.0225, 0.0, 0.0, 0.9775, 0.0, 0.0, 0.0, 0.0]",-419.18595103414617,844.9172517286268,-482.430437669722,964.860875339444,0.5138983422688457,-3.0141612900514945,-5.545177444479562,8.107764121782825,11.090354888959125,97.91014485171651,-16.6358452755303,-16.635532333438686,36.44974438140855,33.27106466687737,0.5787520451143159,"[1.0, 1.0, 1.0, 1.0, 1.0, 0.0, 1.0, 0.0, 1.0, 1.0, 1.0, 1.0, 1.0, 1.0, 1.0, 0.0, 0.0, 0.0, 0.0, 0.0, 0.0, 0.0, 0.0, 0.0, 1.0, 1.0, 1.0, 1.0, 0.0, 0.0, 1.0, 0.0, 0.0, 0.0, 0.0, 0.0, 0.0, 1.0, 0.0, 0.0, 0.0, 0.0, 0.0, 0.0, 0.0, 0.0, 0.0, 0.0, 1.0, 1.0, 1.0, 1.0, 0.0, 0.0, 0.0, 0.0, 1.0, 1.0, 1.0, 1.0, 0.0, 0.0, 0.0, 0.0, 0.0, 0.0, 0.0, 0.0, 0.0, 1.0, 1.0, 0.0, 1.0, 1.0, 1.0, 1.0, 0.0, 0.0, 0.0, 0.0, 1.0, 1.0, 1.0, 1.0, 0.0, 0.0, 0.0, 0.0, 0.0, 0.0, 0.0, 0.0, 0.0, 0.0, 0.0, 0.0, 1.0, 1.0, 1.0, 1.0, 1.0, 1.0, 1.0, 0.0, 1.0, 1.0, 1.0, 1.0, 1.0, 0.0, 1.0, 0.0, 0.0, 1.0, 0.0, 0.0, 1.0, 1.0, 1.0, 0.0, 1.0, 1.0, 0.0, 1.0, 1.0, 0.0, 0.0, 0.0, 1.0, 1.0, 1.0, 0.0, 1.0, 1.0, 1.0, 1.0, 1.0, 1.0, 1.0, 1.0, 0.0, 0.0, 0.0, 0.0, 1.0, 1.0, 1.0, 0.0, 0.0, 0.0, 1.0, 0.0, 0.0, 0.0, 1.0, 0.0, 0.0, 0.0, 0.0, 0.0, 1.0, 1.0, 1.0, 0.0, 0.0, 0.0, 1.0, 0.0, 0.0, 0.0, 0.0, 1.0, 0.0, 0.0, 0.0, 0.0, 0.0, 0.0, 0.0, 1.0, 0.0, 0.0, 0.0, 0.0, 1.0, 1.0, 1.0, 1.0, 0.0, 0.0, 0.0, 0.0, 1.0, 1.0, 1.0, 0.0, 0.0, 0.0, 1.0, 0.0, 1.0, 1.0, 1.0, 1.0, 0.0, 0.0, 0.0, 0.0, 1.0, 1.0, 1.0, 1.0, 0.0, 0.0, 0.0, 0.0, 1.0, 1.0, 1.0, 1.0, 1.0, 1.0, 1.0, 0.0, 0.0, 0.0, 0.0, 0.0, 1.0, 0.0, 0.0, 0.0, 1.0, 1.0, 1.0, 1.0, 1.0, 1.0, 1.0, 1.0, 1.0, 1.0, 1.0, 1.0, 1.0, 1.0, 1.0, 0.0, 0.0, 0.0, 0.0, 0.0, 0.0, 0.0, 0.0, 0.0, 0.0, 1.0, 0.0, 1.0, 0.0, 1.0, 0.0, 1.0, 0.0, 0.0, 0.0, 1.0, 0.0, 0.0, 0.0, 0.0, 1.0, 1.0, 1.0, 0.0, 0.0, 0.0, 1.0, 0.0, 0.0, 0.0, 1.0, 0.0, 0.0, 0.0, 0.0, 0.0, 0.0, 1.0, 1.0, 1.0, 0.0, 0.0, 0.0, 0.0, 1.0, 1.0, 1.0, 0.0, 1.0, 1.0, 1.0, 1.0, 0.0, 0.0, 1.0, 0.0, 0.0, 0.0, 0.0, 0.0, 1.0, 1.0, 1.0, 1.0, 1.0, 1.0, 1.0, 0.0, 1.0, 1.0, 1.0, 1.0, 0.0, 0.0, 0.0, 0.0, 1.0, 1.0, 1.0, 1.0, 0.0, 0.0, 0.0, 0.0, 0.0, 1.0, 0.0, 0.0, 0.0, 0.0, 0.0, 0.0, 0.0, 0.0, 0.0, 0.0, 0.0, 0.0, 0.0, 0.0, 0.0, 0.0, 0.0, 0.0, 0.0, 0.0, 0.0, 0.0, 1.0, 1.0, 0.0, 1.0, 1.0, 0.0, 1.0, 0.0, 1.0, 1.0, 1.0, 1.0, 1.0, 0.0, 1.0, 1.0, 0.0, 0.0, 0.0, 0.0, 0.0, 1.0, 1.0, 0.0, 1.0, 0.0, 0.0, 1.0, 0.0, 0.0, 0.0, 0.0, 1.0, 1.0, 1.0, 0.0, 0.0, 0.0, 1.0, 0.0, 1.0, 1.0, 1.0, 0.0, 0.0, 0.0, 0.0, 0.0, 1.0, 1.0, 1.0, 1.0, 1.0, 1.0, 1.0, 0.0, 0.0, 0.0, 0.0, 0.0, 0.0, 0.0, 0.0, 0.0, 1.0, 0.0, 1.0, 0.0, 0.0, 0.0, 0.0, 0.0, 1.0, 1.0, 1.0, 1.0, 1.0, 1.0, 1.0, 0.0, 1.0, 1.0, 1.0, 1.0, 1.0, 1.0, 0.0, 1.0, 1.0, 1.0, 1.0, 1.0, 0.0, 0.0, 0.0, 0.0, 1.0, 1.0, 1.0, 1.0, 1.0, 1.0, 1.0, 0.0, 0.0, 1.0, 1.0, 1.0, 0.0, 0.0, 0.0, 0.0, 1.0, 1.0, 1.0, 1.0, 0.0, 0.0, 0.0, 0.0, 1.0, 0.0, 1.0, 0.0, 0.0, 0.0, 0.0, 0.0, 1.0, 1.0, 1.0, 1.0, 1.0, 0.0, 1.0, 0.0, 1.0, 1.0, 1.0, 0.0, 1.0, 1.0, 0.0, 1.0, 1.0, 1.0, 1.0, 1.0, 0.0, 0.0, 0.0, 0.0, 0.0, 0.0, 0.0, 0.0, 0.0, 0.0, 0.0, 0.0, 1.0, 1.0, 1.0, 1.0, 0.0, 0.0, 0.0, 0.0, 0.0, 0.0, 0.0, 0.0, 0.0, 0.0, 0.0, 0.0, 0.0, 0.0, 0.0, 0.0, 0.0, 0.0, 0.0, 0.0, 1.0, 1.0, 0.0, 0.0, 1.0, 1.0, 1.0, 1.0, 1.0, 1.0, 1.0, 1.0, 1.0, 1.0, 1.0, 1.0, 1.0, 1.0, 1.0, 1.0, 1.0, 0.0, 1.0, 1.0, 0.0, 1.0, 0.0, 1.0, 0.0, 1.0, 0.0, 0.0, 1.0, 1.0, 1.0, 1.0, 0.0, 0.0, 1.0, 0.0, 1.0, 1.0, 1.0, 1.0, 0.0, 0.0, 0.0, 0.0, 0.0, 0.0, 0.0, 1.0, 0.0, 0.0, 0.0, 0.0, 1.0, 1.0, 1.0, 1.0, 0.0, 0.0, 0.0, 0.0, 0.0, 1.0, 1.0, 1.0, 0.0, 1.0, 1.0, 0.0, 1.0, 1.0, 1.0, 1.0, 0.0, 0.0, 0.0, 0.0, 1.0, 0.0, 1.0, 1.0, 1.0, 0.0, 0.0, 1.0, 1.0, 1.0, 1.0, 1.0, 1.0, 1.0, 1.0, 0.0, 0.0, 1.0, 1.0, 1.0, 1.0, 1.0, 0.0, 0.0, 1.0, 1.0, 1.0, 1.0, 0.0, 0.0, 0.0, 0.0, 1.0, 1.0, 1.0, 0.0, 0.0, 0.0, 1.0, 0.0, 1.0, 1.0, 1.0, 1.0, 0.0, 0.0, 0.0, 0.0, 0.0, 0.0, 0.0, 0.0, 0.0, 0.0, 0.0, 0.0, 0.0, 0.0, 1.0, 1.0, 0.0, 0.0, 0.0, 0.0, 1.0, 1.0, 1.0, 1.0, 1.0, 0.0, 0.0, 1.0]",-295.2442605392121,597.0338707387587,-482.430437669722,964.860875339444,1.1270132162821977,-14.487294036019328,32.152641902386605,1.2846122460949685,-433.45128860920846,873.4479268787513,False,False,False,True,False,0.6666666666666666,0.75,0.5,0.75,0.5,0.75,0.7916666666666666,0.375,0.4166666666666667,0.5,0.7916666666666666,0.375,"Z.forall(lambda x1: Z.lequal(x1,2,'size'),X)","Z.forall(lambda x1: Z.equal(x1,1,'size'),X)","Z.forall(lambda x1: Z.exists(lambda x2: Z.hor_operator(x2,x1,'contact'),X),X)","Z.forall(lambda x1: Z.greater(x1, 3,'size'),X)",0.75,0.625,0.75,0.375,0.5,0.7083333333333334,0.6982758620689655,0.6867816091954023,0.6954022988505747,0.6925287356321839,5.241379310344827,0,0,0,0,0,0
68,83,159,dExckpP5o5,qeg7II_OavRp_YREAAAC,Kappa,at least one is blue AND small,"[True, False, False, False, False, True, True, False]","[False, False, True, False, False, False, False, False]",0.375,0.625,there must be one big cone,[['x1']],"Z.exists(lambda x1: Z.equal(x1,3,'size'),X)",there must be one big cone,"[{'ids': [0, 1, 2, 3, 4], 'colours': ['blue', 'blue', 'green', 'green', 'green'], 'sizes': [1, 2, 1, 2, 3], 'xpos': [0.3094433528812804, 3.922363302427679, 5.337497520816633, 3.1134078380413537, 5.411614333804962], 'ypos': [4.111666666666668, 4.111666666666668, 4.111666666666668, 4.111666666666668, 4.111666653102389], 'rotations': [3.141592653589794, 3.1415926535897927, 3.141592653589793, 3.1415926535897927, 3.1415926801864194], 'orientations': ['upright', 'upright', 'upright', 'upright', 'upright'], 'contact': [[0], [1, 3], [2], [3, 1], [4]], 'grounded': ['yes', 'yes', 'yes', 'yes', 'yes'], 'follow_rule': True}, {'ids': [0, 1, 2, 3, 4], 'colours': ['red', 'blue', 'blue', 'green', 'red'], 'sizes': [2, 2, 2, 1, 1], 'xpos': [3.126772216336319, 0.514481669447132, 6.114612474113792, 6.825973330605589, 3.1205394428218347], 'ypos': [4.109198507962234, 4.1077923870426005, 4.109614064131863, 4.108409757121588, 3.491556417992854], 'rotations': [3.145903685069468, 3.143541032755016, 3.1438809650079063, 3.1392397615369743, 3.1730080241987717], 'orientations': ['upright', 'upright', 'upright', 'upright', 'upright'], 'contact': [[0, 4], [1], [2], [3], [4, 0]], 'grounded': ['yes', 'yes', 'yes', 'yes', 'no'], 'follow_rule': False}, {'ids': [0, 1, 2, 3, 4, 5], 'colours': ['blue', 'red', 'red', 'blue', 'blue', 'green'], 'sizes': [3, 1, 1, 1, 1, 1], 'xpos': [2.3418328041292, 6.530732298417287, 5.709965859830591, 3.5310701334155103, 4.872108804810534, 6.976830763576408], 'ypos': [4.108170725853577, 4.108862941701792, 4.107183774713349, 4.107197460821974, 4.108120131178936, 3.951034421321326], 'rotations': [3.140456636374421, 3.15093855473937, 3.1408796274354582, 3.1430157455449907, 3.144083929958687, 3.689025326076293], 'orientations': ['upright', 'upright', 'upright', 'upright', 'upright', 'strange'], 'contact': [[0], [1, 5], [2], [3], [4], [5, 1]], 'grounded': ['yes', 'yes', 'yes', 'yes', 'yes', 'yes'], 'follow_rule': True}, {'ids': [0, 1, 2, 3, 4, 5, 6], 'colours': ['red', 'red', 'red', 'blue', 'blue', 'red', 'red'], 'sizes': [3, 2, 2, 2, 2, 1, 1], 'xpos': [4.988939941940522, 0.46975189028824416, 1.0232291653313628, 5.706506291240936, 0.5126255135057117, 7.091377717093896, 0.28555667187299794], 'ypos': [4.108908723622524, 4.05454255621227, 3.730069193088707, 3.730810948436052, 3.7590756982405895, 4.1074676498856215, 2.938538791945533], 'rotations': [3.1471085676486052, 3.286605566991233, 5.049119805366112, 5.049097643385408, 3.2872125002735246, 3.1437937218364116, 2.7832973530487513], 'orientations': ['upright', 'upright', 'rhs', 'rhs', 'upright', 'upright', 'upright'], 'contact': [[0], [1, 4], [2], [3], [4, 1, 6], [5], [6, 4]], 'grounded': ['yes', 'yes', 'yes', 'yes', 'no', 'yes', 'no'], 'follow_rule': False}, {'ids': [0, 1, 2, 3, 4, 5], 'colours': ['red', 'green', 'green', 'green', 'red', 'blue'], 'sizes': [3, 1, 2, 2, 1, 1], 'xpos': [2.9019542885062024, 0.6024896811389334, 2.4920293907304334, 4.793651998836749, 1.2840640843802542, 5.328373284092759], 'ypos': [4.106444959262363, 4.107693345874443, 3.201847272756203, 4.110114189140097, 4.107449988660199, 3.827900541922932], 'rotations': [3.1310843297260322, 3.1411857165125765, 3.741540706493068, 3.1412016600216117, 3.1451722170788297, 5.067671843536836], 'orientations': ['upright', 'upright', 'strange', 'upright', 'upright', 'rhs'], 'contact': [[0, 2], [1], [2, 0], [3], [4], [5]], 'grounded': ['yes', 'yes', 'no', 'yes', 'yes', 'yes'], 'follow_rule': True}, {'ids': [0, 1, 2, 3, 4], 'colours': ['blue', 'blue', 'blue', 'blue', 'blue'], 'sizes': [3, 1, 1, 2, 2], 'xpos': [1.8067042350731284, 0.5577257809658263, 2.1814398689841057, 6.766224888397054, 3.4330338364521675], 'ypos': [3.637899797980127, 4.107437645989106, 3.554461106528096, 4.108277323858227, 3.7316336458013066], 'rotations': [5.037664258136728, 3.1434804195595736, 2.575379318698925, 3.137283689949853, 5.047662463975051], 'orientations': ['rhs', 'upright', 'strange', 'upright', 'rhs'], 'contact': [[0, 2], [1], [2, 0], [3], [4]], 'grounded': ['yes', 'yes', 'no', 'yes', 'yes'], 'follow_rule': True}, {'ids': [0, 1, 2, 3, 4], 'colours': ['red', 'green', 'green', 'red', 'red'], 'sizes': [3, 1, 1, 1, 2], 'xpos': [2.921869865615086, 4.122457958123491, 3.321611163637016, 1.2126091959279248, 1.8086859808642708], 'ypos': [4.110063673849943, 3.8305793324793527, 3.769704833109636, 3.8296489139856886, 3.763444818053737], 'rotations': [3.144798651756769, 1.2138202137802074, 4.36253473726179, 5.068406923871921, 4.176233628063492], 'orientations': ['upright', 'lhs', 'strange', 'rhs', 'strange'], 'contact': [[0, 4, 2], [1, 2], [2, 0, 1], [3], [4, 0]], 'grounded': ['yes', 'yes', 'no', 'yes', 'yes'], 'follow_rule': False}, {'ids': [0, 1, 2, 3, 4, 5, 6, 7], 'colours': ['red', 'red', 'blue', 'blue', 'green', 'green', 'green', 'green'], 'sizes': [1, 1, 1, 1, 1, 1, 2, 3], 'xpos': [5.370332096151315, 2.205169688567152, 3.3137629976300365, 5.844801230491791, 2.615817821652254, 3.761393023202524, 0.7740124698617343, 6.537218340825824], 'ypos': [4.109063723886676, 4.108800458826844, 4.10808653973582, 3.831008453342525, 3.8507888568392934, 3.8302036808194027, 4.108260375837707, 3.886548111869489], 'rotations': [3.1474626652129496, 3.1396558831312915, 3.14326775100125, 5.070579209685355, 4.176016962950049, 5.065764362114704, 3.143022351717903, 3.6006005982580485], 'orientations': ['upright', 'upright', 'upright', 'rhs', 'strange', 'rhs', 'upright', 'upright'], 'contact': [[0], [1], [2, 4], [3, 7], [4, 2], [5], [6], [7, 3]], 'grounded': ['yes', 'yes', 'yes', 'yes', 'yes', 'yes', 'yes', 'yes'], 'follow_rule': True}, {'ids': [0, 1, 2, 3, 4, 5, 6, 7], 'colours': ['red', 'blue', 'blue', 'red', 'red', 'green', 'red', 'blue'], 'sizes': [3, 1, 2, 2, 3, 2, 1, 2], 'xpos': [3.73068127782473, 5.21143043275308, 0.628029634657912, 5.41985831114537, 3.73221495043733, 2.6881904061602, 2.69592462610732, 4.6441478837753], 'ypos': [4.15955293434237, 3.88040887163376, 3.77952636825576, 4.00866939013447, 3.84618730815599, 4.16046505787232, 3.36197381341272, 4.15735107629793], 'rotations': [3.14513282779734, 5.0677355060028, 5.0513292843393, 2.88192941289468, 3.14453575957132, 3.13858862708556, 2.60114260528712, 3.14253353812844], 'contact': [[0, 4], [1, 3], 2, [3, 1, 7], [4, 0], [5, 6], [6, 5], [7, 3]], 'grounded': ['yes', 'yes', 'yes', 'no', 'no', 'yes', 'no', 'yes']}, {'ids': [0, 1, 2, 3, 4], 'colours': ['green', 'red', 'red', 'blue', 'blue'], 'sizes': [3, 3, 3, 1, 1], 'xpos': [0.494087661193018, 3.9483348516538, 5.27168256714865, 5.34332261433319, 0.73624872055367], 'ypos': [4.03747541930378, 4.15789345817489, 3.68793264237984, 3.6957884966519, 3.12182877557111], 'rotations': [3.39186622255945, 3.13985318391394, 5.03796059957422, 0.88254982855712, 3.37051889969503], 'contact': [[0, 4], 1, [2, 3], [3, 2], [4, 0]], 'grounded': ['yes', 'yes', 'yes', 'yes', 'no']}, {'ids': [0, 1, 2, 3], 'colours': ['red', 'blue', 'blue', 'green'], 'sizes': [1, 1, 2, 2], 'xpos': [3.18059163568182, 0.310290458717288, 3.1806567054277, 2.31556998810598], 'ypos': [4.16168723431181, 4.15876638336768, 4.1487939044355, 4.15777861520172], 'rotations': [3.14159140357956, 3.14265904643877, 3.14147445775215, 3.14506697679819], 'contact': [[0, 2], 1, [2, 0], 3], 'grounded': ['yes', 'yes', 'no', 'yes']}, {'ids': [0, 1, 2], 'colours': ['red', 'blue', 'blue'], 'sizes': [2, 1, 1], 'xpos': [4.18368803941992, 0.414042657065262, 2.15035350734386], 'ypos': [3.77956682056473, 4.15748311487421, 3.8762597297667], 'rotations': [1.23393916549627, 3.14433838895914, 1.21175410086331], 'contact': [{'V1': 0, 'V2': 1, 'V3': 2}], 'grounded': ['yes', 'yes', 'yes']}, {'ids': [0, 1, 2, 3], 'colours': ['red', 'blue', 'green', 'green'], 'sizes': [1, 2, 3, 2], 'xpos': [3.51554594721066, 0.952630095552302, 1.15938786102465, 4.3365248890533], 'ypos': [4.15861023322789, 3.78844050360235, 3.68324865018165, 3.81210635173936], 'rotations': [3.13374769948046, 1.95279692618981, 5.03789515425762, 2.09958352806452], 'contact': [[0, 3], 1, 2, [3, 0]], 'grounded': ['yes', 'yes', 'yes', 'yes']}, {'ids': [0, 1, 2, 3, 4, 5, 6], 'colours': ['red', 'green', 'green', 'red', 'red', 'green', 'blue'], 'sizes': [2, 2, 1, 2, 3, 1, 2], 'xpos': [6.87642919084431, 0.500811040908878, 6.83118798955539, 0.500811040908877, 2.84733119936067, 4.8509860534385, 6.36697442237732], 'ypos': [4.16175085069598, 4.16166666666667, 3.43496091839389, 3.86081693802354, 3.68420776646255, 3.88048305615273, 3.30313545616522], 'rotations': [3.14149734712368, 3.14159265358979, 3.21473720201577, 3.1415926535898, 5.03748075887867, 5.06844557980735, 3.76206868572812], 'contact': [[0, 6, 2], [1, 3], [2, 0, 6], [3, 1], 4, 5, [6, 0, 2]], 'grounded': ['yes', 'yes', 'no', 'no', 'yes', 'yes', 'no']}, {'ids': [0, 1, 2, 3], 'colours': ['green', 'red', 'green', 'green'], 'sizes': [3, 2, 3, 1], 'xpos': [0.68898442305447, 3.35991414777035, 6.19696481477246, 0.285852488312505], 'ypos': [4.14082379374931, 3.77953993499473, 3.68347394204074, 3.22090721981064], 'rotations': [3.17946147794873, 5.05131141313782, 1.24390261182064, 2.78305328423849], 'contact': [[0, 3], 1, 2, [3, 0]], 'grounded': ['yes', 'yes', 'yes', 'no']}, {'ids': [0, 1, 2, 3, 4, 5], 'colours': ['blue', 'green', 'red', 'green', 'red', 'red'], 'sizes': [2, 1, 3, 3, 2, 2], 'xpos': [1.90901458039544, 3.20404317572615, 5.35557787085149, 2.21502873493383, 4.45133508655654, 0.411178438002497], 'ypos': [4.15997299836821, 3.9724254650111, 3.68341260130509, 3.66870790290145, 3.29547827552602, 4.15884184210246], 'rotations': [3.14582683698787, 3.82418159605204, 1.24456815445981, 4.50974799681394, 6.86637263771617, 3.14292060739547], 'contact': [[0, 3], [1, 3], [2, 4], [3, 0, 1], [4, 2], 5], 'grounded': ['yes', 'yes', 'yes', 'yes', 'yes', 'yes']}]","[True, True, True, True, False, False, False, False]","[True, False, False, False, True, False, False, True]","[False, False, False, False, False, True, True, False]","[False, True, True, True, False, False, False, False]","[True, True, True, True, False, False, False, False]","[False, False, True, False, True, True, True, True]","[False, False, False, False, False, False, False, False]","[True, True, False, True, False, False, False, False]",-0.625,-0.375,-0.25,0.0,0.375,0.625,0.375,0.625,0.0,0.0,0.25,0.0,0.625,0.375,3.199249192640459,-5.479531889393222,-5.545177444479562,13.03850532046628,11.090354888959125,3.7478119440303437,-16.446426172623212,-16.635532333438686,36.070906175594374,33.27106466687737,1.0502311195665048,"[1.0, 1.0, 1.0, 1.0, 1.0, 0.0, 1.0, 0.0, 1.0, 1.0, 1.0, 1.0, 1.0, 1.0, 1.0, 0.0135, 0.9530000000000001, 0.092, 0.5895, 0.5895, 1.0, 0.0, 0.0, 0.861, 1.0, 1.0, 1.0, 0.2925, 0.999, 0.999, 1.0, 0.7155, 0.0, 0.0, 1.0, 0.0, 0.0, 0.0, 1.0, 0.0, 0.0, 0.0, 1.0, 0.0, 0.0, 0.0, 1.0, 0.0, 1.0, 1.0, 1.0, 1.0, 0.0, 0.0, 0.0, 0.0, 1.0, 1.0, 1.0, 1.0, 0.935, 0.935, 0.935, 0.935, 1.0, 1.0, 1.0, 1.0, 0.0, 1.0, 0.0, 0.0, 0.0, 1.0, 1.0, 1.0, 1.0, 1.0, 1.0, 1.0, 1.0, 1.0, 1.0, 1.0, 0.0935, 0.0935, 0.0935, 0.0935, 1.0, 1.0, 1.0, 1.0, 1.0, 1.0, 1.0, 1.0, 1.0, 1.0, 1.0, 1.0, 1.0, 1.0, 1.0, 0.013000000000000001, 1.0, 1.0, 0.998, 1.0, 1.0, 0.002, 0.998, 0.002, 1.0, 1.0, 1.0, 1.0, 1.0, 1.0, 1.0, 0.0, 0.973, 1.0, 0.9530000000000001, 1.0, 0.8925000000000001, 0.9195, 0.17400000000000002, 0.201, 1.0, 1.0, 1.0, 1.0, 0.0, 0.0, 0.0, 0.0, 1.0, 1.0, 1.0, 0.24, 1.0, 1.0, 0.968, 1.0, 0.653, 0.653, 0.653, 1.0, 0.2535, 0.2535, 0.7035, 0.10300000000000001, 1.0, 1.0, 1.0, 1.0, 0.0, 1.0, 0.0, 0.0, 1.0, 1.0, 1.0, 0.012, 0.988, 0.988, 1.0, 1.0, 1.0, 0.0, 1.0, 1.0, 1.0, 0.0, 0.0, 1.0, 0.0, 0.0, 0.0, 1.0, 1.0, 0.0, 0.0, 0.0, 1.0, 1.0, 1.0, 1.0, 0.0, 0.0, 0.0, 0.0, 1.0, 1.0, 1.0, 1.0, 0.0, 0.0, 0.0, 0.0, 1.0, 1.0, 1.0, 1.0, 1.0, 1.0, 0.841, 1.0, 1.0, 1.0, 1.0, 1.0, 0.0, 0.0, 0.0, 0.0, 1.0, 1.0, 1.0, 1.0, 1.0, 1.0, 1.0, 0.0, 0.197, 0.0, 0.85, 0.653, 0.803, 0.0, 0.0, 0.0, 0.8525, 0.847, 0.9935, 0.847, 0.28300000000000003, 0.4305, 0.426, 0.426, 1.0, 1.0, 1.0, 1.0, 1.0, 1.0, 1.0, 0.0, 0.798, 1.0, 0.7995, 0.7995, 0.0275, 0.029, 0.2265, 0.1975, 1.0, 1.0, 1.0, 1.0, 0.0, 0.0, 0.0, 0.0, 0.862, 0.854, 0.8595, 0.8955000000000001, 0.045, 0.0005, 0.8695, 0.8505, 1.0, 1.0, 1.0, 0.022, 1.0, 1.0, 1.0, 0.978, 0.28400000000000003, 0.0145, 0.1885, 0.0275, 0.2755, 0.0, 0.0015, 0.013000000000000001, 0.0, 0.0, 0.0, 1.0, 1.0, 0.0, 0.0, 0.0, 1.0, 1.0, 1.0, 1.0, 0.0, 0.0, 0.0, 0.0, 1.0, 1.0, 1.0, 1.0, 1.0, 0.0, 1.0, 0.0, 1.0, 1.0, 1.0, 1.0, 1.0, 1.0, 1.0, 0.0, 1.0, 1.0, 1.0, 0.728, 0.8265, 0.5545, 0.5545, 0.8265, 1.0, 1.0, 1.0, 1.0, 1.0, 1.0, 1.0, 1.0, 1.0, 1.0, 1.0, 0.8715, 0.9365, 0.8695, 0.8695, 0.9365, 0.229, 0.229, 0.229, 0.229, 0.801, 0.03, 0.03, 0.801, 0.0, 0.0, 0.0, 1.0, 1.0, 0.0, 0.0, 0.0, 0.108, 0.114, 0.2315, 0.108, 0.114, 0.07050000000000001, 0.0495, 0.006, 1.0, 1.0, 1.0, 1.0, 0.0, 0.0, 0.0, 0.0, 0.8955000000000001, 0.895, 0.0115, 0.0, 0.883, 0.0, 0.0, 0.0, 1.0, 1.0, 1.0, 1.0, 0.0, 0.0, 0.0, 0.0, 0.902, 0.902, 0.902, 0.678, 0.88, 0.88, 0.902, 0.807, 1.0, 1.0, 1.0, 1.0, 0.0, 0.0, 0.0, 0.0, 1.0, 1.0, 1.0, 1.0, 1.0, 1.0, 1.0, 0.0, 1.0, 1.0, 1.0, 1.0, 0.0, 0.0, 0.0, 0.0, 1.0, 1.0, 1.0, 1.0, 0.008, 0.008, 0.008, 0.008, 1.0, 1.0, 1.0, 1.0, 1.0, 1.0, 1.0, 0.0, 1.0, 1.0, 1.0, 1.0, 1.0, 1.0, 0.6980000000000001, 1.0, 1.0, 1.0, 1.0, 1.0, 0.0, 0.0, 0.0, 0.0, 1.0, 1.0, 1.0, 1.0, 1.0, 1.0, 1.0, 0.0, 0.9530000000000001, 0.9530000000000001, 0.9530000000000001, 1.0, 1.0, 1.0, 0.641, 0.9530000000000001, 1.0, 1.0, 1.0, 1.0, 0.0, 0.0, 0.0, 0.0, 1.0, 1.0, 1.0, 1.0, 1.0, 1.0, 1.0, 1.0, 1.0, 1.0, 1.0, 1.0, 0.0, 0.0, 0.0, 0.0, 1.0, 1.0, 1.0, 1.0, 1.0, 1.0, 1.0, 1.0, 1.0, 1.0, 1.0, 1.0, 0.021500000000000002, 0.021500000000000002, 0.021500000000000002, 0.021500000000000002, 0.021500000000000002, 0.003, 0.02, 0.0095, 0.0095, 0.964, 0.9555, 0.0095, 1.0, 1.0, 1.0, 1.0, 1.0, 1.0, 1.0, 1.0, 1.0, 1.0, 1.0, 1.0, 0.0, 0.0, 0.0, 0.0, 1.0, 1.0, 1.0, 1.0, 0.0, 0.0, 1.0, 1.0, 1.0, 0.873, 0.198, 0.198, 1.0, 1.0, 0.6905, 1.0, 1.0, 1.0, 1.0, 1.0, 1.0, 1.0, 1.0, 0.0, 1.0, 0.999, 0.999, 1.0, 0.0025, 0.0025, 0.0025, 0.0025, 1.0, 1.0, 1.0, 1.0, 1.0, 0.686, 0.314, 0.0, 1.0, 1.0, 1.0, 1.0, 0.524, 0.524, 1.0, 0.47600000000000003, 1.0, 1.0, 1.0, 1.0, 0.008, 0.008, 0.008, 0.008, 0.9935, 0.9935, 0.9775, 0.9935, 0.9935, 0.0225, 0.988, 0.017, 1.0, 1.0, 1.0, 1.0, 0.0725, 0.0725, 0.0725, 0.0725, 0.041, 1.0, 1.0, 0.9590000000000001, 0.041, 0.9590000000000001, 1.0, 0.0, 0.7435, 0.9835, 0.7425, 0.986, 0.7435, 0.7435, 0.256, 0.987, 1.0, 0.005, 1.0, 1.0, 1.0, 0.005, 0.005, 1.0, 1.0, 1.0, 1.0, 1.0, 1.0, 1.0, 1.0, 0.0, 1.0, 1.0, 1.0, 1.0, 0.0, 0.0, 0.0, 0.0, 1.0, 1.0, 1.0, 1.0, 0.0, 0.0, 0.0, 0.0, 0.9705, 0.9705, 0.9145, 1.0, 0.8015, 0.8015, 0.9705, 0.7865, 1.0, 1.0, 1.0, 1.0, 0.0, 0.0, 0.0, 0.0, 1.0, 1.0, 1.0, 1.0, 0.0, 0.0, 0.0, 0.0, 1.0, 1.0, 1.0, 1.0, 0.0, 0.0, 0.0, 0.0, 1.0, 1.0, 1.0, 1.0, 1.0, 1.0, 1.0, 1.0]",-418.5875071169283,843.720363894191,-482.430437669722,964.860875339444,581.2177874783156,-5.550341981061054,13.180125503801944,442.9663466774293,-16.640062638138197,36.45817910662434,0.6334250289943713,"[1.0, 1.0, 1.0, 1.0, 1.0, 0.0, 1.0, 0.0, 1.0, 1.0, 1.0, 1.0, 1.0, 1.0, 1.0, 0.0, 0.0, 0.0, 0.0, 0.0, 0.0, 0.0, 0.0, 0.0, 1.0, 1.0, 1.0, 0.0, 0.0, 0.0, 1.0, 0.0, 0.0, 0.0, 1.0, 1.0, 0.0, 1.0, 1.0, 1.0, 1.0, 1.0, 1.0, 1.0, 0.0, 0.0, 1.0, 1.0, 1.0, 1.0, 1.0, 1.0, 0.0, 0.0, 0.0, 0.0, 1.0, 1.0, 1.0, 1.0, 0.0, 0.0, 0.0, 0.0, 0.0, 0.0, 0.0, 0.0, 0.0, 1.0, 1.0, 0.0, 1.0, 1.0, 1.0, 1.0, 0.0, 0.0, 0.0, 0.0, 1.0, 1.0, 1.0, 1.0, 0.0, 0.0, 0.0, 0.0, 1.0, 1.0, 1.0, 1.0, 1.0, 1.0, 0.0, 1.0, 1.0, 1.0, 1.0, 1.0, 1.0, 1.0, 1.0, 0.0, 1.0, 1.0, 1.0, 1.0, 1.0, 0.0, 1.0, 0.0, 0.0, 1.0, 0.0, 0.0, 1.0, 1.0, 1.0, 0.0, 1.0, 1.0, 0.0, 1.0, 1.0, 0.0, 0.0, 0.0, 1.0, 1.0, 1.0, 0.0, 1.0, 1.0, 1.0, 1.0, 1.0, 1.0, 1.0, 1.0, 0.0, 0.0, 0.0, 0.0, 1.0, 1.0, 1.0, 0.0, 0.0, 0.0, 1.0, 0.0, 0.0, 0.0, 1.0, 0.0, 0.0, 0.0, 0.0, 0.0, 1.0, 1.0, 1.0, 0.0, 0.0, 0.0, 1.0, 0.0, 0.0, 0.0, 0.0, 1.0, 0.0, 0.0, 0.0, 0.0, 0.0, 0.0, 0.0, 1.0, 0.0, 0.0, 0.0, 0.0, 1.0, 1.0, 1.0, 1.0, 0.0, 0.0, 0.0, 0.0, 1.0, 1.0, 1.0, 0.0, 0.0, 0.0, 1.0, 0.0, 1.0, 1.0, 1.0, 1.0, 0.0, 0.0, 0.0, 0.0, 1.0, 1.0, 1.0, 1.0, 0.0, 0.0, 0.0, 0.0, 1.0, 1.0, 1.0, 1.0, 1.0, 1.0, 1.0, 0.0, 0.0, 0.0, 0.0, 0.0, 1.0, 0.0, 0.0, 0.0, 1.0, 1.0, 1.0, 1.0, 1.0, 1.0, 1.0, 1.0, 1.0, 1.0, 1.0, 1.0, 1.0, 1.0, 1.0, 0.0, 0.0, 0.0, 0.0, 0.0, 0.0, 0.0, 0.0, 0.0, 0.0, 1.0, 0.0, 1.0, 0.0, 1.0, 0.0, 1.0, 0.0, 0.0, 0.0, 1.0, 0.0, 0.0, 0.0, 0.0, 1.0, 1.0, 1.0, 0.0, 0.0, 0.0, 1.0, 0.0, 1.0, 1.0, 1.0, 1.0, 1.0, 0.0, 1.0, 0.0, 0.0, 1.0, 1.0, 1.0, 0.0, 0.0, 0.0, 0.0, 1.0, 1.0, 1.0, 0.0, 1.0, 1.0, 1.0, 1.0, 0.0, 1.0, 1.0, 1.0, 0.0, 0.0, 0.0, 0.0, 1.0, 1.0, 1.0, 1.0, 1.0, 1.0, 1.0, 0.0, 1.0, 1.0, 1.0, 1.0, 0.0, 0.0, 0.0, 0.0, 1.0, 1.0, 1.0, 1.0, 0.0, 0.0, 0.0, 0.0, 0.0, 1.0, 0.0, 0.0, 0.0, 0.0, 0.0, 0.0, 1.0, 1.0, 1.0, 1.0, 1.0, 0.0, 1.0, 1.0, 0.0, 0.0, 0.0, 0.0, 0.0, 1.0, 1.0, 0.0, 1.0, 1.0, 1.0, 1.0, 1.0, 0.0, 1.0, 0.0, 1.0, 1.0, 1.0, 1.0, 1.0, 0.0, 1.0, 1.0, 0.0, 0.0, 0.0, 0.0, 0.0, 1.0, 1.0, 0.0, 1.0, 0.0, 0.0, 1.0, 0.0, 0.0, 0.0, 0.0, 1.0, 1.0, 1.0, 0.0, 0.0, 0.0, 1.0, 0.0, 1.0, 1.0, 1.0, 0.0, 0.0, 0.0, 0.0, 0.0, 1.0, 1.0, 1.0, 1.0, 1.0, 1.0, 1.0, 0.0, 0.0, 0.0, 0.0, 0.0, 0.0, 0.0, 0.0, 0.0, 1.0, 0.0, 1.0, 0.0, 0.0, 0.0, 0.0, 0.0, 1.0, 1.0, 1.0, 1.0, 1.0, 1.0, 1.0, 0.0, 1.0, 1.0, 1.0, 1.0, 1.0, 1.0, 0.0, 1.0, 1.0, 1.0, 1.0, 1.0, 0.0, 0.0, 0.0, 0.0, 1.0, 1.0, 1.0, 1.0, 1.0, 1.0, 1.0, 0.0, 0.0, 1.0, 1.0, 1.0, 0.0, 0.0, 0.0, 0.0, 1.0, 1.0, 1.0, 1.0, 0.0, 0.0, 0.0, 0.0, 1.0, 0.0, 1.0, 0.0, 0.0, 0.0, 0.0, 0.0, 1.0, 1.0, 1.0, 1.0, 1.0, 0.0, 1.0, 0.0, 1.0, 1.0, 1.0, 0.0, 1.0, 1.0, 0.0, 1.0, 1.0, 1.0, 1.0, 1.0, 0.0, 0.0, 0.0, 0.0, 0.0, 0.0, 0.0, 0.0, 0.0, 1.0, 0.0, 0.0, 1.0, 1.0, 1.0, 1.0, 0.0, 0.0, 0.0, 0.0, 0.0, 0.0, 0.0, 0.0, 0.0, 0.0, 0.0, 0.0, 1.0, 0.0, 1.0, 0.0, 0.0, 0.0, 0.0, 0.0, 1.0, 1.0, 0.0, 0.0, 1.0, 1.0, 1.0, 1.0, 1.0, 1.0, 1.0, 1.0, 1.0, 1.0, 1.0, 1.0, 1.0, 1.0, 1.0, 1.0, 1.0, 0.0, 1.0, 1.0, 0.0, 1.0, 0.0, 1.0, 0.0, 1.0, 0.0, 0.0, 1.0, 1.0, 1.0, 1.0, 0.0, 0.0, 1.0, 0.0, 1.0, 1.0, 1.0, 1.0, 0.0, 0.0, 0.0, 0.0, 0.0, 0.0, 0.0, 1.0, 0.0, 0.0, 0.0, 0.0, 1.0, 1.0, 1.0, 1.0, 0.0, 0.0, 0.0, 0.0, 0.0, 1.0, 1.0, 1.0, 0.0, 1.0, 1.0, 0.0, 1.0, 1.0, 1.0, 1.0, 0.0, 0.0, 0.0, 0.0, 1.0, 0.0, 1.0, 1.0, 1.0, 0.0, 0.0, 1.0, 1.0, 1.0, 1.0, 1.0, 1.0, 1.0, 1.0, 0.0, 0.0, 1.0, 1.0, 1.0, 1.0, 1.0, 0.0, 0.0, 1.0, 1.0, 1.0, 1.0, 0.0, 0.0, 0.0, 0.0, 1.0, 1.0, 1.0, 0.0, 0.0, 0.0, 1.0, 0.0, 1.0, 1.0, 1.0, 1.0, 0.0, 0.0, 0.0, 0.0, 0.0, 0.0, 0.0, 0.0, 0.0, 0.0, 0.0, 0.0, 0.0, 1.0, 0.0, 1.0, 0.0, 1.0, 1.0, 0.0, 1.0, 1.0, 1.0, 1.0, 1.0, 0.0, 0.0, 1.0]",-318.3726801373107,643.2907099349558,581.2177874783156,-5.550341981061054,-5.545177444479562,13.180125503801944,11.090354888959125,442.9663466774293,-16.640062638138197,-16.635532333438686,36.45817910662434,33.27106466687737,0.6173530694834558,"[1.0, 1.0, 1.0, 1.0, 1.0, 0.0, 1.0, 0.0, 1.0, 1.0, 1.0, 1.0, 1.0, 1.0, 1.0, 0.0, 0.0, 0.0, 0.0, 0.0, 0.0, 0.0, 0.0, 0.0, 1.0, 1.0, 1.0, 0.0, 0.0, 0.0, 1.0, 0.0, 0.0, 0.0, 1.0, 1.0, 0.0, 1.0, 1.0, 1.0, 0.0, 0.0, 0.0, 0.0, 0.0, 0.0, 0.0, 0.0, 1.0, 1.0, 1.0, 1.0, 0.0, 0.0, 0.0, 0.0, 1.0, 1.0, 1.0, 1.0, 0.0, 0.0, 0.0, 0.0, 0.0, 0.0, 0.0, 0.0, 0.0, 1.0, 1.0, 0.0, 0.0, 0.0, 0.0, 1.0, 0.0, 0.0, 0.0, 0.0, 1.0, 1.0, 1.0, 1.0, 0.0, 0.0, 0.0, 0.0, 0.0, 0.0, 0.0, 0.0, 1.0, 1.0, 0.0, 1.0, 1.0, 1.0, 1.0, 1.0, 1.0, 1.0, 1.0, 0.0, 1.0, 1.0, 1.0, 1.0, 1.0, 0.0, 1.0, 0.0, 0.0, 1.0, 0.0, 0.0, 1.0, 1.0, 1.0, 0.0, 1.0, 1.0, 0.0, 1.0, 1.0, 0.0, 0.0, 0.0, 1.0, 1.0, 1.0, 0.0, 1.0, 1.0, 1.0, 1.0, 1.0, 1.0, 1.0, 1.0, 0.0, 0.0, 0.0, 0.0, 1.0, 1.0, 1.0, 0.0, 0.0, 0.0, 1.0, 0.0, 0.0, 0.0, 1.0, 0.0, 0.0, 0.0, 0.0, 0.0, 1.0, 1.0, 1.0, 0.0, 0.0, 0.0, 1.0, 0.0, 0.0, 0.0, 0.0, 1.0, 0.0, 0.0, 0.0, 0.0, 0.0, 0.0, 0.0, 1.0, 0.0, 0.0, 0.0, 0.0, 1.0, 1.0, 1.0, 1.0, 0.0, 0.0, 0.0, 0.0, 1.0, 1.0, 1.0, 0.0, 0.0, 0.0, 1.0, 0.0, 1.0, 1.0, 1.0, 1.0, 0.0, 0.0, 0.0, 0.0, 1.0, 1.0, 1.0, 1.0, 0.0, 0.0, 0.0, 0.0, 1.0, 1.0, 1.0, 1.0, 1.0, 1.0, 1.0, 0.0, 0.0, 0.0, 0.0, 0.0, 1.0, 0.0, 0.0, 0.0, 1.0, 1.0, 1.0, 1.0, 1.0, 1.0, 1.0, 1.0, 1.0, 1.0, 1.0, 1.0, 1.0, 1.0, 1.0, 0.0, 0.0, 0.0, 0.0, 0.0, 0.0, 0.0, 0.0, 0.0, 0.0, 1.0, 0.0, 1.0, 0.0, 1.0, 0.0, 1.0, 0.0, 0.0, 0.0, 1.0, 0.0, 0.0, 0.0, 0.0, 1.0, 1.0, 1.0, 0.0, 0.0, 0.0, 1.0, 0.0, 1.0, 1.0, 1.0, 1.0, 1.0, 0.0, 1.0, 0.0, 0.0, 1.0, 1.0, 1.0, 0.0, 0.0, 0.0, 0.0, 1.0, 1.0, 1.0, 0.0, 1.0, 1.0, 1.0, 1.0, 0.0, 1.0, 1.0, 1.0, 0.0, 0.0, 0.0, 0.0, 1.0, 1.0, 1.0, 1.0, 1.0, 1.0, 1.0, 0.0, 1.0, 1.0, 1.0, 1.0, 0.0, 0.0, 0.0, 0.0, 1.0, 1.0, 1.0, 1.0, 0.0, 0.0, 0.0, 0.0, 0.0, 1.0, 0.0, 0.0, 0.0, 0.0, 0.0, 0.0, 0.0, 0.0, 0.0, 0.0, 0.0, 0.0, 0.0, 0.0, 1.0, 0.0, 1.0, 1.0, 1.0, 0.0, 0.0, 1.0, 1.0, 1.0, 1.0, 1.0, 1.0, 0.0, 1.0, 0.0, 1.0, 1.0, 1.0, 1.0, 1.0, 0.0, 1.0, 1.0, 0.0, 0.0, 0.0, 0.0, 0.0, 1.0, 1.0, 0.0, 1.0, 0.0, 0.0, 1.0, 0.0, 0.0, 0.0, 0.0, 1.0, 1.0, 1.0, 0.0, 0.0, 0.0, 1.0, 0.0, 1.0, 1.0, 1.0, 0.0, 0.0, 0.0, 0.0, 0.0, 1.0, 1.0, 1.0, 1.0, 1.0, 1.0, 1.0, 0.0, 0.0, 0.0, 0.0, 0.0, 0.0, 0.0, 0.0, 0.0, 1.0, 0.0, 1.0, 0.0, 0.0, 0.0, 0.0, 0.0, 1.0, 1.0, 1.0, 1.0, 1.0, 1.0, 1.0, 0.0, 1.0, 1.0, 1.0, 1.0, 1.0, 1.0, 0.0, 1.0, 1.0, 1.0, 1.0, 1.0, 0.0, 0.0, 0.0, 0.0, 1.0, 1.0, 1.0, 1.0, 1.0, 1.0, 1.0, 0.0, 0.0, 1.0, 1.0, 1.0, 0.0, 0.0, 0.0, 0.0, 1.0, 1.0, 1.0, 1.0, 0.0, 0.0, 0.0, 0.0, 1.0, 0.0, 1.0, 0.0, 0.0, 0.0, 0.0, 0.0, 1.0, 1.0, 1.0, 1.0, 1.0, 0.0, 1.0, 0.0, 1.0, 1.0, 1.0, 0.0, 1.0, 1.0, 0.0, 1.0, 1.0, 1.0, 1.0, 1.0, 0.0, 0.0, 0.0, 0.0, 0.0, 0.0, 0.0, 0.0, 0.0, 1.0, 0.0, 0.0, 1.0, 1.0, 1.0, 1.0, 0.0, 0.0, 0.0, 0.0, 0.0, 0.0, 0.0, 0.0, 0.0, 0.0, 0.0, 0.0, 1.0, 0.0, 1.0, 0.0, 0.0, 0.0, 0.0, 0.0, 1.0, 1.0, 0.0, 0.0, 1.0, 1.0, 1.0, 1.0, 1.0, 1.0, 1.0, 1.0, 1.0, 1.0, 1.0, 1.0, 1.0, 1.0, 1.0, 1.0, 1.0, 0.0, 1.0, 1.0, 0.0, 1.0, 0.0, 1.0, 0.0, 1.0, 0.0, 0.0, 1.0, 1.0, 1.0, 1.0, 0.0, 0.0, 1.0, 0.0, 1.0, 1.0, 1.0, 1.0, 0.0, 0.0, 0.0, 0.0, 0.0, 0.0, 0.0, 1.0, 0.0, 0.0, 0.0, 0.0, 1.0, 1.0, 1.0, 1.0, 0.0, 0.0, 0.0, 0.0, 0.0, 1.0, 1.0, 1.0, 0.0, 1.0, 1.0, 0.0, 1.0, 1.0, 1.0, 1.0, 0.0, 0.0, 0.0, 0.0, 1.0, 0.0, 1.0, 1.0, 1.0, 0.0, 0.0, 1.0, 1.0, 1.0, 1.0, 1.0, 1.0, 1.0, 1.0, 0.0, 0.0, 0.0, 1.0, 0.0, 0.0, 1.0, 0.0, 0.0, 1.0, 1.0, 1.0, 1.0, 0.0, 0.0, 0.0, 0.0, 1.0, 1.0, 1.0, 0.0, 0.0, 0.0, 1.0, 0.0, 1.0, 1.0, 1.0, 1.0, 0.0, 0.0, 0.0, 0.0, 0.0, 0.0, 0.0, 0.0, 0.0, 0.0, 0.0, 0.0, 0.0, 1.0, 0.0, 1.0, 0.0, 1.0, 1.0, 0.0, 1.0, 1.0, 1.0, 1.0, 1.0, 0.0, 0.0, 1.0]",-311.9759791000219,630.4973078603782,-482.430437669722,964.860875339444,3.437742476279234,-5.471914117620694,-5.545177444479562,13.023269776921223,11.090354888959125,1.208017024070282,-14.822184073626213,-16.635532333438686,32.82242197760037,33.27106466687737,1.0908740239314543,"[0.0, 0.0, 1.0, 0.0, 0.0, 0.0, 0.0, 0.0, 1.0, 1.0, 1.0, 1.0, 0.877, 0.877, 0.877, 0.0, 1.0, 0.259, 1.0, 1.0, 0.8015, 0.0, 0.259, 1.0, 1.0, 1.0, 1.0, 1.0, 1.0, 1.0, 1.0, 0.0, 0.0, 0.0, 1.0, 0.0, 0.0, 0.0, 1.0, 0.0, 0.0, 0.0, 1.0, 0.0, 0.0, 0.0, 1.0, 0.0, 0.0, 0.0, 0.0, 0.0775, 0.0, 0.0, 0.1635, 0.47100000000000003, 1.0, 1.0, 1.0, 1.0, 0.0, 0.0, 0.0, 0.0, 0.0, 0.0, 0.0, 0.0, 0.0, 0.0, 0.0, 0.0, 1.0, 1.0, 1.0, 1.0, 1.0, 1.0, 1.0, 0.0, 1.0, 1.0, 1.0, 1.0, 0.0, 0.0, 0.0, 0.0, 0.0, 0.0, 0.0, 0.0, 0.0, 0.113, 0.113, 0.0, 0.0, 0.0, 0.0, 1.0, 0.0, 0.0, 0.0, 0.0, 1.0, 1.0, 1.0, 1.0, 0.0, 0.0, 0.0, 0.0, 0.9995, 1.0, 1.0, 0.663, 1.0, 1.0, 1.0, 0.353, 1.0, 1.0, 1.0, 1.0, 0.082, 0.082, 0.0, 0.0, 0.973, 1.0, 0.7655000000000001, 0.605, 0.973, 1.0, 1.0, 0.368, 0.0, 0.0, 1.0, 0.0, 1.0, 0.0, 1.0, 0.0, 1.0, 1.0, 1.0, 1.0, 0.0, 0.0, 1.0, 0.0, 1.0, 1.0, 1.0, 1.0, 0.0, 0.9465, 0.0, 0.0, 0.666, 1.0, 0.666, 0.666, 0.0, 0.0, 0.7975, 0.0, 0.0, 0.9430000000000001, 0.0, 1.0, 1.0, 0.0, 0.0, 0.0, 0.0, 1.0, 0.0, 0.0, 0.0, 0.0, 0.0, 0.0, 1.0, 1.0, 1.0, 1.0, 0.0, 0.0, 0.0, 0.0, 1.0, 1.0, 1.0, 1.0, 1.0, 1.0, 1.0, 0.0005, 1.0, 1.0, 1.0, 1.0, 1.0, 1.0, 0.0, 1.0, 1.0, 1.0, 1.0, 1.0, 0.0, 0.0, 0.0, 0.0, 1.0, 1.0, 1.0, 1.0, 1.0, 1.0, 1.0, 0.0, 1.0, 0.0, 1.0, 0.0, 0.0, 0.0, 0.0, 0.0, 0.0, 1.0, 0.0, 1.0, 0.0, 1.0, 0.0, 1.0, 1.0, 1.0, 1.0, 1.0, 1.0, 1.0, 1.0, 0.0, 1.0, 0.0, 1.0, 1.0, 1.0, 0.0, 0.0, 1.0, 1.0, 1.0, 1.0, 1.0, 1.0, 1.0, 1.0, 1.0, 0.0, 0.9580000000000001, 0.0, 0.0, 0.0, 0.0, 0.0045000000000000005, 0.0, 0.0, 0.0, 0.0, 0.0, 0.0, 0.0, 0.0, 1.0, 0.0, 0.0, 0.0005, 0.0, 0.0, 0.0, 0.0, 0.0, 0.0, 1.0, 0.0, 0.0, 0.0, 0.0, 0.0, 0.0, 1.0, 1.0, 1.0, 0.001, 0.001, 0.001, 1.0, 0.0, 0.0, 0.0, 0.6225, 0.0, 0.0, 0.0, 0.0, 0.0, 1.0, 1.0, 1.0, 1.0, 0.0, 0.0, 0.0, 0.0, 0.0, 0.0, 0.0, 0.0, 0.0, 0.0, 0.0, 0.0, 1.0, 1.0, 1.0, 1.0, 1.0, 1.0, 1.0, 0.0, 0.0, 0.0, 0.0, 1.0, 0.0, 0.0, 1.0, 0.0, 1.0, 1.0, 1.0, 1.0, 0.0, 0.0, 0.0, 0.0, 0.0, 1.0, 0.0, 0.0, 1.0, 0.0, 0.0, 1.0, 1.0, 1.0, 1.0, 1.0, 0.0, 0.0, 0.0, 0.0, 1.0, 1.0, 1.0, 1.0, 1.0, 0.0, 1.0, 1.0, 0.0, 0.0005, 0.0, 0.0, 0.0, 0.38, 0.0, 0.0, 1.0, 1.0, 1.0, 1.0, 0.0, 0.0, 0.0, 0.0, 1.0, 1.0, 1.0, 0.999, 1.0, 1.0, 1.0, 0.0195, 1.0, 1.0, 1.0, 1.0, 0.0, 0.0, 0.0, 0.0, 0.0, 0.6285000000000001, 0.0, 0.328, 0.0, 0.0, 0.6285000000000001, 0.0, 0.0, 0.0, 0.0, 0.0, 0.0, 0.0, 0.0, 1.0, 1.0, 1.0, 1.0, 1.0, 0.0, 0.0, 0.0, 0.0, 1.0, 1.0, 1.0, 1.0, 1.0, 1.0, 1.0, 0.0, 1.0, 1.0, 1.0, 1.0, 1.0, 1.0, 0.0375, 1.0, 1.0, 1.0, 1.0, 1.0, 0.0, 0.0, 0.0, 0.0, 1.0, 1.0, 1.0, 1.0, 1.0, 1.0, 1.0, 0.0, 1.0, 1.0, 1.0, 1.0, 1.0, 1.0, 0.0, 1.0, 1.0, 1.0, 1.0, 1.0, 0.0, 0.0, 0.0, 0.0, 1.0, 1.0, 1.0, 1.0, 1.0, 1.0, 1.0, 1.0, 0.0, 0.0, 0.4395, 0.0, 0.0, 0.0, 0.001, 1.0, 0.0, 0.0, 0.0, 0.0, 0.0, 0.0, 0.0, 0.0, 1.0, 1.0, 1.0, 0.0, 1.0, 0.0, 0.0, 1.0, 0.0, 0.0, 1.0, 1.0, 1.0, 0.0, 0.0, 0.0, 0.0, 0.0, 0.0, 0.0, 0.0, 0.0, 0.0, 0.0, 1.0, 1.0, 1.0, 1.0, 0.0, 0.0, 0.0, 0.0, 0.0, 0.0, 0.0, 0.0, 0.0, 1.0, 0.0, 0.0, 1.0, 1.0, 1.0, 1.0, 0.0, 0.4945, 0.0, 0.0, 1.0, 1.0, 1.0, 1.0, 0.0, 0.0, 1.0, 1.0, 1.0, 1.0, 1.0, 1.0, 0.0, 0.0, 0.0, 0.0, 1.0, 1.0, 1.0, 1.0, 1.0, 0.704, 0.296, 0.0, 1.0, 1.0, 1.0, 1.0, 0.0, 0.0, 1.0, 1.0, 1.0, 1.0, 1.0, 1.0, 0.0, 0.0, 0.0, 0.0, 0.006, 1.0, 0.006, 0.708, 0.298, 1.0, 0.298, 1.0, 1.0, 1.0, 1.0, 1.0, 0.0, 0.0, 0.0, 0.0, 1.0, 0.0, 1.0, 1.0, 1.0, 0.0, 0.0, 1.0, 0.0, 1.0, 1.0, 1.0, 0.0, 0.0, 0.0, 0.0, 1.0, 0.224, 1.0, 1.0, 0.776, 0.0, 0.224, 1.0, 1.0, 1.0, 1.0, 1.0, 0.0, 0.0, 0.0, 0.0, 1.0, 1.0, 0.0, 1.0, 1.0, 1.0, 0.0, 1.0, 1.0, 1.0, 1.0, 1.0, 0.0, 0.0, 0.0, 0.0, 1.0, 1.0, 1.0, 1.0, 1.0, 1.0, 1.0, 0.0, 1.0, 1.0, 1.0, 1.0, 0.0, 0.0, 0.0, 0.0, 0.0, 0.0, 0.0, 0.0, 0.0, 0.0, 0.0, 0.0, 1.0, 0.4865, 1.0, 1.0, 1.0, 0.0075, 0.4865, 1.0, 0.0225, 0.0, 0.0, 0.9775, 0.0, 0.0, 0.0, 0.0]",-419.18595103414617,844.9172517286268,-482.430437669722,964.860875339444,581.2177874783156,-5.550341981061054,-5.545177444479562,13.180125503801944,11.090354888959125,97.91014485171651,-16.6358452755303,-16.635532333438686,36.44974438140855,33.27106466687737,0.5787520451143159,"[1.0, 1.0, 1.0, 1.0, 1.0, 0.0, 1.0, 0.0, 1.0, 1.0, 1.0, 1.0, 1.0, 1.0, 1.0, 0.0, 0.0, 0.0, 0.0, 0.0, 0.0, 0.0, 0.0, 0.0, 1.0, 1.0, 1.0, 1.0, 0.0, 0.0, 1.0, 0.0, 0.0, 0.0, 0.0, 0.0, 0.0, 1.0, 0.0, 0.0, 0.0, 0.0, 0.0, 0.0, 0.0, 0.0, 0.0, 0.0, 1.0, 1.0, 1.0, 1.0, 0.0, 0.0, 0.0, 0.0, 1.0, 1.0, 1.0, 1.0, 0.0, 0.0, 0.0, 0.0, 0.0, 0.0, 0.0, 0.0, 0.0, 1.0, 1.0, 0.0, 1.0, 1.0, 1.0, 1.0, 0.0, 0.0, 0.0, 0.0, 1.0, 1.0, 1.0, 1.0, 0.0, 0.0, 0.0, 0.0, 0.0, 0.0, 0.0, 0.0, 0.0, 0.0, 0.0, 0.0, 1.0, 1.0, 1.0, 1.0, 1.0, 1.0, 1.0, 0.0, 1.0, 1.0, 1.0, 1.0, 1.0, 0.0, 1.0, 0.0, 0.0, 1.0, 0.0, 0.0, 1.0, 1.0, 1.0, 0.0, 1.0, 1.0, 0.0, 1.0, 1.0, 0.0, 0.0, 0.0, 1.0, 1.0, 1.0, 0.0, 1.0, 1.0, 1.0, 1.0, 1.0, 1.0, 1.0, 1.0, 0.0, 0.0, 0.0, 0.0, 1.0, 1.0, 1.0, 0.0, 0.0, 0.0, 1.0, 0.0, 0.0, 0.0, 1.0, 0.0, 0.0, 0.0, 0.0, 0.0, 1.0, 1.0, 1.0, 0.0, 0.0, 0.0, 1.0, 0.0, 0.0, 0.0, 0.0, 1.0, 0.0, 0.0, 0.0, 0.0, 0.0, 0.0, 0.0, 1.0, 0.0, 0.0, 0.0, 0.0, 1.0, 1.0, 1.0, 1.0, 0.0, 0.0, 0.0, 0.0, 1.0, 1.0, 1.0, 0.0, 0.0, 0.0, 1.0, 0.0, 1.0, 1.0, 1.0, 1.0, 0.0, 0.0, 0.0, 0.0, 1.0, 1.0, 1.0, 1.0, 0.0, 0.0, 0.0, 0.0, 1.0, 1.0, 1.0, 1.0, 1.0, 1.0, 1.0, 0.0, 0.0, 0.0, 0.0, 0.0, 1.0, 0.0, 0.0, 0.0, 1.0, 1.0, 1.0, 1.0, 1.0, 1.0, 1.0, 1.0, 1.0, 1.0, 1.0, 1.0, 1.0, 1.0, 1.0, 0.0, 0.0, 0.0, 0.0, 0.0, 0.0, 0.0, 0.0, 0.0, 0.0, 1.0, 0.0, 1.0, 0.0, 1.0, 0.0, 1.0, 0.0, 0.0, 0.0, 1.0, 0.0, 0.0, 0.0, 0.0, 1.0, 1.0, 1.0, 0.0, 0.0, 0.0, 1.0, 0.0, 0.0, 0.0, 1.0, 0.0, 0.0, 0.0, 0.0, 0.0, 0.0, 1.0, 1.0, 1.0, 0.0, 0.0, 0.0, 0.0, 1.0, 1.0, 1.0, 0.0, 1.0, 1.0, 1.0, 1.0, 0.0, 0.0, 1.0, 0.0, 0.0, 0.0, 0.0, 0.0, 1.0, 1.0, 1.0, 1.0, 1.0, 1.0, 1.0, 0.0, 1.0, 1.0, 1.0, 1.0, 0.0, 0.0, 0.0, 0.0, 1.0, 1.0, 1.0, 1.0, 0.0, 0.0, 0.0, 0.0, 0.0, 1.0, 0.0, 0.0, 0.0, 0.0, 0.0, 0.0, 0.0, 0.0, 0.0, 0.0, 0.0, 0.0, 0.0, 0.0, 0.0, 0.0, 0.0, 0.0, 0.0, 0.0, 0.0, 0.0, 1.0, 1.0, 0.0, 1.0, 1.0, 0.0, 1.0, 0.0, 1.0, 1.0, 1.0, 1.0, 1.0, 0.0, 1.0, 1.0, 0.0, 0.0, 0.0, 0.0, 0.0, 1.0, 1.0, 0.0, 1.0, 0.0, 0.0, 1.0, 0.0, 0.0, 0.0, 0.0, 1.0, 1.0, 1.0, 0.0, 0.0, 0.0, 1.0, 0.0, 1.0, 1.0, 1.0, 0.0, 0.0, 0.0, 0.0, 0.0, 1.0, 1.0, 1.0, 1.0, 1.0, 1.0, 1.0, 0.0, 0.0, 0.0, 0.0, 0.0, 0.0, 0.0, 0.0, 0.0, 1.0, 0.0, 1.0, 0.0, 0.0, 0.0, 0.0, 0.0, 1.0, 1.0, 1.0, 1.0, 1.0, 1.0, 1.0, 0.0, 1.0, 1.0, 1.0, 1.0, 1.0, 1.0, 0.0, 1.0, 1.0, 1.0, 1.0, 1.0, 0.0, 0.0, 0.0, 0.0, 1.0, 1.0, 1.0, 1.0, 1.0, 1.0, 1.0, 0.0, 0.0, 1.0, 1.0, 1.0, 0.0, 0.0, 0.0, 0.0, 1.0, 1.0, 1.0, 1.0, 0.0, 0.0, 0.0, 0.0, 1.0, 0.0, 1.0, 0.0, 0.0, 0.0, 0.0, 0.0, 1.0, 1.0, 1.0, 1.0, 1.0, 0.0, 1.0, 0.0, 1.0, 1.0, 1.0, 0.0, 1.0, 1.0, 0.0, 1.0, 1.0, 1.0, 1.0, 1.0, 0.0, 0.0, 0.0, 0.0, 0.0, 0.0, 0.0, 0.0, 0.0, 0.0, 0.0, 0.0, 1.0, 1.0, 1.0, 1.0, 0.0, 0.0, 0.0, 0.0, 0.0, 0.0, 0.0, 0.0, 0.0, 0.0, 0.0, 0.0, 0.0, 0.0, 0.0, 0.0, 0.0, 0.0, 0.0, 0.0, 1.0, 1.0, 0.0, 0.0, 1.0, 1.0, 1.0, 1.0, 1.0, 1.0, 1.0, 1.0, 1.0, 1.0, 1.0, 1.0, 1.0, 1.0, 1.0, 1.0, 1.0, 0.0, 1.0, 1.0, 0.0, 1.0, 0.0, 1.0, 0.0, 1.0, 0.0, 0.0, 1.0, 1.0, 1.0, 1.0, 0.0, 0.0, 1.0, 0.0, 1.0, 1.0, 1.0, 1.0, 0.0, 0.0, 0.0, 0.0, 0.0, 0.0, 0.0, 1.0, 0.0, 0.0, 0.0, 0.0, 1.0, 1.0, 1.0, 1.0, 0.0, 0.0, 0.0, 0.0, 0.0, 1.0, 1.0, 1.0, 0.0, 1.0, 1.0, 0.0, 1.0, 1.0, 1.0, 1.0, 0.0, 0.0, 0.0, 0.0, 1.0, 0.0, 1.0, 1.0, 1.0, 0.0, 0.0, 1.0, 1.0, 1.0, 1.0, 1.0, 1.0, 1.0, 1.0, 0.0, 0.0, 1.0, 1.0, 1.0, 1.0, 1.0, 0.0, 0.0, 1.0, 1.0, 1.0, 1.0, 0.0, 0.0, 0.0, 0.0, 1.0, 1.0, 1.0, 0.0, 0.0, 0.0, 1.0, 0.0, 1.0, 1.0, 1.0, 1.0, 0.0, 0.0, 0.0, 0.0, 0.0, 0.0, 0.0, 0.0, 0.0, 0.0, 0.0, 0.0, 0.0, 0.0, 1.0, 1.0, 0.0, 0.0, 0.0, 0.0, 1.0, 1.0, 1.0, 1.0, 1.0, 0.0, 0.0, 1.0]",-295.2442605392121,597.0338707387587,-482.430437669722,964.860875339444,1.1270132162821977,-14.487294036019328,32.152641902386605,1.2846122460949685,-433.45128860920846,873.4479268787513,False,False,False,True,False,0.6666666666666666,0.25,0.5,0.25,0.5,0.25,0.7916666666666666,1.0,0.4166666666666667,0.25,0.7916666666666666,1.0,"Z.exists(lambda x1: Z.equal(x1,3,'size'),X)","Z.exists(lambda x1: Z.equal(x1,3,'size'),X)","Z.forall(lambda x1: Z.exists(lambda x2: Z.not_operator(Z.greater(x2, x1, 'size')),X),X)","Z.exists(lambda x1: Z.equal(x1,3,'size'),X)",0.25,0.625,0.25,0.875,0.25,0.7083333333333334,0.6982758620689655,0.6867816091954023,0.6954022988505747,0.6925287356321839,5.241379310344827,0,0,0,0,0,0
69,84,160,j4HNgt8UJB,_VLMW5LVhR2OMJrCAAAA,Iota,one is blue,"[False, True, True, True, True, False, True, True]","[True, True, True, True, True, False, True, True]",0.5,0.625,"Blue and red cones emit radiation.
",[['x1']],"Z.exists(lambda x1: Z.or_operator(Z.equal(x1,'red','colour'),Z.equal(x1,'blue','colour')),X)",Red and blue cones emits radiation,"[{'ids': [0, 1, 2], 'colours': ['blue', 'green', 'red'], 'sizes': [2, 1, 3], 'xpos': [2.2833923467255732, 6.76926557046708, 3.3669703336145718], 'ypos': [4.127690184310035, 4.128333333333334, 3.717295476888299], 'rotations': [3.1399847803387497, 3.1415926535897927, 2.1765458583575734], 'orientations': ['upright', 'upright', 'strange'], 'contact': [[0, 2], [1], [2, 0]], 'grounded': ['yes', 'yes', 'yes'], 'follow_rule': True}, {'ids': [0, 1, 2, 3], 'colours': ['blue', 'green', 'red', 'green'], 'sizes': [2, 3, 1, 2], 'xpos': [4.0870995693076155, 4.3704007861460905, 6.942904317494743, 7.443207047726117], 'ypos': [3.6514246656333467, 3.6541613048977784, 3.847129012991713, 3.7831876355992153], 'rotations': [5.046036160373169, 5.035210335491303, 5.067468491379061, 3.6281802655463244], 'orientations': ['rhs', 'rhs', 'rhs', 'upright'], 'contact': [[0, 1], [1, 0], [2, 3], [3, 2]], 'grounded': ['no', 'yes', 'yes', 'no'], 'follow_rule': True}, {'ids': [0, 1, 2, 3], 'colours': ['blue', 'green', 'red', 'green'], 'sizes': [3, 2, 1, 2], 'xpos': [6.242688190593308, 3.2962672213555306, 3.2970148103358, 6.06282408150549], 'ypos': [3.003830670716589, 4.116932368795305, 4.127674341470325, 3.7504184225495716], 'rotations': [5.674315158321882, 3.1306118108206955, 3.1388799048233835, 1.2369448233811544], 'orientations': ['strange', 'upright', 'upright', 'lhs'], 'contact': [[0, 3], [1, 2], [2, 1], [3, 0]], 'grounded': ['yes', 'no', 'yes', 'yes'], 'follow_rule': True}, {'ids': [0, 1, 2, 3], 'colours': ['blue', 'red', 'blue', 'blue'], 'sizes': [2, 2, 3, 3], 'xpos': [0.41419299053235337, 0.41240057439223954, 5.466396222578124, 3.221180649138926], 'ypos': [4.126318146062626, 3.8209745509714383, 4.124687460466446, 4.12404667334114], 'rotations': [3.1405954320552323, 3.140496475175625, 3.1394285307994174, 3.1413001995108614], 'orientations': ['upright', 'upright', 'upright', 'upright'], 'contact': [[0, 1], [1, 0], [2], [3]], 'grounded': ['yes', 'no', 'yes', 'yes'], 'follow_rule': False}, {'ids': [0, 1, 2, 3], 'colours': ['green', 'blue', 'green', 'red'], 'sizes': [2, 2, 3, 1], 'xpos': [2.4710651428647035, 3.0976928629767104, 3.275953256731134, 6.5680534276720834], 'ypos': [4.1275696039093575, 3.750533494966604, 3.8142588560380446, 3.843769419517549], 'rotations': [3.1399815906397963, 5.0471172969428935, 2.4702973008123843, 1.2117157258202826], 'orientations': ['upright', 'rhs', 'strange', 'lhs'], 'contact': [[0, 2], [1], [2, 0], [3]], 'grounded': ['yes', 'yes', 'yes', 'yes'], 'follow_rule': True}, {'ids': [0, 1, 2], 'colours': ['green', 'red', 'blue'], 'sizes': [2, 1, 1], 'xpos': [1.6521713857635547, 6.047992786002117, 6.32614213536156], 'ypos': [4.123672859159696, 3.7529067626852717, 3.8479925838501794], 'rotations': [3.1409426043420665, 5.058339775835264, 5.0701397025182375], 'orientations': ['upright', 'rhs', 'rhs'], 'contact': [[0], [1, 2], [2, 1]], 'grounded': ['yes', 'no', 'yes'], 'follow_rule': True}, {'ids': [0, 1, 2, 3], 'colours': ['blue', 'green', 'red', 'blue'], 'sizes': [2, 2, 2, 2], 'xpos': [0.5768344305993134, 4.862448742023917, 5.140328961163755, 5.740110943307153], 'ypos': [3.746250377551354, 3.750789990806409, 3.7507899915314526, 3.6439846802726894], 'rotations': [5.051261431142897, 1.2341215074218574, 5.049063799248444, 1.895366625767438], 'orientations': ['rhs', 'lhs', 'rhs', 'strange'], 'contact': [[0], [1], [2, 3], [3, 2]], 'grounded': ['yes', 'yes', 'yes', 'no'], 'follow_rule': False}, {'ids': [0, 1, 2], 'colours': ['red', 'red', 'green'], 'sizes': [1, 2, 3], 'xpos': [3.544500799856424, 3.03620746680304, 3.146972917213165], 'ypos': [3.8428166823360383, 4.06707450340637, 3.6532002159522174], 'rotations': [5.073055399626658, 3.2898006141375333, 1.2461522893652157], 'orientations': ['rhs', 'upright', 'lhs'], 'contact': [[0, 1], [1, 0, 2], [2, 1]], 'grounded': ['yes', 'yes', 'yes'], 'follow_rule': False}, {'ids': [0, 1, 2, 3, 4], 'colours': ['red', 'green', 'red', 'blue', 'green'], 'sizes': [3, 1, 1, 2, 3], 'xpos': [5.12691938557365, 5.11503131679493, 4.23727953775697, 6.19519140108846, 3.42148978150856], 'ypos': [4.16166666682932, 3.21450769513128, 4.15833270210236, 3.780270212316, 4.15777826181353], 'rotations': [3.14159265356107, 3.17396503839037, 3.13596899439433, 5.0484168782327, 3.14163950292034], 'contact': [[0, 1], [1, 0], 2, 3, 4], 'grounded': ['yes', 'no', 'yes', 'yes', 'yes']}, {'ids': [0, 1, 2, 3], 'colours': ['green', 'green', 'red', 'blue'], 'sizes': [1, 3, 1, 2], 'xpos': [1.95640316882102, 3.82119006463636, 5.49466900932729, 4.94512429018313], 'ypos': [4.1575463669092, 3.68793264237984, 3.88075060909874, 3.82370041726639], 'rotations': [3.14042586215534, 5.03796059957422, 5.07099533912214, 4.13396592888911], 'contact': [0, 1, [2, 3], [3, 2]], 'grounded': ['yes', 'yes', 'yes', 'yes']}, {'ids': [0, 1, 2, 3, 4], 'colours': ['red', 'blue', 'red', 'green', 'green'], 'sizes': [3, 1, 2, 2, 1], 'xpos': [6.01871423256697, 2.01992789098242, 4.13597794449854, 0.774406281828649, 4.80555851531279], 'ypos': [3.68393205570556, 4.15898574652681, 4.15794140291817, 3.77979942907755, 3.98725786368743], 'rotations': [1.24414891831718, 3.14156263599238, 3.14292046357041, 5.04964608195148, 2.53998237313469], 'contact': [[0, 4], 1, 2, 3, [4, 0]], 'grounded': ['yes', 'yes', 'yes', 'yes', 'yes']}, {'ids': [0, 1], 'colours': ['blue', 'green'], 'sizes': [1, 2], 'xpos': [1.67047327443096, 4.46813203908946], 'ypos': [4.15694705663294, 4.15819949787589], 'rotations': [3.14214596161258, 3.14225319301416], 'contact': [{'V1': 0, 'V2': 1}], 'grounded': ['yes', 'yes']}, {'ids': [0, 1, 2, 3, 4], 'colours': ['blue', 'blue', 'red', 'blue', 'red'], 'sizes': [1, 1, 3, 2, 3], 'xpos': [2.9749447690173, 1.59038636414738, 1.89943344290003, 0.742265142690783, 5.82945571924824], 'ypos': [4.14706432996679, 4.15682792868204, 3.68436535365509, 3.87793736870491, 4.15825788448378], 'rotations': [3.19018443917557, 3.14127258207092, 4.38185242264156, 2.36758036264438, 3.14223131257379], 'contact': [[0, 2], 1, [2, 0], 3, 4], 'grounded': ['yes', 'yes', 'yes', 'yes', 'yes']}, {'ids': [0, 1, 2, 3, 4], 'colours': ['blue', 'blue', 'red', 'red', 'blue'], 'sizes': [1, 1, 2, 3, 2], 'xpos': [3.86710801315826, 0.780465760873674, 4.72248955423569, 3.06295468416754, 7.04671297081929], 'ypos': [4.1448491118357, 4.15796013032216, 4.15793209798963, 3.75002575259372, 4.15761808534214], 'rotations': [3.19364501547634, 3.14186836777695, 3.13970081999877, 4.09252896570911, 3.14406240189392], 'contact': [[0, 3], 1, 2, [3, 0], 4], 'grounded': ['yes', 'yes', 'yes', 'yes', 'yes']}, {'ids': [0, 1, 2, 3], 'colours': ['blue', 'green', 'blue', 'red'], 'sizes': [1, 2, 1, 3], 'xpos': [0.414928997162714, 1.7723984589512, 5.75738502777065, 6.08770777718876], 'ypos': [4.15743978227501, 4.15711897749998, 3.88075060909862, 3.89628768750355], 'rotations': [3.14447951863788, 3.14010156096646, 5.07099533912207, 3.69409526653564], 'contact': [0, 1, [2, 3], [3, 2]], 'grounded': ['yes', 'yes', 'yes', 'yes']}, {'ids': [0, 1, 2, 3, 4], 'colours': ['green', 'red', 'green', 'green', 'red'], 'sizes': [2, 2, 3, 3, 2], 'xpos': [1.30426887924571, 1.8868098606311, 6.83333126813548, 2.79429839111229, 3.83407517131883], 'ypos': [3.78000391300947, 4.15881602818333, 3.73307814239637, 4.15736329550291, 4.15804254736289], 'rotations': [1.23253748876037, 3.14240000646429, 4.1567939442383, 3.14166932108615, 3.1439673324419], 'contact': [0, [1, 3], 2, [3, 1], 4], 'grounded': ['yes', 'yes', 'yes', 'yes', 'yes']}]","[True, True, True, True, False, False, True, True]","[False, True, True, True, False, True, True, True]","[False, False, False, False, True, False, False, False]","[True, False, False, False, False, False, False, False]","[True, True, True, True, False, False, True, True]","[True, True, True, True, False, True, True, True]","[False, False, False, False, True, False, False, False]","[False, False, False, False, False, False, False, False]",-0.25,-0.125,-0.125,0.0,0.75,0.875,0.5,0.625,0.0,0.0,0.125,0.0,0.25,0.125,1.9575785094834148,-5.292505905349743,-5.545177444479562,12.664453352379322,11.090354888959125,0.95199751276125,-13.941426501843175,-16.635532333438686,31.060906834034295,33.27106466687737,1.0502311195665048,"[1.0, 1.0, 1.0, 1.0, 1.0, 0.0, 1.0, 0.0, 1.0, 1.0, 1.0, 1.0, 1.0, 1.0, 1.0, 0.0135, 0.9530000000000001, 0.092, 0.5895, 0.5895, 1.0, 0.0, 0.0, 0.861, 1.0, 1.0, 1.0, 0.2925, 0.999, 0.999, 1.0, 0.7155, 0.0, 0.0, 1.0, 0.0, 0.0, 0.0, 1.0, 0.0, 0.0, 0.0, 1.0, 0.0, 0.0, 0.0, 1.0, 0.0, 1.0, 1.0, 1.0, 1.0, 0.0, 0.0, 0.0, 0.0, 1.0, 1.0, 1.0, 1.0, 0.935, 0.935, 0.935, 0.935, 1.0, 1.0, 1.0, 1.0, 0.0, 1.0, 0.0, 0.0, 0.0, 1.0, 1.0, 1.0, 1.0, 1.0, 1.0, 1.0, 1.0, 1.0, 1.0, 1.0, 0.0935, 0.0935, 0.0935, 0.0935, 1.0, 1.0, 1.0, 1.0, 1.0, 1.0, 1.0, 1.0, 1.0, 1.0, 1.0, 1.0, 1.0, 1.0, 1.0, 0.013000000000000001, 1.0, 1.0, 0.998, 1.0, 1.0, 0.002, 0.998, 0.002, 1.0, 1.0, 1.0, 1.0, 1.0, 1.0, 1.0, 0.0, 0.973, 1.0, 0.9530000000000001, 1.0, 0.8925000000000001, 0.9195, 0.17400000000000002, 0.201, 1.0, 1.0, 1.0, 1.0, 0.0, 0.0, 0.0, 0.0, 1.0, 1.0, 1.0, 0.24, 1.0, 1.0, 0.968, 1.0, 0.653, 0.653, 0.653, 1.0, 0.2535, 0.2535, 0.7035, 0.10300000000000001, 1.0, 1.0, 1.0, 1.0, 0.0, 1.0, 0.0, 0.0, 1.0, 1.0, 1.0, 0.012, 0.988, 0.988, 1.0, 1.0, 1.0, 0.0, 1.0, 1.0, 1.0, 0.0, 0.0, 1.0, 0.0, 0.0, 0.0, 1.0, 1.0, 0.0, 0.0, 0.0, 1.0, 1.0, 1.0, 1.0, 0.0, 0.0, 0.0, 0.0, 1.0, 1.0, 1.0, 1.0, 0.0, 0.0, 0.0, 0.0, 1.0, 1.0, 1.0, 1.0, 1.0, 1.0, 0.841, 1.0, 1.0, 1.0, 1.0, 1.0, 0.0, 0.0, 0.0, 0.0, 1.0, 1.0, 1.0, 1.0, 1.0, 1.0, 1.0, 0.0, 0.197, 0.0, 0.85, 0.653, 0.803, 0.0, 0.0, 0.0, 0.8525, 0.847, 0.9935, 0.847, 0.28300000000000003, 0.4305, 0.426, 0.426, 1.0, 1.0, 1.0, 1.0, 1.0, 1.0, 1.0, 0.0, 0.798, 1.0, 0.7995, 0.7995, 0.0275, 0.029, 0.2265, 0.1975, 1.0, 1.0, 1.0, 1.0, 0.0, 0.0, 0.0, 0.0, 0.862, 0.854, 0.8595, 0.8955000000000001, 0.045, 0.0005, 0.8695, 0.8505, 1.0, 1.0, 1.0, 0.022, 1.0, 1.0, 1.0, 0.978, 0.28400000000000003, 0.0145, 0.1885, 0.0275, 0.2755, 0.0, 0.0015, 0.013000000000000001, 0.0, 0.0, 0.0, 1.0, 1.0, 0.0, 0.0, 0.0, 1.0, 1.0, 1.0, 1.0, 0.0, 0.0, 0.0, 0.0, 1.0, 1.0, 1.0, 1.0, 1.0, 0.0, 1.0, 0.0, 1.0, 1.0, 1.0, 1.0, 1.0, 1.0, 1.0, 0.0, 1.0, 1.0, 1.0, 0.728, 0.8265, 0.5545, 0.5545, 0.8265, 1.0, 1.0, 1.0, 1.0, 1.0, 1.0, 1.0, 1.0, 1.0, 1.0, 1.0, 0.8715, 0.9365, 0.8695, 0.8695, 0.9365, 0.229, 0.229, 0.229, 0.229, 0.801, 0.03, 0.03, 0.801, 0.0, 0.0, 0.0, 1.0, 1.0, 0.0, 0.0, 0.0, 0.108, 0.114, 0.2315, 0.108, 0.114, 0.07050000000000001, 0.0495, 0.006, 1.0, 1.0, 1.0, 1.0, 0.0, 0.0, 0.0, 0.0, 0.8955000000000001, 0.895, 0.0115, 0.0, 0.883, 0.0, 0.0, 0.0, 1.0, 1.0, 1.0, 1.0, 0.0, 0.0, 0.0, 0.0, 0.902, 0.902, 0.902, 0.678, 0.88, 0.88, 0.902, 0.807, 1.0, 1.0, 1.0, 1.0, 0.0, 0.0, 0.0, 0.0, 1.0, 1.0, 1.0, 1.0, 1.0, 1.0, 1.0, 0.0, 1.0, 1.0, 1.0, 1.0, 0.0, 0.0, 0.0, 0.0, 1.0, 1.0, 1.0, 1.0, 0.008, 0.008, 0.008, 0.008, 1.0, 1.0, 1.0, 1.0, 1.0, 1.0, 1.0, 0.0, 1.0, 1.0, 1.0, 1.0, 1.0, 1.0, 0.6980000000000001, 1.0, 1.0, 1.0, 1.0, 1.0, 0.0, 0.0, 0.0, 0.0, 1.0, 1.0, 1.0, 1.0, 1.0, 1.0, 1.0, 0.0, 0.9530000000000001, 0.9530000000000001, 0.9530000000000001, 1.0, 1.0, 1.0, 0.641, 0.9530000000000001, 1.0, 1.0, 1.0, 1.0, 0.0, 0.0, 0.0, 0.0, 1.0, 1.0, 1.0, 1.0, 1.0, 1.0, 1.0, 1.0, 1.0, 1.0, 1.0, 1.0, 0.0, 0.0, 0.0, 0.0, 1.0, 1.0, 1.0, 1.0, 1.0, 1.0, 1.0, 1.0, 1.0, 1.0, 1.0, 1.0, 0.021500000000000002, 0.021500000000000002, 0.021500000000000002, 0.021500000000000002, 0.021500000000000002, 0.003, 0.02, 0.0095, 0.0095, 0.964, 0.9555, 0.0095, 1.0, 1.0, 1.0, 1.0, 1.0, 1.0, 1.0, 1.0, 1.0, 1.0, 1.0, 1.0, 0.0, 0.0, 0.0, 0.0, 1.0, 1.0, 1.0, 1.0, 0.0, 0.0, 1.0, 1.0, 1.0, 0.873, 0.198, 0.198, 1.0, 1.0, 0.6905, 1.0, 1.0, 1.0, 1.0, 1.0, 1.0, 1.0, 1.0, 0.0, 1.0, 0.999, 0.999, 1.0, 0.0025, 0.0025, 0.0025, 0.0025, 1.0, 1.0, 1.0, 1.0, 1.0, 0.686, 0.314, 0.0, 1.0, 1.0, 1.0, 1.0, 0.524, 0.524, 1.0, 0.47600000000000003, 1.0, 1.0, 1.0, 1.0, 0.008, 0.008, 0.008, 0.008, 0.9935, 0.9935, 0.9775, 0.9935, 0.9935, 0.0225, 0.988, 0.017, 1.0, 1.0, 1.0, 1.0, 0.0725, 0.0725, 0.0725, 0.0725, 0.041, 1.0, 1.0, 0.9590000000000001, 0.041, 0.9590000000000001, 1.0, 0.0, 0.7435, 0.9835, 0.7425, 0.986, 0.7435, 0.7435, 0.256, 0.987, 1.0, 0.005, 1.0, 1.0, 1.0, 0.005, 0.005, 1.0, 1.0, 1.0, 1.0, 1.0, 1.0, 1.0, 1.0, 0.0, 1.0, 1.0, 1.0, 1.0, 0.0, 0.0, 0.0, 0.0, 1.0, 1.0, 1.0, 1.0, 0.0, 0.0, 0.0, 0.0, 0.9705, 0.9705, 0.9145, 1.0, 0.8015, 0.8015, 0.9705, 0.7865, 1.0, 1.0, 1.0, 1.0, 0.0, 0.0, 0.0, 0.0, 1.0, 1.0, 1.0, 1.0, 0.0, 0.0, 0.0, 0.0, 1.0, 1.0, 1.0, 1.0, 0.0, 0.0, 0.0, 0.0, 1.0, 1.0, 1.0, 1.0, 1.0, 1.0, 1.0, 1.0]",-418.5875071169283,843.720363894191,-482.430437669722,964.860875339444,1.0,-3.5060935001457825,9.091628541971401,1.4426941913513507,-15.276340039075954,33.73073390849986,0.6334250289943713,"[1.0, 1.0, 1.0, 1.0, 1.0, 0.0, 1.0, 0.0, 1.0, 1.0, 1.0, 1.0, 1.0, 1.0, 1.0, 0.0, 0.0, 0.0, 0.0, 0.0, 0.0, 0.0, 0.0, 0.0, 1.0, 1.0, 1.0, 0.0, 0.0, 0.0, 1.0, 0.0, 0.0, 0.0, 1.0, 1.0, 0.0, 1.0, 1.0, 1.0, 1.0, 1.0, 1.0, 1.0, 0.0, 0.0, 1.0, 1.0, 1.0, 1.0, 1.0, 1.0, 0.0, 0.0, 0.0, 0.0, 1.0, 1.0, 1.0, 1.0, 0.0, 0.0, 0.0, 0.0, 0.0, 0.0, 0.0, 0.0, 0.0, 1.0, 1.0, 0.0, 1.0, 1.0, 1.0, 1.0, 0.0, 0.0, 0.0, 0.0, 1.0, 1.0, 1.0, 1.0, 0.0, 0.0, 0.0, 0.0, 1.0, 1.0, 1.0, 1.0, 1.0, 1.0, 0.0, 1.0, 1.0, 1.0, 1.0, 1.0, 1.0, 1.0, 1.0, 0.0, 1.0, 1.0, 1.0, 1.0, 1.0, 0.0, 1.0, 0.0, 0.0, 1.0, 0.0, 0.0, 1.0, 1.0, 1.0, 0.0, 1.0, 1.0, 0.0, 1.0, 1.0, 0.0, 0.0, 0.0, 1.0, 1.0, 1.0, 0.0, 1.0, 1.0, 1.0, 1.0, 1.0, 1.0, 1.0, 1.0, 0.0, 0.0, 0.0, 0.0, 1.0, 1.0, 1.0, 0.0, 0.0, 0.0, 1.0, 0.0, 0.0, 0.0, 1.0, 0.0, 0.0, 0.0, 0.0, 0.0, 1.0, 1.0, 1.0, 0.0, 0.0, 0.0, 1.0, 0.0, 0.0, 0.0, 0.0, 1.0, 0.0, 0.0, 0.0, 0.0, 0.0, 0.0, 0.0, 1.0, 0.0, 0.0, 0.0, 0.0, 1.0, 1.0, 1.0, 1.0, 0.0, 0.0, 0.0, 0.0, 1.0, 1.0, 1.0, 0.0, 0.0, 0.0, 1.0, 0.0, 1.0, 1.0, 1.0, 1.0, 0.0, 0.0, 0.0, 0.0, 1.0, 1.0, 1.0, 1.0, 0.0, 0.0, 0.0, 0.0, 1.0, 1.0, 1.0, 1.0, 1.0, 1.0, 1.0, 0.0, 0.0, 0.0, 0.0, 0.0, 1.0, 0.0, 0.0, 0.0, 1.0, 1.0, 1.0, 1.0, 1.0, 1.0, 1.0, 1.0, 1.0, 1.0, 1.0, 1.0, 1.0, 1.0, 1.0, 0.0, 0.0, 0.0, 0.0, 0.0, 0.0, 0.0, 0.0, 0.0, 0.0, 1.0, 0.0, 1.0, 0.0, 1.0, 0.0, 1.0, 0.0, 0.0, 0.0, 1.0, 0.0, 0.0, 0.0, 0.0, 1.0, 1.0, 1.0, 0.0, 0.0, 0.0, 1.0, 0.0, 1.0, 1.0, 1.0, 1.0, 1.0, 0.0, 1.0, 0.0, 0.0, 1.0, 1.0, 1.0, 0.0, 0.0, 0.0, 0.0, 1.0, 1.0, 1.0, 0.0, 1.0, 1.0, 1.0, 1.0, 0.0, 1.0, 1.0, 1.0, 0.0, 0.0, 0.0, 0.0, 1.0, 1.0, 1.0, 1.0, 1.0, 1.0, 1.0, 0.0, 1.0, 1.0, 1.0, 1.0, 0.0, 0.0, 0.0, 0.0, 1.0, 1.0, 1.0, 1.0, 0.0, 0.0, 0.0, 0.0, 0.0, 1.0, 0.0, 0.0, 0.0, 0.0, 0.0, 0.0, 1.0, 1.0, 1.0, 1.0, 1.0, 0.0, 1.0, 1.0, 0.0, 0.0, 0.0, 0.0, 0.0, 1.0, 1.0, 0.0, 1.0, 1.0, 1.0, 1.0, 1.0, 0.0, 1.0, 0.0, 1.0, 1.0, 1.0, 1.0, 1.0, 0.0, 1.0, 1.0, 0.0, 0.0, 0.0, 0.0, 0.0, 1.0, 1.0, 0.0, 1.0, 0.0, 0.0, 1.0, 0.0, 0.0, 0.0, 0.0, 1.0, 1.0, 1.0, 0.0, 0.0, 0.0, 1.0, 0.0, 1.0, 1.0, 1.0, 0.0, 0.0, 0.0, 0.0, 0.0, 1.0, 1.0, 1.0, 1.0, 1.0, 1.0, 1.0, 0.0, 0.0, 0.0, 0.0, 0.0, 0.0, 0.0, 0.0, 0.0, 1.0, 0.0, 1.0, 0.0, 0.0, 0.0, 0.0, 0.0, 1.0, 1.0, 1.0, 1.0, 1.0, 1.0, 1.0, 0.0, 1.0, 1.0, 1.0, 1.0, 1.0, 1.0, 0.0, 1.0, 1.0, 1.0, 1.0, 1.0, 0.0, 0.0, 0.0, 0.0, 1.0, 1.0, 1.0, 1.0, 1.0, 1.0, 1.0, 0.0, 0.0, 1.0, 1.0, 1.0, 0.0, 0.0, 0.0, 0.0, 1.0, 1.0, 1.0, 1.0, 0.0, 0.0, 0.0, 0.0, 1.0, 0.0, 1.0, 0.0, 0.0, 0.0, 0.0, 0.0, 1.0, 1.0, 1.0, 1.0, 1.0, 0.0, 1.0, 0.0, 1.0, 1.0, 1.0, 0.0, 1.0, 1.0, 0.0, 1.0, 1.0, 1.0, 1.0, 1.0, 0.0, 0.0, 0.0, 0.0, 0.0, 0.0, 0.0, 0.0, 0.0, 1.0, 0.0, 0.0, 1.0, 1.0, 1.0, 1.0, 0.0, 0.0, 0.0, 0.0, 0.0, 0.0, 0.0, 0.0, 0.0, 0.0, 0.0, 0.0, 1.0, 0.0, 1.0, 0.0, 0.0, 0.0, 0.0, 0.0, 1.0, 1.0, 0.0, 0.0, 1.0, 1.0, 1.0, 1.0, 1.0, 1.0, 1.0, 1.0, 1.0, 1.0, 1.0, 1.0, 1.0, 1.0, 1.0, 1.0, 1.0, 0.0, 1.0, 1.0, 0.0, 1.0, 0.0, 1.0, 0.0, 1.0, 0.0, 0.0, 1.0, 1.0, 1.0, 1.0, 0.0, 0.0, 1.0, 0.0, 1.0, 1.0, 1.0, 1.0, 0.0, 0.0, 0.0, 0.0, 0.0, 0.0, 0.0, 1.0, 0.0, 0.0, 0.0, 0.0, 1.0, 1.0, 1.0, 1.0, 0.0, 0.0, 0.0, 0.0, 0.0, 1.0, 1.0, 1.0, 0.0, 1.0, 1.0, 0.0, 1.0, 1.0, 1.0, 1.0, 0.0, 0.0, 0.0, 0.0, 1.0, 0.0, 1.0, 1.0, 1.0, 0.0, 0.0, 1.0, 1.0, 1.0, 1.0, 1.0, 1.0, 1.0, 1.0, 0.0, 0.0, 1.0, 1.0, 1.0, 1.0, 1.0, 0.0, 0.0, 1.0, 1.0, 1.0, 1.0, 0.0, 0.0, 0.0, 0.0, 1.0, 1.0, 1.0, 0.0, 0.0, 0.0, 1.0, 0.0, 1.0, 1.0, 1.0, 1.0, 0.0, 0.0, 0.0, 0.0, 0.0, 0.0, 0.0, 0.0, 0.0, 0.0, 0.0, 0.0, 0.0, 1.0, 0.0, 1.0, 0.0, 1.0, 1.0, 0.0, 1.0, 1.0, 1.0, 1.0, 1.0, 0.0, 0.0, 1.0]",-318.3726801373107,643.2907099349558,1.0,-3.5060935001457825,-5.545177444479562,9.091628541971401,11.090354888959125,1.4426941913513507,-15.276340039075954,-16.635532333438686,33.73073390849986,33.27106466687737,0.6173530694834558,"[1.0, 1.0, 1.0, 1.0, 1.0, 0.0, 1.0, 0.0, 1.0, 1.0, 1.0, 1.0, 1.0, 1.0, 1.0, 0.0, 0.0, 0.0, 0.0, 0.0, 0.0, 0.0, 0.0, 0.0, 1.0, 1.0, 1.0, 0.0, 0.0, 0.0, 1.0, 0.0, 0.0, 0.0, 1.0, 1.0, 0.0, 1.0, 1.0, 1.0, 0.0, 0.0, 0.0, 0.0, 0.0, 0.0, 0.0, 0.0, 1.0, 1.0, 1.0, 1.0, 0.0, 0.0, 0.0, 0.0, 1.0, 1.0, 1.0, 1.0, 0.0, 0.0, 0.0, 0.0, 0.0, 0.0, 0.0, 0.0, 0.0, 1.0, 1.0, 0.0, 0.0, 0.0, 0.0, 1.0, 0.0, 0.0, 0.0, 0.0, 1.0, 1.0, 1.0, 1.0, 0.0, 0.0, 0.0, 0.0, 0.0, 0.0, 0.0, 0.0, 1.0, 1.0, 0.0, 1.0, 1.0, 1.0, 1.0, 1.0, 1.0, 1.0, 1.0, 0.0, 1.0, 1.0, 1.0, 1.0, 1.0, 0.0, 1.0, 0.0, 0.0, 1.0, 0.0, 0.0, 1.0, 1.0, 1.0, 0.0, 1.0, 1.0, 0.0, 1.0, 1.0, 0.0, 0.0, 0.0, 1.0, 1.0, 1.0, 0.0, 1.0, 1.0, 1.0, 1.0, 1.0, 1.0, 1.0, 1.0, 0.0, 0.0, 0.0, 0.0, 1.0, 1.0, 1.0, 0.0, 0.0, 0.0, 1.0, 0.0, 0.0, 0.0, 1.0, 0.0, 0.0, 0.0, 0.0, 0.0, 1.0, 1.0, 1.0, 0.0, 0.0, 0.0, 1.0, 0.0, 0.0, 0.0, 0.0, 1.0, 0.0, 0.0, 0.0, 0.0, 0.0, 0.0, 0.0, 1.0, 0.0, 0.0, 0.0, 0.0, 1.0, 1.0, 1.0, 1.0, 0.0, 0.0, 0.0, 0.0, 1.0, 1.0, 1.0, 0.0, 0.0, 0.0, 1.0, 0.0, 1.0, 1.0, 1.0, 1.0, 0.0, 0.0, 0.0, 0.0, 1.0, 1.0, 1.0, 1.0, 0.0, 0.0, 0.0, 0.0, 1.0, 1.0, 1.0, 1.0, 1.0, 1.0, 1.0, 0.0, 0.0, 0.0, 0.0, 0.0, 1.0, 0.0, 0.0, 0.0, 1.0, 1.0, 1.0, 1.0, 1.0, 1.0, 1.0, 1.0, 1.0, 1.0, 1.0, 1.0, 1.0, 1.0, 1.0, 0.0, 0.0, 0.0, 0.0, 0.0, 0.0, 0.0, 0.0, 0.0, 0.0, 1.0, 0.0, 1.0, 0.0, 1.0, 0.0, 1.0, 0.0, 0.0, 0.0, 1.0, 0.0, 0.0, 0.0, 0.0, 1.0, 1.0, 1.0, 0.0, 0.0, 0.0, 1.0, 0.0, 1.0, 1.0, 1.0, 1.0, 1.0, 0.0, 1.0, 0.0, 0.0, 1.0, 1.0, 1.0, 0.0, 0.0, 0.0, 0.0, 1.0, 1.0, 1.0, 0.0, 1.0, 1.0, 1.0, 1.0, 0.0, 1.0, 1.0, 1.0, 0.0, 0.0, 0.0, 0.0, 1.0, 1.0, 1.0, 1.0, 1.0, 1.0, 1.0, 0.0, 1.0, 1.0, 1.0, 1.0, 0.0, 0.0, 0.0, 0.0, 1.0, 1.0, 1.0, 1.0, 0.0, 0.0, 0.0, 0.0, 0.0, 1.0, 0.0, 0.0, 0.0, 0.0, 0.0, 0.0, 0.0, 0.0, 0.0, 0.0, 0.0, 0.0, 0.0, 0.0, 1.0, 0.0, 1.0, 1.0, 1.0, 0.0, 0.0, 1.0, 1.0, 1.0, 1.0, 1.0, 1.0, 0.0, 1.0, 0.0, 1.0, 1.0, 1.0, 1.0, 1.0, 0.0, 1.0, 1.0, 0.0, 0.0, 0.0, 0.0, 0.0, 1.0, 1.0, 0.0, 1.0, 0.0, 0.0, 1.0, 0.0, 0.0, 0.0, 0.0, 1.0, 1.0, 1.0, 0.0, 0.0, 0.0, 1.0, 0.0, 1.0, 1.0, 1.0, 0.0, 0.0, 0.0, 0.0, 0.0, 1.0, 1.0, 1.0, 1.0, 1.0, 1.0, 1.0, 0.0, 0.0, 0.0, 0.0, 0.0, 0.0, 0.0, 0.0, 0.0, 1.0, 0.0, 1.0, 0.0, 0.0, 0.0, 0.0, 0.0, 1.0, 1.0, 1.0, 1.0, 1.0, 1.0, 1.0, 0.0, 1.0, 1.0, 1.0, 1.0, 1.0, 1.0, 0.0, 1.0, 1.0, 1.0, 1.0, 1.0, 0.0, 0.0, 0.0, 0.0, 1.0, 1.0, 1.0, 1.0, 1.0, 1.0, 1.0, 0.0, 0.0, 1.0, 1.0, 1.0, 0.0, 0.0, 0.0, 0.0, 1.0, 1.0, 1.0, 1.0, 0.0, 0.0, 0.0, 0.0, 1.0, 0.0, 1.0, 0.0, 0.0, 0.0, 0.0, 0.0, 1.0, 1.0, 1.0, 1.0, 1.0, 0.0, 1.0, 0.0, 1.0, 1.0, 1.0, 0.0, 1.0, 1.0, 0.0, 1.0, 1.0, 1.0, 1.0, 1.0, 0.0, 0.0, 0.0, 0.0, 0.0, 0.0, 0.0, 0.0, 0.0, 1.0, 0.0, 0.0, 1.0, 1.0, 1.0, 1.0, 0.0, 0.0, 0.0, 0.0, 0.0, 0.0, 0.0, 0.0, 0.0, 0.0, 0.0, 0.0, 1.0, 0.0, 1.0, 0.0, 0.0, 0.0, 0.0, 0.0, 1.0, 1.0, 0.0, 0.0, 1.0, 1.0, 1.0, 1.0, 1.0, 1.0, 1.0, 1.0, 1.0, 1.0, 1.0, 1.0, 1.0, 1.0, 1.0, 1.0, 1.0, 0.0, 1.0, 1.0, 0.0, 1.0, 0.0, 1.0, 0.0, 1.0, 0.0, 0.0, 1.0, 1.0, 1.0, 1.0, 0.0, 0.0, 1.0, 0.0, 1.0, 1.0, 1.0, 1.0, 0.0, 0.0, 0.0, 0.0, 0.0, 0.0, 0.0, 1.0, 0.0, 0.0, 0.0, 0.0, 1.0, 1.0, 1.0, 1.0, 0.0, 0.0, 0.0, 0.0, 0.0, 1.0, 1.0, 1.0, 0.0, 1.0, 1.0, 0.0, 1.0, 1.0, 1.0, 1.0, 0.0, 0.0, 0.0, 0.0, 1.0, 0.0, 1.0, 1.0, 1.0, 0.0, 0.0, 1.0, 1.0, 1.0, 1.0, 1.0, 1.0, 1.0, 1.0, 0.0, 0.0, 0.0, 1.0, 0.0, 0.0, 1.0, 0.0, 0.0, 1.0, 1.0, 1.0, 1.0, 0.0, 0.0, 0.0, 0.0, 1.0, 1.0, 1.0, 0.0, 0.0, 0.0, 1.0, 0.0, 1.0, 1.0, 1.0, 1.0, 0.0, 0.0, 0.0, 0.0, 0.0, 0.0, 0.0, 0.0, 0.0, 0.0, 0.0, 0.0, 0.0, 1.0, 0.0, 1.0, 0.0, 1.0, 1.0, 0.0, 1.0, 1.0, 1.0, 1.0, 1.0, 0.0, 0.0, 1.0]",-311.9759791000219,630.4973078603782,-482.430437669722,964.860875339444,0.5138983377943493,-3.0141612900514954,-5.545177444479562,8.107764121782827,11.090354888959125,1.0,-11.319382001320893,-16.635532333438686,25.81681783298973,33.27106466687737,1.0908740239314543,"[0.0, 0.0, 1.0, 0.0, 0.0, 0.0, 0.0, 0.0, 1.0, 1.0, 1.0, 1.0, 0.877, 0.877, 0.877, 0.0, 1.0, 0.259, 1.0, 1.0, 0.8015, 0.0, 0.259, 1.0, 1.0, 1.0, 1.0, 1.0, 1.0, 1.0, 1.0, 0.0, 0.0, 0.0, 1.0, 0.0, 0.0, 0.0, 1.0, 0.0, 0.0, 0.0, 1.0, 0.0, 0.0, 0.0, 1.0, 0.0, 0.0, 0.0, 0.0, 0.0775, 0.0, 0.0, 0.1635, 0.47100000000000003, 1.0, 1.0, 1.0, 1.0, 0.0, 0.0, 0.0, 0.0, 0.0, 0.0, 0.0, 0.0, 0.0, 0.0, 0.0, 0.0, 1.0, 1.0, 1.0, 1.0, 1.0, 1.0, 1.0, 0.0, 1.0, 1.0, 1.0, 1.0, 0.0, 0.0, 0.0, 0.0, 0.0, 0.0, 0.0, 0.0, 0.0, 0.113, 0.113, 0.0, 0.0, 0.0, 0.0, 1.0, 0.0, 0.0, 0.0, 0.0, 1.0, 1.0, 1.0, 1.0, 0.0, 0.0, 0.0, 0.0, 0.9995, 1.0, 1.0, 0.663, 1.0, 1.0, 1.0, 0.353, 1.0, 1.0, 1.0, 1.0, 0.082, 0.082, 0.0, 0.0, 0.973, 1.0, 0.7655000000000001, 0.605, 0.973, 1.0, 1.0, 0.368, 0.0, 0.0, 1.0, 0.0, 1.0, 0.0, 1.0, 0.0, 1.0, 1.0, 1.0, 1.0, 0.0, 0.0, 1.0, 0.0, 1.0, 1.0, 1.0, 1.0, 0.0, 0.9465, 0.0, 0.0, 0.666, 1.0, 0.666, 0.666, 0.0, 0.0, 0.7975, 0.0, 0.0, 0.9430000000000001, 0.0, 1.0, 1.0, 0.0, 0.0, 0.0, 0.0, 1.0, 0.0, 0.0, 0.0, 0.0, 0.0, 0.0, 1.0, 1.0, 1.0, 1.0, 0.0, 0.0, 0.0, 0.0, 1.0, 1.0, 1.0, 1.0, 1.0, 1.0, 1.0, 0.0005, 1.0, 1.0, 1.0, 1.0, 1.0, 1.0, 0.0, 1.0, 1.0, 1.0, 1.0, 1.0, 0.0, 0.0, 0.0, 0.0, 1.0, 1.0, 1.0, 1.0, 1.0, 1.0, 1.0, 0.0, 1.0, 0.0, 1.0, 0.0, 0.0, 0.0, 0.0, 0.0, 0.0, 1.0, 0.0, 1.0, 0.0, 1.0, 0.0, 1.0, 1.0, 1.0, 1.0, 1.0, 1.0, 1.0, 1.0, 0.0, 1.0, 0.0, 1.0, 1.0, 1.0, 0.0, 0.0, 1.0, 1.0, 1.0, 1.0, 1.0, 1.0, 1.0, 1.0, 1.0, 0.0, 0.9580000000000001, 0.0, 0.0, 0.0, 0.0, 0.0045000000000000005, 0.0, 0.0, 0.0, 0.0, 0.0, 0.0, 0.0, 0.0, 1.0, 0.0, 0.0, 0.0005, 0.0, 0.0, 0.0, 0.0, 0.0, 0.0, 1.0, 0.0, 0.0, 0.0, 0.0, 0.0, 0.0, 1.0, 1.0, 1.0, 0.001, 0.001, 0.001, 1.0, 0.0, 0.0, 0.0, 0.6225, 0.0, 0.0, 0.0, 0.0, 0.0, 1.0, 1.0, 1.0, 1.0, 0.0, 0.0, 0.0, 0.0, 0.0, 0.0, 0.0, 0.0, 0.0, 0.0, 0.0, 0.0, 1.0, 1.0, 1.0, 1.0, 1.0, 1.0, 1.0, 0.0, 0.0, 0.0, 0.0, 1.0, 0.0, 0.0, 1.0, 0.0, 1.0, 1.0, 1.0, 1.0, 0.0, 0.0, 0.0, 0.0, 0.0, 1.0, 0.0, 0.0, 1.0, 0.0, 0.0, 1.0, 1.0, 1.0, 1.0, 1.0, 0.0, 0.0, 0.0, 0.0, 1.0, 1.0, 1.0, 1.0, 1.0, 0.0, 1.0, 1.0, 0.0, 0.0005, 0.0, 0.0, 0.0, 0.38, 0.0, 0.0, 1.0, 1.0, 1.0, 1.0, 0.0, 0.0, 0.0, 0.0, 1.0, 1.0, 1.0, 0.999, 1.0, 1.0, 1.0, 0.0195, 1.0, 1.0, 1.0, 1.0, 0.0, 0.0, 0.0, 0.0, 0.0, 0.6285000000000001, 0.0, 0.328, 0.0, 0.0, 0.6285000000000001, 0.0, 0.0, 0.0, 0.0, 0.0, 0.0, 0.0, 0.0, 1.0, 1.0, 1.0, 1.0, 1.0, 0.0, 0.0, 0.0, 0.0, 1.0, 1.0, 1.0, 1.0, 1.0, 1.0, 1.0, 0.0, 1.0, 1.0, 1.0, 1.0, 1.0, 1.0, 0.0375, 1.0, 1.0, 1.0, 1.0, 1.0, 0.0, 0.0, 0.0, 0.0, 1.0, 1.0, 1.0, 1.0, 1.0, 1.0, 1.0, 0.0, 1.0, 1.0, 1.0, 1.0, 1.0, 1.0, 0.0, 1.0, 1.0, 1.0, 1.0, 1.0, 0.0, 0.0, 0.0, 0.0, 1.0, 1.0, 1.0, 1.0, 1.0, 1.0, 1.0, 1.0, 0.0, 0.0, 0.4395, 0.0, 0.0, 0.0, 0.001, 1.0, 0.0, 0.0, 0.0, 0.0, 0.0, 0.0, 0.0, 0.0, 1.0, 1.0, 1.0, 0.0, 1.0, 0.0, 0.0, 1.0, 0.0, 0.0, 1.0, 1.0, 1.0, 0.0, 0.0, 0.0, 0.0, 0.0, 0.0, 0.0, 0.0, 0.0, 0.0, 0.0, 1.0, 1.0, 1.0, 1.0, 0.0, 0.0, 0.0, 0.0, 0.0, 0.0, 0.0, 0.0, 0.0, 1.0, 0.0, 0.0, 1.0, 1.0, 1.0, 1.0, 0.0, 0.4945, 0.0, 0.0, 1.0, 1.0, 1.0, 1.0, 0.0, 0.0, 1.0, 1.0, 1.0, 1.0, 1.0, 1.0, 0.0, 0.0, 0.0, 0.0, 1.0, 1.0, 1.0, 1.0, 1.0, 0.704, 0.296, 0.0, 1.0, 1.0, 1.0, 1.0, 0.0, 0.0, 1.0, 1.0, 1.0, 1.0, 1.0, 1.0, 0.0, 0.0, 0.0, 0.0, 0.006, 1.0, 0.006, 0.708, 0.298, 1.0, 0.298, 1.0, 1.0, 1.0, 1.0, 1.0, 0.0, 0.0, 0.0, 0.0, 1.0, 0.0, 1.0, 1.0, 1.0, 0.0, 0.0, 1.0, 0.0, 1.0, 1.0, 1.0, 0.0, 0.0, 0.0, 0.0, 1.0, 0.224, 1.0, 1.0, 0.776, 0.0, 0.224, 1.0, 1.0, 1.0, 1.0, 1.0, 0.0, 0.0, 0.0, 0.0, 1.0, 1.0, 0.0, 1.0, 1.0, 1.0, 0.0, 1.0, 1.0, 1.0, 1.0, 1.0, 0.0, 0.0, 0.0, 0.0, 1.0, 1.0, 1.0, 1.0, 1.0, 1.0, 1.0, 0.0, 1.0, 1.0, 1.0, 1.0, 0.0, 0.0, 0.0, 0.0, 0.0, 0.0, 0.0, 0.0, 0.0, 0.0, 0.0, 0.0, 1.0, 0.4865, 1.0, 1.0, 1.0, 0.0075, 0.4865, 1.0, 0.0225, 0.0, 0.0, 0.9775, 0.0, 0.0, 0.0, 0.0]",-419.18595103414617,844.9172517286268,-482.430437669722,964.860875339444,1.0,-3.5060935001457825,-5.545177444479562,9.091628541971401,11.090354888959125,1.4426941913513507,-15.276340039075954,-16.635532333438686,33.73073390849986,33.27106466687737,0.5787520451143159,"[1.0, 1.0, 1.0, 1.0, 1.0, 0.0, 1.0, 0.0, 1.0, 1.0, 1.0, 1.0, 1.0, 1.0, 1.0, 0.0, 0.0, 0.0, 0.0, 0.0, 0.0, 0.0, 0.0, 0.0, 1.0, 1.0, 1.0, 1.0, 0.0, 0.0, 1.0, 0.0, 0.0, 0.0, 0.0, 0.0, 0.0, 1.0, 0.0, 0.0, 0.0, 0.0, 0.0, 0.0, 0.0, 0.0, 0.0, 0.0, 1.0, 1.0, 1.0, 1.0, 0.0, 0.0, 0.0, 0.0, 1.0, 1.0, 1.0, 1.0, 0.0, 0.0, 0.0, 0.0, 0.0, 0.0, 0.0, 0.0, 0.0, 1.0, 1.0, 0.0, 1.0, 1.0, 1.0, 1.0, 0.0, 0.0, 0.0, 0.0, 1.0, 1.0, 1.0, 1.0, 0.0, 0.0, 0.0, 0.0, 0.0, 0.0, 0.0, 0.0, 0.0, 0.0, 0.0, 0.0, 1.0, 1.0, 1.0, 1.0, 1.0, 1.0, 1.0, 0.0, 1.0, 1.0, 1.0, 1.0, 1.0, 0.0, 1.0, 0.0, 0.0, 1.0, 0.0, 0.0, 1.0, 1.0, 1.0, 0.0, 1.0, 1.0, 0.0, 1.0, 1.0, 0.0, 0.0, 0.0, 1.0, 1.0, 1.0, 0.0, 1.0, 1.0, 1.0, 1.0, 1.0, 1.0, 1.0, 1.0, 0.0, 0.0, 0.0, 0.0, 1.0, 1.0, 1.0, 0.0, 0.0, 0.0, 1.0, 0.0, 0.0, 0.0, 1.0, 0.0, 0.0, 0.0, 0.0, 0.0, 1.0, 1.0, 1.0, 0.0, 0.0, 0.0, 1.0, 0.0, 0.0, 0.0, 0.0, 1.0, 0.0, 0.0, 0.0, 0.0, 0.0, 0.0, 0.0, 1.0, 0.0, 0.0, 0.0, 0.0, 1.0, 1.0, 1.0, 1.0, 0.0, 0.0, 0.0, 0.0, 1.0, 1.0, 1.0, 0.0, 0.0, 0.0, 1.0, 0.0, 1.0, 1.0, 1.0, 1.0, 0.0, 0.0, 0.0, 0.0, 1.0, 1.0, 1.0, 1.0, 0.0, 0.0, 0.0, 0.0, 1.0, 1.0, 1.0, 1.0, 1.0, 1.0, 1.0, 0.0, 0.0, 0.0, 0.0, 0.0, 1.0, 0.0, 0.0, 0.0, 1.0, 1.0, 1.0, 1.0, 1.0, 1.0, 1.0, 1.0, 1.0, 1.0, 1.0, 1.0, 1.0, 1.0, 1.0, 0.0, 0.0, 0.0, 0.0, 0.0, 0.0, 0.0, 0.0, 0.0, 0.0, 1.0, 0.0, 1.0, 0.0, 1.0, 0.0, 1.0, 0.0, 0.0, 0.0, 1.0, 0.0, 0.0, 0.0, 0.0, 1.0, 1.0, 1.0, 0.0, 0.0, 0.0, 1.0, 0.0, 0.0, 0.0, 1.0, 0.0, 0.0, 0.0, 0.0, 0.0, 0.0, 1.0, 1.0, 1.0, 0.0, 0.0, 0.0, 0.0, 1.0, 1.0, 1.0, 0.0, 1.0, 1.0, 1.0, 1.0, 0.0, 0.0, 1.0, 0.0, 0.0, 0.0, 0.0, 0.0, 1.0, 1.0, 1.0, 1.0, 1.0, 1.0, 1.0, 0.0, 1.0, 1.0, 1.0, 1.0, 0.0, 0.0, 0.0, 0.0, 1.0, 1.0, 1.0, 1.0, 0.0, 0.0, 0.0, 0.0, 0.0, 1.0, 0.0, 0.0, 0.0, 0.0, 0.0, 0.0, 0.0, 0.0, 0.0, 0.0, 0.0, 0.0, 0.0, 0.0, 0.0, 0.0, 0.0, 0.0, 0.0, 0.0, 0.0, 0.0, 1.0, 1.0, 0.0, 1.0, 1.0, 0.0, 1.0, 0.0, 1.0, 1.0, 1.0, 1.0, 1.0, 0.0, 1.0, 1.0, 0.0, 0.0, 0.0, 0.0, 0.0, 1.0, 1.0, 0.0, 1.0, 0.0, 0.0, 1.0, 0.0, 0.0, 0.0, 0.0, 1.0, 1.0, 1.0, 0.0, 0.0, 0.0, 1.0, 0.0, 1.0, 1.0, 1.0, 0.0, 0.0, 0.0, 0.0, 0.0, 1.0, 1.0, 1.0, 1.0, 1.0, 1.0, 1.0, 0.0, 0.0, 0.0, 0.0, 0.0, 0.0, 0.0, 0.0, 0.0, 1.0, 0.0, 1.0, 0.0, 0.0, 0.0, 0.0, 0.0, 1.0, 1.0, 1.0, 1.0, 1.0, 1.0, 1.0, 0.0, 1.0, 1.0, 1.0, 1.0, 1.0, 1.0, 0.0, 1.0, 1.0, 1.0, 1.0, 1.0, 0.0, 0.0, 0.0, 0.0, 1.0, 1.0, 1.0, 1.0, 1.0, 1.0, 1.0, 0.0, 0.0, 1.0, 1.0, 1.0, 0.0, 0.0, 0.0, 0.0, 1.0, 1.0, 1.0, 1.0, 0.0, 0.0, 0.0, 0.0, 1.0, 0.0, 1.0, 0.0, 0.0, 0.0, 0.0, 0.0, 1.0, 1.0, 1.0, 1.0, 1.0, 0.0, 1.0, 0.0, 1.0, 1.0, 1.0, 0.0, 1.0, 1.0, 0.0, 1.0, 1.0, 1.0, 1.0, 1.0, 0.0, 0.0, 0.0, 0.0, 0.0, 0.0, 0.0, 0.0, 0.0, 0.0, 0.0, 0.0, 1.0, 1.0, 1.0, 1.0, 0.0, 0.0, 0.0, 0.0, 0.0, 0.0, 0.0, 0.0, 0.0, 0.0, 0.0, 0.0, 0.0, 0.0, 0.0, 0.0, 0.0, 0.0, 0.0, 0.0, 1.0, 1.0, 0.0, 0.0, 1.0, 1.0, 1.0, 1.0, 1.0, 1.0, 1.0, 1.0, 1.0, 1.0, 1.0, 1.0, 1.0, 1.0, 1.0, 1.0, 1.0, 0.0, 1.0, 1.0, 0.0, 1.0, 0.0, 1.0, 0.0, 1.0, 0.0, 0.0, 1.0, 1.0, 1.0, 1.0, 0.0, 0.0, 1.0, 0.0, 1.0, 1.0, 1.0, 1.0, 0.0, 0.0, 0.0, 0.0, 0.0, 0.0, 0.0, 1.0, 0.0, 0.0, 0.0, 0.0, 1.0, 1.0, 1.0, 1.0, 0.0, 0.0, 0.0, 0.0, 0.0, 1.0, 1.0, 1.0, 0.0, 1.0, 1.0, 0.0, 1.0, 1.0, 1.0, 1.0, 0.0, 0.0, 0.0, 0.0, 1.0, 0.0, 1.0, 1.0, 1.0, 0.0, 0.0, 1.0, 1.0, 1.0, 1.0, 1.0, 1.0, 1.0, 1.0, 0.0, 0.0, 1.0, 1.0, 1.0, 1.0, 1.0, 0.0, 0.0, 1.0, 1.0, 1.0, 1.0, 0.0, 0.0, 0.0, 0.0, 1.0, 1.0, 1.0, 0.0, 0.0, 0.0, 1.0, 0.0, 1.0, 1.0, 1.0, 1.0, 0.0, 0.0, 0.0, 0.0, 0.0, 0.0, 0.0, 0.0, 0.0, 0.0, 0.0, 0.0, 0.0, 0.0, 1.0, 1.0, 0.0, 0.0, 0.0, 0.0, 1.0, 1.0, 1.0, 1.0, 1.0, 0.0, 0.0, 1.0]",-295.2442605392121,597.0338707387587,-482.430437669722,964.860875339444,1.0,-10.51828050043735,24.214614831222644,1.2846122460949685,-433.45128860920846,873.4479268787513,True,False,False,True,False,0.7916666666666666,0.625,0.5833333333333334,0.5,0.5833333333333334,0.5,0.8333333333333334,0.75,0.5833333333333334,0.5,0.7916666666666666,0.75,"Z.exists(lambda x1: Z.lequal(x1,1,'size'),X)","Z.exists(lambda x1: Z.or_operator(Z.equal(x1,'red','colour'),Z.equal(x1,'blue','colour')),X)","Z.exists(lambda x1: Z.equal(x1,'green','colour'),X)","Z.exists(lambda x1: Z.or_operator(Z.equal(x1,'red','colour'),Z.equal(x1,'blue','colour')),X)",0.625,0.375,0.5,0.75,0.5,0.7083333333333334,0.6982758620689655,0.6867816091954023,0.6954022988505747,0.6925287356321839,5.241379310344827,0,0,0,0,0,0
70,85,161,j4HNgt8UJB,_VLMW5LVhR2OMJrCAAAA,Zeta,there is a red,"[True, True, True, True, False, False, False, False]","[True, True, True, True, False, False, False, False]",1.0,1.0,Blue and red emits radiation,[['x1']],"Z.exists(lambda x1: Z.or_operator(Z.equal(x1,'red','colour'),Z.equal(x1,'blue','colour')),X)",red and blue emits radiation,"[{'ids': [0, 1, 2], 'colours': ['red', 'green', 'red'], 'sizes': [2, 2, 1], 'xpos': [1.2082638965874768, 1.208263333424046, 3.655562675831928], 'ypos': [4.120000833504485, 3.819167218840407, 3.8390839424319516], 'rotations': [3.141592516259445, 3.141591574377934, 1.2121899680575183], 'orientations': ['upright', 'upright', 'lhs'], 'contact': [[0, 1], [1, 0], [2]], 'grounded': ['yes', 'no', 'yes'], 'follow_rule': True}, {'ids': [0, 1], 'colours': ['green', 'blue'], 'sizes': [1, 1], 'xpos': [3.4681183496736914, 2.1326061038529285], 'ypos': [3.835147423712822, 3.835085584519404], 'rotations': [5.073300751588993, 5.072502253366196], 'orientations': ['rhs', 'rhs'], 'contact': [[0], [1]], 'grounded': ['yes', 'yes'], 'follow_rule': False}, {'ids': [0, 1, 2, 3], 'colours': ['red', 'green', 'blue', 'red'], 'sizes': [3, 1, 2, 3], 'xpos': [2.9300640874524553, 2.9109001412098867, 5.425442352772796, 5.078641898998213], 'ypos': [4.1162689544076025, 4.116381485899662, 3.7421510989484035, 3.481635803834766], 'rotations': [3.1393204128670136, 3.138559021259373, 1.236441642897931, 5.171251617299216], 'orientations': ['upright', 'upright', 'lhs', 'rhs'], 'contact': [[0], [1], [2, 3], [3, 2]], 'grounded': ['yes', 'yes', 'yes', 'yes'], 'follow_rule': True}, {'ids': [0, 1, 2, 3, 4], 'colours': ['green', 'green', 'red', 'blue', 'blue'], 'sizes': [3, 3, 3, 1, 1], 'xpos': [2.4461139321679695, 3.3021444924475802, 6.041515895290338, 2.2824898189070106, 6.476488721760961], 'ypos': [3.6455503235835884, 3.646265975713177, 3.646262806408709, 4.014982586993005, 3.860330252318487], 'rotations': [1.2449573096514317, 5.037960599574217, 5.037243913442477, 3.1412038259421213, 2.5793969688982537], 'orientations': ['lhs', 'rhs', 'rhs', 'upright', 'strange'], 'contact': [[0, 3], [1], [2, 4], [3, 0], [4, 2]], 'grounded': ['yes', 'yes', 'yes', 'no', 'no'], 'follow_rule': True}, {'ids': [0, 1, 2, 3], 'colours': ['blue', 'green', 'green', 'red'], 'sizes': [1, 2, 2, 3], 'xpos': [5.210123874843252, 5.553008966402455, 4.0354844631084905, 5.309813525209259], 'ypos': [3.7618971767020883, 3.7429095417039213, 3.7309034622443646, 3.716756133021179], 'rotations': [3.693592804390654, 1.2382764695474593, 4.478472383603814, 3.8686986010524005], 'orientations': ['strange', 'lhs', 'strange', 'strange'], 'contact': [[0, 2, 3, 1], [1, 0, 3], [2, 0, 3], [3, 0, 1, 2]], 'grounded': ['no', 'yes', 'yes', 'no'], 'follow_rule': True}, {'ids': [0, 1], 'colours': ['green', 'blue'], 'sizes': [2, 1], 'xpos': [5.842567870168326, 5.79240548186447], 'ypos': [3.7422866585674717, 3.6902620478280808], 'rotations': [7.518642405738352, 5.330387223703614], 'orientations': ['lhs', 'rhs'], 'contact': [[0, 1], [1, 0]], 'grounded': ['yes', 'yes'], 'follow_rule': False}, {'ids': [0, 1, 2], 'colours': ['green', 'blue', 'red'], 'sizes': [3, 1, 3], 'xpos': [0.5909741249559869, 1.8461967462807942, 1.7959349601997214], 'ypos': [4.116078972618948, 4.11771450129991, 4.109889441354781], 'rotations': [3.1424857276157563, 3.148807402761452, 3.128835238072305], 'orientations': ['upright', 'upright', 'upright'], 'contact': [[0], [1], [2]], 'grounded': ['yes', 'yes', 'yes'], 'follow_rule': True}, {'ids': [0, 1], 'colours': ['blue', 'red'], 'sizes': [2, 3], 'xpos': [0.5241617600221727, 0.5238053405767994], 'ypos': [4.120056735937686, 4.110884653198217], 'rotations': [3.1415936474197825, 3.140752716866041], 'orientations': ['upright', 'upright'], 'contact': [[0, 1], [1, 0]], 'grounded': ['yes', 'no'], 'follow_rule': True}, {'ids': [0, 1, 2, 3], 'colours': ['red', 'green', 'green', 'red'], 'sizes': [1, 3, 1, 2], 'xpos': [4.99719497412721, 5.33966521510595, 6.7812617602386, 0.647214122653947], 'ypos': [3.87616110226316, 3.89757703212827, 4.15810225565523, 4.15717162300964], 'rotations': [1.21015432030723, 3.69203273094864, 3.14416974526282, 3.14125264303298], 'contact': [[0, 1], [1, 0], 2, 3], 'grounded': ['yes', 'yes', 'yes', 'yes']}, {'ids': [0, 1, 2, 3, 4], 'colours': ['red', 'red', 'blue', 'blue', 'green'], 'sizes': [2, 1, 2, 2, 1], 'xpos': [0.756045112876682, 5.7930538088619, 4.02912968049722, 0.607249611808554, 2.34445062198903], 'ypos': [3.78128677692435, 3.87663053995449, 3.77926220180112, 4.09987976609843, 4.15797989686201], 'rotations': [5.04734512360657, 1.21097145412816, 1.2338944765227, 2.99747085022243, 3.14330311350596], 'contact': [[0, 3], 1, 2, [3, 0], 4], 'grounded': ['yes', 'yes', 'yes', 'yes', 'yes']}, {'ids': [0, 1, 2, 3, 4, 5], 'colours': ['green', 'green', 'green', 'green', 'red', 'red'], 'sizes': [1, 1, 2, 2, 1, 1], 'xpos': [0.392205266119112, 6.46736091582645, 5.87132830651543, 2.56842478452184, 1.05497225772388, 3.35722507237469], 'ypos': [4.15754519774028, 3.87672651888649, 3.80774864689194, 4.15891117383473, 4.15835090526104, 4.15780493355124], 'rotations': [3.14560426344892, 5.07442800349693, 4.20513160762651, 3.14652142167178, 3.14300168792949, 3.1450254884391], 'contact': [0, [1, 2], [2, 1], 3, 4, 5], 'grounded': ['yes', 'yes', 'yes', 'yes', 'yes', 'yes']}, {'ids': [0, 1, 2], 'colours': ['blue', 'red', 'blue'], 'sizes': [1, 3, 1], 'xpos': [3.65329156447024, 3.06074315033349, 4.60711408951368], 'ypos': [3.87683998879975, 3.89790852126602, 4.15748043316142], 'rotations': [1.21104984409195, 2.59341814797494, 3.14017425270441], 'contact': [[0, 1], [1, 0], 2], 'grounded': ['yes', 'yes', 'yes']}, {'ids': [0, 1, 2, 3, 4, 5], 'colours': ['green', 'green', 'green', 'green', 'blue', 'blue'], 'sizes': [1, 3, 2, 1, 2, 1], 'xpos': [2.9046526114666, 3.68975290255409, 5.65833149766197, 2.8246611501998, 2.89449149866101, 1.87269773742003], 'ypos': [3.88094533031908, 3.68797064017839, 4.15757175612118, 3.68349548447456, 3.68583647526567, 3.8760767087662], 'rotations': [1.21243000430047, 5.03772434357929, 3.14324414103154, 5.06868148794976, 5.04716419664426, 1.2105262200236], 'contact': [[0, 4], [1, 4], 2, [3, 4], [4, 0, 1, 3], 5], 'grounded': ['yes', 'yes', 'yes', 'no', 'no', 'yes']}, {'ids': [0, 1], 'colours': ['green', 'green'], 'sizes': [1, 3], 'xpos': [0.670764619467334, 5.261348820008], 'ypos': [3.86447444538309, 4.15793495472947], 'rotations': [1.77488765373097, 3.13951555729719], 'contact': [{'V1': 0, 'V2': 1}], 'grounded': ['yes', 'yes']}, {'ids': [0, 1, 2], 'colours': ['blue', 'green', 'green'], 'sizes': [1, 1, 3], 'xpos': [4.69009713254434, 2.93439461350621, 4.78205690186546], 'ypos': [4.15772510399043, 4.15704164375121, 4.15823822985147], 'rotations': [3.14100478933091, 3.14035932239342, 3.14115234487408], 'contact': [[0, 2], 1, [2, 0]], 'grounded': ['yes', 'yes', 'yes']}, {'ids': [0, 1, 2, 3, 4, 5], 'colours': ['green', 'blue', 'blue', 'green', 'green', 'green'], 'sizes': [3, 2, 1, 1, 3, 2], 'xpos': [4.08915128061252, 2.29489936724743, 2.81704915678861, 6.85663898790724, 1.00051084466887, 4.09237106060331], 'ypos': [4.1616688599196, 4.16166316032898, 3.87799901532656, 4.1578940642729, 4.15850762807611, 3.52787490122945], 'rotations': [3.14159237119885, 3.14158410154621, 5.07138880585438, 3.13808482008692, 3.14212541938172, 3.13686252238553], 'contact': [[0, 5], 1, 2, 3, 4, [5, 0]], 'grounded': ['yes', 'yes', 'yes', 'yes', 'yes', 'no']}]","[True, True, True, True, False, False, False, False]","[True, True, True, True, True, True, True, True]","[False, False, False, False, False, False, False, False]","[False, False, False, False, False, False, False, False]","[True, True, True, True, False, False, False, False]","[True, True, True, True, True, True, True, True]","[False, False, False, False, False, False, False, False]","[False, False, False, False, False, False, False, False]",0.0,0.0,0.0,0.0,1.0,1.0,1.0,1.0,0.0,0.0,0.0,0.0,0.0,0.0,0.01,0.0,-5.545177444479562,2.0794415416798357,11.090354888959125,0.95199751276125,-13.941426501843175,-16.635532333438686,31.060906834034295,33.27106466687737,1.0502311195665048,"[1.0, 1.0, 1.0, 1.0, 1.0, 0.0, 1.0, 0.0, 1.0, 1.0, 1.0, 1.0, 1.0, 1.0, 1.0, 0.0135, 0.9530000000000001, 0.092, 0.5895, 0.5895, 1.0, 0.0, 0.0, 0.861, 1.0, 1.0, 1.0, 0.2925, 0.999, 0.999, 1.0, 0.7155, 0.0, 0.0, 1.0, 0.0, 0.0, 0.0, 1.0, 0.0, 0.0, 0.0, 1.0, 0.0, 0.0, 0.0, 1.0, 0.0, 1.0, 1.0, 1.0, 1.0, 0.0, 0.0, 0.0, 0.0, 1.0, 1.0, 1.0, 1.0, 0.935, 0.935, 0.935, 0.935, 1.0, 1.0, 1.0, 1.0, 0.0, 1.0, 0.0, 0.0, 0.0, 1.0, 1.0, 1.0, 1.0, 1.0, 1.0, 1.0, 1.0, 1.0, 1.0, 1.0, 0.0935, 0.0935, 0.0935, 0.0935, 1.0, 1.0, 1.0, 1.0, 1.0, 1.0, 1.0, 1.0, 1.0, 1.0, 1.0, 1.0, 1.0, 1.0, 1.0, 0.013000000000000001, 1.0, 1.0, 0.998, 1.0, 1.0, 0.002, 0.998, 0.002, 1.0, 1.0, 1.0, 1.0, 1.0, 1.0, 1.0, 0.0, 0.973, 1.0, 0.9530000000000001, 1.0, 0.8925000000000001, 0.9195, 0.17400000000000002, 0.201, 1.0, 1.0, 1.0, 1.0, 0.0, 0.0, 0.0, 0.0, 1.0, 1.0, 1.0, 0.24, 1.0, 1.0, 0.968, 1.0, 0.653, 0.653, 0.653, 1.0, 0.2535, 0.2535, 0.7035, 0.10300000000000001, 1.0, 1.0, 1.0, 1.0, 0.0, 1.0, 0.0, 0.0, 1.0, 1.0, 1.0, 0.012, 0.988, 0.988, 1.0, 1.0, 1.0, 0.0, 1.0, 1.0, 1.0, 0.0, 0.0, 1.0, 0.0, 0.0, 0.0, 1.0, 1.0, 0.0, 0.0, 0.0, 1.0, 1.0, 1.0, 1.0, 0.0, 0.0, 0.0, 0.0, 1.0, 1.0, 1.0, 1.0, 0.0, 0.0, 0.0, 0.0, 1.0, 1.0, 1.0, 1.0, 1.0, 1.0, 0.841, 1.0, 1.0, 1.0, 1.0, 1.0, 0.0, 0.0, 0.0, 0.0, 1.0, 1.0, 1.0, 1.0, 1.0, 1.0, 1.0, 0.0, 0.197, 0.0, 0.85, 0.653, 0.803, 0.0, 0.0, 0.0, 0.8525, 0.847, 0.9935, 0.847, 0.28300000000000003, 0.4305, 0.426, 0.426, 1.0, 1.0, 1.0, 1.0, 1.0, 1.0, 1.0, 0.0, 0.798, 1.0, 0.7995, 0.7995, 0.0275, 0.029, 0.2265, 0.1975, 1.0, 1.0, 1.0, 1.0, 0.0, 0.0, 0.0, 0.0, 0.862, 0.854, 0.8595, 0.8955000000000001, 0.045, 0.0005, 0.8695, 0.8505, 1.0, 1.0, 1.0, 0.022, 1.0, 1.0, 1.0, 0.978, 0.28400000000000003, 0.0145, 0.1885, 0.0275, 0.2755, 0.0, 0.0015, 0.013000000000000001, 0.0, 0.0, 0.0, 1.0, 1.0, 0.0, 0.0, 0.0, 1.0, 1.0, 1.0, 1.0, 0.0, 0.0, 0.0, 0.0, 1.0, 1.0, 1.0, 1.0, 1.0, 0.0, 1.0, 0.0, 1.0, 1.0, 1.0, 1.0, 1.0, 1.0, 1.0, 0.0, 1.0, 1.0, 1.0, 0.728, 0.8265, 0.5545, 0.5545, 0.8265, 1.0, 1.0, 1.0, 1.0, 1.0, 1.0, 1.0, 1.0, 1.0, 1.0, 1.0, 0.8715, 0.9365, 0.8695, 0.8695, 0.9365, 0.229, 0.229, 0.229, 0.229, 0.801, 0.03, 0.03, 0.801, 0.0, 0.0, 0.0, 1.0, 1.0, 0.0, 0.0, 0.0, 0.108, 0.114, 0.2315, 0.108, 0.114, 0.07050000000000001, 0.0495, 0.006, 1.0, 1.0, 1.0, 1.0, 0.0, 0.0, 0.0, 0.0, 0.8955000000000001, 0.895, 0.0115, 0.0, 0.883, 0.0, 0.0, 0.0, 1.0, 1.0, 1.0, 1.0, 0.0, 0.0, 0.0, 0.0, 0.902, 0.902, 0.902, 0.678, 0.88, 0.88, 0.902, 0.807, 1.0, 1.0, 1.0, 1.0, 0.0, 0.0, 0.0, 0.0, 1.0, 1.0, 1.0, 1.0, 1.0, 1.0, 1.0, 0.0, 1.0, 1.0, 1.0, 1.0, 0.0, 0.0, 0.0, 0.0, 1.0, 1.0, 1.0, 1.0, 0.008, 0.008, 0.008, 0.008, 1.0, 1.0, 1.0, 1.0, 1.0, 1.0, 1.0, 0.0, 1.0, 1.0, 1.0, 1.0, 1.0, 1.0, 0.6980000000000001, 1.0, 1.0, 1.0, 1.0, 1.0, 0.0, 0.0, 0.0, 0.0, 1.0, 1.0, 1.0, 1.0, 1.0, 1.0, 1.0, 0.0, 0.9530000000000001, 0.9530000000000001, 0.9530000000000001, 1.0, 1.0, 1.0, 0.641, 0.9530000000000001, 1.0, 1.0, 1.0, 1.0, 0.0, 0.0, 0.0, 0.0, 1.0, 1.0, 1.0, 1.0, 1.0, 1.0, 1.0, 1.0, 1.0, 1.0, 1.0, 1.0, 0.0, 0.0, 0.0, 0.0, 1.0, 1.0, 1.0, 1.0, 1.0, 1.0, 1.0, 1.0, 1.0, 1.0, 1.0, 1.0, 0.021500000000000002, 0.021500000000000002, 0.021500000000000002, 0.021500000000000002, 0.021500000000000002, 0.003, 0.02, 0.0095, 0.0095, 0.964, 0.9555, 0.0095, 1.0, 1.0, 1.0, 1.0, 1.0, 1.0, 1.0, 1.0, 1.0, 1.0, 1.0, 1.0, 0.0, 0.0, 0.0, 0.0, 1.0, 1.0, 1.0, 1.0, 0.0, 0.0, 1.0, 1.0, 1.0, 0.873, 0.198, 0.198, 1.0, 1.0, 0.6905, 1.0, 1.0, 1.0, 1.0, 1.0, 1.0, 1.0, 1.0, 0.0, 1.0, 0.999, 0.999, 1.0, 0.0025, 0.0025, 0.0025, 0.0025, 1.0, 1.0, 1.0, 1.0, 1.0, 0.686, 0.314, 0.0, 1.0, 1.0, 1.0, 1.0, 0.524, 0.524, 1.0, 0.47600000000000003, 1.0, 1.0, 1.0, 1.0, 0.008, 0.008, 0.008, 0.008, 0.9935, 0.9935, 0.9775, 0.9935, 0.9935, 0.0225, 0.988, 0.017, 1.0, 1.0, 1.0, 1.0, 0.0725, 0.0725, 0.0725, 0.0725, 0.041, 1.0, 1.0, 0.9590000000000001, 0.041, 0.9590000000000001, 1.0, 0.0, 0.7435, 0.9835, 0.7425, 0.986, 0.7435, 0.7435, 0.256, 0.987, 1.0, 0.005, 1.0, 1.0, 1.0, 0.005, 0.005, 1.0, 1.0, 1.0, 1.0, 1.0, 1.0, 1.0, 1.0, 0.0, 1.0, 1.0, 1.0, 1.0, 0.0, 0.0, 0.0, 0.0, 1.0, 1.0, 1.0, 1.0, 0.0, 0.0, 0.0, 0.0, 0.9705, 0.9705, 0.9145, 1.0, 0.8015, 0.8015, 0.9705, 0.7865, 1.0, 1.0, 1.0, 1.0, 0.0, 0.0, 0.0, 0.0, 1.0, 1.0, 1.0, 1.0, 0.0, 0.0, 0.0, 0.0, 1.0, 1.0, 1.0, 1.0, 0.0, 0.0, 0.0, 0.0, 1.0, 1.0, 1.0, 1.0, 1.0, 1.0, 1.0, 1.0]",-418.5875071169283,843.720363894191,-482.430437669722,964.860875339444,1.9575785093610467,-5.292505905349744,12.664453352379324,1.4426941913513507,-15.276340039075954,33.73073390849986,0.6334250289943713,"[1.0, 1.0, 1.0, 1.0, 1.0, 0.0, 1.0, 0.0, 1.0, 1.0, 1.0, 1.0, 1.0, 1.0, 1.0, 0.0, 0.0, 0.0, 0.0, 0.0, 0.0, 0.0, 0.0, 0.0, 1.0, 1.0, 1.0, 0.0, 0.0, 0.0, 1.0, 0.0, 0.0, 0.0, 1.0, 1.0, 0.0, 1.0, 1.0, 1.0, 1.0, 1.0, 1.0, 1.0, 0.0, 0.0, 1.0, 1.0, 1.0, 1.0, 1.0, 1.0, 0.0, 0.0, 0.0, 0.0, 1.0, 1.0, 1.0, 1.0, 0.0, 0.0, 0.0, 0.0, 0.0, 0.0, 0.0, 0.0, 0.0, 1.0, 1.0, 0.0, 1.0, 1.0, 1.0, 1.0, 0.0, 0.0, 0.0, 0.0, 1.0, 1.0, 1.0, 1.0, 0.0, 0.0, 0.0, 0.0, 1.0, 1.0, 1.0, 1.0, 1.0, 1.0, 0.0, 1.0, 1.0, 1.0, 1.0, 1.0, 1.0, 1.0, 1.0, 0.0, 1.0, 1.0, 1.0, 1.0, 1.0, 0.0, 1.0, 0.0, 0.0, 1.0, 0.0, 0.0, 1.0, 1.0, 1.0, 0.0, 1.0, 1.0, 0.0, 1.0, 1.0, 0.0, 0.0, 0.0, 1.0, 1.0, 1.0, 0.0, 1.0, 1.0, 1.0, 1.0, 1.0, 1.0, 1.0, 1.0, 0.0, 0.0, 0.0, 0.0, 1.0, 1.0, 1.0, 0.0, 0.0, 0.0, 1.0, 0.0, 0.0, 0.0, 1.0, 0.0, 0.0, 0.0, 0.0, 0.0, 1.0, 1.0, 1.0, 0.0, 0.0, 0.0, 1.0, 0.0, 0.0, 0.0, 0.0, 1.0, 0.0, 0.0, 0.0, 0.0, 0.0, 0.0, 0.0, 1.0, 0.0, 0.0, 0.0, 0.0, 1.0, 1.0, 1.0, 1.0, 0.0, 0.0, 0.0, 0.0, 1.0, 1.0, 1.0, 0.0, 0.0, 0.0, 1.0, 0.0, 1.0, 1.0, 1.0, 1.0, 0.0, 0.0, 0.0, 0.0, 1.0, 1.0, 1.0, 1.0, 0.0, 0.0, 0.0, 0.0, 1.0, 1.0, 1.0, 1.0, 1.0, 1.0, 1.0, 0.0, 0.0, 0.0, 0.0, 0.0, 1.0, 0.0, 0.0, 0.0, 1.0, 1.0, 1.0, 1.0, 1.0, 1.0, 1.0, 1.0, 1.0, 1.0, 1.0, 1.0, 1.0, 1.0, 1.0, 0.0, 0.0, 0.0, 0.0, 0.0, 0.0, 0.0, 0.0, 0.0, 0.0, 1.0, 0.0, 1.0, 0.0, 1.0, 0.0, 1.0, 0.0, 0.0, 0.0, 1.0, 0.0, 0.0, 0.0, 0.0, 1.0, 1.0, 1.0, 0.0, 0.0, 0.0, 1.0, 0.0, 1.0, 1.0, 1.0, 1.0, 1.0, 0.0, 1.0, 0.0, 0.0, 1.0, 1.0, 1.0, 0.0, 0.0, 0.0, 0.0, 1.0, 1.0, 1.0, 0.0, 1.0, 1.0, 1.0, 1.0, 0.0, 1.0, 1.0, 1.0, 0.0, 0.0, 0.0, 0.0, 1.0, 1.0, 1.0, 1.0, 1.0, 1.0, 1.0, 0.0, 1.0, 1.0, 1.0, 1.0, 0.0, 0.0, 0.0, 0.0, 1.0, 1.0, 1.0, 1.0, 0.0, 0.0, 0.0, 0.0, 0.0, 1.0, 0.0, 0.0, 0.0, 0.0, 0.0, 0.0, 1.0, 1.0, 1.0, 1.0, 1.0, 0.0, 1.0, 1.0, 0.0, 0.0, 0.0, 0.0, 0.0, 1.0, 1.0, 0.0, 1.0, 1.0, 1.0, 1.0, 1.0, 0.0, 1.0, 0.0, 1.0, 1.0, 1.0, 1.0, 1.0, 0.0, 1.0, 1.0, 0.0, 0.0, 0.0, 0.0, 0.0, 1.0, 1.0, 0.0, 1.0, 0.0, 0.0, 1.0, 0.0, 0.0, 0.0, 0.0, 1.0, 1.0, 1.0, 0.0, 0.0, 0.0, 1.0, 0.0, 1.0, 1.0, 1.0, 0.0, 0.0, 0.0, 0.0, 0.0, 1.0, 1.0, 1.0, 1.0, 1.0, 1.0, 1.0, 0.0, 0.0, 0.0, 0.0, 0.0, 0.0, 0.0, 0.0, 0.0, 1.0, 0.0, 1.0, 0.0, 0.0, 0.0, 0.0, 0.0, 1.0, 1.0, 1.0, 1.0, 1.0, 1.0, 1.0, 0.0, 1.0, 1.0, 1.0, 1.0, 1.0, 1.0, 0.0, 1.0, 1.0, 1.0, 1.0, 1.0, 0.0, 0.0, 0.0, 0.0, 1.0, 1.0, 1.0, 1.0, 1.0, 1.0, 1.0, 0.0, 0.0, 1.0, 1.0, 1.0, 0.0, 0.0, 0.0, 0.0, 1.0, 1.0, 1.0, 1.0, 0.0, 0.0, 0.0, 0.0, 1.0, 0.0, 1.0, 0.0, 0.0, 0.0, 0.0, 0.0, 1.0, 1.0, 1.0, 1.0, 1.0, 0.0, 1.0, 0.0, 1.0, 1.0, 1.0, 0.0, 1.0, 1.0, 0.0, 1.0, 1.0, 1.0, 1.0, 1.0, 0.0, 0.0, 0.0, 0.0, 0.0, 0.0, 0.0, 0.0, 0.0, 1.0, 0.0, 0.0, 1.0, 1.0, 1.0, 1.0, 0.0, 0.0, 0.0, 0.0, 0.0, 0.0, 0.0, 0.0, 0.0, 0.0, 0.0, 0.0, 1.0, 0.0, 1.0, 0.0, 0.0, 0.0, 0.0, 0.0, 1.0, 1.0, 0.0, 0.0, 1.0, 1.0, 1.0, 1.0, 1.0, 1.0, 1.0, 1.0, 1.0, 1.0, 1.0, 1.0, 1.0, 1.0, 1.0, 1.0, 1.0, 0.0, 1.0, 1.0, 0.0, 1.0, 0.0, 1.0, 0.0, 1.0, 0.0, 0.0, 1.0, 1.0, 1.0, 1.0, 0.0, 0.0, 1.0, 0.0, 1.0, 1.0, 1.0, 1.0, 0.0, 0.0, 0.0, 0.0, 0.0, 0.0, 0.0, 1.0, 0.0, 0.0, 0.0, 0.0, 1.0, 1.0, 1.0, 1.0, 0.0, 0.0, 0.0, 0.0, 0.0, 1.0, 1.0, 1.0, 0.0, 1.0, 1.0, 0.0, 1.0, 1.0, 1.0, 1.0, 0.0, 0.0, 0.0, 0.0, 1.0, 0.0, 1.0, 1.0, 1.0, 0.0, 0.0, 1.0, 1.0, 1.0, 1.0, 1.0, 1.0, 1.0, 1.0, 0.0, 0.0, 1.0, 1.0, 1.0, 1.0, 1.0, 0.0, 0.0, 1.0, 1.0, 1.0, 1.0, 0.0, 0.0, 0.0, 0.0, 1.0, 1.0, 1.0, 0.0, 0.0, 0.0, 1.0, 0.0, 1.0, 1.0, 1.0, 1.0, 0.0, 0.0, 0.0, 0.0, 0.0, 0.0, 0.0, 0.0, 0.0, 0.0, 0.0, 0.0, 0.0, 1.0, 0.0, 1.0, 0.0, 1.0, 1.0, 0.0, 1.0, 1.0, 1.0, 1.0, 1.0, 0.0, 0.0, 1.0]",-318.3726801373107,643.2907099349558,1.9575785093610467,-5.292505905349744,-5.545177444479562,12.664453352379324,11.090354888959125,1.4426941913513507,-15.276340039075954,-16.635532333438686,33.73073390849986,33.27106466687737,0.6173530694834558,"[1.0, 1.0, 1.0, 1.0, 1.0, 0.0, 1.0, 0.0, 1.0, 1.0, 1.0, 1.0, 1.0, 1.0, 1.0, 0.0, 0.0, 0.0, 0.0, 0.0, 0.0, 0.0, 0.0, 0.0, 1.0, 1.0, 1.0, 0.0, 0.0, 0.0, 1.0, 0.0, 0.0, 0.0, 1.0, 1.0, 0.0, 1.0, 1.0, 1.0, 0.0, 0.0, 0.0, 0.0, 0.0, 0.0, 0.0, 0.0, 1.0, 1.0, 1.0, 1.0, 0.0, 0.0, 0.0, 0.0, 1.0, 1.0, 1.0, 1.0, 0.0, 0.0, 0.0, 0.0, 0.0, 0.0, 0.0, 0.0, 0.0, 1.0, 1.0, 0.0, 0.0, 0.0, 0.0, 1.0, 0.0, 0.0, 0.0, 0.0, 1.0, 1.0, 1.0, 1.0, 0.0, 0.0, 0.0, 0.0, 0.0, 0.0, 0.0, 0.0, 1.0, 1.0, 0.0, 1.0, 1.0, 1.0, 1.0, 1.0, 1.0, 1.0, 1.0, 0.0, 1.0, 1.0, 1.0, 1.0, 1.0, 0.0, 1.0, 0.0, 0.0, 1.0, 0.0, 0.0, 1.0, 1.0, 1.0, 0.0, 1.0, 1.0, 0.0, 1.0, 1.0, 0.0, 0.0, 0.0, 1.0, 1.0, 1.0, 0.0, 1.0, 1.0, 1.0, 1.0, 1.0, 1.0, 1.0, 1.0, 0.0, 0.0, 0.0, 0.0, 1.0, 1.0, 1.0, 0.0, 0.0, 0.0, 1.0, 0.0, 0.0, 0.0, 1.0, 0.0, 0.0, 0.0, 0.0, 0.0, 1.0, 1.0, 1.0, 0.0, 0.0, 0.0, 1.0, 0.0, 0.0, 0.0, 0.0, 1.0, 0.0, 0.0, 0.0, 0.0, 0.0, 0.0, 0.0, 1.0, 0.0, 0.0, 0.0, 0.0, 1.0, 1.0, 1.0, 1.0, 0.0, 0.0, 0.0, 0.0, 1.0, 1.0, 1.0, 0.0, 0.0, 0.0, 1.0, 0.0, 1.0, 1.0, 1.0, 1.0, 0.0, 0.0, 0.0, 0.0, 1.0, 1.0, 1.0, 1.0, 0.0, 0.0, 0.0, 0.0, 1.0, 1.0, 1.0, 1.0, 1.0, 1.0, 1.0, 0.0, 0.0, 0.0, 0.0, 0.0, 1.0, 0.0, 0.0, 0.0, 1.0, 1.0, 1.0, 1.0, 1.0, 1.0, 1.0, 1.0, 1.0, 1.0, 1.0, 1.0, 1.0, 1.0, 1.0, 0.0, 0.0, 0.0, 0.0, 0.0, 0.0, 0.0, 0.0, 0.0, 0.0, 1.0, 0.0, 1.0, 0.0, 1.0, 0.0, 1.0, 0.0, 0.0, 0.0, 1.0, 0.0, 0.0, 0.0, 0.0, 1.0, 1.0, 1.0, 0.0, 0.0, 0.0, 1.0, 0.0, 1.0, 1.0, 1.0, 1.0, 1.0, 0.0, 1.0, 0.0, 0.0, 1.0, 1.0, 1.0, 0.0, 0.0, 0.0, 0.0, 1.0, 1.0, 1.0, 0.0, 1.0, 1.0, 1.0, 1.0, 0.0, 1.0, 1.0, 1.0, 0.0, 0.0, 0.0, 0.0, 1.0, 1.0, 1.0, 1.0, 1.0, 1.0, 1.0, 0.0, 1.0, 1.0, 1.0, 1.0, 0.0, 0.0, 0.0, 0.0, 1.0, 1.0, 1.0, 1.0, 0.0, 0.0, 0.0, 0.0, 0.0, 1.0, 0.0, 0.0, 0.0, 0.0, 0.0, 0.0, 0.0, 0.0, 0.0, 0.0, 0.0, 0.0, 0.0, 0.0, 1.0, 0.0, 1.0, 1.0, 1.0, 0.0, 0.0, 1.0, 1.0, 1.0, 1.0, 1.0, 1.0, 0.0, 1.0, 0.0, 1.0, 1.0, 1.0, 1.0, 1.0, 0.0, 1.0, 1.0, 0.0, 0.0, 0.0, 0.0, 0.0, 1.0, 1.0, 0.0, 1.0, 0.0, 0.0, 1.0, 0.0, 0.0, 0.0, 0.0, 1.0, 1.0, 1.0, 0.0, 0.0, 0.0, 1.0, 0.0, 1.0, 1.0, 1.0, 0.0, 0.0, 0.0, 0.0, 0.0, 1.0, 1.0, 1.0, 1.0, 1.0, 1.0, 1.0, 0.0, 0.0, 0.0, 0.0, 0.0, 0.0, 0.0, 0.0, 0.0, 1.0, 0.0, 1.0, 0.0, 0.0, 0.0, 0.0, 0.0, 1.0, 1.0, 1.0, 1.0, 1.0, 1.0, 1.0, 0.0, 1.0, 1.0, 1.0, 1.0, 1.0, 1.0, 0.0, 1.0, 1.0, 1.0, 1.0, 1.0, 0.0, 0.0, 0.0, 0.0, 1.0, 1.0, 1.0, 1.0, 1.0, 1.0, 1.0, 0.0, 0.0, 1.0, 1.0, 1.0, 0.0, 0.0, 0.0, 0.0, 1.0, 1.0, 1.0, 1.0, 0.0, 0.0, 0.0, 0.0, 1.0, 0.0, 1.0, 0.0, 0.0, 0.0, 0.0, 0.0, 1.0, 1.0, 1.0, 1.0, 1.0, 0.0, 1.0, 0.0, 1.0, 1.0, 1.0, 0.0, 1.0, 1.0, 0.0, 1.0, 1.0, 1.0, 1.0, 1.0, 0.0, 0.0, 0.0, 0.0, 0.0, 0.0, 0.0, 0.0, 0.0, 1.0, 0.0, 0.0, 1.0, 1.0, 1.0, 1.0, 0.0, 0.0, 0.0, 0.0, 0.0, 0.0, 0.0, 0.0, 0.0, 0.0, 0.0, 0.0, 1.0, 0.0, 1.0, 0.0, 0.0, 0.0, 0.0, 0.0, 1.0, 1.0, 0.0, 0.0, 1.0, 1.0, 1.0, 1.0, 1.0, 1.0, 1.0, 1.0, 1.0, 1.0, 1.0, 1.0, 1.0, 1.0, 1.0, 1.0, 1.0, 0.0, 1.0, 1.0, 0.0, 1.0, 0.0, 1.0, 0.0, 1.0, 0.0, 0.0, 1.0, 1.0, 1.0, 1.0, 0.0, 0.0, 1.0, 0.0, 1.0, 1.0, 1.0, 1.0, 0.0, 0.0, 0.0, 0.0, 0.0, 0.0, 0.0, 1.0, 0.0, 0.0, 0.0, 0.0, 1.0, 1.0, 1.0, 1.0, 0.0, 0.0, 0.0, 0.0, 0.0, 1.0, 1.0, 1.0, 0.0, 1.0, 1.0, 0.0, 1.0, 1.0, 1.0, 1.0, 0.0, 0.0, 0.0, 0.0, 1.0, 0.0, 1.0, 1.0, 1.0, 0.0, 0.0, 1.0, 1.0, 1.0, 1.0, 1.0, 1.0, 1.0, 1.0, 0.0, 0.0, 0.0, 1.0, 0.0, 0.0, 1.0, 0.0, 0.0, 1.0, 1.0, 1.0, 1.0, 0.0, 0.0, 0.0, 0.0, 1.0, 1.0, 1.0, 0.0, 0.0, 0.0, 1.0, 0.0, 1.0, 1.0, 1.0, 1.0, 0.0, 0.0, 0.0, 0.0, 0.0, 0.0, 0.0, 0.0, 0.0, 0.0, 0.0, 0.0, 0.0, 1.0, 0.0, 1.0, 0.0, 1.0, 1.0, 0.0, 1.0, 1.0, 1.0, 1.0, 1.0, 0.0, 0.0, 1.0]",-311.9759791000219,630.4973078603782,-482.430437669722,964.860875339444,0.01,0.0,-5.545177444479562,2.0794415416798357,11.090354888959125,1.0,-11.319382001320893,-16.635532333438686,25.81681783298973,33.27106466687737,1.0908740239314543,"[0.0, 0.0, 1.0, 0.0, 0.0, 0.0, 0.0, 0.0, 1.0, 1.0, 1.0, 1.0, 0.877, 0.877, 0.877, 0.0, 1.0, 0.259, 1.0, 1.0, 0.8015, 0.0, 0.259, 1.0, 1.0, 1.0, 1.0, 1.0, 1.0, 1.0, 1.0, 0.0, 0.0, 0.0, 1.0, 0.0, 0.0, 0.0, 1.0, 0.0, 0.0, 0.0, 1.0, 0.0, 0.0, 0.0, 1.0, 0.0, 0.0, 0.0, 0.0, 0.0775, 0.0, 0.0, 0.1635, 0.47100000000000003, 1.0, 1.0, 1.0, 1.0, 0.0, 0.0, 0.0, 0.0, 0.0, 0.0, 0.0, 0.0, 0.0, 0.0, 0.0, 0.0, 1.0, 1.0, 1.0, 1.0, 1.0, 1.0, 1.0, 0.0, 1.0, 1.0, 1.0, 1.0, 0.0, 0.0, 0.0, 0.0, 0.0, 0.0, 0.0, 0.0, 0.0, 0.113, 0.113, 0.0, 0.0, 0.0, 0.0, 1.0, 0.0, 0.0, 0.0, 0.0, 1.0, 1.0, 1.0, 1.0, 0.0, 0.0, 0.0, 0.0, 0.9995, 1.0, 1.0, 0.663, 1.0, 1.0, 1.0, 0.353, 1.0, 1.0, 1.0, 1.0, 0.082, 0.082, 0.0, 0.0, 0.973, 1.0, 0.7655000000000001, 0.605, 0.973, 1.0, 1.0, 0.368, 0.0, 0.0, 1.0, 0.0, 1.0, 0.0, 1.0, 0.0, 1.0, 1.0, 1.0, 1.0, 0.0, 0.0, 1.0, 0.0, 1.0, 1.0, 1.0, 1.0, 0.0, 0.9465, 0.0, 0.0, 0.666, 1.0, 0.666, 0.666, 0.0, 0.0, 0.7975, 0.0, 0.0, 0.9430000000000001, 0.0, 1.0, 1.0, 0.0, 0.0, 0.0, 0.0, 1.0, 0.0, 0.0, 0.0, 0.0, 0.0, 0.0, 1.0, 1.0, 1.0, 1.0, 0.0, 0.0, 0.0, 0.0, 1.0, 1.0, 1.0, 1.0, 1.0, 1.0, 1.0, 0.0005, 1.0, 1.0, 1.0, 1.0, 1.0, 1.0, 0.0, 1.0, 1.0, 1.0, 1.0, 1.0, 0.0, 0.0, 0.0, 0.0, 1.0, 1.0, 1.0, 1.0, 1.0, 1.0, 1.0, 0.0, 1.0, 0.0, 1.0, 0.0, 0.0, 0.0, 0.0, 0.0, 0.0, 1.0, 0.0, 1.0, 0.0, 1.0, 0.0, 1.0, 1.0, 1.0, 1.0, 1.0, 1.0, 1.0, 1.0, 0.0, 1.0, 0.0, 1.0, 1.0, 1.0, 0.0, 0.0, 1.0, 1.0, 1.0, 1.0, 1.0, 1.0, 1.0, 1.0, 1.0, 0.0, 0.9580000000000001, 0.0, 0.0, 0.0, 0.0, 0.0045000000000000005, 0.0, 0.0, 0.0, 0.0, 0.0, 0.0, 0.0, 0.0, 1.0, 0.0, 0.0, 0.0005, 0.0, 0.0, 0.0, 0.0, 0.0, 0.0, 1.0, 0.0, 0.0, 0.0, 0.0, 0.0, 0.0, 1.0, 1.0, 1.0, 0.001, 0.001, 0.001, 1.0, 0.0, 0.0, 0.0, 0.6225, 0.0, 0.0, 0.0, 0.0, 0.0, 1.0, 1.0, 1.0, 1.0, 0.0, 0.0, 0.0, 0.0, 0.0, 0.0, 0.0, 0.0, 0.0, 0.0, 0.0, 0.0, 1.0, 1.0, 1.0, 1.0, 1.0, 1.0, 1.0, 0.0, 0.0, 0.0, 0.0, 1.0, 0.0, 0.0, 1.0, 0.0, 1.0, 1.0, 1.0, 1.0, 0.0, 0.0, 0.0, 0.0, 0.0, 1.0, 0.0, 0.0, 1.0, 0.0, 0.0, 1.0, 1.0, 1.0, 1.0, 1.0, 0.0, 0.0, 0.0, 0.0, 1.0, 1.0, 1.0, 1.0, 1.0, 0.0, 1.0, 1.0, 0.0, 0.0005, 0.0, 0.0, 0.0, 0.38, 0.0, 0.0, 1.0, 1.0, 1.0, 1.0, 0.0, 0.0, 0.0, 0.0, 1.0, 1.0, 1.0, 0.999, 1.0, 1.0, 1.0, 0.0195, 1.0, 1.0, 1.0, 1.0, 0.0, 0.0, 0.0, 0.0, 0.0, 0.6285000000000001, 0.0, 0.328, 0.0, 0.0, 0.6285000000000001, 0.0, 0.0, 0.0, 0.0, 0.0, 0.0, 0.0, 0.0, 1.0, 1.0, 1.0, 1.0, 1.0, 0.0, 0.0, 0.0, 0.0, 1.0, 1.0, 1.0, 1.0, 1.0, 1.0, 1.0, 0.0, 1.0, 1.0, 1.0, 1.0, 1.0, 1.0, 0.0375, 1.0, 1.0, 1.0, 1.0, 1.0, 0.0, 0.0, 0.0, 0.0, 1.0, 1.0, 1.0, 1.0, 1.0, 1.0, 1.0, 0.0, 1.0, 1.0, 1.0, 1.0, 1.0, 1.0, 0.0, 1.0, 1.0, 1.0, 1.0, 1.0, 0.0, 0.0, 0.0, 0.0, 1.0, 1.0, 1.0, 1.0, 1.0, 1.0, 1.0, 1.0, 0.0, 0.0, 0.4395, 0.0, 0.0, 0.0, 0.001, 1.0, 0.0, 0.0, 0.0, 0.0, 0.0, 0.0, 0.0, 0.0, 1.0, 1.0, 1.0, 0.0, 1.0, 0.0, 0.0, 1.0, 0.0, 0.0, 1.0, 1.0, 1.0, 0.0, 0.0, 0.0, 0.0, 0.0, 0.0, 0.0, 0.0, 0.0, 0.0, 0.0, 1.0, 1.0, 1.0, 1.0, 0.0, 0.0, 0.0, 0.0, 0.0, 0.0, 0.0, 0.0, 0.0, 1.0, 0.0, 0.0, 1.0, 1.0, 1.0, 1.0, 0.0, 0.4945, 0.0, 0.0, 1.0, 1.0, 1.0, 1.0, 0.0, 0.0, 1.0, 1.0, 1.0, 1.0, 1.0, 1.0, 0.0, 0.0, 0.0, 0.0, 1.0, 1.0, 1.0, 1.0, 1.0, 0.704, 0.296, 0.0, 1.0, 1.0, 1.0, 1.0, 0.0, 0.0, 1.0, 1.0, 1.0, 1.0, 1.0, 1.0, 0.0, 0.0, 0.0, 0.0, 0.006, 1.0, 0.006, 0.708, 0.298, 1.0, 0.298, 1.0, 1.0, 1.0, 1.0, 1.0, 0.0, 0.0, 0.0, 0.0, 1.0, 0.0, 1.0, 1.0, 1.0, 0.0, 0.0, 1.0, 0.0, 1.0, 1.0, 1.0, 0.0, 0.0, 0.0, 0.0, 1.0, 0.224, 1.0, 1.0, 0.776, 0.0, 0.224, 1.0, 1.0, 1.0, 1.0, 1.0, 0.0, 0.0, 0.0, 0.0, 1.0, 1.0, 0.0, 1.0, 1.0, 1.0, 0.0, 1.0, 1.0, 1.0, 1.0, 1.0, 0.0, 0.0, 0.0, 0.0, 1.0, 1.0, 1.0, 1.0, 1.0, 1.0, 1.0, 0.0, 1.0, 1.0, 1.0, 1.0, 0.0, 0.0, 0.0, 0.0, 0.0, 0.0, 0.0, 0.0, 0.0, 0.0, 0.0, 0.0, 1.0, 0.4865, 1.0, 1.0, 1.0, 0.0075, 0.4865, 1.0, 0.0225, 0.0, 0.0, 0.9775, 0.0, 0.0, 0.0, 0.0]",-419.18595103414617,844.9172517286268,-482.430437669722,964.860875339444,1.9575785093610467,-5.292505905349744,-5.545177444479562,12.664453352379324,11.090354888959125,1.4426941913513507,-15.276340039075954,-16.635532333438686,33.73073390849986,33.27106466687737,0.5787520451143159,"[1.0, 1.0, 1.0, 1.0, 1.0, 0.0, 1.0, 0.0, 1.0, 1.0, 1.0, 1.0, 1.0, 1.0, 1.0, 0.0, 0.0, 0.0, 0.0, 0.0, 0.0, 0.0, 0.0, 0.0, 1.0, 1.0, 1.0, 1.0, 0.0, 0.0, 1.0, 0.0, 0.0, 0.0, 0.0, 0.0, 0.0, 1.0, 0.0, 0.0, 0.0, 0.0, 0.0, 0.0, 0.0, 0.0, 0.0, 0.0, 1.0, 1.0, 1.0, 1.0, 0.0, 0.0, 0.0, 0.0, 1.0, 1.0, 1.0, 1.0, 0.0, 0.0, 0.0, 0.0, 0.0, 0.0, 0.0, 0.0, 0.0, 1.0, 1.0, 0.0, 1.0, 1.0, 1.0, 1.0, 0.0, 0.0, 0.0, 0.0, 1.0, 1.0, 1.0, 1.0, 0.0, 0.0, 0.0, 0.0, 0.0, 0.0, 0.0, 0.0, 0.0, 0.0, 0.0, 0.0, 1.0, 1.0, 1.0, 1.0, 1.0, 1.0, 1.0, 0.0, 1.0, 1.0, 1.0, 1.0, 1.0, 0.0, 1.0, 0.0, 0.0, 1.0, 0.0, 0.0, 1.0, 1.0, 1.0, 0.0, 1.0, 1.0, 0.0, 1.0, 1.0, 0.0, 0.0, 0.0, 1.0, 1.0, 1.0, 0.0, 1.0, 1.0, 1.0, 1.0, 1.0, 1.0, 1.0, 1.0, 0.0, 0.0, 0.0, 0.0, 1.0, 1.0, 1.0, 0.0, 0.0, 0.0, 1.0, 0.0, 0.0, 0.0, 1.0, 0.0, 0.0, 0.0, 0.0, 0.0, 1.0, 1.0, 1.0, 0.0, 0.0, 0.0, 1.0, 0.0, 0.0, 0.0, 0.0, 1.0, 0.0, 0.0, 0.0, 0.0, 0.0, 0.0, 0.0, 1.0, 0.0, 0.0, 0.0, 0.0, 1.0, 1.0, 1.0, 1.0, 0.0, 0.0, 0.0, 0.0, 1.0, 1.0, 1.0, 0.0, 0.0, 0.0, 1.0, 0.0, 1.0, 1.0, 1.0, 1.0, 0.0, 0.0, 0.0, 0.0, 1.0, 1.0, 1.0, 1.0, 0.0, 0.0, 0.0, 0.0, 1.0, 1.0, 1.0, 1.0, 1.0, 1.0, 1.0, 0.0, 0.0, 0.0, 0.0, 0.0, 1.0, 0.0, 0.0, 0.0, 1.0, 1.0, 1.0, 1.0, 1.0, 1.0, 1.0, 1.0, 1.0, 1.0, 1.0, 1.0, 1.0, 1.0, 1.0, 0.0, 0.0, 0.0, 0.0, 0.0, 0.0, 0.0, 0.0, 0.0, 0.0, 1.0, 0.0, 1.0, 0.0, 1.0, 0.0, 1.0, 0.0, 0.0, 0.0, 1.0, 0.0, 0.0, 0.0, 0.0, 1.0, 1.0, 1.0, 0.0, 0.0, 0.0, 1.0, 0.0, 0.0, 0.0, 1.0, 0.0, 0.0, 0.0, 0.0, 0.0, 0.0, 1.0, 1.0, 1.0, 0.0, 0.0, 0.0, 0.0, 1.0, 1.0, 1.0, 0.0, 1.0, 1.0, 1.0, 1.0, 0.0, 0.0, 1.0, 0.0, 0.0, 0.0, 0.0, 0.0, 1.0, 1.0, 1.0, 1.0, 1.0, 1.0, 1.0, 0.0, 1.0, 1.0, 1.0, 1.0, 0.0, 0.0, 0.0, 0.0, 1.0, 1.0, 1.0, 1.0, 0.0, 0.0, 0.0, 0.0, 0.0, 1.0, 0.0, 0.0, 0.0, 0.0, 0.0, 0.0, 0.0, 0.0, 0.0, 0.0, 0.0, 0.0, 0.0, 0.0, 0.0, 0.0, 0.0, 0.0, 0.0, 0.0, 0.0, 0.0, 1.0, 1.0, 0.0, 1.0, 1.0, 0.0, 1.0, 0.0, 1.0, 1.0, 1.0, 1.0, 1.0, 0.0, 1.0, 1.0, 0.0, 0.0, 0.0, 0.0, 0.0, 1.0, 1.0, 0.0, 1.0, 0.0, 0.0, 1.0, 0.0, 0.0, 0.0, 0.0, 1.0, 1.0, 1.0, 0.0, 0.0, 0.0, 1.0, 0.0, 1.0, 1.0, 1.0, 0.0, 0.0, 0.0, 0.0, 0.0, 1.0, 1.0, 1.0, 1.0, 1.0, 1.0, 1.0, 0.0, 0.0, 0.0, 0.0, 0.0, 0.0, 0.0, 0.0, 0.0, 1.0, 0.0, 1.0, 0.0, 0.0, 0.0, 0.0, 0.0, 1.0, 1.0, 1.0, 1.0, 1.0, 1.0, 1.0, 0.0, 1.0, 1.0, 1.0, 1.0, 1.0, 1.0, 0.0, 1.0, 1.0, 1.0, 1.0, 1.0, 0.0, 0.0, 0.0, 0.0, 1.0, 1.0, 1.0, 1.0, 1.0, 1.0, 1.0, 0.0, 0.0, 1.0, 1.0, 1.0, 0.0, 0.0, 0.0, 0.0, 1.0, 1.0, 1.0, 1.0, 0.0, 0.0, 0.0, 0.0, 1.0, 0.0, 1.0, 0.0, 0.0, 0.0, 0.0, 0.0, 1.0, 1.0, 1.0, 1.0, 1.0, 0.0, 1.0, 0.0, 1.0, 1.0, 1.0, 0.0, 1.0, 1.0, 0.0, 1.0, 1.0, 1.0, 1.0, 1.0, 0.0, 0.0, 0.0, 0.0, 0.0, 0.0, 0.0, 0.0, 0.0, 0.0, 0.0, 0.0, 1.0, 1.0, 1.0, 1.0, 0.0, 0.0, 0.0, 0.0, 0.0, 0.0, 0.0, 0.0, 0.0, 0.0, 0.0, 0.0, 0.0, 0.0, 0.0, 0.0, 0.0, 0.0, 0.0, 0.0, 1.0, 1.0, 0.0, 0.0, 1.0, 1.0, 1.0, 1.0, 1.0, 1.0, 1.0, 1.0, 1.0, 1.0, 1.0, 1.0, 1.0, 1.0, 1.0, 1.0, 1.0, 0.0, 1.0, 1.0, 0.0, 1.0, 0.0, 1.0, 0.0, 1.0, 0.0, 0.0, 1.0, 1.0, 1.0, 1.0, 0.0, 0.0, 1.0, 0.0, 1.0, 1.0, 1.0, 1.0, 0.0, 0.0, 0.0, 0.0, 0.0, 0.0, 0.0, 1.0, 0.0, 0.0, 0.0, 0.0, 1.0, 1.0, 1.0, 1.0, 0.0, 0.0, 0.0, 0.0, 0.0, 1.0, 1.0, 1.0, 0.0, 1.0, 1.0, 0.0, 1.0, 1.0, 1.0, 1.0, 0.0, 0.0, 0.0, 0.0, 1.0, 0.0, 1.0, 1.0, 1.0, 0.0, 0.0, 1.0, 1.0, 1.0, 1.0, 1.0, 1.0, 1.0, 1.0, 0.0, 0.0, 1.0, 1.0, 1.0, 1.0, 1.0, 0.0, 0.0, 1.0, 1.0, 1.0, 1.0, 0.0, 0.0, 0.0, 0.0, 1.0, 1.0, 1.0, 0.0, 0.0, 0.0, 1.0, 0.0, 1.0, 1.0, 1.0, 1.0, 0.0, 0.0, 0.0, 0.0, 0.0, 0.0, 0.0, 0.0, 0.0, 0.0, 0.0, 0.0, 0.0, 0.0, 1.0, 1.0, 0.0, 0.0, 0.0, 0.0, 1.0, 1.0, 1.0, 1.0, 1.0, 0.0, 0.0, 1.0]",-295.2442605392121,597.0338707387587,-482.430437669722,964.860875339444,1.0,-10.51828050043735,24.214614831222644,1.2846122460949685,-433.45128860920846,873.4479268787513,True,False,False,True,False,0.7916666666666666,1.0,0.5833333333333334,0.625,0.5833333333333334,0.625,0.8333333333333334,1.0,0.5833333333333334,0.625,0.7916666666666666,1.0,"Z.exists(lambda x1: Z.equal(x1,'red','colour'),X)","Z.exists(lambda x1: Z.or_operator(Z.equal(x1,'red','colour'),Z.equal(x1,'blue','colour')),X)","Z.exists(lambda x1: Z.equal(x1,'red','colour'),X)","Z.exists(lambda x1: Z.or_operator(Z.equal(x1,'red','colour'),Z.equal(x1,'blue','colour')),X)",1.0,1.0,0.625,1.0,0.625,0.7083333333333334,0.6982758620689655,0.6867816091954023,0.6954022988505747,0.6925287356321839,5.241379310344827,1995,2000,2000,0,2000,0
71,86,162,j4HNgt8UJB,_VLMW5LVhR2OMJrCAAAA,Upsilon,none are upright,"[False, True, False, True, True, True, False, True]","[True, False, False, True, True, True, True, False]",0.375,0.375,2 red and a blue emits radiation,"[['x1'],['x1','x2']]","Z.exactly(lambda x1: Z.exists(lambda x2: Z.and_operator(Z.equal(x1,'red','colour'),Z.equal(x2,'blue','colour')),X),2,X)",two reds and green emits,"[{'ids': [0, 1, 2], 'colours': ['red', 'red', 'blue'], 'sizes': [3, 3, 1], 'xpos': [1.1074970038151575, 0.132785427058834, 4.2500412080789385], 'ypos': [3.812961892745502, 3.3154687335445994, 3.8390839424319516], 'rotations': [3.8028076216175446, 4.45395086000004, 1.2121899680575183], 'orientations': ['strange', 'strange', 'lhs'], 'contact': [[0, 1], [1, 0], [2]], 'grounded': ['yes', 'no', 'yes'], 'follow_rule': True}, {'ids': [0, 1, 2], 'colours': ['blue', 'blue', 'green'], 'sizes': [1, 2, 2], 'xpos': [5.0379688442901465, 3.8377952663875643, 3.917723538630215], 'ypos': [4.1162409622532365, 3.649918195940237, 4.031586430528969], 'rotations': [3.1439945667657514, 5.15115052981299, 2.9271695139537504], 'orientations': ['upright', 'rhs', 'upright'], 'contact': [[0, 1], [1, 0, 2], [2, 1]], 'grounded': ['yes', 'yes', 'yes'], 'follow_rule': False}, {'ids': [0, 1], 'colours': ['red', 'blue'], 'sizes': [3, 3], 'xpos': [5.335980779770381, 5.414922855818908], 'ypos': [4.12072698303088, 4.041139267213025], 'rotations': [3.1409497152137336, 3.151035326918707], 'orientations': ['upright', 'upright'], 'contact': [[0, 1], [1, 0]], 'grounded': ['yes', 'no'], 'follow_rule': False}, {'ids': [0, 1], 'colours': ['green', 'blue'], 'sizes': [3, 3], 'xpos': [6.2600789599580455, 6.231906241843619], 'ypos': [3.644386265583847, 4.0605108566283175], 'rotations': [5.0367723604053065, 3.0256101022972532], 'orientations': ['rhs', 'upright'], 'contact': [[0, 1], [1, 0]], 'grounded': ['yes', 'yes'], 'follow_rule': False}, {'ids': [0, 1, 2], 'colours': ['green', 'blue', 'red'], 'sizes': [2, 1, 2], 'xpos': [1.482805909844708, 1.4877003202882537, 1.4877241919676656], 'ypos': [4.120109720389383, 3.50855280117582, 3.503071169350302], 'rotations': [3.1416020469189885, 3.1284396630849853, 3.1261441713417732], 'orientations': ['upright', 'upright', 'upright'], 'contact': [[0, 1], [1, 0, 2], [2, 1]], 'grounded': ['yes', 'no', 'no'], 'follow_rule': False}, {'ids': [0, 1, 2, 3], 'colours': ['green', 'blue', 'blue', 'red'], 'sizes': [3, 2, 2, 3], 'xpos': [5.579881906730284, 5.81784217643756, 4.6115885008172315, 4.4271731928255385], 'ypos': [3.6463607926241477, 3.561045129802101, 3.7724703899423564, 2.9348835589691085], 'rotations': [5.037893240538426, 1.0341984305332683, 4.194414881796423, 4.848627442844581], 'orientations': ['rhs', 'lhs', 'strange', 'rhs'], 'contact': [[0, 3, 1], [1, 0], [2, 3], [3, 0, 2]], 'grounded': ['yes', 'yes', 'yes', 'no'], 'follow_rule': True}, {'ids': [0, 1], 'colours': ['red', 'blue'], 'sizes': [2, 1], 'xpos': [4.962950348417599, 4.969809602161364], 'ypos': [4.118141006067634, 3.5032191870745018], 'rotations': [3.1462401555440738, 3.1346778484179163], 'orientations': ['upright', 'upright'], 'contact': [[0, 1], [1, 0]], 'grounded': ['yes', 'no'], 'follow_rule': False}, {'ids': [0, 1], 'colours': ['red', 'red'], 'sizes': [2, 2], 'xpos': [0.514962127691355, 0.5154784545508582], 'ypos': [4.119326784027981, 3.818582263992003], 'rotations': [3.143343668285943, 3.143360281534576], 'orientations': ['upright', 'upright'], 'contact': [[0, 1], [1, 0]], 'grounded': ['yes', 'no'], 'follow_rule': False}, {'ids': [0, 1, 2, 3, 4, 5], 'colours': ['red', 'green', 'green', 'red', 'red', 'green'], 'sizes': [3, 3, 3, 1, 3, 1], 'xpos': [4.04539932046708, 6.25367104406576, 1.31220887489158, 2.54397206141056, 5.03680142626962, 2.83313903630872], 'ypos': [3.68714653723475, 3.68793264237984, 3.68536700039956, 3.87290072175348, 3.71647947714512, 3.32290442001056], 'rotations': [1.24459422608336, 1.24522470760537, 5.03721490711028, 4.41693289260746, 2.04844681297516, 1.27753534246253], 'contact': [[0, 4, 3], 1, 2, [3, 0, 5], [4, 0], [5, 3]], 'grounded': ['yes', 'yes', 'yes', 'yes', 'yes', 'no']}, {'ids': [0, 1, 2, 3], 'colours': ['green', 'red', 'blue', 'red'], 'sizes': [1, 3, 2, 2], 'xpos': [3.91130904169482, 5.46428515532996, 6.02804597253327, 2.75909465803677], 'ypos': [3.88039857557471, 3.68809661044642, 3.83039687351375, 3.76829024369344], 'rotations': [1.21554845923219, 5.037860999749, 2.523398913166, 4.53015371920961], 'contact': [{'V1': [0, 3], 'V2': [1, 2], 'V3': [2, 1], 'V4': [3, 0]}], 'grounded': ['yes', 'yes', 'no', 'yes']}, {'ids': [0, 1], 'colours': ['red', 'red'], 'sizes': [1, 1], 'xpos': [2.66334600794472, 1.80432622054734], 'ypos': [3.88090170709236, 3.87778384307705], 'rotations': [1.21239198245414, 4.35415315781273], 'contact': [{'V1': [0, 1], 'V2': [1, 0]}], 'grounded': ['yes', 'yes']}, {'ids': [0, 1, 2, 3, 4], 'colours': ['red', 'red', 'blue', 'blue', 'green'], 'sizes': [3, 3, 1, 1, 1], 'xpos': [1.85360354206331, 4.53707158711655, 2.22962536171588, 3.31491059447484, 3.75418292003644], 'ypos': [3.68810486672765, 3.68793278435064, 3.60822662705904, 3.84556069624473, 3.52884365217974], 'rotations': [5.03784882313905, 1.24522475821424, 2.57929284346434, 1.86403082200312, 2.07051561191284], 'contact': [[0, 3, 2], [1, 4, 3], [2, 0], [3, 0, 1, 4], [4, 1, 3]], 'grounded': ['yes', 'yes', 'no', 'no', 'no']}, {'ids': [0, 1, 2, 3, 4, 5, 6], 'colours': ['red', 'green', 'red', 'red', 'green', 'green', 'red'], 'sizes': [1, 3, 2, 3, 3, 2, 2], 'xpos': [3.25946614949676, 2.44588297516233, 5.88127197371132, 4.16563349275137, 0.72362012303879, 2.368329881437, 7.02789960687692], 'ypos': [3.95518911276486, 3.68824247585198, 4.15744335942523, 4.15757462621801, 3.67646349730594, 3.64875460383896, 3.78297829877943], 'rotations': [3.90055989251386, 1.24543827105161, 3.14018849938784, 3.14209271550925, 4.46919423935855, 4.5928664481854, 5.04768654725134], 'contact': [[0, 5], [1, 5, 4], 2, 3, [4, 1], [5, 0, 1], 6], 'grounded': ['yes', 'yes', 'yes', 'yes', 'yes', 'no', 'yes']}, {'ids': [0, 1, 2, 3, 4], 'colours': ['red', 'blue', 'green', 'green', 'red'], 'sizes': [2, 1, 3, 3, 3], 'xpos': [1.81709153920562, 5.97480057561886, 3.31338082383512, 4.38059628007586, 6.61025661823443], 'ypos': [3.77963548478066, 4.15709914239659, 4.15857486018002, 4.1579783197977, 3.68443952609824], 'rotations': [1.2339014812192, 3.13995537974587, 3.14125891347883, 3.1426763466907, 5.03874238310661], 'contact': [{'V1': 0, 'V2': 1, 'V3': 2, 'V4': 3, 'V5': 4}], 'grounded': ['yes', 'yes', 'yes', 'yes', 'yes']}, {'ids': [0, 1, 2, 3, 4], 'colours': ['red', 'red', 'red', 'green', 'red'], 'sizes': [2, 3, 1, 3, 3], 'xpos': [3.73841073372075, 3.73677173096754, 2.76148516662288, 4.77214062348621, 4.69143283396105], 'ypos': [4.16009367569396, 4.14643505860911, 4.15849207519273, 4.15973417931752, 3.17867488361144], 'rotations': [3.13742681162325, 3.12687131684704, 3.14631730814226, 3.13796262321945, 2.12453024265947], 'contact': [[0, 1], [1, 0, 4], 2, [3, 4], [4, 1, 3]], 'grounded': ['yes', 'no', 'yes', 'yes', 'no']}, {'ids': [0, 1], 'colours': ['blue', 'red'], 'sizes': [1, 3], 'xpos': [4.12725264721393, 2.49227679939128], 'ypos': [4.15816511179978, 3.68449947257032], 'rotations': [3.13776634013453, 5.03835652479557], 'contact': [{'V1': 0, 'V2': 1}], 'grounded': ['yes', 'yes']}]","[True, False, True, True, False, True, True, False]","[False, False, False, True, False, True, False, False]","[False, True, False, False, True, False, False, True]","[True, False, True, False, False, False, True, False]","[True, False, False, True, False, False, True, False]","[True, True, True, True, False, False, True, True]","[False, False, False, False, True, True, False, False]","[False, False, False, False, False, False, False, False]",-0.25,-0.25,0.0,0.0,0.25,0.75,0.125,0.375,0.25,0.0,0.0,0.0,0.75,0.25,4.198958106013986,-5.500983555329612,-5.545177444479562,13.08140865233906,11.090354888959125,0.95199751276125,-13.941426501843175,-16.635532333438686,31.060906834034295,33.27106466687737,1.0502311195665048,"[1.0, 1.0, 1.0, 1.0, 1.0, 0.0, 1.0, 0.0, 1.0, 1.0, 1.0, 1.0, 1.0, 1.0, 1.0, 0.0135, 0.9530000000000001, 0.092, 0.5895, 0.5895, 1.0, 0.0, 0.0, 0.861, 1.0, 1.0, 1.0, 0.2925, 0.999, 0.999, 1.0, 0.7155, 0.0, 0.0, 1.0, 0.0, 0.0, 0.0, 1.0, 0.0, 0.0, 0.0, 1.0, 0.0, 0.0, 0.0, 1.0, 0.0, 1.0, 1.0, 1.0, 1.0, 0.0, 0.0, 0.0, 0.0, 1.0, 1.0, 1.0, 1.0, 0.935, 0.935, 0.935, 0.935, 1.0, 1.0, 1.0, 1.0, 0.0, 1.0, 0.0, 0.0, 0.0, 1.0, 1.0, 1.0, 1.0, 1.0, 1.0, 1.0, 1.0, 1.0, 1.0, 1.0, 0.0935, 0.0935, 0.0935, 0.0935, 1.0, 1.0, 1.0, 1.0, 1.0, 1.0, 1.0, 1.0, 1.0, 1.0, 1.0, 1.0, 1.0, 1.0, 1.0, 0.013000000000000001, 1.0, 1.0, 0.998, 1.0, 1.0, 0.002, 0.998, 0.002, 1.0, 1.0, 1.0, 1.0, 1.0, 1.0, 1.0, 0.0, 0.973, 1.0, 0.9530000000000001, 1.0, 0.8925000000000001, 0.9195, 0.17400000000000002, 0.201, 1.0, 1.0, 1.0, 1.0, 0.0, 0.0, 0.0, 0.0, 1.0, 1.0, 1.0, 0.24, 1.0, 1.0, 0.968, 1.0, 0.653, 0.653, 0.653, 1.0, 0.2535, 0.2535, 0.7035, 0.10300000000000001, 1.0, 1.0, 1.0, 1.0, 0.0, 1.0, 0.0, 0.0, 1.0, 1.0, 1.0, 0.012, 0.988, 0.988, 1.0, 1.0, 1.0, 0.0, 1.0, 1.0, 1.0, 0.0, 0.0, 1.0, 0.0, 0.0, 0.0, 1.0, 1.0, 0.0, 0.0, 0.0, 1.0, 1.0, 1.0, 1.0, 0.0, 0.0, 0.0, 0.0, 1.0, 1.0, 1.0, 1.0, 0.0, 0.0, 0.0, 0.0, 1.0, 1.0, 1.0, 1.0, 1.0, 1.0, 0.841, 1.0, 1.0, 1.0, 1.0, 1.0, 0.0, 0.0, 0.0, 0.0, 1.0, 1.0, 1.0, 1.0, 1.0, 1.0, 1.0, 0.0, 0.197, 0.0, 0.85, 0.653, 0.803, 0.0, 0.0, 0.0, 0.8525, 0.847, 0.9935, 0.847, 0.28300000000000003, 0.4305, 0.426, 0.426, 1.0, 1.0, 1.0, 1.0, 1.0, 1.0, 1.0, 0.0, 0.798, 1.0, 0.7995, 0.7995, 0.0275, 0.029, 0.2265, 0.1975, 1.0, 1.0, 1.0, 1.0, 0.0, 0.0, 0.0, 0.0, 0.862, 0.854, 0.8595, 0.8955000000000001, 0.045, 0.0005, 0.8695, 0.8505, 1.0, 1.0, 1.0, 0.022, 1.0, 1.0, 1.0, 0.978, 0.28400000000000003, 0.0145, 0.1885, 0.0275, 0.2755, 0.0, 0.0015, 0.013000000000000001, 0.0, 0.0, 0.0, 1.0, 1.0, 0.0, 0.0, 0.0, 1.0, 1.0, 1.0, 1.0, 0.0, 0.0, 0.0, 0.0, 1.0, 1.0, 1.0, 1.0, 1.0, 0.0, 1.0, 0.0, 1.0, 1.0, 1.0, 1.0, 1.0, 1.0, 1.0, 0.0, 1.0, 1.0, 1.0, 0.728, 0.8265, 0.5545, 0.5545, 0.8265, 1.0, 1.0, 1.0, 1.0, 1.0, 1.0, 1.0, 1.0, 1.0, 1.0, 1.0, 0.8715, 0.9365, 0.8695, 0.8695, 0.9365, 0.229, 0.229, 0.229, 0.229, 0.801, 0.03, 0.03, 0.801, 0.0, 0.0, 0.0, 1.0, 1.0, 0.0, 0.0, 0.0, 0.108, 0.114, 0.2315, 0.108, 0.114, 0.07050000000000001, 0.0495, 0.006, 1.0, 1.0, 1.0, 1.0, 0.0, 0.0, 0.0, 0.0, 0.8955000000000001, 0.895, 0.0115, 0.0, 0.883, 0.0, 0.0, 0.0, 1.0, 1.0, 1.0, 1.0, 0.0, 0.0, 0.0, 0.0, 0.902, 0.902, 0.902, 0.678, 0.88, 0.88, 0.902, 0.807, 1.0, 1.0, 1.0, 1.0, 0.0, 0.0, 0.0, 0.0, 1.0, 1.0, 1.0, 1.0, 1.0, 1.0, 1.0, 0.0, 1.0, 1.0, 1.0, 1.0, 0.0, 0.0, 0.0, 0.0, 1.0, 1.0, 1.0, 1.0, 0.008, 0.008, 0.008, 0.008, 1.0, 1.0, 1.0, 1.0, 1.0, 1.0, 1.0, 0.0, 1.0, 1.0, 1.0, 1.0, 1.0, 1.0, 0.6980000000000001, 1.0, 1.0, 1.0, 1.0, 1.0, 0.0, 0.0, 0.0, 0.0, 1.0, 1.0, 1.0, 1.0, 1.0, 1.0, 1.0, 0.0, 0.9530000000000001, 0.9530000000000001, 0.9530000000000001, 1.0, 1.0, 1.0, 0.641, 0.9530000000000001, 1.0, 1.0, 1.0, 1.0, 0.0, 0.0, 0.0, 0.0, 1.0, 1.0, 1.0, 1.0, 1.0, 1.0, 1.0, 1.0, 1.0, 1.0, 1.0, 1.0, 0.0, 0.0, 0.0, 0.0, 1.0, 1.0, 1.0, 1.0, 1.0, 1.0, 1.0, 1.0, 1.0, 1.0, 1.0, 1.0, 0.021500000000000002, 0.021500000000000002, 0.021500000000000002, 0.021500000000000002, 0.021500000000000002, 0.003, 0.02, 0.0095, 0.0095, 0.964, 0.9555, 0.0095, 1.0, 1.0, 1.0, 1.0, 1.0, 1.0, 1.0, 1.0, 1.0, 1.0, 1.0, 1.0, 0.0, 0.0, 0.0, 0.0, 1.0, 1.0, 1.0, 1.0, 0.0, 0.0, 1.0, 1.0, 1.0, 0.873, 0.198, 0.198, 1.0, 1.0, 0.6905, 1.0, 1.0, 1.0, 1.0, 1.0, 1.0, 1.0, 1.0, 0.0, 1.0, 0.999, 0.999, 1.0, 0.0025, 0.0025, 0.0025, 0.0025, 1.0, 1.0, 1.0, 1.0, 1.0, 0.686, 0.314, 0.0, 1.0, 1.0, 1.0, 1.0, 0.524, 0.524, 1.0, 0.47600000000000003, 1.0, 1.0, 1.0, 1.0, 0.008, 0.008, 0.008, 0.008, 0.9935, 0.9935, 0.9775, 0.9935, 0.9935, 0.0225, 0.988, 0.017, 1.0, 1.0, 1.0, 1.0, 0.0725, 0.0725, 0.0725, 0.0725, 0.041, 1.0, 1.0, 0.9590000000000001, 0.041, 0.9590000000000001, 1.0, 0.0, 0.7435, 0.9835, 0.7425, 0.986, 0.7435, 0.7435, 0.256, 0.987, 1.0, 0.005, 1.0, 1.0, 1.0, 0.005, 0.005, 1.0, 1.0, 1.0, 1.0, 1.0, 1.0, 1.0, 1.0, 0.0, 1.0, 1.0, 1.0, 1.0, 0.0, 0.0, 0.0, 0.0, 1.0, 1.0, 1.0, 1.0, 0.0, 0.0, 0.0, 0.0, 0.9705, 0.9705, 0.9145, 1.0, 0.8015, 0.8015, 0.9705, 0.7865, 1.0, 1.0, 1.0, 1.0, 0.0, 0.0, 0.0, 0.0, 1.0, 1.0, 1.0, 1.0, 0.0, 0.0, 0.0, 0.0, 1.0, 1.0, 1.0, 1.0, 0.0, 0.0, 0.0, 0.0, 1.0, 1.0, 1.0, 1.0, 1.0, 1.0, 1.0, 1.0]",-418.5875071169283,843.720363894191,-482.430437669722,964.860875339444,66.82781740662686,-5.54540135855445,13.170244258788737,1.4426941913513507,-15.276340039075954,33.73073390849986,0.6334250289943713,"[1.0, 1.0, 1.0, 1.0, 1.0, 0.0, 1.0, 0.0, 1.0, 1.0, 1.0, 1.0, 1.0, 1.0, 1.0, 0.0, 0.0, 0.0, 0.0, 0.0, 0.0, 0.0, 0.0, 0.0, 1.0, 1.0, 1.0, 0.0, 0.0, 0.0, 1.0, 0.0, 0.0, 0.0, 1.0, 1.0, 0.0, 1.0, 1.0, 1.0, 1.0, 1.0, 1.0, 1.0, 0.0, 0.0, 1.0, 1.0, 1.0, 1.0, 1.0, 1.0, 0.0, 0.0, 0.0, 0.0, 1.0, 1.0, 1.0, 1.0, 0.0, 0.0, 0.0, 0.0, 0.0, 0.0, 0.0, 0.0, 0.0, 1.0, 1.0, 0.0, 1.0, 1.0, 1.0, 1.0, 0.0, 0.0, 0.0, 0.0, 1.0, 1.0, 1.0, 1.0, 0.0, 0.0, 0.0, 0.0, 1.0, 1.0, 1.0, 1.0, 1.0, 1.0, 0.0, 1.0, 1.0, 1.0, 1.0, 1.0, 1.0, 1.0, 1.0, 0.0, 1.0, 1.0, 1.0, 1.0, 1.0, 0.0, 1.0, 0.0, 0.0, 1.0, 0.0, 0.0, 1.0, 1.0, 1.0, 0.0, 1.0, 1.0, 0.0, 1.0, 1.0, 0.0, 0.0, 0.0, 1.0, 1.0, 1.0, 0.0, 1.0, 1.0, 1.0, 1.0, 1.0, 1.0, 1.0, 1.0, 0.0, 0.0, 0.0, 0.0, 1.0, 1.0, 1.0, 0.0, 0.0, 0.0, 1.0, 0.0, 0.0, 0.0, 1.0, 0.0, 0.0, 0.0, 0.0, 0.0, 1.0, 1.0, 1.0, 0.0, 0.0, 0.0, 1.0, 0.0, 0.0, 0.0, 0.0, 1.0, 0.0, 0.0, 0.0, 0.0, 0.0, 0.0, 0.0, 1.0, 0.0, 0.0, 0.0, 0.0, 1.0, 1.0, 1.0, 1.0, 0.0, 0.0, 0.0, 0.0, 1.0, 1.0, 1.0, 0.0, 0.0, 0.0, 1.0, 0.0, 1.0, 1.0, 1.0, 1.0, 0.0, 0.0, 0.0, 0.0, 1.0, 1.0, 1.0, 1.0, 0.0, 0.0, 0.0, 0.0, 1.0, 1.0, 1.0, 1.0, 1.0, 1.0, 1.0, 0.0, 0.0, 0.0, 0.0, 0.0, 1.0, 0.0, 0.0, 0.0, 1.0, 1.0, 1.0, 1.0, 1.0, 1.0, 1.0, 1.0, 1.0, 1.0, 1.0, 1.0, 1.0, 1.0, 1.0, 0.0, 0.0, 0.0, 0.0, 0.0, 0.0, 0.0, 0.0, 0.0, 0.0, 1.0, 0.0, 1.0, 0.0, 1.0, 0.0, 1.0, 0.0, 0.0, 0.0, 1.0, 0.0, 0.0, 0.0, 0.0, 1.0, 1.0, 1.0, 0.0, 0.0, 0.0, 1.0, 0.0, 1.0, 1.0, 1.0, 1.0, 1.0, 0.0, 1.0, 0.0, 0.0, 1.0, 1.0, 1.0, 0.0, 0.0, 0.0, 0.0, 1.0, 1.0, 1.0, 0.0, 1.0, 1.0, 1.0, 1.0, 0.0, 1.0, 1.0, 1.0, 0.0, 0.0, 0.0, 0.0, 1.0, 1.0, 1.0, 1.0, 1.0, 1.0, 1.0, 0.0, 1.0, 1.0, 1.0, 1.0, 0.0, 0.0, 0.0, 0.0, 1.0, 1.0, 1.0, 1.0, 0.0, 0.0, 0.0, 0.0, 0.0, 1.0, 0.0, 0.0, 0.0, 0.0, 0.0, 0.0, 1.0, 1.0, 1.0, 1.0, 1.0, 0.0, 1.0, 1.0, 0.0, 0.0, 0.0, 0.0, 0.0, 1.0, 1.0, 0.0, 1.0, 1.0, 1.0, 1.0, 1.0, 0.0, 1.0, 0.0, 1.0, 1.0, 1.0, 1.0, 1.0, 0.0, 1.0, 1.0, 0.0, 0.0, 0.0, 0.0, 0.0, 1.0, 1.0, 0.0, 1.0, 0.0, 0.0, 1.0, 0.0, 0.0, 0.0, 0.0, 1.0, 1.0, 1.0, 0.0, 0.0, 0.0, 1.0, 0.0, 1.0, 1.0, 1.0, 0.0, 0.0, 0.0, 0.0, 0.0, 1.0, 1.0, 1.0, 1.0, 1.0, 1.0, 1.0, 0.0, 0.0, 0.0, 0.0, 0.0, 0.0, 0.0, 0.0, 0.0, 1.0, 0.0, 1.0, 0.0, 0.0, 0.0, 0.0, 0.0, 1.0, 1.0, 1.0, 1.0, 1.0, 1.0, 1.0, 0.0, 1.0, 1.0, 1.0, 1.0, 1.0, 1.0, 0.0, 1.0, 1.0, 1.0, 1.0, 1.0, 0.0, 0.0, 0.0, 0.0, 1.0, 1.0, 1.0, 1.0, 1.0, 1.0, 1.0, 0.0, 0.0, 1.0, 1.0, 1.0, 0.0, 0.0, 0.0, 0.0, 1.0, 1.0, 1.0, 1.0, 0.0, 0.0, 0.0, 0.0, 1.0, 0.0, 1.0, 0.0, 0.0, 0.0, 0.0, 0.0, 1.0, 1.0, 1.0, 1.0, 1.0, 0.0, 1.0, 0.0, 1.0, 1.0, 1.0, 0.0, 1.0, 1.0, 0.0, 1.0, 1.0, 1.0, 1.0, 1.0, 0.0, 0.0, 0.0, 0.0, 0.0, 0.0, 0.0, 0.0, 0.0, 1.0, 0.0, 0.0, 1.0, 1.0, 1.0, 1.0, 0.0, 0.0, 0.0, 0.0, 0.0, 0.0, 0.0, 0.0, 0.0, 0.0, 0.0, 0.0, 1.0, 0.0, 1.0, 0.0, 0.0, 0.0, 0.0, 0.0, 1.0, 1.0, 0.0, 0.0, 1.0, 1.0, 1.0, 1.0, 1.0, 1.0, 1.0, 1.0, 1.0, 1.0, 1.0, 1.0, 1.0, 1.0, 1.0, 1.0, 1.0, 0.0, 1.0, 1.0, 0.0, 1.0, 0.0, 1.0, 0.0, 1.0, 0.0, 0.0, 1.0, 1.0, 1.0, 1.0, 0.0, 0.0, 1.0, 0.0, 1.0, 1.0, 1.0, 1.0, 0.0, 0.0, 0.0, 0.0, 0.0, 0.0, 0.0, 1.0, 0.0, 0.0, 0.0, 0.0, 1.0, 1.0, 1.0, 1.0, 0.0, 0.0, 0.0, 0.0, 0.0, 1.0, 1.0, 1.0, 0.0, 1.0, 1.0, 0.0, 1.0, 1.0, 1.0, 1.0, 0.0, 0.0, 0.0, 0.0, 1.0, 0.0, 1.0, 1.0, 1.0, 0.0, 0.0, 1.0, 1.0, 1.0, 1.0, 1.0, 1.0, 1.0, 1.0, 0.0, 0.0, 1.0, 1.0, 1.0, 1.0, 1.0, 0.0, 0.0, 1.0, 1.0, 1.0, 1.0, 0.0, 0.0, 0.0, 0.0, 1.0, 1.0, 1.0, 0.0, 0.0, 0.0, 1.0, 0.0, 1.0, 1.0, 1.0, 1.0, 0.0, 0.0, 0.0, 0.0, 0.0, 0.0, 0.0, 0.0, 0.0, 0.0, 0.0, 0.0, 0.0, 1.0, 0.0, 1.0, 0.0, 1.0, 1.0, 0.0, 1.0, 1.0, 1.0, 1.0, 1.0, 0.0, 0.0, 1.0]",-318.3726801373107,643.2907099349558,66.82781740662686,-5.54540135855445,-5.545177444479562,13.170244258788737,11.090354888959125,1.4426941913513507,-15.276340039075954,-16.635532333438686,33.73073390849986,33.27106466687737,0.6173530694834558,"[1.0, 1.0, 1.0, 1.0, 1.0, 0.0, 1.0, 0.0, 1.0, 1.0, 1.0, 1.0, 1.0, 1.0, 1.0, 0.0, 0.0, 0.0, 0.0, 0.0, 0.0, 0.0, 0.0, 0.0, 1.0, 1.0, 1.0, 0.0, 0.0, 0.0, 1.0, 0.0, 0.0, 0.0, 1.0, 1.0, 0.0, 1.0, 1.0, 1.0, 0.0, 0.0, 0.0, 0.0, 0.0, 0.0, 0.0, 0.0, 1.0, 1.0, 1.0, 1.0, 0.0, 0.0, 0.0, 0.0, 1.0, 1.0, 1.0, 1.0, 0.0, 0.0, 0.0, 0.0, 0.0, 0.0, 0.0, 0.0, 0.0, 1.0, 1.0, 0.0, 0.0, 0.0, 0.0, 1.0, 0.0, 0.0, 0.0, 0.0, 1.0, 1.0, 1.0, 1.0, 0.0, 0.0, 0.0, 0.0, 0.0, 0.0, 0.0, 0.0, 1.0, 1.0, 0.0, 1.0, 1.0, 1.0, 1.0, 1.0, 1.0, 1.0, 1.0, 0.0, 1.0, 1.0, 1.0, 1.0, 1.0, 0.0, 1.0, 0.0, 0.0, 1.0, 0.0, 0.0, 1.0, 1.0, 1.0, 0.0, 1.0, 1.0, 0.0, 1.0, 1.0, 0.0, 0.0, 0.0, 1.0, 1.0, 1.0, 0.0, 1.0, 1.0, 1.0, 1.0, 1.0, 1.0, 1.0, 1.0, 0.0, 0.0, 0.0, 0.0, 1.0, 1.0, 1.0, 0.0, 0.0, 0.0, 1.0, 0.0, 0.0, 0.0, 1.0, 0.0, 0.0, 0.0, 0.0, 0.0, 1.0, 1.0, 1.0, 0.0, 0.0, 0.0, 1.0, 0.0, 0.0, 0.0, 0.0, 1.0, 0.0, 0.0, 0.0, 0.0, 0.0, 0.0, 0.0, 1.0, 0.0, 0.0, 0.0, 0.0, 1.0, 1.0, 1.0, 1.0, 0.0, 0.0, 0.0, 0.0, 1.0, 1.0, 1.0, 0.0, 0.0, 0.0, 1.0, 0.0, 1.0, 1.0, 1.0, 1.0, 0.0, 0.0, 0.0, 0.0, 1.0, 1.0, 1.0, 1.0, 0.0, 0.0, 0.0, 0.0, 1.0, 1.0, 1.0, 1.0, 1.0, 1.0, 1.0, 0.0, 0.0, 0.0, 0.0, 0.0, 1.0, 0.0, 0.0, 0.0, 1.0, 1.0, 1.0, 1.0, 1.0, 1.0, 1.0, 1.0, 1.0, 1.0, 1.0, 1.0, 1.0, 1.0, 1.0, 0.0, 0.0, 0.0, 0.0, 0.0, 0.0, 0.0, 0.0, 0.0, 0.0, 1.0, 0.0, 1.0, 0.0, 1.0, 0.0, 1.0, 0.0, 0.0, 0.0, 1.0, 0.0, 0.0, 0.0, 0.0, 1.0, 1.0, 1.0, 0.0, 0.0, 0.0, 1.0, 0.0, 1.0, 1.0, 1.0, 1.0, 1.0, 0.0, 1.0, 0.0, 0.0, 1.0, 1.0, 1.0, 0.0, 0.0, 0.0, 0.0, 1.0, 1.0, 1.0, 0.0, 1.0, 1.0, 1.0, 1.0, 0.0, 1.0, 1.0, 1.0, 0.0, 0.0, 0.0, 0.0, 1.0, 1.0, 1.0, 1.0, 1.0, 1.0, 1.0, 0.0, 1.0, 1.0, 1.0, 1.0, 0.0, 0.0, 0.0, 0.0, 1.0, 1.0, 1.0, 1.0, 0.0, 0.0, 0.0, 0.0, 0.0, 1.0, 0.0, 0.0, 0.0, 0.0, 0.0, 0.0, 0.0, 0.0, 0.0, 0.0, 0.0, 0.0, 0.0, 0.0, 1.0, 0.0, 1.0, 1.0, 1.0, 0.0, 0.0, 1.0, 1.0, 1.0, 1.0, 1.0, 1.0, 0.0, 1.0, 0.0, 1.0, 1.0, 1.0, 1.0, 1.0, 0.0, 1.0, 1.0, 0.0, 0.0, 0.0, 0.0, 0.0, 1.0, 1.0, 0.0, 1.0, 0.0, 0.0, 1.0, 0.0, 0.0, 0.0, 0.0, 1.0, 1.0, 1.0, 0.0, 0.0, 0.0, 1.0, 0.0, 1.0, 1.0, 1.0, 0.0, 0.0, 0.0, 0.0, 0.0, 1.0, 1.0, 1.0, 1.0, 1.0, 1.0, 1.0, 0.0, 0.0, 0.0, 0.0, 0.0, 0.0, 0.0, 0.0, 0.0, 1.0, 0.0, 1.0, 0.0, 0.0, 0.0, 0.0, 0.0, 1.0, 1.0, 1.0, 1.0, 1.0, 1.0, 1.0, 0.0, 1.0, 1.0, 1.0, 1.0, 1.0, 1.0, 0.0, 1.0, 1.0, 1.0, 1.0, 1.0, 0.0, 0.0, 0.0, 0.0, 1.0, 1.0, 1.0, 1.0, 1.0, 1.0, 1.0, 0.0, 0.0, 1.0, 1.0, 1.0, 0.0, 0.0, 0.0, 0.0, 1.0, 1.0, 1.0, 1.0, 0.0, 0.0, 0.0, 0.0, 1.0, 0.0, 1.0, 0.0, 0.0, 0.0, 0.0, 0.0, 1.0, 1.0, 1.0, 1.0, 1.0, 0.0, 1.0, 0.0, 1.0, 1.0, 1.0, 0.0, 1.0, 1.0, 0.0, 1.0, 1.0, 1.0, 1.0, 1.0, 0.0, 0.0, 0.0, 0.0, 0.0, 0.0, 0.0, 0.0, 0.0, 1.0, 0.0, 0.0, 1.0, 1.0, 1.0, 1.0, 0.0, 0.0, 0.0, 0.0, 0.0, 0.0, 0.0, 0.0, 0.0, 0.0, 0.0, 0.0, 1.0, 0.0, 1.0, 0.0, 0.0, 0.0, 0.0, 0.0, 1.0, 1.0, 0.0, 0.0, 1.0, 1.0, 1.0, 1.0, 1.0, 1.0, 1.0, 1.0, 1.0, 1.0, 1.0, 1.0, 1.0, 1.0, 1.0, 1.0, 1.0, 0.0, 1.0, 1.0, 0.0, 1.0, 0.0, 1.0, 0.0, 1.0, 0.0, 0.0, 1.0, 1.0, 1.0, 1.0, 0.0, 0.0, 1.0, 0.0, 1.0, 1.0, 1.0, 1.0, 0.0, 0.0, 0.0, 0.0, 0.0, 0.0, 0.0, 1.0, 0.0, 0.0, 0.0, 0.0, 1.0, 1.0, 1.0, 1.0, 0.0, 0.0, 0.0, 0.0, 0.0, 1.0, 1.0, 1.0, 0.0, 1.0, 1.0, 0.0, 1.0, 1.0, 1.0, 1.0, 0.0, 0.0, 0.0, 0.0, 1.0, 0.0, 1.0, 1.0, 1.0, 0.0, 0.0, 1.0, 1.0, 1.0, 1.0, 1.0, 1.0, 1.0, 1.0, 0.0, 0.0, 0.0, 1.0, 0.0, 0.0, 1.0, 0.0, 0.0, 1.0, 1.0, 1.0, 1.0, 0.0, 0.0, 0.0, 0.0, 1.0, 1.0, 1.0, 0.0, 0.0, 0.0, 1.0, 0.0, 1.0, 1.0, 1.0, 1.0, 0.0, 0.0, 0.0, 0.0, 0.0, 0.0, 0.0, 0.0, 0.0, 0.0, 0.0, 0.0, 0.0, 1.0, 0.0, 1.0, 0.0, 1.0, 1.0, 0.0, 1.0, 1.0, 1.0, 1.0, 1.0, 0.0, 0.0, 1.0]",-311.9759791000219,630.4973078603782,-482.430437669722,964.860875339444,1.531633085242054,-5.224151839005783,-5.545177444479562,12.527745219691402,11.090354888959125,1.0,-11.319382001320893,-16.635532333438686,25.81681783298973,33.27106466687737,1.0908740239314543,"[0.0, 0.0, 1.0, 0.0, 0.0, 0.0, 0.0, 0.0, 1.0, 1.0, 1.0, 1.0, 0.877, 0.877, 0.877, 0.0, 1.0, 0.259, 1.0, 1.0, 0.8015, 0.0, 0.259, 1.0, 1.0, 1.0, 1.0, 1.0, 1.0, 1.0, 1.0, 0.0, 0.0, 0.0, 1.0, 0.0, 0.0, 0.0, 1.0, 0.0, 0.0, 0.0, 1.0, 0.0, 0.0, 0.0, 1.0, 0.0, 0.0, 0.0, 0.0, 0.0775, 0.0, 0.0, 0.1635, 0.47100000000000003, 1.0, 1.0, 1.0, 1.0, 0.0, 0.0, 0.0, 0.0, 0.0, 0.0, 0.0, 0.0, 0.0, 0.0, 0.0, 0.0, 1.0, 1.0, 1.0, 1.0, 1.0, 1.0, 1.0, 0.0, 1.0, 1.0, 1.0, 1.0, 0.0, 0.0, 0.0, 0.0, 0.0, 0.0, 0.0, 0.0, 0.0, 0.113, 0.113, 0.0, 0.0, 0.0, 0.0, 1.0, 0.0, 0.0, 0.0, 0.0, 1.0, 1.0, 1.0, 1.0, 0.0, 0.0, 0.0, 0.0, 0.9995, 1.0, 1.0, 0.663, 1.0, 1.0, 1.0, 0.353, 1.0, 1.0, 1.0, 1.0, 0.082, 0.082, 0.0, 0.0, 0.973, 1.0, 0.7655000000000001, 0.605, 0.973, 1.0, 1.0, 0.368, 0.0, 0.0, 1.0, 0.0, 1.0, 0.0, 1.0, 0.0, 1.0, 1.0, 1.0, 1.0, 0.0, 0.0, 1.0, 0.0, 1.0, 1.0, 1.0, 1.0, 0.0, 0.9465, 0.0, 0.0, 0.666, 1.0, 0.666, 0.666, 0.0, 0.0, 0.7975, 0.0, 0.0, 0.9430000000000001, 0.0, 1.0, 1.0, 0.0, 0.0, 0.0, 0.0, 1.0, 0.0, 0.0, 0.0, 0.0, 0.0, 0.0, 1.0, 1.0, 1.0, 1.0, 0.0, 0.0, 0.0, 0.0, 1.0, 1.0, 1.0, 1.0, 1.0, 1.0, 1.0, 0.0005, 1.0, 1.0, 1.0, 1.0, 1.0, 1.0, 0.0, 1.0, 1.0, 1.0, 1.0, 1.0, 0.0, 0.0, 0.0, 0.0, 1.0, 1.0, 1.0, 1.0, 1.0, 1.0, 1.0, 0.0, 1.0, 0.0, 1.0, 0.0, 0.0, 0.0, 0.0, 0.0, 0.0, 1.0, 0.0, 1.0, 0.0, 1.0, 0.0, 1.0, 1.0, 1.0, 1.0, 1.0, 1.0, 1.0, 1.0, 0.0, 1.0, 0.0, 1.0, 1.0, 1.0, 0.0, 0.0, 1.0, 1.0, 1.0, 1.0, 1.0, 1.0, 1.0, 1.0, 1.0, 0.0, 0.9580000000000001, 0.0, 0.0, 0.0, 0.0, 0.0045000000000000005, 0.0, 0.0, 0.0, 0.0, 0.0, 0.0, 0.0, 0.0, 1.0, 0.0, 0.0, 0.0005, 0.0, 0.0, 0.0, 0.0, 0.0, 0.0, 1.0, 0.0, 0.0, 0.0, 0.0, 0.0, 0.0, 1.0, 1.0, 1.0, 0.001, 0.001, 0.001, 1.0, 0.0, 0.0, 0.0, 0.6225, 0.0, 0.0, 0.0, 0.0, 0.0, 1.0, 1.0, 1.0, 1.0, 0.0, 0.0, 0.0, 0.0, 0.0, 0.0, 0.0, 0.0, 0.0, 0.0, 0.0, 0.0, 1.0, 1.0, 1.0, 1.0, 1.0, 1.0, 1.0, 0.0, 0.0, 0.0, 0.0, 1.0, 0.0, 0.0, 1.0, 0.0, 1.0, 1.0, 1.0, 1.0, 0.0, 0.0, 0.0, 0.0, 0.0, 1.0, 0.0, 0.0, 1.0, 0.0, 0.0, 1.0, 1.0, 1.0, 1.0, 1.0, 0.0, 0.0, 0.0, 0.0, 1.0, 1.0, 1.0, 1.0, 1.0, 0.0, 1.0, 1.0, 0.0, 0.0005, 0.0, 0.0, 0.0, 0.38, 0.0, 0.0, 1.0, 1.0, 1.0, 1.0, 0.0, 0.0, 0.0, 0.0, 1.0, 1.0, 1.0, 0.999, 1.0, 1.0, 1.0, 0.0195, 1.0, 1.0, 1.0, 1.0, 0.0, 0.0, 0.0, 0.0, 0.0, 0.6285000000000001, 0.0, 0.328, 0.0, 0.0, 0.6285000000000001, 0.0, 0.0, 0.0, 0.0, 0.0, 0.0, 0.0, 0.0, 1.0, 1.0, 1.0, 1.0, 1.0, 0.0, 0.0, 0.0, 0.0, 1.0, 1.0, 1.0, 1.0, 1.0, 1.0, 1.0, 0.0, 1.0, 1.0, 1.0, 1.0, 1.0, 1.0, 0.0375, 1.0, 1.0, 1.0, 1.0, 1.0, 0.0, 0.0, 0.0, 0.0, 1.0, 1.0, 1.0, 1.0, 1.0, 1.0, 1.0, 0.0, 1.0, 1.0, 1.0, 1.0, 1.0, 1.0, 0.0, 1.0, 1.0, 1.0, 1.0, 1.0, 0.0, 0.0, 0.0, 0.0, 1.0, 1.0, 1.0, 1.0, 1.0, 1.0, 1.0, 1.0, 0.0, 0.0, 0.4395, 0.0, 0.0, 0.0, 0.001, 1.0, 0.0, 0.0, 0.0, 0.0, 0.0, 0.0, 0.0, 0.0, 1.0, 1.0, 1.0, 0.0, 1.0, 0.0, 0.0, 1.0, 0.0, 0.0, 1.0, 1.0, 1.0, 0.0, 0.0, 0.0, 0.0, 0.0, 0.0, 0.0, 0.0, 0.0, 0.0, 0.0, 1.0, 1.0, 1.0, 1.0, 0.0, 0.0, 0.0, 0.0, 0.0, 0.0, 0.0, 0.0, 0.0, 1.0, 0.0, 0.0, 1.0, 1.0, 1.0, 1.0, 0.0, 0.4945, 0.0, 0.0, 1.0, 1.0, 1.0, 1.0, 0.0, 0.0, 1.0, 1.0, 1.0, 1.0, 1.0, 1.0, 0.0, 0.0, 0.0, 0.0, 1.0, 1.0, 1.0, 1.0, 1.0, 0.704, 0.296, 0.0, 1.0, 1.0, 1.0, 1.0, 0.0, 0.0, 1.0, 1.0, 1.0, 1.0, 1.0, 1.0, 0.0, 0.0, 0.0, 0.0, 0.006, 1.0, 0.006, 0.708, 0.298, 1.0, 0.298, 1.0, 1.0, 1.0, 1.0, 1.0, 0.0, 0.0, 0.0, 0.0, 1.0, 0.0, 1.0, 1.0, 1.0, 0.0, 0.0, 1.0, 0.0, 1.0, 1.0, 1.0, 0.0, 0.0, 0.0, 0.0, 1.0, 0.224, 1.0, 1.0, 0.776, 0.0, 0.224, 1.0, 1.0, 1.0, 1.0, 1.0, 0.0, 0.0, 0.0, 0.0, 1.0, 1.0, 0.0, 1.0, 1.0, 1.0, 0.0, 1.0, 1.0, 1.0, 1.0, 1.0, 0.0, 0.0, 0.0, 0.0, 1.0, 1.0, 1.0, 1.0, 1.0, 1.0, 1.0, 0.0, 1.0, 1.0, 1.0, 1.0, 0.0, 0.0, 0.0, 0.0, 0.0, 0.0, 0.0, 0.0, 0.0, 0.0, 0.0, 0.0, 1.0, 0.4865, 1.0, 1.0, 1.0, 0.0075, 0.4865, 1.0, 0.0225, 0.0, 0.0, 0.9775, 0.0, 0.0, 0.0, 0.0]",-419.18595103414617,844.9172517286268,-482.430437669722,964.860875339444,66.82781740662686,-5.54540135855445,-5.545177444479562,13.170244258788737,11.090354888959125,1.4426941913513507,-15.276340039075954,-16.635532333438686,33.73073390849986,33.27106466687737,0.5787520451143159,"[1.0, 1.0, 1.0, 1.0, 1.0, 0.0, 1.0, 0.0, 1.0, 1.0, 1.0, 1.0, 1.0, 1.0, 1.0, 0.0, 0.0, 0.0, 0.0, 0.0, 0.0, 0.0, 0.0, 0.0, 1.0, 1.0, 1.0, 1.0, 0.0, 0.0, 1.0, 0.0, 0.0, 0.0, 0.0, 0.0, 0.0, 1.0, 0.0, 0.0, 0.0, 0.0, 0.0, 0.0, 0.0, 0.0, 0.0, 0.0, 1.0, 1.0, 1.0, 1.0, 0.0, 0.0, 0.0, 0.0, 1.0, 1.0, 1.0, 1.0, 0.0, 0.0, 0.0, 0.0, 0.0, 0.0, 0.0, 0.0, 0.0, 1.0, 1.0, 0.0, 1.0, 1.0, 1.0, 1.0, 0.0, 0.0, 0.0, 0.0, 1.0, 1.0, 1.0, 1.0, 0.0, 0.0, 0.0, 0.0, 0.0, 0.0, 0.0, 0.0, 0.0, 0.0, 0.0, 0.0, 1.0, 1.0, 1.0, 1.0, 1.0, 1.0, 1.0, 0.0, 1.0, 1.0, 1.0, 1.0, 1.0, 0.0, 1.0, 0.0, 0.0, 1.0, 0.0, 0.0, 1.0, 1.0, 1.0, 0.0, 1.0, 1.0, 0.0, 1.0, 1.0, 0.0, 0.0, 0.0, 1.0, 1.0, 1.0, 0.0, 1.0, 1.0, 1.0, 1.0, 1.0, 1.0, 1.0, 1.0, 0.0, 0.0, 0.0, 0.0, 1.0, 1.0, 1.0, 0.0, 0.0, 0.0, 1.0, 0.0, 0.0, 0.0, 1.0, 0.0, 0.0, 0.0, 0.0, 0.0, 1.0, 1.0, 1.0, 0.0, 0.0, 0.0, 1.0, 0.0, 0.0, 0.0, 0.0, 1.0, 0.0, 0.0, 0.0, 0.0, 0.0, 0.0, 0.0, 1.0, 0.0, 0.0, 0.0, 0.0, 1.0, 1.0, 1.0, 1.0, 0.0, 0.0, 0.0, 0.0, 1.0, 1.0, 1.0, 0.0, 0.0, 0.0, 1.0, 0.0, 1.0, 1.0, 1.0, 1.0, 0.0, 0.0, 0.0, 0.0, 1.0, 1.0, 1.0, 1.0, 0.0, 0.0, 0.0, 0.0, 1.0, 1.0, 1.0, 1.0, 1.0, 1.0, 1.0, 0.0, 0.0, 0.0, 0.0, 0.0, 1.0, 0.0, 0.0, 0.0, 1.0, 1.0, 1.0, 1.0, 1.0, 1.0, 1.0, 1.0, 1.0, 1.0, 1.0, 1.0, 1.0, 1.0, 1.0, 0.0, 0.0, 0.0, 0.0, 0.0, 0.0, 0.0, 0.0, 0.0, 0.0, 1.0, 0.0, 1.0, 0.0, 1.0, 0.0, 1.0, 0.0, 0.0, 0.0, 1.0, 0.0, 0.0, 0.0, 0.0, 1.0, 1.0, 1.0, 0.0, 0.0, 0.0, 1.0, 0.0, 0.0, 0.0, 1.0, 0.0, 0.0, 0.0, 0.0, 0.0, 0.0, 1.0, 1.0, 1.0, 0.0, 0.0, 0.0, 0.0, 1.0, 1.0, 1.0, 0.0, 1.0, 1.0, 1.0, 1.0, 0.0, 0.0, 1.0, 0.0, 0.0, 0.0, 0.0, 0.0, 1.0, 1.0, 1.0, 1.0, 1.0, 1.0, 1.0, 0.0, 1.0, 1.0, 1.0, 1.0, 0.0, 0.0, 0.0, 0.0, 1.0, 1.0, 1.0, 1.0, 0.0, 0.0, 0.0, 0.0, 0.0, 1.0, 0.0, 0.0, 0.0, 0.0, 0.0, 0.0, 0.0, 0.0, 0.0, 0.0, 0.0, 0.0, 0.0, 0.0, 0.0, 0.0, 0.0, 0.0, 0.0, 0.0, 0.0, 0.0, 1.0, 1.0, 0.0, 1.0, 1.0, 0.0, 1.0, 0.0, 1.0, 1.0, 1.0, 1.0, 1.0, 0.0, 1.0, 1.0, 0.0, 0.0, 0.0, 0.0, 0.0, 1.0, 1.0, 0.0, 1.0, 0.0, 0.0, 1.0, 0.0, 0.0, 0.0, 0.0, 1.0, 1.0, 1.0, 0.0, 0.0, 0.0, 1.0, 0.0, 1.0, 1.0, 1.0, 0.0, 0.0, 0.0, 0.0, 0.0, 1.0, 1.0, 1.0, 1.0, 1.0, 1.0, 1.0, 0.0, 0.0, 0.0, 0.0, 0.0, 0.0, 0.0, 0.0, 0.0, 1.0, 0.0, 1.0, 0.0, 0.0, 0.0, 0.0, 0.0, 1.0, 1.0, 1.0, 1.0, 1.0, 1.0, 1.0, 0.0, 1.0, 1.0, 1.0, 1.0, 1.0, 1.0, 0.0, 1.0, 1.0, 1.0, 1.0, 1.0, 0.0, 0.0, 0.0, 0.0, 1.0, 1.0, 1.0, 1.0, 1.0, 1.0, 1.0, 0.0, 0.0, 1.0, 1.0, 1.0, 0.0, 0.0, 0.0, 0.0, 1.0, 1.0, 1.0, 1.0, 0.0, 0.0, 0.0, 0.0, 1.0, 0.0, 1.0, 0.0, 0.0, 0.0, 0.0, 0.0, 1.0, 1.0, 1.0, 1.0, 1.0, 0.0, 1.0, 0.0, 1.0, 1.0, 1.0, 0.0, 1.0, 1.0, 0.0, 1.0, 1.0, 1.0, 1.0, 1.0, 0.0, 0.0, 0.0, 0.0, 0.0, 0.0, 0.0, 0.0, 0.0, 0.0, 0.0, 0.0, 1.0, 1.0, 1.0, 1.0, 0.0, 0.0, 0.0, 0.0, 0.0, 0.0, 0.0, 0.0, 0.0, 0.0, 0.0, 0.0, 0.0, 0.0, 0.0, 0.0, 0.0, 0.0, 0.0, 0.0, 1.0, 1.0, 0.0, 0.0, 1.0, 1.0, 1.0, 1.0, 1.0, 1.0, 1.0, 1.0, 1.0, 1.0, 1.0, 1.0, 1.0, 1.0, 1.0, 1.0, 1.0, 0.0, 1.0, 1.0, 0.0, 1.0, 0.0, 1.0, 0.0, 1.0, 0.0, 0.0, 1.0, 1.0, 1.0, 1.0, 0.0, 0.0, 1.0, 0.0, 1.0, 1.0, 1.0, 1.0, 0.0, 0.0, 0.0, 0.0, 0.0, 0.0, 0.0, 1.0, 0.0, 0.0, 0.0, 0.0, 1.0, 1.0, 1.0, 1.0, 0.0, 0.0, 0.0, 0.0, 0.0, 1.0, 1.0, 1.0, 0.0, 1.0, 1.0, 0.0, 1.0, 1.0, 1.0, 1.0, 0.0, 0.0, 0.0, 0.0, 1.0, 0.0, 1.0, 1.0, 1.0, 0.0, 0.0, 1.0, 1.0, 1.0, 1.0, 1.0, 1.0, 1.0, 1.0, 0.0, 0.0, 1.0, 1.0, 1.0, 1.0, 1.0, 0.0, 0.0, 1.0, 1.0, 1.0, 1.0, 0.0, 0.0, 0.0, 0.0, 1.0, 1.0, 1.0, 0.0, 0.0, 0.0, 1.0, 0.0, 1.0, 1.0, 1.0, 1.0, 0.0, 0.0, 0.0, 0.0, 0.0, 0.0, 0.0, 0.0, 0.0, 0.0, 0.0, 0.0, 0.0, 0.0, 1.0, 1.0, 0.0, 0.0, 0.0, 0.0, 1.0, 1.0, 1.0, 1.0, 1.0, 0.0, 0.0, 1.0]",-295.2442605392121,597.0338707387587,-482.430437669722,964.860875339444,1.0,-10.51828050043735,24.214614831222644,1.2846122460949685,-433.45128860920846,873.4479268787513,True,False,False,True,False,0.7916666666666666,0.75,0.5833333333333334,0.625,0.5833333333333334,0.625,0.8333333333333334,0.75,0.5833333333333334,0.625,0.7916666666666666,0.625,"Z.exists(lambda x1: Z.equal(x1,'lhs','orientation'),X)","Z.exactly(lambda x1: Z.exists(lambda x2: Z.and_operator(Z.equal(x1,'red','colour'),Z.equal(x2,'blue','colour')),X),2,X)","Z.exists(lambda x1: Z.equal(x1,'lhs','orientation'),X)","Z.exactly(lambda x1: Z.exists(lambda x2: Z.and_operator(Z.equal(x1,'red','colour'),Z.equal(x2,'blue','colour')),X),2,X)",0.75,0.5,0.625,0.75,0.625,0.7083333333333334,0.6982758620689655,0.6867816091954023,0.6954022988505747,0.6925287356321839,5.241379310344827,0,0,0,0,0,0
72,87,165,j4HNgt8UJB,WdLNeP_9tn_MXo3MAAAB,Iota,one is blue,"[True, True, True, True, False, False, True, True]","[True, True, True, True, False, False, True, True]",0.75,0.75,There are at least one green and one blue triangles.,"[['x1'],['x1','x2']]","Z.atleast(lambda x1: Z.atleast(lambda x2: Z.and_operator(Z.equal(x1,'green','colour'),Z.equal(x2,'blue','colour')),1,X),1,X)",There are at least one green and one blue triangles.,"[{'ids': [0, 1, 2], 'colours': ['blue', 'green', 'red'], 'sizes': [2, 1, 3], 'xpos': [2.2833923467255732, 6.76926557046708, 3.3669703336145718], 'ypos': [4.127690184310035, 4.128333333333334, 3.717295476888299], 'rotations': [3.1399847803387497, 3.1415926535897927, 2.1765458583575734], 'orientations': ['upright', 'upright', 'strange'], 'contact': [[0, 2], [1], [2, 0]], 'grounded': ['yes', 'yes', 'yes'], 'follow_rule': True}, {'ids': [0, 1, 2], 'colours': ['blue', 'red', 'green'], 'sizes': [2, 3, 3], 'xpos': [2.844248132383885, 4.567707391752806, 6.475182932125598], 'ypos': [4.126511924743237, 4.125125323173932, 4.124913576551884], 'rotations': [3.140204502995341, 3.140309030545184, 3.1404709512495748], 'orientations': ['upright', 'upright', 'upright'], 'contact': [[0], [1], [2]], 'grounded': ['yes', 'yes', 'yes'], 'follow_rule': True}, {'ids': [0, 1, 2], 'colours': ['green', 'blue', 'red'], 'sizes': [1, 1, 1], 'xpos': [0.382989951692675, 2.7024588719415124, 1.0790853327344125], 'ypos': [4.125026272890351, 4.124275401858926, 4.125188337423841], 'rotations': [3.145934682207615, 3.141071276269881, 3.1428618391912075], 'orientations': ['upright', 'upright', 'upright'], 'contact': [[0], [1], [2]], 'grounded': ['yes', 'yes', 'yes'], 'follow_rule': True}, {'ids': [0, 1, 2], 'colours': ['green', 'green', 'blue'], 'sizes': [2, 2, 2], 'xpos': [4.371473757428582, 6.8497657927673155, 3.250461875083805], 'ypos': [4.124931242674773, 4.124685253679247, 4.124554543885397], 'rotations': [3.138838940696519, 3.142908062669547, 3.1441137519429327], 'orientations': ['upright', 'upright', 'upright'], 'contact': [[0], [1], [2]], 'grounded': ['yes', 'yes', 'yes'], 'follow_rule': True}, {'ids': [0, 1, 2], 'colours': ['green', 'red', 'red'], 'sizes': [3, 2, 1], 'xpos': [4.796591995879834, 7.224546834569369, 1.8661797802639961], 'ypos': [4.125903767638837, 3.7464062863961995, 4.12451593679523], 'rotations': [3.1459593135511046, 1.2320033874876566, 3.1452704102776923], 'orientations': ['upright', 'lhs', 'upright'], 'contact': [[0], [1], [2]], 'grounded': ['yes', 'yes', 'yes'], 'follow_rule': False}, {'ids': [0, 1, 2], 'colours': ['blue', 'blue', 'red'], 'sizes': [2, 1, 3], 'xpos': [0.9544698950975944, 4.334129616821852, 0.7030404964685459], 'ypos': [3.7503623880811, 4.124250506985065, 4.071072688420594], 'rotations': [5.045810364688659, 3.143327187805583, 3.0338172070000677], 'orientations': ['rhs', 'upright', 'upright'], 'contact': [[0, 2], [1], [2, 0]], 'grounded': ['yes', 'yes', 'yes'], 'follow_rule': False}, {'ids': [0, 1, 2], 'colours': ['red', 'red', 'red'], 'sizes': [3, 2, 2], 'xpos': [7.437648808037307, 0.6455070880252824, 2.7523623355798743], 'ypos': [4.124299341184273, 4.1243946037454124, 4.124140169919381], 'rotations': [3.1432295958156815, 3.1427437782458862, 3.1392361488793354], 'orientations': ['upright', 'upright', 'upright'], 'contact': [[0], [1], [2]], 'grounded': ['yes', 'yes', 'yes'], 'follow_rule': False}, {'ids': [0, 1, 2], 'colours': ['blue', 'green', 'red'], 'sizes': [2, 3, 1], 'xpos': [0.7465624310564707, 4.348126167409547, 6.568449087300377], 'ypos': [4.124923531119424, 4.124760567070038, 4.1244904415296455], 'rotations': [3.138065610554705, 3.1419028848345314, 15.710820119154906], 'orientations': ['upright', 'upright', 'upright'], 'contact': [[0], [1], [2]], 'grounded': ['yes', 'yes', 'yes'], 'follow_rule': True}, {'ids': [0, 1, 2, 3, 4], 'colours': ['red', 'green', 'red', 'blue', 'green'], 'sizes': [3, 1, 1, 2, 3], 'xpos': [5.12691938557365, 5.11503131679493, 4.23727953775697, 6.19519140108846, 3.42148978150856], 'ypos': [4.16166666682932, 3.21450769513128, 4.15833270210236, 3.780270212316, 4.15777826181353], 'rotations': [3.14159265356107, 3.17396503839037, 3.13596899439433, 5.0484168782327, 3.14163950292034], 'contact': [[0, 1], [1, 0], 2, 3, 4], 'grounded': ['yes', 'no', 'yes', 'yes', 'yes']}, {'ids': [0, 1, 2, 3], 'colours': ['green', 'green', 'red', 'blue'], 'sizes': [1, 3, 1, 2], 'xpos': [1.95640316882102, 3.82119006463636, 5.49466900932729, 4.94512429018313], 'ypos': [4.1575463669092, 3.68793264237984, 3.88075060909874, 3.82370041726639], 'rotations': [3.14042586215534, 5.03796059957422, 5.07099533912214, 4.13396592888911], 'contact': [0, 1, [2, 3], [3, 2]], 'grounded': ['yes', 'yes', 'yes', 'yes']}, {'ids': [0, 1, 2, 3, 4], 'colours': ['red', 'blue', 'red', 'green', 'green'], 'sizes': [3, 1, 2, 2, 1], 'xpos': [6.01871423256697, 2.01992789098242, 4.13597794449854, 0.774406281828649, 4.80555851531279], 'ypos': [3.68393205570556, 4.15898574652681, 4.15794140291817, 3.77979942907755, 3.98725786368743], 'rotations': [1.24414891831718, 3.14156263599238, 3.14292046357041, 5.04964608195148, 2.53998237313469], 'contact': [[0, 4], 1, 2, 3, [4, 0]], 'grounded': ['yes', 'yes', 'yes', 'yes', 'yes']}, {'ids': [0, 1], 'colours': ['blue', 'green'], 'sizes': [1, 2], 'xpos': [1.67047327443096, 4.46813203908946], 'ypos': [4.15694705663294, 4.15819949787589], 'rotations': [3.14214596161258, 3.14225319301416], 'contact': [{'V1': 0, 'V2': 1}], 'grounded': ['yes', 'yes']}, {'ids': [0, 1, 2, 3, 4], 'colours': ['blue', 'blue', 'red', 'blue', 'red'], 'sizes': [1, 1, 3, 2, 3], 'xpos': [2.9749447690173, 1.59038636414738, 1.89943344290003, 0.742265142690783, 5.82945571924824], 'ypos': [4.14706432996679, 4.15682792868204, 3.68436535365509, 3.87793736870491, 4.15825788448378], 'rotations': [3.19018443917557, 3.14127258207092, 4.38185242264156, 2.36758036264438, 3.14223131257379], 'contact': [[0, 2], 1, [2, 0], 3, 4], 'grounded': ['yes', 'yes', 'yes', 'yes', 'yes']}, {'ids': [0, 1, 2, 3, 4], 'colours': ['blue', 'blue', 'red', 'red', 'blue'], 'sizes': [1, 1, 2, 3, 2], 'xpos': [3.86710801315826, 0.780465760873674, 4.72248955423569, 3.06295468416754, 7.04671297081929], 'ypos': [4.1448491118357, 4.15796013032216, 4.15793209798963, 3.75002575259372, 4.15761808534214], 'rotations': [3.19364501547634, 3.14186836777695, 3.13970081999877, 4.09252896570911, 3.14406240189392], 'contact': [[0, 3], 1, 2, [3, 0], 4], 'grounded': ['yes', 'yes', 'yes', 'yes', 'yes']}, {'ids': [0, 1, 2, 3], 'colours': ['blue', 'green', 'blue', 'red'], 'sizes': [1, 2, 1, 3], 'xpos': [0.414928997162714, 1.7723984589512, 5.75738502777065, 6.08770777718876], 'ypos': [4.15743978227501, 4.15711897749998, 3.88075060909862, 3.89628768750355], 'rotations': [3.14447951863788, 3.14010156096646, 5.07099533912207, 3.69409526653564], 'contact': [0, 1, [2, 3], [3, 2]], 'grounded': ['yes', 'yes', 'yes', 'yes']}, {'ids': [0, 1, 2, 3, 4], 'colours': ['green', 'red', 'green', 'green', 'red'], 'sizes': [2, 2, 3, 3, 2], 'xpos': [1.30426887924571, 1.8868098606311, 6.83333126813548, 2.79429839111229, 3.83407517131883], 'ypos': [3.78000391300947, 4.15881602818333, 3.73307814239637, 4.15736329550291, 4.15804254736289], 'rotations': [1.23253748876037, 3.14240000646429, 4.1567939442383, 3.14166932108615, 3.1439673324419], 'contact': [0, [1, 3], 2, [3, 1], 4], 'grounded': ['yes', 'yes', 'yes', 'yes', 'yes']}]","[False, True, True, True, True, False, True, True]","[False, True, True, True, False, True, True, True]","[True, False, False, False, False, False, False, False]","[False, False, False, False, True, False, False, False]","[True, True, True, True, True, False, True, True]","[True, True, True, True, False, True, True, True]","[False, False, False, False, False, False, False, False]","[False, False, False, False, True, False, False, False]",0.25,0.125,0.0,-0.125,0.75,0.875,0.5,0.625,0.25,0.125,0.125,0.0,0.25,0.125,0.24210963489631993,-2.471289227137052,-5.545177444479562,7.02201999595394,11.090354888959125,1.0,-11.731540887090263,-16.635532333438686,26.641135604528472,33.27106466687737,1.0502311195665048,"[1.0, 1.0, 1.0, 1.0, 1.0, 0.0, 1.0, 0.0, 1.0, 1.0, 1.0, 1.0, 1.0, 1.0, 1.0, 0.0135, 0.9530000000000001, 0.092, 0.5895, 0.5895, 1.0, 0.0, 0.0, 0.861, 1.0, 1.0, 1.0, 0.2925, 0.999, 0.999, 1.0, 0.7155, 0.0, 0.0, 1.0, 0.0, 0.0, 0.0, 1.0, 0.0, 0.0, 0.0, 1.0, 0.0, 0.0, 0.0, 1.0, 0.0, 1.0, 1.0, 1.0, 1.0, 0.0, 0.0, 0.0, 0.0, 1.0, 1.0, 1.0, 1.0, 0.935, 0.935, 0.935, 0.935, 1.0, 1.0, 1.0, 1.0, 0.0, 1.0, 0.0, 0.0, 0.0, 1.0, 1.0, 1.0, 1.0, 1.0, 1.0, 1.0, 1.0, 1.0, 1.0, 1.0, 0.0935, 0.0935, 0.0935, 0.0935, 1.0, 1.0, 1.0, 1.0, 1.0, 1.0, 1.0, 1.0, 1.0, 1.0, 1.0, 1.0, 1.0, 1.0, 1.0, 0.013000000000000001, 1.0, 1.0, 0.998, 1.0, 1.0, 0.002, 0.998, 0.002, 1.0, 1.0, 1.0, 1.0, 1.0, 1.0, 1.0, 0.0, 0.973, 1.0, 0.9530000000000001, 1.0, 0.8925000000000001, 0.9195, 0.17400000000000002, 0.201, 1.0, 1.0, 1.0, 1.0, 0.0, 0.0, 0.0, 0.0, 1.0, 1.0, 1.0, 0.24, 1.0, 1.0, 0.968, 1.0, 0.653, 0.653, 0.653, 1.0, 0.2535, 0.2535, 0.7035, 0.10300000000000001, 1.0, 1.0, 1.0, 1.0, 0.0, 1.0, 0.0, 0.0, 1.0, 1.0, 1.0, 0.012, 0.988, 0.988, 1.0, 1.0, 1.0, 0.0, 1.0, 1.0, 1.0, 0.0, 0.0, 1.0, 0.0, 0.0, 0.0, 1.0, 1.0, 0.0, 0.0, 0.0, 1.0, 1.0, 1.0, 1.0, 0.0, 0.0, 0.0, 0.0, 1.0, 1.0, 1.0, 1.0, 0.0, 0.0, 0.0, 0.0, 1.0, 1.0, 1.0, 1.0, 1.0, 1.0, 0.841, 1.0, 1.0, 1.0, 1.0, 1.0, 0.0, 0.0, 0.0, 0.0, 1.0, 1.0, 1.0, 1.0, 1.0, 1.0, 1.0, 0.0, 0.197, 0.0, 0.85, 0.653, 0.803, 0.0, 0.0, 0.0, 0.8525, 0.847, 0.9935, 0.847, 0.28300000000000003, 0.4305, 0.426, 0.426, 1.0, 1.0, 1.0, 1.0, 1.0, 1.0, 1.0, 0.0, 0.798, 1.0, 0.7995, 0.7995, 0.0275, 0.029, 0.2265, 0.1975, 1.0, 1.0, 1.0, 1.0, 0.0, 0.0, 0.0, 0.0, 0.862, 0.854, 0.8595, 0.8955000000000001, 0.045, 0.0005, 0.8695, 0.8505, 1.0, 1.0, 1.0, 0.022, 1.0, 1.0, 1.0, 0.978, 0.28400000000000003, 0.0145, 0.1885, 0.0275, 0.2755, 0.0, 0.0015, 0.013000000000000001, 0.0, 0.0, 0.0, 1.0, 1.0, 0.0, 0.0, 0.0, 1.0, 1.0, 1.0, 1.0, 0.0, 0.0, 0.0, 0.0, 1.0, 1.0, 1.0, 1.0, 1.0, 0.0, 1.0, 0.0, 1.0, 1.0, 1.0, 1.0, 1.0, 1.0, 1.0, 0.0, 1.0, 1.0, 1.0, 0.728, 0.8265, 0.5545, 0.5545, 0.8265, 1.0, 1.0, 1.0, 1.0, 1.0, 1.0, 1.0, 1.0, 1.0, 1.0, 1.0, 0.8715, 0.9365, 0.8695, 0.8695, 0.9365, 0.229, 0.229, 0.229, 0.229, 0.801, 0.03, 0.03, 0.801, 0.0, 0.0, 0.0, 1.0, 1.0, 0.0, 0.0, 0.0, 0.108, 0.114, 0.2315, 0.108, 0.114, 0.07050000000000001, 0.0495, 0.006, 1.0, 1.0, 1.0, 1.0, 0.0, 0.0, 0.0, 0.0, 0.8955000000000001, 0.895, 0.0115, 0.0, 0.883, 0.0, 0.0, 0.0, 1.0, 1.0, 1.0, 1.0, 0.0, 0.0, 0.0, 0.0, 0.902, 0.902, 0.902, 0.678, 0.88, 0.88, 0.902, 0.807, 1.0, 1.0, 1.0, 1.0, 0.0, 0.0, 0.0, 0.0, 1.0, 1.0, 1.0, 1.0, 1.0, 1.0, 1.0, 0.0, 1.0, 1.0, 1.0, 1.0, 0.0, 0.0, 0.0, 0.0, 1.0, 1.0, 1.0, 1.0, 0.008, 0.008, 0.008, 0.008, 1.0, 1.0, 1.0, 1.0, 1.0, 1.0, 1.0, 0.0, 1.0, 1.0, 1.0, 1.0, 1.0, 1.0, 0.6980000000000001, 1.0, 1.0, 1.0, 1.0, 1.0, 0.0, 0.0, 0.0, 0.0, 1.0, 1.0, 1.0, 1.0, 1.0, 1.0, 1.0, 0.0, 0.9530000000000001, 0.9530000000000001, 0.9530000000000001, 1.0, 1.0, 1.0, 0.641, 0.9530000000000001, 1.0, 1.0, 1.0, 1.0, 0.0, 0.0, 0.0, 0.0, 1.0, 1.0, 1.0, 1.0, 1.0, 1.0, 1.0, 1.0, 1.0, 1.0, 1.0, 1.0, 0.0, 0.0, 0.0, 0.0, 1.0, 1.0, 1.0, 1.0, 1.0, 1.0, 1.0, 1.0, 1.0, 1.0, 1.0, 1.0, 0.021500000000000002, 0.021500000000000002, 0.021500000000000002, 0.021500000000000002, 0.021500000000000002, 0.003, 0.02, 0.0095, 0.0095, 0.964, 0.9555, 0.0095, 1.0, 1.0, 1.0, 1.0, 1.0, 1.0, 1.0, 1.0, 1.0, 1.0, 1.0, 1.0, 0.0, 0.0, 0.0, 0.0, 1.0, 1.0, 1.0, 1.0, 0.0, 0.0, 1.0, 1.0, 1.0, 0.873, 0.198, 0.198, 1.0, 1.0, 0.6905, 1.0, 1.0, 1.0, 1.0, 1.0, 1.0, 1.0, 1.0, 0.0, 1.0, 0.999, 0.999, 1.0, 0.0025, 0.0025, 0.0025, 0.0025, 1.0, 1.0, 1.0, 1.0, 1.0, 0.686, 0.314, 0.0, 1.0, 1.0, 1.0, 1.0, 0.524, 0.524, 1.0, 0.47600000000000003, 1.0, 1.0, 1.0, 1.0, 0.008, 0.008, 0.008, 0.008, 0.9935, 0.9935, 0.9775, 0.9935, 0.9935, 0.0225, 0.988, 0.017, 1.0, 1.0, 1.0, 1.0, 0.0725, 0.0725, 0.0725, 0.0725, 0.041, 1.0, 1.0, 0.9590000000000001, 0.041, 0.9590000000000001, 1.0, 0.0, 0.7435, 0.9835, 0.7425, 0.986, 0.7435, 0.7435, 0.256, 0.987, 1.0, 0.005, 1.0, 1.0, 1.0, 0.005, 0.005, 1.0, 1.0, 1.0, 1.0, 1.0, 1.0, 1.0, 1.0, 0.0, 1.0, 1.0, 1.0, 1.0, 0.0, 0.0, 0.0, 0.0, 1.0, 1.0, 1.0, 1.0, 0.0, 0.0, 0.0, 0.0, 0.9705, 0.9705, 0.9145, 1.0, 0.8015, 0.8015, 0.9705, 0.7865, 1.0, 1.0, 1.0, 1.0, 0.0, 0.0, 0.0, 0.0, 1.0, 1.0, 1.0, 1.0, 0.0, 0.0, 0.0, 0.0, 1.0, 1.0, 1.0, 1.0, 0.0, 0.0, 0.0, 0.0, 1.0, 1.0, 1.0, 1.0, 1.0, 1.0, 1.0, 1.0]",-418.5875071169283,843.720363894191,-482.430437669722,964.860875339444,0.5138983445076495,-3.0141612900514945,8.107764121782825,0.5138983366085234,-9.042483870154484,21.263021570656914,0.6334250289943713,"[1.0, 1.0, 1.0, 1.0, 1.0, 0.0, 1.0, 0.0, 1.0, 1.0, 1.0, 1.0, 1.0, 1.0, 1.0, 0.0, 0.0, 0.0, 0.0, 0.0, 0.0, 0.0, 0.0, 0.0, 1.0, 1.0, 1.0, 0.0, 0.0, 0.0, 1.0, 0.0, 0.0, 0.0, 1.0, 1.0, 0.0, 1.0, 1.0, 1.0, 1.0, 1.0, 1.0, 1.0, 0.0, 0.0, 1.0, 1.0, 1.0, 1.0, 1.0, 1.0, 0.0, 0.0, 0.0, 0.0, 1.0, 1.0, 1.0, 1.0, 0.0, 0.0, 0.0, 0.0, 0.0, 0.0, 0.0, 0.0, 0.0, 1.0, 1.0, 0.0, 1.0, 1.0, 1.0, 1.0, 0.0, 0.0, 0.0, 0.0, 1.0, 1.0, 1.0, 1.0, 0.0, 0.0, 0.0, 0.0, 1.0, 1.0, 1.0, 1.0, 1.0, 1.0, 0.0, 1.0, 1.0, 1.0, 1.0, 1.0, 1.0, 1.0, 1.0, 0.0, 1.0, 1.0, 1.0, 1.0, 1.0, 0.0, 1.0, 0.0, 0.0, 1.0, 0.0, 0.0, 1.0, 1.0, 1.0, 0.0, 1.0, 1.0, 0.0, 1.0, 1.0, 0.0, 0.0, 0.0, 1.0, 1.0, 1.0, 0.0, 1.0, 1.0, 1.0, 1.0, 1.0, 1.0, 1.0, 1.0, 0.0, 0.0, 0.0, 0.0, 1.0, 1.0, 1.0, 0.0, 0.0, 0.0, 1.0, 0.0, 0.0, 0.0, 1.0, 0.0, 0.0, 0.0, 0.0, 0.0, 1.0, 1.0, 1.0, 0.0, 0.0, 0.0, 1.0, 0.0, 0.0, 0.0, 0.0, 1.0, 0.0, 0.0, 0.0, 0.0, 0.0, 0.0, 0.0, 1.0, 0.0, 0.0, 0.0, 0.0, 1.0, 1.0, 1.0, 1.0, 0.0, 0.0, 0.0, 0.0, 1.0, 1.0, 1.0, 0.0, 0.0, 0.0, 1.0, 0.0, 1.0, 1.0, 1.0, 1.0, 0.0, 0.0, 0.0, 0.0, 1.0, 1.0, 1.0, 1.0, 0.0, 0.0, 0.0, 0.0, 1.0, 1.0, 1.0, 1.0, 1.0, 1.0, 1.0, 0.0, 0.0, 0.0, 0.0, 0.0, 1.0, 0.0, 0.0, 0.0, 1.0, 1.0, 1.0, 1.0, 1.0, 1.0, 1.0, 1.0, 1.0, 1.0, 1.0, 1.0, 1.0, 1.0, 1.0, 0.0, 0.0, 0.0, 0.0, 0.0, 0.0, 0.0, 0.0, 0.0, 0.0, 1.0, 0.0, 1.0, 0.0, 1.0, 0.0, 1.0, 0.0, 0.0, 0.0, 1.0, 0.0, 0.0, 0.0, 0.0, 1.0, 1.0, 1.0, 0.0, 0.0, 0.0, 1.0, 0.0, 1.0, 1.0, 1.0, 1.0, 1.0, 0.0, 1.0, 0.0, 0.0, 1.0, 1.0, 1.0, 0.0, 0.0, 0.0, 0.0, 1.0, 1.0, 1.0, 0.0, 1.0, 1.0, 1.0, 1.0, 0.0, 1.0, 1.0, 1.0, 0.0, 0.0, 0.0, 0.0, 1.0, 1.0, 1.0, 1.0, 1.0, 1.0, 1.0, 0.0, 1.0, 1.0, 1.0, 1.0, 0.0, 0.0, 0.0, 0.0, 1.0, 1.0, 1.0, 1.0, 0.0, 0.0, 0.0, 0.0, 0.0, 1.0, 0.0, 0.0, 0.0, 0.0, 0.0, 0.0, 1.0, 1.0, 1.0, 1.0, 1.0, 0.0, 1.0, 1.0, 0.0, 0.0, 0.0, 0.0, 0.0, 1.0, 1.0, 0.0, 1.0, 1.0, 1.0, 1.0, 1.0, 0.0, 1.0, 0.0, 1.0, 1.0, 1.0, 1.0, 1.0, 0.0, 1.0, 1.0, 0.0, 0.0, 0.0, 0.0, 0.0, 1.0, 1.0, 0.0, 1.0, 0.0, 0.0, 1.0, 0.0, 0.0, 0.0, 0.0, 1.0, 1.0, 1.0, 0.0, 0.0, 0.0, 1.0, 0.0, 1.0, 1.0, 1.0, 0.0, 0.0, 0.0, 0.0, 0.0, 1.0, 1.0, 1.0, 1.0, 1.0, 1.0, 1.0, 0.0, 0.0, 0.0, 0.0, 0.0, 0.0, 0.0, 0.0, 0.0, 1.0, 0.0, 1.0, 0.0, 0.0, 0.0, 0.0, 0.0, 1.0, 1.0, 1.0, 1.0, 1.0, 1.0, 1.0, 0.0, 1.0, 1.0, 1.0, 1.0, 1.0, 1.0, 0.0, 1.0, 1.0, 1.0, 1.0, 1.0, 0.0, 0.0, 0.0, 0.0, 1.0, 1.0, 1.0, 1.0, 1.0, 1.0, 1.0, 0.0, 0.0, 1.0, 1.0, 1.0, 0.0, 0.0, 0.0, 0.0, 1.0, 1.0, 1.0, 1.0, 0.0, 0.0, 0.0, 0.0, 1.0, 0.0, 1.0, 0.0, 0.0, 0.0, 0.0, 0.0, 1.0, 1.0, 1.0, 1.0, 1.0, 0.0, 1.0, 0.0, 1.0, 1.0, 1.0, 0.0, 1.0, 1.0, 0.0, 1.0, 1.0, 1.0, 1.0, 1.0, 0.0, 0.0, 0.0, 0.0, 0.0, 0.0, 0.0, 0.0, 0.0, 1.0, 0.0, 0.0, 1.0, 1.0, 1.0, 1.0, 0.0, 0.0, 0.0, 0.0, 0.0, 0.0, 0.0, 0.0, 0.0, 0.0, 0.0, 0.0, 1.0, 0.0, 1.0, 0.0, 0.0, 0.0, 0.0, 0.0, 1.0, 1.0, 0.0, 0.0, 1.0, 1.0, 1.0, 1.0, 1.0, 1.0, 1.0, 1.0, 1.0, 1.0, 1.0, 1.0, 1.0, 1.0, 1.0, 1.0, 1.0, 0.0, 1.0, 1.0, 0.0, 1.0, 0.0, 1.0, 0.0, 1.0, 0.0, 0.0, 1.0, 1.0, 1.0, 1.0, 0.0, 0.0, 1.0, 0.0, 1.0, 1.0, 1.0, 1.0, 0.0, 0.0, 0.0, 0.0, 0.0, 0.0, 0.0, 1.0, 0.0, 0.0, 0.0, 0.0, 1.0, 1.0, 1.0, 1.0, 0.0, 0.0, 0.0, 0.0, 0.0, 1.0, 1.0, 1.0, 0.0, 1.0, 1.0, 0.0, 1.0, 1.0, 1.0, 1.0, 0.0, 0.0, 0.0, 0.0, 1.0, 0.0, 1.0, 1.0, 1.0, 0.0, 0.0, 1.0, 1.0, 1.0, 1.0, 1.0, 1.0, 1.0, 1.0, 0.0, 0.0, 1.0, 1.0, 1.0, 1.0, 1.0, 0.0, 0.0, 1.0, 1.0, 1.0, 1.0, 0.0, 0.0, 0.0, 0.0, 1.0, 1.0, 1.0, 0.0, 0.0, 0.0, 1.0, 0.0, 1.0, 1.0, 1.0, 1.0, 0.0, 0.0, 0.0, 0.0, 0.0, 0.0, 0.0, 0.0, 0.0, 0.0, 0.0, 0.0, 0.0, 1.0, 0.0, 1.0, 0.0, 1.0, 1.0, 0.0, 1.0, 1.0, 1.0, 1.0, 1.0, 0.0, 0.0, 1.0]",-318.3726801373107,643.2907099349558,0.5138983445076495,-3.0141612900514945,-5.545177444479562,8.107764121782825,11.090354888959125,0.5138983366085234,-9.042483870154484,-16.635532333438686,21.263021570656914,33.27106466687737,0.6173530694834558,"[1.0, 1.0, 1.0, 1.0, 1.0, 0.0, 1.0, 0.0, 1.0, 1.0, 1.0, 1.0, 1.0, 1.0, 1.0, 0.0, 0.0, 0.0, 0.0, 0.0, 0.0, 0.0, 0.0, 0.0, 1.0, 1.0, 1.0, 0.0, 0.0, 0.0, 1.0, 0.0, 0.0, 0.0, 1.0, 1.0, 0.0, 1.0, 1.0, 1.0, 0.0, 0.0, 0.0, 0.0, 0.0, 0.0, 0.0, 0.0, 1.0, 1.0, 1.0, 1.0, 0.0, 0.0, 0.0, 0.0, 1.0, 1.0, 1.0, 1.0, 0.0, 0.0, 0.0, 0.0, 0.0, 0.0, 0.0, 0.0, 0.0, 1.0, 1.0, 0.0, 0.0, 0.0, 0.0, 1.0, 0.0, 0.0, 0.0, 0.0, 1.0, 1.0, 1.0, 1.0, 0.0, 0.0, 0.0, 0.0, 0.0, 0.0, 0.0, 0.0, 1.0, 1.0, 0.0, 1.0, 1.0, 1.0, 1.0, 1.0, 1.0, 1.0, 1.0, 0.0, 1.0, 1.0, 1.0, 1.0, 1.0, 0.0, 1.0, 0.0, 0.0, 1.0, 0.0, 0.0, 1.0, 1.0, 1.0, 0.0, 1.0, 1.0, 0.0, 1.0, 1.0, 0.0, 0.0, 0.0, 1.0, 1.0, 1.0, 0.0, 1.0, 1.0, 1.0, 1.0, 1.0, 1.0, 1.0, 1.0, 0.0, 0.0, 0.0, 0.0, 1.0, 1.0, 1.0, 0.0, 0.0, 0.0, 1.0, 0.0, 0.0, 0.0, 1.0, 0.0, 0.0, 0.0, 0.0, 0.0, 1.0, 1.0, 1.0, 0.0, 0.0, 0.0, 1.0, 0.0, 0.0, 0.0, 0.0, 1.0, 0.0, 0.0, 0.0, 0.0, 0.0, 0.0, 0.0, 1.0, 0.0, 0.0, 0.0, 0.0, 1.0, 1.0, 1.0, 1.0, 0.0, 0.0, 0.0, 0.0, 1.0, 1.0, 1.0, 0.0, 0.0, 0.0, 1.0, 0.0, 1.0, 1.0, 1.0, 1.0, 0.0, 0.0, 0.0, 0.0, 1.0, 1.0, 1.0, 1.0, 0.0, 0.0, 0.0, 0.0, 1.0, 1.0, 1.0, 1.0, 1.0, 1.0, 1.0, 0.0, 0.0, 0.0, 0.0, 0.0, 1.0, 0.0, 0.0, 0.0, 1.0, 1.0, 1.0, 1.0, 1.0, 1.0, 1.0, 1.0, 1.0, 1.0, 1.0, 1.0, 1.0, 1.0, 1.0, 0.0, 0.0, 0.0, 0.0, 0.0, 0.0, 0.0, 0.0, 0.0, 0.0, 1.0, 0.0, 1.0, 0.0, 1.0, 0.0, 1.0, 0.0, 0.0, 0.0, 1.0, 0.0, 0.0, 0.0, 0.0, 1.0, 1.0, 1.0, 0.0, 0.0, 0.0, 1.0, 0.0, 1.0, 1.0, 1.0, 1.0, 1.0, 0.0, 1.0, 0.0, 0.0, 1.0, 1.0, 1.0, 0.0, 0.0, 0.0, 0.0, 1.0, 1.0, 1.0, 0.0, 1.0, 1.0, 1.0, 1.0, 0.0, 1.0, 1.0, 1.0, 0.0, 0.0, 0.0, 0.0, 1.0, 1.0, 1.0, 1.0, 1.0, 1.0, 1.0, 0.0, 1.0, 1.0, 1.0, 1.0, 0.0, 0.0, 0.0, 0.0, 1.0, 1.0, 1.0, 1.0, 0.0, 0.0, 0.0, 0.0, 0.0, 1.0, 0.0, 0.0, 0.0, 0.0, 0.0, 0.0, 0.0, 0.0, 0.0, 0.0, 0.0, 0.0, 0.0, 0.0, 1.0, 0.0, 1.0, 1.0, 1.0, 0.0, 0.0, 1.0, 1.0, 1.0, 1.0, 1.0, 1.0, 0.0, 1.0, 0.0, 1.0, 1.0, 1.0, 1.0, 1.0, 0.0, 1.0, 1.0, 0.0, 0.0, 0.0, 0.0, 0.0, 1.0, 1.0, 0.0, 1.0, 0.0, 0.0, 1.0, 0.0, 0.0, 0.0, 0.0, 1.0, 1.0, 1.0, 0.0, 0.0, 0.0, 1.0, 0.0, 1.0, 1.0, 1.0, 0.0, 0.0, 0.0, 0.0, 0.0, 1.0, 1.0, 1.0, 1.0, 1.0, 1.0, 1.0, 0.0, 0.0, 0.0, 0.0, 0.0, 0.0, 0.0, 0.0, 0.0, 1.0, 0.0, 1.0, 0.0, 0.0, 0.0, 0.0, 0.0, 1.0, 1.0, 1.0, 1.0, 1.0, 1.0, 1.0, 0.0, 1.0, 1.0, 1.0, 1.0, 1.0, 1.0, 0.0, 1.0, 1.0, 1.0, 1.0, 1.0, 0.0, 0.0, 0.0, 0.0, 1.0, 1.0, 1.0, 1.0, 1.0, 1.0, 1.0, 0.0, 0.0, 1.0, 1.0, 1.0, 0.0, 0.0, 0.0, 0.0, 1.0, 1.0, 1.0, 1.0, 0.0, 0.0, 0.0, 0.0, 1.0, 0.0, 1.0, 0.0, 0.0, 0.0, 0.0, 0.0, 1.0, 1.0, 1.0, 1.0, 1.0, 0.0, 1.0, 0.0, 1.0, 1.0, 1.0, 0.0, 1.0, 1.0, 0.0, 1.0, 1.0, 1.0, 1.0, 1.0, 0.0, 0.0, 0.0, 0.0, 0.0, 0.0, 0.0, 0.0, 0.0, 1.0, 0.0, 0.0, 1.0, 1.0, 1.0, 1.0, 0.0, 0.0, 0.0, 0.0, 0.0, 0.0, 0.0, 0.0, 0.0, 0.0, 0.0, 0.0, 1.0, 0.0, 1.0, 0.0, 0.0, 0.0, 0.0, 0.0, 1.0, 1.0, 0.0, 0.0, 1.0, 1.0, 1.0, 1.0, 1.0, 1.0, 1.0, 1.0, 1.0, 1.0, 1.0, 1.0, 1.0, 1.0, 1.0, 1.0, 1.0, 0.0, 1.0, 1.0, 0.0, 1.0, 0.0, 1.0, 0.0, 1.0, 0.0, 0.0, 1.0, 1.0, 1.0, 1.0, 0.0, 0.0, 1.0, 0.0, 1.0, 1.0, 1.0, 1.0, 0.0, 0.0, 0.0, 0.0, 0.0, 0.0, 0.0, 1.0, 0.0, 0.0, 0.0, 0.0, 1.0, 1.0, 1.0, 1.0, 0.0, 0.0, 0.0, 0.0, 0.0, 1.0, 1.0, 1.0, 0.0, 1.0, 1.0, 0.0, 1.0, 1.0, 1.0, 1.0, 0.0, 0.0, 0.0, 0.0, 1.0, 0.0, 1.0, 1.0, 1.0, 0.0, 0.0, 1.0, 1.0, 1.0, 1.0, 1.0, 1.0, 1.0, 1.0, 0.0, 0.0, 0.0, 1.0, 0.0, 0.0, 1.0, 0.0, 0.0, 1.0, 1.0, 1.0, 1.0, 0.0, 0.0, 0.0, 0.0, 1.0, 1.0, 1.0, 0.0, 0.0, 0.0, 1.0, 0.0, 1.0, 1.0, 1.0, 1.0, 0.0, 0.0, 0.0, 0.0, 0.0, 0.0, 0.0, 0.0, 0.0, 0.0, 0.0, 0.0, 0.0, 1.0, 0.0, 1.0, 0.0, 1.0, 1.0, 0.0, 1.0, 1.0, 1.0, 1.0, 1.0, 0.0, 0.0, 1.0]",-311.9759791000219,630.4973078603782,-482.430437669722,964.860875339444,0.01,0.0,-5.545177444479562,2.0794415416798357,11.090354888959125,1.0,-12.506427221300456,-16.635532333438686,28.190908272948857,33.27106466687737,1.0908740239314543,"[0.0, 0.0, 1.0, 0.0, 0.0, 0.0, 0.0, 0.0, 1.0, 1.0, 1.0, 1.0, 0.877, 0.877, 0.877, 0.0, 1.0, 0.259, 1.0, 1.0, 0.8015, 0.0, 0.259, 1.0, 1.0, 1.0, 1.0, 1.0, 1.0, 1.0, 1.0, 0.0, 0.0, 0.0, 1.0, 0.0, 0.0, 0.0, 1.0, 0.0, 0.0, 0.0, 1.0, 0.0, 0.0, 0.0, 1.0, 0.0, 0.0, 0.0, 0.0, 0.0775, 0.0, 0.0, 0.1635, 0.47100000000000003, 1.0, 1.0, 1.0, 1.0, 0.0, 0.0, 0.0, 0.0, 0.0, 0.0, 0.0, 0.0, 0.0, 0.0, 0.0, 0.0, 1.0, 1.0, 1.0, 1.0, 1.0, 1.0, 1.0, 0.0, 1.0, 1.0, 1.0, 1.0, 0.0, 0.0, 0.0, 0.0, 0.0, 0.0, 0.0, 0.0, 0.0, 0.113, 0.113, 0.0, 0.0, 0.0, 0.0, 1.0, 0.0, 0.0, 0.0, 0.0, 1.0, 1.0, 1.0, 1.0, 0.0, 0.0, 0.0, 0.0, 0.9995, 1.0, 1.0, 0.663, 1.0, 1.0, 1.0, 0.353, 1.0, 1.0, 1.0, 1.0, 0.082, 0.082, 0.0, 0.0, 0.973, 1.0, 0.7655000000000001, 0.605, 0.973, 1.0, 1.0, 0.368, 0.0, 0.0, 1.0, 0.0, 1.0, 0.0, 1.0, 0.0, 1.0, 1.0, 1.0, 1.0, 0.0, 0.0, 1.0, 0.0, 1.0, 1.0, 1.0, 1.0, 0.0, 0.9465, 0.0, 0.0, 0.666, 1.0, 0.666, 0.666, 0.0, 0.0, 0.7975, 0.0, 0.0, 0.9430000000000001, 0.0, 1.0, 1.0, 0.0, 0.0, 0.0, 0.0, 1.0, 0.0, 0.0, 0.0, 0.0, 0.0, 0.0, 1.0, 1.0, 1.0, 1.0, 0.0, 0.0, 0.0, 0.0, 1.0, 1.0, 1.0, 1.0, 1.0, 1.0, 1.0, 0.0005, 1.0, 1.0, 1.0, 1.0, 1.0, 1.0, 0.0, 1.0, 1.0, 1.0, 1.0, 1.0, 0.0, 0.0, 0.0, 0.0, 1.0, 1.0, 1.0, 1.0, 1.0, 1.0, 1.0, 0.0, 1.0, 0.0, 1.0, 0.0, 0.0, 0.0, 0.0, 0.0, 0.0, 1.0, 0.0, 1.0, 0.0, 1.0, 0.0, 1.0, 1.0, 1.0, 1.0, 1.0, 1.0, 1.0, 1.0, 0.0, 1.0, 0.0, 1.0, 1.0, 1.0, 0.0, 0.0, 1.0, 1.0, 1.0, 1.0, 1.0, 1.0, 1.0, 1.0, 1.0, 0.0, 0.9580000000000001, 0.0, 0.0, 0.0, 0.0, 0.0045000000000000005, 0.0, 0.0, 0.0, 0.0, 0.0, 0.0, 0.0, 0.0, 1.0, 0.0, 0.0, 0.0005, 0.0, 0.0, 0.0, 0.0, 0.0, 0.0, 1.0, 0.0, 0.0, 0.0, 0.0, 0.0, 0.0, 1.0, 1.0, 1.0, 0.001, 0.001, 0.001, 1.0, 0.0, 0.0, 0.0, 0.6225, 0.0, 0.0, 0.0, 0.0, 0.0, 1.0, 1.0, 1.0, 1.0, 0.0, 0.0, 0.0, 0.0, 0.0, 0.0, 0.0, 0.0, 0.0, 0.0, 0.0, 0.0, 1.0, 1.0, 1.0, 1.0, 1.0, 1.0, 1.0, 0.0, 0.0, 0.0, 0.0, 1.0, 0.0, 0.0, 1.0, 0.0, 1.0, 1.0, 1.0, 1.0, 0.0, 0.0, 0.0, 0.0, 0.0, 1.0, 0.0, 0.0, 1.0, 0.0, 0.0, 1.0, 1.0, 1.0, 1.0, 1.0, 0.0, 0.0, 0.0, 0.0, 1.0, 1.0, 1.0, 1.0, 1.0, 0.0, 1.0, 1.0, 0.0, 0.0005, 0.0, 0.0, 0.0, 0.38, 0.0, 0.0, 1.0, 1.0, 1.0, 1.0, 0.0, 0.0, 0.0, 0.0, 1.0, 1.0, 1.0, 0.999, 1.0, 1.0, 1.0, 0.0195, 1.0, 1.0, 1.0, 1.0, 0.0, 0.0, 0.0, 0.0, 0.0, 0.6285000000000001, 0.0, 0.328, 0.0, 0.0, 0.6285000000000001, 0.0, 0.0, 0.0, 0.0, 0.0, 0.0, 0.0, 0.0, 1.0, 1.0, 1.0, 1.0, 1.0, 0.0, 0.0, 0.0, 0.0, 1.0, 1.0, 1.0, 1.0, 1.0, 1.0, 1.0, 0.0, 1.0, 1.0, 1.0, 1.0, 1.0, 1.0, 0.0375, 1.0, 1.0, 1.0, 1.0, 1.0, 0.0, 0.0, 0.0, 0.0, 1.0, 1.0, 1.0, 1.0, 1.0, 1.0, 1.0, 0.0, 1.0, 1.0, 1.0, 1.0, 1.0, 1.0, 0.0, 1.0, 1.0, 1.0, 1.0, 1.0, 0.0, 0.0, 0.0, 0.0, 1.0, 1.0, 1.0, 1.0, 1.0, 1.0, 1.0, 1.0, 0.0, 0.0, 0.4395, 0.0, 0.0, 0.0, 0.001, 1.0, 0.0, 0.0, 0.0, 0.0, 0.0, 0.0, 0.0, 0.0, 1.0, 1.0, 1.0, 0.0, 1.0, 0.0, 0.0, 1.0, 0.0, 0.0, 1.0, 1.0, 1.0, 0.0, 0.0, 0.0, 0.0, 0.0, 0.0, 0.0, 0.0, 0.0, 0.0, 0.0, 1.0, 1.0, 1.0, 1.0, 0.0, 0.0, 0.0, 0.0, 0.0, 0.0, 0.0, 0.0, 0.0, 1.0, 0.0, 0.0, 1.0, 1.0, 1.0, 1.0, 0.0, 0.4945, 0.0, 0.0, 1.0, 1.0, 1.0, 1.0, 0.0, 0.0, 1.0, 1.0, 1.0, 1.0, 1.0, 1.0, 0.0, 0.0, 0.0, 0.0, 1.0, 1.0, 1.0, 1.0, 1.0, 0.704, 0.296, 0.0, 1.0, 1.0, 1.0, 1.0, 0.0, 0.0, 1.0, 1.0, 1.0, 1.0, 1.0, 1.0, 0.0, 0.0, 0.0, 0.0, 0.006, 1.0, 0.006, 0.708, 0.298, 1.0, 0.298, 1.0, 1.0, 1.0, 1.0, 1.0, 0.0, 0.0, 0.0, 0.0, 1.0, 0.0, 1.0, 1.0, 1.0, 0.0, 0.0, 1.0, 0.0, 1.0, 1.0, 1.0, 0.0, 0.0, 0.0, 0.0, 1.0, 0.224, 1.0, 1.0, 0.776, 0.0, 0.224, 1.0, 1.0, 1.0, 1.0, 1.0, 0.0, 0.0, 0.0, 0.0, 1.0, 1.0, 0.0, 1.0, 1.0, 1.0, 0.0, 1.0, 1.0, 1.0, 1.0, 1.0, 0.0, 0.0, 0.0, 0.0, 1.0, 1.0, 1.0, 1.0, 1.0, 1.0, 1.0, 0.0, 1.0, 1.0, 1.0, 1.0, 0.0, 0.0, 0.0, 0.0, 0.0, 0.0, 0.0, 0.0, 0.0, 0.0, 0.0, 0.0, 1.0, 0.4865, 1.0, 1.0, 1.0, 0.0075, 0.4865, 1.0, 0.0225, 0.0, 0.0, 0.9775, 0.0, 0.0, 0.0, 0.0]",-419.18595103414617,844.9172517286268,-482.430437669722,964.860875339444,0.5138983445076495,-3.0141612900514945,-5.545177444479562,8.107764121782825,11.090354888959125,0.5138983366085234,-9.042483870154484,-16.635532333438686,21.263021570656914,33.27106466687737,0.5787520451143159,"[1.0, 1.0, 1.0, 1.0, 1.0, 0.0, 1.0, 0.0, 1.0, 1.0, 1.0, 1.0, 1.0, 1.0, 1.0, 0.0, 0.0, 0.0, 0.0, 0.0, 0.0, 0.0, 0.0, 0.0, 1.0, 1.0, 1.0, 1.0, 0.0, 0.0, 1.0, 0.0, 0.0, 0.0, 0.0, 0.0, 0.0, 1.0, 0.0, 0.0, 0.0, 0.0, 0.0, 0.0, 0.0, 0.0, 0.0, 0.0, 1.0, 1.0, 1.0, 1.0, 0.0, 0.0, 0.0, 0.0, 1.0, 1.0, 1.0, 1.0, 0.0, 0.0, 0.0, 0.0, 0.0, 0.0, 0.0, 0.0, 0.0, 1.0, 1.0, 0.0, 1.0, 1.0, 1.0, 1.0, 0.0, 0.0, 0.0, 0.0, 1.0, 1.0, 1.0, 1.0, 0.0, 0.0, 0.0, 0.0, 0.0, 0.0, 0.0, 0.0, 0.0, 0.0, 0.0, 0.0, 1.0, 1.0, 1.0, 1.0, 1.0, 1.0, 1.0, 0.0, 1.0, 1.0, 1.0, 1.0, 1.0, 0.0, 1.0, 0.0, 0.0, 1.0, 0.0, 0.0, 1.0, 1.0, 1.0, 0.0, 1.0, 1.0, 0.0, 1.0, 1.0, 0.0, 0.0, 0.0, 1.0, 1.0, 1.0, 0.0, 1.0, 1.0, 1.0, 1.0, 1.0, 1.0, 1.0, 1.0, 0.0, 0.0, 0.0, 0.0, 1.0, 1.0, 1.0, 0.0, 0.0, 0.0, 1.0, 0.0, 0.0, 0.0, 1.0, 0.0, 0.0, 0.0, 0.0, 0.0, 1.0, 1.0, 1.0, 0.0, 0.0, 0.0, 1.0, 0.0, 0.0, 0.0, 0.0, 1.0, 0.0, 0.0, 0.0, 0.0, 0.0, 0.0, 0.0, 1.0, 0.0, 0.0, 0.0, 0.0, 1.0, 1.0, 1.0, 1.0, 0.0, 0.0, 0.0, 0.0, 1.0, 1.0, 1.0, 0.0, 0.0, 0.0, 1.0, 0.0, 1.0, 1.0, 1.0, 1.0, 0.0, 0.0, 0.0, 0.0, 1.0, 1.0, 1.0, 1.0, 0.0, 0.0, 0.0, 0.0, 1.0, 1.0, 1.0, 1.0, 1.0, 1.0, 1.0, 0.0, 0.0, 0.0, 0.0, 0.0, 1.0, 0.0, 0.0, 0.0, 1.0, 1.0, 1.0, 1.0, 1.0, 1.0, 1.0, 1.0, 1.0, 1.0, 1.0, 1.0, 1.0, 1.0, 1.0, 0.0, 0.0, 0.0, 0.0, 0.0, 0.0, 0.0, 0.0, 0.0, 0.0, 1.0, 0.0, 1.0, 0.0, 1.0, 0.0, 1.0, 0.0, 0.0, 0.0, 1.0, 0.0, 0.0, 0.0, 0.0, 1.0, 1.0, 1.0, 0.0, 0.0, 0.0, 1.0, 0.0, 0.0, 0.0, 1.0, 0.0, 0.0, 0.0, 0.0, 0.0, 0.0, 1.0, 1.0, 1.0, 0.0, 0.0, 0.0, 0.0, 1.0, 1.0, 1.0, 0.0, 1.0, 1.0, 1.0, 1.0, 0.0, 0.0, 1.0, 0.0, 0.0, 0.0, 0.0, 0.0, 1.0, 1.0, 1.0, 1.0, 1.0, 1.0, 1.0, 0.0, 1.0, 1.0, 1.0, 1.0, 0.0, 0.0, 0.0, 0.0, 1.0, 1.0, 1.0, 1.0, 0.0, 0.0, 0.0, 0.0, 0.0, 1.0, 0.0, 0.0, 0.0, 0.0, 0.0, 0.0, 0.0, 0.0, 0.0, 0.0, 0.0, 0.0, 0.0, 0.0, 0.0, 0.0, 0.0, 0.0, 0.0, 0.0, 0.0, 0.0, 1.0, 1.0, 0.0, 1.0, 1.0, 0.0, 1.0, 0.0, 1.0, 1.0, 1.0, 1.0, 1.0, 0.0, 1.0, 1.0, 0.0, 0.0, 0.0, 0.0, 0.0, 1.0, 1.0, 0.0, 1.0, 0.0, 0.0, 1.0, 0.0, 0.0, 0.0, 0.0, 1.0, 1.0, 1.0, 0.0, 0.0, 0.0, 1.0, 0.0, 1.0, 1.0, 1.0, 0.0, 0.0, 0.0, 0.0, 0.0, 1.0, 1.0, 1.0, 1.0, 1.0, 1.0, 1.0, 0.0, 0.0, 0.0, 0.0, 0.0, 0.0, 0.0, 0.0, 0.0, 1.0, 0.0, 1.0, 0.0, 0.0, 0.0, 0.0, 0.0, 1.0, 1.0, 1.0, 1.0, 1.0, 1.0, 1.0, 0.0, 1.0, 1.0, 1.0, 1.0, 1.0, 1.0, 0.0, 1.0, 1.0, 1.0, 1.0, 1.0, 0.0, 0.0, 0.0, 0.0, 1.0, 1.0, 1.0, 1.0, 1.0, 1.0, 1.0, 0.0, 0.0, 1.0, 1.0, 1.0, 0.0, 0.0, 0.0, 0.0, 1.0, 1.0, 1.0, 1.0, 0.0, 0.0, 0.0, 0.0, 1.0, 0.0, 1.0, 0.0, 0.0, 0.0, 0.0, 0.0, 1.0, 1.0, 1.0, 1.0, 1.0, 0.0, 1.0, 0.0, 1.0, 1.0, 1.0, 0.0, 1.0, 1.0, 0.0, 1.0, 1.0, 1.0, 1.0, 1.0, 0.0, 0.0, 0.0, 0.0, 0.0, 0.0, 0.0, 0.0, 0.0, 0.0, 0.0, 0.0, 1.0, 1.0, 1.0, 1.0, 0.0, 0.0, 0.0, 0.0, 0.0, 0.0, 0.0, 0.0, 0.0, 0.0, 0.0, 0.0, 0.0, 0.0, 0.0, 0.0, 0.0, 0.0, 0.0, 0.0, 1.0, 1.0, 0.0, 0.0, 1.0, 1.0, 1.0, 1.0, 1.0, 1.0, 1.0, 1.0, 1.0, 1.0, 1.0, 1.0, 1.0, 1.0, 1.0, 1.0, 1.0, 0.0, 1.0, 1.0, 0.0, 1.0, 0.0, 1.0, 0.0, 1.0, 0.0, 0.0, 1.0, 1.0, 1.0, 1.0, 0.0, 0.0, 1.0, 0.0, 1.0, 1.0, 1.0, 1.0, 0.0, 0.0, 0.0, 0.0, 0.0, 0.0, 0.0, 1.0, 0.0, 0.0, 0.0, 0.0, 1.0, 1.0, 1.0, 1.0, 0.0, 0.0, 0.0, 0.0, 0.0, 1.0, 1.0, 1.0, 0.0, 1.0, 1.0, 0.0, 1.0, 1.0, 1.0, 1.0, 0.0, 0.0, 0.0, 0.0, 1.0, 0.0, 1.0, 1.0, 1.0, 0.0, 0.0, 1.0, 1.0, 1.0, 1.0, 1.0, 1.0, 1.0, 1.0, 0.0, 0.0, 1.0, 1.0, 1.0, 1.0, 1.0, 0.0, 0.0, 1.0, 1.0, 1.0, 1.0, 0.0, 0.0, 0.0, 0.0, 1.0, 1.0, 1.0, 0.0, 0.0, 0.0, 1.0, 0.0, 1.0, 1.0, 1.0, 1.0, 0.0, 0.0, 0.0, 0.0, 0.0, 0.0, 0.0, 0.0, 0.0, 0.0, 0.0, 0.0, 0.0, 0.0, 1.0, 1.0, 0.0, 0.0, 0.0, 0.0, 1.0, 1.0, 1.0, 1.0, 1.0, 0.0, 0.0, 1.0]",-295.2442605392121,597.0338707387587,-482.430437669722,964.860875339444,1.4426944217897497,-15.276340039075745,33.73073390849944,1.2846122460949685,-433.45128860920846,873.4479268787513,True,True,True,True,True,0.7916666666666666,0.625,0.8333333333333334,0.875,0.8333333333333334,0.875,0.75,0.75,0.8333333333333334,0.875,0.625,0.5,"Z.exists(lambda x1: Z.equal(x1,'blue','colour'),X)","Z.atleast(lambda x1: Z.atleast(lambda x2: Z.and_operator(Z.equal(x1,'green','colour'),Z.equal(x2,'blue','colour')),1,X),1,X)","Z.exists(lambda x1: Z.equal(x1,'green','colour'),X)","Z.atleast(lambda x1: Z.atleast(lambda x2: Z.and_operator(Z.equal(x1,'green','colour'),Z.equal(x2,'blue','colour')),1,X),1,X)",0.625,0.75,0.875,0.75,0.875,0.7083333333333334,0.6982758620689655,0.6867816091954023,0.6954022988505747,0.6925287356321839,5.241379310344827,0,0,0,0,0,0
73,88,166,j4HNgt8UJB,WdLNeP_9tn_MXo3MAAAB,Zeta,there is a red,"[True, True, True, True, False, False, False, False]","[True, True, True, True, False, False, False, False]",1.0,1.0,There is at least one red triangle.,[['x1']],"Z.atleast(lambda x1: Z.equal(x1,'red','colour'),1,X)",There is at least one red triangle.,"[{'ids': [0, 1, 2], 'colours': ['red', 'green', 'red'], 'sizes': [2, 2, 1], 'xpos': [1.208267294132544, 1.2082670071309851, 3.655562636224445], 'ypos': [4.111667091440226, 3.8108255747990976, 3.8307506090986188], 'rotations': [3.1415925835970016, 3.1415921035733376, 1.2121899680575183], 'orientations': ['upright', 'upright', 'lhs'], 'contact': [[0, 1], [1, 0], [2]], 'grounded': ['yes', 'no', 'yes'], 'follow_rule': True}, {'ids': [0, 1, 2], 'colours': ['red', 'green', 'blue'], 'sizes': [3, 3, 3], 'xpos': [4.4429476957772245, 3.255806841076005, 2.1082523499091517], 'ypos': [3.6374647726034444, 3.6258385935772925, 4.107718336369515], 'rotations': [5.035022254094629, 4.951046772388519, 3.13925384217328], 'orientations': ['rhs', 'rhs', 'upright'], 'contact': [[0, 1], [1, 0], [2]], 'grounded': ['yes', 'yes', 'yes'], 'follow_rule': True}, {'ids': [0, 1, 2], 'colours': ['red', 'green', 'blue'], 'sizes': [3, 2, 1], 'xpos': [2.4285052986679316, 0.8345077627683626, 5.412568198454889], 'ypos': [4.107676471687043, 4.108546560079333, 4.108084832414741], 'rotations': [3.141847871292852, 3.1410341992237636, 3.144302945172415], 'orientations': ['upright', 'upright', 'upright'], 'contact': [[0], [1], [2]], 'grounded': ['yes', 'yes', 'yes'], 'follow_rule': True}, {'ids': [0, 1, 2], 'colours': ['red', 'red', 'red'], 'sizes': [3, 3, 1], 'xpos': [6.116035302764452, 2.268211630027454, 2.519439983575791], 'ypos': [3.637085304275986, 3.63683166372158, 4.048329367732946], 'rotations': [1.2445451089392014, 1.2475576167423896, 3.3383912518566614], 'orientations': ['lhs', 'lhs', 'upright'], 'contact': [[0], [1, 2], [2, 1]], 'grounded': ['yes', 'yes', 'yes'], 'follow_rule': True}, {'ids': [0, 1, 2], 'colours': ['red', 'green', 'blue'], 'sizes': [2, 1, 1], 'xpos': [1.9957640684943962, 1.4711470537824327, 3.3962011050565266], 'ypos': [4.109833269728965, 3.82885978281333, 4.107829320801318], 'rotations': [3.1370878326556375, 1.2131602102252954, 3.145165518668825], 'orientations': ['upright', 'lhs', 'upright'], 'contact': [[0], [1], [2]], 'grounded': ['yes', 'yes', 'yes'], 'follow_rule': True}, {'ids': [0, 1, 2], 'colours': ['green', 'blue', 'blue'], 'sizes': [3, 2, 1], 'xpos': [2.5612426381679274, 4.171570260763082, 0.6399028056498794], 'ypos': [3.6338502437002673, 3.730458935385498, 3.8326786782677735], 'rotations': [5.039326707193334, 5.050237585606088, 1.9773565304141298], 'orientations': ['rhs', 'rhs', 'strange'], 'contact': [[0], [1], [2]], 'grounded': ['yes', 'yes', 'yes'], 'follow_rule': False}, {'ids': [0, 1, 2], 'colours': ['green', 'blue', 'blue'], 'sizes': [1, 1, 3], 'xpos': [3.693905786239161, 2.8512129346253547, 5.996784250898927], 'ypos': [4.108902388961217, 4.10933840911379, 4.107674901619528], 'rotations': [-28.2819777636624, 3.136649422187179, 3.1408692283092647], 'orientations': ['upright', 'upright', 'upright'], 'contact': [[0], [1], [2]], 'grounded': ['yes', 'yes', 'yes'], 'follow_rule': False}, {'ids': [0, 1, 2], 'colours': ['red', 'green', 'green'], 'sizes': [3, 1, 2], 'xpos': [6.6202998030652624, 3.5146320004035965, 5.418509680416408], 'ypos': [4.108383755940229, 4.1080631436682, 4.107517643228711], 'rotations': [3.1400744642912204, 3.1377502396201535, 3.1441397359290164], 'orientations': ['upright', 'upright', 'upright'], 'contact': [[0], [1], [2]], 'grounded': ['yes', 'yes', 'yes'], 'follow_rule': True}, {'ids': [0, 1, 2, 3], 'colours': ['red', 'green', 'green', 'red'], 'sizes': [1, 3, 1, 2], 'xpos': [4.99719497412721, 5.33966521510595, 6.7812617602386, 0.647214122653947], 'ypos': [3.87616110226316, 3.89757703212827, 4.15810225565523, 4.15717162300964], 'rotations': [1.21015432030723, 3.69203273094864, 3.14416974526282, 3.14125264303298], 'contact': [[0, 1], [1, 0], 2, 3], 'grounded': ['yes', 'yes', 'yes', 'yes']}, {'ids': [0, 1, 2, 3, 4], 'colours': ['red', 'red', 'blue', 'blue', 'green'], 'sizes': [2, 1, 2, 2, 1], 'xpos': [0.756045112876682, 5.7930538088619, 4.02912968049722, 0.607249611808554, 2.34445062198903], 'ypos': [3.78128677692435, 3.87663053995449, 3.77926220180112, 4.09987976609843, 4.15797989686201], 'rotations': [5.04734512360657, 1.21097145412816, 1.2338944765227, 2.99747085022243, 3.14330311350596], 'contact': [[0, 3], 1, 2, [3, 0], 4], 'grounded': ['yes', 'yes', 'yes', 'yes', 'yes']}, {'ids': [0, 1, 2, 3, 4, 5], 'colours': ['green', 'green', 'green', 'green', 'red', 'red'], 'sizes': [1, 1, 2, 2, 1, 1], 'xpos': [0.392205266119112, 6.46736091582645, 5.87132830651543, 2.56842478452184, 1.05497225772388, 3.35722507237469], 'ypos': [4.15754519774028, 3.87672651888649, 3.80774864689194, 4.15891117383473, 4.15835090526104, 4.15780493355124], 'rotations': [3.14560426344892, 5.07442800349693, 4.20513160762651, 3.14652142167178, 3.14300168792949, 3.1450254884391], 'contact': [0, [1, 2], [2, 1], 3, 4, 5], 'grounded': ['yes', 'yes', 'yes', 'yes', 'yes', 'yes']}, {'ids': [0, 1, 2], 'colours': ['blue', 'red', 'blue'], 'sizes': [1, 3, 1], 'xpos': [3.65329156447024, 3.06074315033349, 4.60711408951368], 'ypos': [3.87683998879975, 3.89790852126602, 4.15748043316142], 'rotations': [1.21104984409195, 2.59341814797494, 3.14017425270441], 'contact': [[0, 1], [1, 0], 2], 'grounded': ['yes', 'yes', 'yes']}, {'ids': [0, 1, 2, 3, 4, 5], 'colours': ['green', 'green', 'green', 'green', 'blue', 'blue'], 'sizes': [1, 3, 2, 1, 2, 1], 'xpos': [2.9046526114666, 3.68975290255409, 5.65833149766197, 2.8246611501998, 2.89449149866101, 1.87269773742003], 'ypos': [3.88094533031908, 3.68797064017839, 4.15757175612118, 3.68349548447456, 3.68583647526567, 3.8760767087662], 'rotations': [1.21243000430047, 5.03772434357929, 3.14324414103154, 5.06868148794976, 5.04716419664426, 1.2105262200236], 'contact': [[0, 4], [1, 4], 2, [3, 4], [4, 0, 1, 3], 5], 'grounded': ['yes', 'yes', 'yes', 'no', 'no', 'yes']}, {'ids': [0, 1], 'colours': ['green', 'green'], 'sizes': [1, 3], 'xpos': [0.670764619467334, 5.261348820008], 'ypos': [3.86447444538309, 4.15793495472947], 'rotations': [1.77488765373097, 3.13951555729719], 'contact': [{'V1': 0, 'V2': 1}], 'grounded': ['yes', 'yes']}, {'ids': [0, 1, 2], 'colours': ['blue', 'green', 'green'], 'sizes': [1, 1, 3], 'xpos': [4.69009713254434, 2.93439461350621, 4.78205690186546], 'ypos': [4.15772510399043, 4.15704164375121, 4.15823822985147], 'rotations': [3.14100478933091, 3.14035932239342, 3.14115234487408], 'contact': [[0, 2], 1, [2, 0]], 'grounded': ['yes', 'yes', 'yes']}, {'ids': [0, 1, 2, 3, 4, 5], 'colours': ['green', 'blue', 'blue', 'green', 'green', 'green'], 'sizes': [3, 2, 1, 1, 3, 2], 'xpos': [4.08915128061252, 2.29489936724743, 2.81704915678861, 6.85663898790724, 1.00051084466887, 4.09237106060331], 'ypos': [4.1616688599196, 4.16166316032898, 3.87799901532656, 4.1578940642729, 4.15850762807611, 3.52787490122945], 'rotations': [3.14159237119885, 3.14158410154621, 5.07138880585438, 3.13808482008692, 3.14212541938172, 3.13686252238553], 'contact': [[0, 5], 1, 2, 3, 4, [5, 0]], 'grounded': ['yes', 'yes', 'yes', 'yes', 'yes', 'no']}]","[True, True, True, True, False, False, False, False]","[True, True, True, True, True, True, True, True]","[False, False, False, False, False, False, False, False]","[False, False, False, False, False, False, False, False]","[True, True, True, True, False, False, False, False]","[True, True, True, True, True, True, True, True]","[False, False, False, False, False, False, False, False]","[False, False, False, False, False, False, False, False]",0.0,0.0,0.0,0.0,1.0,1.0,1.0,1.0,0.0,0.0,0.0,0.0,0.0,0.0,0.01,0.0,-5.545177444479562,2.0794415416798357,11.090354888959125,1.0,-11.731540887090263,-16.635532333438686,26.641135604528472,33.27106466687737,1.0502311195665048,"[1.0, 1.0, 1.0, 1.0, 1.0, 0.0, 1.0, 0.0, 1.0, 1.0, 1.0, 1.0, 1.0, 1.0, 1.0, 0.0135, 0.9530000000000001, 0.092, 0.5895, 0.5895, 1.0, 0.0, 0.0, 0.861, 1.0, 1.0, 1.0, 0.2925, 0.999, 0.999, 1.0, 0.7155, 0.0, 0.0, 1.0, 0.0, 0.0, 0.0, 1.0, 0.0, 0.0, 0.0, 1.0, 0.0, 0.0, 0.0, 1.0, 0.0, 1.0, 1.0, 1.0, 1.0, 0.0, 0.0, 0.0, 0.0, 1.0, 1.0, 1.0, 1.0, 0.935, 0.935, 0.935, 0.935, 1.0, 1.0, 1.0, 1.0, 0.0, 1.0, 0.0, 0.0, 0.0, 1.0, 1.0, 1.0, 1.0, 1.0, 1.0, 1.0, 1.0, 1.0, 1.0, 1.0, 0.0935, 0.0935, 0.0935, 0.0935, 1.0, 1.0, 1.0, 1.0, 1.0, 1.0, 1.0, 1.0, 1.0, 1.0, 1.0, 1.0, 1.0, 1.0, 1.0, 0.013000000000000001, 1.0, 1.0, 0.998, 1.0, 1.0, 0.002, 0.998, 0.002, 1.0, 1.0, 1.0, 1.0, 1.0, 1.0, 1.0, 0.0, 0.973, 1.0, 0.9530000000000001, 1.0, 0.8925000000000001, 0.9195, 0.17400000000000002, 0.201, 1.0, 1.0, 1.0, 1.0, 0.0, 0.0, 0.0, 0.0, 1.0, 1.0, 1.0, 0.24, 1.0, 1.0, 0.968, 1.0, 0.653, 0.653, 0.653, 1.0, 0.2535, 0.2535, 0.7035, 0.10300000000000001, 1.0, 1.0, 1.0, 1.0, 0.0, 1.0, 0.0, 0.0, 1.0, 1.0, 1.0, 0.012, 0.988, 0.988, 1.0, 1.0, 1.0, 0.0, 1.0, 1.0, 1.0, 0.0, 0.0, 1.0, 0.0, 0.0, 0.0, 1.0, 1.0, 0.0, 0.0, 0.0, 1.0, 1.0, 1.0, 1.0, 0.0, 0.0, 0.0, 0.0, 1.0, 1.0, 1.0, 1.0, 0.0, 0.0, 0.0, 0.0, 1.0, 1.0, 1.0, 1.0, 1.0, 1.0, 0.841, 1.0, 1.0, 1.0, 1.0, 1.0, 0.0, 0.0, 0.0, 0.0, 1.0, 1.0, 1.0, 1.0, 1.0, 1.0, 1.0, 0.0, 0.197, 0.0, 0.85, 0.653, 0.803, 0.0, 0.0, 0.0, 0.8525, 0.847, 0.9935, 0.847, 0.28300000000000003, 0.4305, 0.426, 0.426, 1.0, 1.0, 1.0, 1.0, 1.0, 1.0, 1.0, 0.0, 0.798, 1.0, 0.7995, 0.7995, 0.0275, 0.029, 0.2265, 0.1975, 1.0, 1.0, 1.0, 1.0, 0.0, 0.0, 0.0, 0.0, 0.862, 0.854, 0.8595, 0.8955000000000001, 0.045, 0.0005, 0.8695, 0.8505, 1.0, 1.0, 1.0, 0.022, 1.0, 1.0, 1.0, 0.978, 0.28400000000000003, 0.0145, 0.1885, 0.0275, 0.2755, 0.0, 0.0015, 0.013000000000000001, 0.0, 0.0, 0.0, 1.0, 1.0, 0.0, 0.0, 0.0, 1.0, 1.0, 1.0, 1.0, 0.0, 0.0, 0.0, 0.0, 1.0, 1.0, 1.0, 1.0, 1.0, 0.0, 1.0, 0.0, 1.0, 1.0, 1.0, 1.0, 1.0, 1.0, 1.0, 0.0, 1.0, 1.0, 1.0, 0.728, 0.8265, 0.5545, 0.5545, 0.8265, 1.0, 1.0, 1.0, 1.0, 1.0, 1.0, 1.0, 1.0, 1.0, 1.0, 1.0, 0.8715, 0.9365, 0.8695, 0.8695, 0.9365, 0.229, 0.229, 0.229, 0.229, 0.801, 0.03, 0.03, 0.801, 0.0, 0.0, 0.0, 1.0, 1.0, 0.0, 0.0, 0.0, 0.108, 0.114, 0.2315, 0.108, 0.114, 0.07050000000000001, 0.0495, 0.006, 1.0, 1.0, 1.0, 1.0, 0.0, 0.0, 0.0, 0.0, 0.8955000000000001, 0.895, 0.0115, 0.0, 0.883, 0.0, 0.0, 0.0, 1.0, 1.0, 1.0, 1.0, 0.0, 0.0, 0.0, 0.0, 0.902, 0.902, 0.902, 0.678, 0.88, 0.88, 0.902, 0.807, 1.0, 1.0, 1.0, 1.0, 0.0, 0.0, 0.0, 0.0, 1.0, 1.0, 1.0, 1.0, 1.0, 1.0, 1.0, 0.0, 1.0, 1.0, 1.0, 1.0, 0.0, 0.0, 0.0, 0.0, 1.0, 1.0, 1.0, 1.0, 0.008, 0.008, 0.008, 0.008, 1.0, 1.0, 1.0, 1.0, 1.0, 1.0, 1.0, 0.0, 1.0, 1.0, 1.0, 1.0, 1.0, 1.0, 0.6980000000000001, 1.0, 1.0, 1.0, 1.0, 1.0, 0.0, 0.0, 0.0, 0.0, 1.0, 1.0, 1.0, 1.0, 1.0, 1.0, 1.0, 0.0, 0.9530000000000001, 0.9530000000000001, 0.9530000000000001, 1.0, 1.0, 1.0, 0.641, 0.9530000000000001, 1.0, 1.0, 1.0, 1.0, 0.0, 0.0, 0.0, 0.0, 1.0, 1.0, 1.0, 1.0, 1.0, 1.0, 1.0, 1.0, 1.0, 1.0, 1.0, 1.0, 0.0, 0.0, 0.0, 0.0, 1.0, 1.0, 1.0, 1.0, 1.0, 1.0, 1.0, 1.0, 1.0, 1.0, 1.0, 1.0, 0.021500000000000002, 0.021500000000000002, 0.021500000000000002, 0.021500000000000002, 0.021500000000000002, 0.003, 0.02, 0.0095, 0.0095, 0.964, 0.9555, 0.0095, 1.0, 1.0, 1.0, 1.0, 1.0, 1.0, 1.0, 1.0, 1.0, 1.0, 1.0, 1.0, 0.0, 0.0, 0.0, 0.0, 1.0, 1.0, 1.0, 1.0, 0.0, 0.0, 1.0, 1.0, 1.0, 0.873, 0.198, 0.198, 1.0, 1.0, 0.6905, 1.0, 1.0, 1.0, 1.0, 1.0, 1.0, 1.0, 1.0, 0.0, 1.0, 0.999, 0.999, 1.0, 0.0025, 0.0025, 0.0025, 0.0025, 1.0, 1.0, 1.0, 1.0, 1.0, 0.686, 0.314, 0.0, 1.0, 1.0, 1.0, 1.0, 0.524, 0.524, 1.0, 0.47600000000000003, 1.0, 1.0, 1.0, 1.0, 0.008, 0.008, 0.008, 0.008, 0.9935, 0.9935, 0.9775, 0.9935, 0.9935, 0.0225, 0.988, 0.017, 1.0, 1.0, 1.0, 1.0, 0.0725, 0.0725, 0.0725, 0.0725, 0.041, 1.0, 1.0, 0.9590000000000001, 0.041, 0.9590000000000001, 1.0, 0.0, 0.7435, 0.9835, 0.7425, 0.986, 0.7435, 0.7435, 0.256, 0.987, 1.0, 0.005, 1.0, 1.0, 1.0, 0.005, 0.005, 1.0, 1.0, 1.0, 1.0, 1.0, 1.0, 1.0, 1.0, 0.0, 1.0, 1.0, 1.0, 1.0, 0.0, 0.0, 0.0, 0.0, 1.0, 1.0, 1.0, 1.0, 0.0, 0.0, 0.0, 0.0, 0.9705, 0.9705, 0.9145, 1.0, 0.8015, 0.8015, 0.9705, 0.7865, 1.0, 1.0, 1.0, 1.0, 0.0, 0.0, 0.0, 0.0, 1.0, 1.0, 1.0, 1.0, 0.0, 0.0, 0.0, 0.0, 1.0, 1.0, 1.0, 1.0, 0.0, 0.0, 0.0, 0.0, 1.0, 1.0, 1.0, 1.0, 1.0, 1.0, 1.0, 1.0]",-418.5875071169283,843.720363894191,-482.430437669722,964.860875339444,0.01,0.0,2.0794415416798357,0.5138983366085234,-9.042483870154484,21.263021570656914,0.6334250289943713,"[1.0, 1.0, 1.0, 1.0, 1.0, 0.0, 1.0, 0.0, 1.0, 1.0, 1.0, 1.0, 1.0, 1.0, 1.0, 0.0, 0.0, 0.0, 0.0, 0.0, 0.0, 0.0, 0.0, 0.0, 1.0, 1.0, 1.0, 0.0, 0.0, 0.0, 1.0, 0.0, 0.0, 0.0, 1.0, 1.0, 0.0, 1.0, 1.0, 1.0, 1.0, 1.0, 1.0, 1.0, 0.0, 0.0, 1.0, 1.0, 1.0, 1.0, 1.0, 1.0, 0.0, 0.0, 0.0, 0.0, 1.0, 1.0, 1.0, 1.0, 0.0, 0.0, 0.0, 0.0, 0.0, 0.0, 0.0, 0.0, 0.0, 1.0, 1.0, 0.0, 1.0, 1.0, 1.0, 1.0, 0.0, 0.0, 0.0, 0.0, 1.0, 1.0, 1.0, 1.0, 0.0, 0.0, 0.0, 0.0, 1.0, 1.0, 1.0, 1.0, 1.0, 1.0, 0.0, 1.0, 1.0, 1.0, 1.0, 1.0, 1.0, 1.0, 1.0, 0.0, 1.0, 1.0, 1.0, 1.0, 1.0, 0.0, 1.0, 0.0, 0.0, 1.0, 0.0, 0.0, 1.0, 1.0, 1.0, 0.0, 1.0, 1.0, 0.0, 1.0, 1.0, 0.0, 0.0, 0.0, 1.0, 1.0, 1.0, 0.0, 1.0, 1.0, 1.0, 1.0, 1.0, 1.0, 1.0, 1.0, 0.0, 0.0, 0.0, 0.0, 1.0, 1.0, 1.0, 0.0, 0.0, 0.0, 1.0, 0.0, 0.0, 0.0, 1.0, 0.0, 0.0, 0.0, 0.0, 0.0, 1.0, 1.0, 1.0, 0.0, 0.0, 0.0, 1.0, 0.0, 0.0, 0.0, 0.0, 1.0, 0.0, 0.0, 0.0, 0.0, 0.0, 0.0, 0.0, 1.0, 0.0, 0.0, 0.0, 0.0, 1.0, 1.0, 1.0, 1.0, 0.0, 0.0, 0.0, 0.0, 1.0, 1.0, 1.0, 0.0, 0.0, 0.0, 1.0, 0.0, 1.0, 1.0, 1.0, 1.0, 0.0, 0.0, 0.0, 0.0, 1.0, 1.0, 1.0, 1.0, 0.0, 0.0, 0.0, 0.0, 1.0, 1.0, 1.0, 1.0, 1.0, 1.0, 1.0, 0.0, 0.0, 0.0, 0.0, 0.0, 1.0, 0.0, 0.0, 0.0, 1.0, 1.0, 1.0, 1.0, 1.0, 1.0, 1.0, 1.0, 1.0, 1.0, 1.0, 1.0, 1.0, 1.0, 1.0, 0.0, 0.0, 0.0, 0.0, 0.0, 0.0, 0.0, 0.0, 0.0, 0.0, 1.0, 0.0, 1.0, 0.0, 1.0, 0.0, 1.0, 0.0, 0.0, 0.0, 1.0, 0.0, 0.0, 0.0, 0.0, 1.0, 1.0, 1.0, 0.0, 0.0, 0.0, 1.0, 0.0, 1.0, 1.0, 1.0, 1.0, 1.0, 0.0, 1.0, 0.0, 0.0, 1.0, 1.0, 1.0, 0.0, 0.0, 0.0, 0.0, 1.0, 1.0, 1.0, 0.0, 1.0, 1.0, 1.0, 1.0, 0.0, 1.0, 1.0, 1.0, 0.0, 0.0, 0.0, 0.0, 1.0, 1.0, 1.0, 1.0, 1.0, 1.0, 1.0, 0.0, 1.0, 1.0, 1.0, 1.0, 0.0, 0.0, 0.0, 0.0, 1.0, 1.0, 1.0, 1.0, 0.0, 0.0, 0.0, 0.0, 0.0, 1.0, 0.0, 0.0, 0.0, 0.0, 0.0, 0.0, 1.0, 1.0, 1.0, 1.0, 1.0, 0.0, 1.0, 1.0, 0.0, 0.0, 0.0, 0.0, 0.0, 1.0, 1.0, 0.0, 1.0, 1.0, 1.0, 1.0, 1.0, 0.0, 1.0, 0.0, 1.0, 1.0, 1.0, 1.0, 1.0, 0.0, 1.0, 1.0, 0.0, 0.0, 0.0, 0.0, 0.0, 1.0, 1.0, 0.0, 1.0, 0.0, 0.0, 1.0, 0.0, 0.0, 0.0, 0.0, 1.0, 1.0, 1.0, 0.0, 0.0, 0.0, 1.0, 0.0, 1.0, 1.0, 1.0, 0.0, 0.0, 0.0, 0.0, 0.0, 1.0, 1.0, 1.0, 1.0, 1.0, 1.0, 1.0, 0.0, 0.0, 0.0, 0.0, 0.0, 0.0, 0.0, 0.0, 0.0, 1.0, 0.0, 1.0, 0.0, 0.0, 0.0, 0.0, 0.0, 1.0, 1.0, 1.0, 1.0, 1.0, 1.0, 1.0, 0.0, 1.0, 1.0, 1.0, 1.0, 1.0, 1.0, 0.0, 1.0, 1.0, 1.0, 1.0, 1.0, 0.0, 0.0, 0.0, 0.0, 1.0, 1.0, 1.0, 1.0, 1.0, 1.0, 1.0, 0.0, 0.0, 1.0, 1.0, 1.0, 0.0, 0.0, 0.0, 0.0, 1.0, 1.0, 1.0, 1.0, 0.0, 0.0, 0.0, 0.0, 1.0, 0.0, 1.0, 0.0, 0.0, 0.0, 0.0, 0.0, 1.0, 1.0, 1.0, 1.0, 1.0, 0.0, 1.0, 0.0, 1.0, 1.0, 1.0, 0.0, 1.0, 1.0, 0.0, 1.0, 1.0, 1.0, 1.0, 1.0, 0.0, 0.0, 0.0, 0.0, 0.0, 0.0, 0.0, 0.0, 0.0, 1.0, 0.0, 0.0, 1.0, 1.0, 1.0, 1.0, 0.0, 0.0, 0.0, 0.0, 0.0, 0.0, 0.0, 0.0, 0.0, 0.0, 0.0, 0.0, 1.0, 0.0, 1.0, 0.0, 0.0, 0.0, 0.0, 0.0, 1.0, 1.0, 0.0, 0.0, 1.0, 1.0, 1.0, 1.0, 1.0, 1.0, 1.0, 1.0, 1.0, 1.0, 1.0, 1.0, 1.0, 1.0, 1.0, 1.0, 1.0, 0.0, 1.0, 1.0, 0.0, 1.0, 0.0, 1.0, 0.0, 1.0, 0.0, 0.0, 1.0, 1.0, 1.0, 1.0, 0.0, 0.0, 1.0, 0.0, 1.0, 1.0, 1.0, 1.0, 0.0, 0.0, 0.0, 0.0, 0.0, 0.0, 0.0, 1.0, 0.0, 0.0, 0.0, 0.0, 1.0, 1.0, 1.0, 1.0, 0.0, 0.0, 0.0, 0.0, 0.0, 1.0, 1.0, 1.0, 0.0, 1.0, 1.0, 0.0, 1.0, 1.0, 1.0, 1.0, 0.0, 0.0, 0.0, 0.0, 1.0, 0.0, 1.0, 1.0, 1.0, 0.0, 0.0, 1.0, 1.0, 1.0, 1.0, 1.0, 1.0, 1.0, 1.0, 0.0, 0.0, 1.0, 1.0, 1.0, 1.0, 1.0, 0.0, 0.0, 1.0, 1.0, 1.0, 1.0, 0.0, 0.0, 0.0, 0.0, 1.0, 1.0, 1.0, 0.0, 0.0, 0.0, 1.0, 0.0, 1.0, 1.0, 1.0, 1.0, 0.0, 0.0, 0.0, 0.0, 0.0, 0.0, 0.0, 0.0, 0.0, 0.0, 0.0, 0.0, 0.0, 1.0, 0.0, 1.0, 0.0, 1.0, 1.0, 0.0, 1.0, 1.0, 1.0, 1.0, 1.0, 0.0, 0.0, 1.0]",-318.3726801373107,643.2907099349558,0.01,0.0,-5.545177444479562,2.0794415416798357,11.090354888959125,0.5138983366085234,-9.042483870154484,-16.635532333438686,21.263021570656914,33.27106466687737,0.6173530694834558,"[1.0, 1.0, 1.0, 1.0, 1.0, 0.0, 1.0, 0.0, 1.0, 1.0, 1.0, 1.0, 1.0, 1.0, 1.0, 0.0, 0.0, 0.0, 0.0, 0.0, 0.0, 0.0, 0.0, 0.0, 1.0, 1.0, 1.0, 0.0, 0.0, 0.0, 1.0, 0.0, 0.0, 0.0, 1.0, 1.0, 0.0, 1.0, 1.0, 1.0, 0.0, 0.0, 0.0, 0.0, 0.0, 0.0, 0.0, 0.0, 1.0, 1.0, 1.0, 1.0, 0.0, 0.0, 0.0, 0.0, 1.0, 1.0, 1.0, 1.0, 0.0, 0.0, 0.0, 0.0, 0.0, 0.0, 0.0, 0.0, 0.0, 1.0, 1.0, 0.0, 0.0, 0.0, 0.0, 1.0, 0.0, 0.0, 0.0, 0.0, 1.0, 1.0, 1.0, 1.0, 0.0, 0.0, 0.0, 0.0, 0.0, 0.0, 0.0, 0.0, 1.0, 1.0, 0.0, 1.0, 1.0, 1.0, 1.0, 1.0, 1.0, 1.0, 1.0, 0.0, 1.0, 1.0, 1.0, 1.0, 1.0, 0.0, 1.0, 0.0, 0.0, 1.0, 0.0, 0.0, 1.0, 1.0, 1.0, 0.0, 1.0, 1.0, 0.0, 1.0, 1.0, 0.0, 0.0, 0.0, 1.0, 1.0, 1.0, 0.0, 1.0, 1.0, 1.0, 1.0, 1.0, 1.0, 1.0, 1.0, 0.0, 0.0, 0.0, 0.0, 1.0, 1.0, 1.0, 0.0, 0.0, 0.0, 1.0, 0.0, 0.0, 0.0, 1.0, 0.0, 0.0, 0.0, 0.0, 0.0, 1.0, 1.0, 1.0, 0.0, 0.0, 0.0, 1.0, 0.0, 0.0, 0.0, 0.0, 1.0, 0.0, 0.0, 0.0, 0.0, 0.0, 0.0, 0.0, 1.0, 0.0, 0.0, 0.0, 0.0, 1.0, 1.0, 1.0, 1.0, 0.0, 0.0, 0.0, 0.0, 1.0, 1.0, 1.0, 0.0, 0.0, 0.0, 1.0, 0.0, 1.0, 1.0, 1.0, 1.0, 0.0, 0.0, 0.0, 0.0, 1.0, 1.0, 1.0, 1.0, 0.0, 0.0, 0.0, 0.0, 1.0, 1.0, 1.0, 1.0, 1.0, 1.0, 1.0, 0.0, 0.0, 0.0, 0.0, 0.0, 1.0, 0.0, 0.0, 0.0, 1.0, 1.0, 1.0, 1.0, 1.0, 1.0, 1.0, 1.0, 1.0, 1.0, 1.0, 1.0, 1.0, 1.0, 1.0, 0.0, 0.0, 0.0, 0.0, 0.0, 0.0, 0.0, 0.0, 0.0, 0.0, 1.0, 0.0, 1.0, 0.0, 1.0, 0.0, 1.0, 0.0, 0.0, 0.0, 1.0, 0.0, 0.0, 0.0, 0.0, 1.0, 1.0, 1.0, 0.0, 0.0, 0.0, 1.0, 0.0, 1.0, 1.0, 1.0, 1.0, 1.0, 0.0, 1.0, 0.0, 0.0, 1.0, 1.0, 1.0, 0.0, 0.0, 0.0, 0.0, 1.0, 1.0, 1.0, 0.0, 1.0, 1.0, 1.0, 1.0, 0.0, 1.0, 1.0, 1.0, 0.0, 0.0, 0.0, 0.0, 1.0, 1.0, 1.0, 1.0, 1.0, 1.0, 1.0, 0.0, 1.0, 1.0, 1.0, 1.0, 0.0, 0.0, 0.0, 0.0, 1.0, 1.0, 1.0, 1.0, 0.0, 0.0, 0.0, 0.0, 0.0, 1.0, 0.0, 0.0, 0.0, 0.0, 0.0, 0.0, 0.0, 0.0, 0.0, 0.0, 0.0, 0.0, 0.0, 0.0, 1.0, 0.0, 1.0, 1.0, 1.0, 0.0, 0.0, 1.0, 1.0, 1.0, 1.0, 1.0, 1.0, 0.0, 1.0, 0.0, 1.0, 1.0, 1.0, 1.0, 1.0, 0.0, 1.0, 1.0, 0.0, 0.0, 0.0, 0.0, 0.0, 1.0, 1.0, 0.0, 1.0, 0.0, 0.0, 1.0, 0.0, 0.0, 0.0, 0.0, 1.0, 1.0, 1.0, 0.0, 0.0, 0.0, 1.0, 0.0, 1.0, 1.0, 1.0, 0.0, 0.0, 0.0, 0.0, 0.0, 1.0, 1.0, 1.0, 1.0, 1.0, 1.0, 1.0, 0.0, 0.0, 0.0, 0.0, 0.0, 0.0, 0.0, 0.0, 0.0, 1.0, 0.0, 1.0, 0.0, 0.0, 0.0, 0.0, 0.0, 1.0, 1.0, 1.0, 1.0, 1.0, 1.0, 1.0, 0.0, 1.0, 1.0, 1.0, 1.0, 1.0, 1.0, 0.0, 1.0, 1.0, 1.0, 1.0, 1.0, 0.0, 0.0, 0.0, 0.0, 1.0, 1.0, 1.0, 1.0, 1.0, 1.0, 1.0, 0.0, 0.0, 1.0, 1.0, 1.0, 0.0, 0.0, 0.0, 0.0, 1.0, 1.0, 1.0, 1.0, 0.0, 0.0, 0.0, 0.0, 1.0, 0.0, 1.0, 0.0, 0.0, 0.0, 0.0, 0.0, 1.0, 1.0, 1.0, 1.0, 1.0, 0.0, 1.0, 0.0, 1.0, 1.0, 1.0, 0.0, 1.0, 1.0, 0.0, 1.0, 1.0, 1.0, 1.0, 1.0, 0.0, 0.0, 0.0, 0.0, 0.0, 0.0, 0.0, 0.0, 0.0, 1.0, 0.0, 0.0, 1.0, 1.0, 1.0, 1.0, 0.0, 0.0, 0.0, 0.0, 0.0, 0.0, 0.0, 0.0, 0.0, 0.0, 0.0, 0.0, 1.0, 0.0, 1.0, 0.0, 0.0, 0.0, 0.0, 0.0, 1.0, 1.0, 0.0, 0.0, 1.0, 1.0, 1.0, 1.0, 1.0, 1.0, 1.0, 1.0, 1.0, 1.0, 1.0, 1.0, 1.0, 1.0, 1.0, 1.0, 1.0, 0.0, 1.0, 1.0, 0.0, 1.0, 0.0, 1.0, 0.0, 1.0, 0.0, 0.0, 1.0, 1.0, 1.0, 1.0, 0.0, 0.0, 1.0, 0.0, 1.0, 1.0, 1.0, 1.0, 0.0, 0.0, 0.0, 0.0, 0.0, 0.0, 0.0, 1.0, 0.0, 0.0, 0.0, 0.0, 1.0, 1.0, 1.0, 1.0, 0.0, 0.0, 0.0, 0.0, 0.0, 1.0, 1.0, 1.0, 0.0, 1.0, 1.0, 0.0, 1.0, 1.0, 1.0, 1.0, 0.0, 0.0, 0.0, 0.0, 1.0, 0.0, 1.0, 1.0, 1.0, 0.0, 0.0, 1.0, 1.0, 1.0, 1.0, 1.0, 1.0, 1.0, 1.0, 0.0, 0.0, 0.0, 1.0, 0.0, 0.0, 1.0, 0.0, 0.0, 1.0, 1.0, 1.0, 1.0, 0.0, 0.0, 0.0, 0.0, 1.0, 1.0, 1.0, 0.0, 0.0, 0.0, 1.0, 0.0, 1.0, 1.0, 1.0, 1.0, 0.0, 0.0, 0.0, 0.0, 0.0, 0.0, 0.0, 0.0, 0.0, 0.0, 0.0, 0.0, 0.0, 1.0, 0.0, 1.0, 0.0, 1.0, 1.0, 0.0, 1.0, 1.0, 1.0, 1.0, 1.0, 0.0, 0.0, 1.0]",-311.9759791000219,630.4973078603782,-482.430437669722,964.860875339444,0.01,0.0,-5.545177444479562,2.0794415416798357,11.090354888959125,1.0,-12.506427221300456,-16.635532333438686,28.190908272948857,33.27106466687737,1.0908740239314543,"[0.0, 0.0, 1.0, 0.0, 0.0, 0.0, 0.0, 0.0, 1.0, 1.0, 1.0, 1.0, 0.877, 0.877, 0.877, 0.0, 1.0, 0.259, 1.0, 1.0, 0.8015, 0.0, 0.259, 1.0, 1.0, 1.0, 1.0, 1.0, 1.0, 1.0, 1.0, 0.0, 0.0, 0.0, 1.0, 0.0, 0.0, 0.0, 1.0, 0.0, 0.0, 0.0, 1.0, 0.0, 0.0, 0.0, 1.0, 0.0, 0.0, 0.0, 0.0, 0.0775, 0.0, 0.0, 0.1635, 0.47100000000000003, 1.0, 1.0, 1.0, 1.0, 0.0, 0.0, 0.0, 0.0, 0.0, 0.0, 0.0, 0.0, 0.0, 0.0, 0.0, 0.0, 1.0, 1.0, 1.0, 1.0, 1.0, 1.0, 1.0, 0.0, 1.0, 1.0, 1.0, 1.0, 0.0, 0.0, 0.0, 0.0, 0.0, 0.0, 0.0, 0.0, 0.0, 0.113, 0.113, 0.0, 0.0, 0.0, 0.0, 1.0, 0.0, 0.0, 0.0, 0.0, 1.0, 1.0, 1.0, 1.0, 0.0, 0.0, 0.0, 0.0, 0.9995, 1.0, 1.0, 0.663, 1.0, 1.0, 1.0, 0.353, 1.0, 1.0, 1.0, 1.0, 0.082, 0.082, 0.0, 0.0, 0.973, 1.0, 0.7655000000000001, 0.605, 0.973, 1.0, 1.0, 0.368, 0.0, 0.0, 1.0, 0.0, 1.0, 0.0, 1.0, 0.0, 1.0, 1.0, 1.0, 1.0, 0.0, 0.0, 1.0, 0.0, 1.0, 1.0, 1.0, 1.0, 0.0, 0.9465, 0.0, 0.0, 0.666, 1.0, 0.666, 0.666, 0.0, 0.0, 0.7975, 0.0, 0.0, 0.9430000000000001, 0.0, 1.0, 1.0, 0.0, 0.0, 0.0, 0.0, 1.0, 0.0, 0.0, 0.0, 0.0, 0.0, 0.0, 1.0, 1.0, 1.0, 1.0, 0.0, 0.0, 0.0, 0.0, 1.0, 1.0, 1.0, 1.0, 1.0, 1.0, 1.0, 0.0005, 1.0, 1.0, 1.0, 1.0, 1.0, 1.0, 0.0, 1.0, 1.0, 1.0, 1.0, 1.0, 0.0, 0.0, 0.0, 0.0, 1.0, 1.0, 1.0, 1.0, 1.0, 1.0, 1.0, 0.0, 1.0, 0.0, 1.0, 0.0, 0.0, 0.0, 0.0, 0.0, 0.0, 1.0, 0.0, 1.0, 0.0, 1.0, 0.0, 1.0, 1.0, 1.0, 1.0, 1.0, 1.0, 1.0, 1.0, 0.0, 1.0, 0.0, 1.0, 1.0, 1.0, 0.0, 0.0, 1.0, 1.0, 1.0, 1.0, 1.0, 1.0, 1.0, 1.0, 1.0, 0.0, 0.9580000000000001, 0.0, 0.0, 0.0, 0.0, 0.0045000000000000005, 0.0, 0.0, 0.0, 0.0, 0.0, 0.0, 0.0, 0.0, 1.0, 0.0, 0.0, 0.0005, 0.0, 0.0, 0.0, 0.0, 0.0, 0.0, 1.0, 0.0, 0.0, 0.0, 0.0, 0.0, 0.0, 1.0, 1.0, 1.0, 0.001, 0.001, 0.001, 1.0, 0.0, 0.0, 0.0, 0.6225, 0.0, 0.0, 0.0, 0.0, 0.0, 1.0, 1.0, 1.0, 1.0, 0.0, 0.0, 0.0, 0.0, 0.0, 0.0, 0.0, 0.0, 0.0, 0.0, 0.0, 0.0, 1.0, 1.0, 1.0, 1.0, 1.0, 1.0, 1.0, 0.0, 0.0, 0.0, 0.0, 1.0, 0.0, 0.0, 1.0, 0.0, 1.0, 1.0, 1.0, 1.0, 0.0, 0.0, 0.0, 0.0, 0.0, 1.0, 0.0, 0.0, 1.0, 0.0, 0.0, 1.0, 1.0, 1.0, 1.0, 1.0, 0.0, 0.0, 0.0, 0.0, 1.0, 1.0, 1.0, 1.0, 1.0, 0.0, 1.0, 1.0, 0.0, 0.0005, 0.0, 0.0, 0.0, 0.38, 0.0, 0.0, 1.0, 1.0, 1.0, 1.0, 0.0, 0.0, 0.0, 0.0, 1.0, 1.0, 1.0, 0.999, 1.0, 1.0, 1.0, 0.0195, 1.0, 1.0, 1.0, 1.0, 0.0, 0.0, 0.0, 0.0, 0.0, 0.6285000000000001, 0.0, 0.328, 0.0, 0.0, 0.6285000000000001, 0.0, 0.0, 0.0, 0.0, 0.0, 0.0, 0.0, 0.0, 1.0, 1.0, 1.0, 1.0, 1.0, 0.0, 0.0, 0.0, 0.0, 1.0, 1.0, 1.0, 1.0, 1.0, 1.0, 1.0, 0.0, 1.0, 1.0, 1.0, 1.0, 1.0, 1.0, 0.0375, 1.0, 1.0, 1.0, 1.0, 1.0, 0.0, 0.0, 0.0, 0.0, 1.0, 1.0, 1.0, 1.0, 1.0, 1.0, 1.0, 0.0, 1.0, 1.0, 1.0, 1.0, 1.0, 1.0, 0.0, 1.0, 1.0, 1.0, 1.0, 1.0, 0.0, 0.0, 0.0, 0.0, 1.0, 1.0, 1.0, 1.0, 1.0, 1.0, 1.0, 1.0, 0.0, 0.0, 0.4395, 0.0, 0.0, 0.0, 0.001, 1.0, 0.0, 0.0, 0.0, 0.0, 0.0, 0.0, 0.0, 0.0, 1.0, 1.0, 1.0, 0.0, 1.0, 0.0, 0.0, 1.0, 0.0, 0.0, 1.0, 1.0, 1.0, 0.0, 0.0, 0.0, 0.0, 0.0, 0.0, 0.0, 0.0, 0.0, 0.0, 0.0, 1.0, 1.0, 1.0, 1.0, 0.0, 0.0, 0.0, 0.0, 0.0, 0.0, 0.0, 0.0, 0.0, 1.0, 0.0, 0.0, 1.0, 1.0, 1.0, 1.0, 0.0, 0.4945, 0.0, 0.0, 1.0, 1.0, 1.0, 1.0, 0.0, 0.0, 1.0, 1.0, 1.0, 1.0, 1.0, 1.0, 0.0, 0.0, 0.0, 0.0, 1.0, 1.0, 1.0, 1.0, 1.0, 0.704, 0.296, 0.0, 1.0, 1.0, 1.0, 1.0, 0.0, 0.0, 1.0, 1.0, 1.0, 1.0, 1.0, 1.0, 0.0, 0.0, 0.0, 0.0, 0.006, 1.0, 0.006, 0.708, 0.298, 1.0, 0.298, 1.0, 1.0, 1.0, 1.0, 1.0, 0.0, 0.0, 0.0, 0.0, 1.0, 0.0, 1.0, 1.0, 1.0, 0.0, 0.0, 1.0, 0.0, 1.0, 1.0, 1.0, 0.0, 0.0, 0.0, 0.0, 1.0, 0.224, 1.0, 1.0, 0.776, 0.0, 0.224, 1.0, 1.0, 1.0, 1.0, 1.0, 0.0, 0.0, 0.0, 0.0, 1.0, 1.0, 0.0, 1.0, 1.0, 1.0, 0.0, 1.0, 1.0, 1.0, 1.0, 1.0, 0.0, 0.0, 0.0, 0.0, 1.0, 1.0, 1.0, 1.0, 1.0, 1.0, 1.0, 0.0, 1.0, 1.0, 1.0, 1.0, 0.0, 0.0, 0.0, 0.0, 0.0, 0.0, 0.0, 0.0, 0.0, 0.0, 0.0, 0.0, 1.0, 0.4865, 1.0, 1.0, 1.0, 0.0075, 0.4865, 1.0, 0.0225, 0.0, 0.0, 0.9775, 0.0, 0.0, 0.0, 0.0]",-419.18595103414617,844.9172517286268,-482.430437669722,964.860875339444,0.01,0.0,-5.545177444479562,2.0794415416798357,11.090354888959125,0.5138983366085234,-9.042483870154484,-16.635532333438686,21.263021570656914,33.27106466687737,0.5787520451143159,"[1.0, 1.0, 1.0, 1.0, 1.0, 0.0, 1.0, 0.0, 1.0, 1.0, 1.0, 1.0, 1.0, 1.0, 1.0, 0.0, 0.0, 0.0, 0.0, 0.0, 0.0, 0.0, 0.0, 0.0, 1.0, 1.0, 1.0, 1.0, 0.0, 0.0, 1.0, 0.0, 0.0, 0.0, 0.0, 0.0, 0.0, 1.0, 0.0, 0.0, 0.0, 0.0, 0.0, 0.0, 0.0, 0.0, 0.0, 0.0, 1.0, 1.0, 1.0, 1.0, 0.0, 0.0, 0.0, 0.0, 1.0, 1.0, 1.0, 1.0, 0.0, 0.0, 0.0, 0.0, 0.0, 0.0, 0.0, 0.0, 0.0, 1.0, 1.0, 0.0, 1.0, 1.0, 1.0, 1.0, 0.0, 0.0, 0.0, 0.0, 1.0, 1.0, 1.0, 1.0, 0.0, 0.0, 0.0, 0.0, 0.0, 0.0, 0.0, 0.0, 0.0, 0.0, 0.0, 0.0, 1.0, 1.0, 1.0, 1.0, 1.0, 1.0, 1.0, 0.0, 1.0, 1.0, 1.0, 1.0, 1.0, 0.0, 1.0, 0.0, 0.0, 1.0, 0.0, 0.0, 1.0, 1.0, 1.0, 0.0, 1.0, 1.0, 0.0, 1.0, 1.0, 0.0, 0.0, 0.0, 1.0, 1.0, 1.0, 0.0, 1.0, 1.0, 1.0, 1.0, 1.0, 1.0, 1.0, 1.0, 0.0, 0.0, 0.0, 0.0, 1.0, 1.0, 1.0, 0.0, 0.0, 0.0, 1.0, 0.0, 0.0, 0.0, 1.0, 0.0, 0.0, 0.0, 0.0, 0.0, 1.0, 1.0, 1.0, 0.0, 0.0, 0.0, 1.0, 0.0, 0.0, 0.0, 0.0, 1.0, 0.0, 0.0, 0.0, 0.0, 0.0, 0.0, 0.0, 1.0, 0.0, 0.0, 0.0, 0.0, 1.0, 1.0, 1.0, 1.0, 0.0, 0.0, 0.0, 0.0, 1.0, 1.0, 1.0, 0.0, 0.0, 0.0, 1.0, 0.0, 1.0, 1.0, 1.0, 1.0, 0.0, 0.0, 0.0, 0.0, 1.0, 1.0, 1.0, 1.0, 0.0, 0.0, 0.0, 0.0, 1.0, 1.0, 1.0, 1.0, 1.0, 1.0, 1.0, 0.0, 0.0, 0.0, 0.0, 0.0, 1.0, 0.0, 0.0, 0.0, 1.0, 1.0, 1.0, 1.0, 1.0, 1.0, 1.0, 1.0, 1.0, 1.0, 1.0, 1.0, 1.0, 1.0, 1.0, 0.0, 0.0, 0.0, 0.0, 0.0, 0.0, 0.0, 0.0, 0.0, 0.0, 1.0, 0.0, 1.0, 0.0, 1.0, 0.0, 1.0, 0.0, 0.0, 0.0, 1.0, 0.0, 0.0, 0.0, 0.0, 1.0, 1.0, 1.0, 0.0, 0.0, 0.0, 1.0, 0.0, 0.0, 0.0, 1.0, 0.0, 0.0, 0.0, 0.0, 0.0, 0.0, 1.0, 1.0, 1.0, 0.0, 0.0, 0.0, 0.0, 1.0, 1.0, 1.0, 0.0, 1.0, 1.0, 1.0, 1.0, 0.0, 0.0, 1.0, 0.0, 0.0, 0.0, 0.0, 0.0, 1.0, 1.0, 1.0, 1.0, 1.0, 1.0, 1.0, 0.0, 1.0, 1.0, 1.0, 1.0, 0.0, 0.0, 0.0, 0.0, 1.0, 1.0, 1.0, 1.0, 0.0, 0.0, 0.0, 0.0, 0.0, 1.0, 0.0, 0.0, 0.0, 0.0, 0.0, 0.0, 0.0, 0.0, 0.0, 0.0, 0.0, 0.0, 0.0, 0.0, 0.0, 0.0, 0.0, 0.0, 0.0, 0.0, 0.0, 0.0, 1.0, 1.0, 0.0, 1.0, 1.0, 0.0, 1.0, 0.0, 1.0, 1.0, 1.0, 1.0, 1.0, 0.0, 1.0, 1.0, 0.0, 0.0, 0.0, 0.0, 0.0, 1.0, 1.0, 0.0, 1.0, 0.0, 0.0, 1.0, 0.0, 0.0, 0.0, 0.0, 1.0, 1.0, 1.0, 0.0, 0.0, 0.0, 1.0, 0.0, 1.0, 1.0, 1.0, 0.0, 0.0, 0.0, 0.0, 0.0, 1.0, 1.0, 1.0, 1.0, 1.0, 1.0, 1.0, 0.0, 0.0, 0.0, 0.0, 0.0, 0.0, 0.0, 0.0, 0.0, 1.0, 0.0, 1.0, 0.0, 0.0, 0.0, 0.0, 0.0, 1.0, 1.0, 1.0, 1.0, 1.0, 1.0, 1.0, 0.0, 1.0, 1.0, 1.0, 1.0, 1.0, 1.0, 0.0, 1.0, 1.0, 1.0, 1.0, 1.0, 0.0, 0.0, 0.0, 0.0, 1.0, 1.0, 1.0, 1.0, 1.0, 1.0, 1.0, 0.0, 0.0, 1.0, 1.0, 1.0, 0.0, 0.0, 0.0, 0.0, 1.0, 1.0, 1.0, 1.0, 0.0, 0.0, 0.0, 0.0, 1.0, 0.0, 1.0, 0.0, 0.0, 0.0, 0.0, 0.0, 1.0, 1.0, 1.0, 1.0, 1.0, 0.0, 1.0, 0.0, 1.0, 1.0, 1.0, 0.0, 1.0, 1.0, 0.0, 1.0, 1.0, 1.0, 1.0, 1.0, 0.0, 0.0, 0.0, 0.0, 0.0, 0.0, 0.0, 0.0, 0.0, 0.0, 0.0, 0.0, 1.0, 1.0, 1.0, 1.0, 0.0, 0.0, 0.0, 0.0, 0.0, 0.0, 0.0, 0.0, 0.0, 0.0, 0.0, 0.0, 0.0, 0.0, 0.0, 0.0, 0.0, 0.0, 0.0, 0.0, 1.0, 1.0, 0.0, 0.0, 1.0, 1.0, 1.0, 1.0, 1.0, 1.0, 1.0, 1.0, 1.0, 1.0, 1.0, 1.0, 1.0, 1.0, 1.0, 1.0, 1.0, 0.0, 1.0, 1.0, 0.0, 1.0, 0.0, 1.0, 0.0, 1.0, 0.0, 0.0, 1.0, 1.0, 1.0, 1.0, 0.0, 0.0, 1.0, 0.0, 1.0, 1.0, 1.0, 1.0, 0.0, 0.0, 0.0, 0.0, 0.0, 0.0, 0.0, 1.0, 0.0, 0.0, 0.0, 0.0, 1.0, 1.0, 1.0, 1.0, 0.0, 0.0, 0.0, 0.0, 0.0, 1.0, 1.0, 1.0, 0.0, 1.0, 1.0, 0.0, 1.0, 1.0, 1.0, 1.0, 0.0, 0.0, 0.0, 0.0, 1.0, 0.0, 1.0, 1.0, 1.0, 0.0, 0.0, 1.0, 1.0, 1.0, 1.0, 1.0, 1.0, 1.0, 1.0, 0.0, 0.0, 1.0, 1.0, 1.0, 1.0, 1.0, 0.0, 0.0, 1.0, 1.0, 1.0, 1.0, 0.0, 0.0, 0.0, 0.0, 1.0, 1.0, 1.0, 0.0, 0.0, 0.0, 1.0, 0.0, 1.0, 1.0, 1.0, 1.0, 0.0, 0.0, 0.0, 0.0, 0.0, 0.0, 0.0, 0.0, 0.0, 0.0, 0.0, 0.0, 0.0, 0.0, 1.0, 1.0, 0.0, 0.0, 0.0, 0.0, 1.0, 1.0, 1.0, 1.0, 1.0, 0.0, 0.0, 1.0]",-295.2442605392121,597.0338707387587,-482.430437669722,964.860875339444,1.4426944217897497,-15.276340039075745,33.73073390849944,1.2846122460949685,-433.45128860920846,873.4479268787513,True,True,True,True,True,0.7916666666666666,1.0,0.8333333333333334,1.0,0.8333333333333334,1.0,0.75,1.0,0.8333333333333334,1.0,0.625,1.0,"Z.exists(lambda x1: Z.equal(x1,'red','colour'),X)","Z.atleast(lambda x1: Z.equal(x1,'red','colour'),1,X)","Z.exists(lambda x1: Z.equal(x1,'red','colour'),X)","Z.atleast(lambda x1: Z.equal(x1,'red','colour'),1,X)",1.0,1.0,1.0,1.0,1.0,0.7083333333333334,0.6982758620689655,0.6867816091954023,0.6954022988505747,0.6925287356321839,5.241379310344827,1984,1583,1583,0,2000,0
74,89,167,j4HNgt8UJB,WdLNeP_9tn_MXo3MAAAB,Upsilon,none are upright,"[True, False, True, True, False, True, True, False]","[True, False, False, True, False, False, True, False]",0.625,0.625,There are two large triangles.,[['x1']],"Z.exactly(lambda x1: Z.equal(x1,3,'size'),2,X)",There are two large triangles,"[{'ids': [0, 1, 2], 'colours': ['red', 'red', 'blue'], 'sizes': [3, 3, 1], 'xpos': [1.1125726085249543, 0.13458663287339945, 4.2500411668069225], 'ypos': [3.80610184615807, 3.3131963303992324, 3.8307506090986188], 'rotations': [3.799079619983328, 4.450222858362509, 1.2121899680575183], 'orientations': ['strange', 'strange', 'lhs'], 'contact': [[0, 1], [1, 0], [2]], 'grounded': ['yes', 'no', 'yes'], 'follow_rule': True}, {'ids': [0, 1, 2], 'colours': ['green', 'green', 'red'], 'sizes': [2, 3, 2], 'xpos': [3.2794711913940837, 6.65275633477157, 1.6944032911054068], 'ypos': [4.10834703705257, 3.6342794310145, 4.107478869825222], 'rotations': [3.1428689461225265, 5.037385130102823, 3.139341855005491], 'orientations': ['upright', 'rhs', 'upright'], 'contact': [[0], [1], [2]], 'grounded': ['yes', 'yes', 'yes'], 'follow_rule': False}, {'ids': [0, 1, 2], 'colours': ['blue', 'green', 'red'], 'sizes': [2, 1, 2], 'xpos': [3.7231388476751377, 4.926980185601858, 6.89978776550775], 'ypos': [3.729315386559936, 3.827003373760896, 4.1080160020153995], 'rotations': [5.0495312330746875, 5.073051853263529, 3.142330771627113], 'orientations': ['rhs', 'rhs', 'upright'], 'contact': [[0], [1], [2]], 'grounded': ['yes', 'yes', 'yes'], 'follow_rule': False}, {'ids': [0, 1, 2], 'colours': ['red', 'red', 'green'], 'sizes': [3, 2, 3], 'xpos': [2.464274088035763, 3.372943720540205, 0.6002089378963777], 'ypos': [4.1082362551449885, 4.1084892807153075, 4.1081579601098515], 'rotations': [3.137995234615271, 3.1413658181141297, 3.1412151689256795], 'orientations': ['upright', 'upright', 'upright'], 'contact': [[0, 1], [1, 0], [2]], 'grounded': ['yes', 'yes', 'yes'], 'follow_rule': False}, {'ids': [0, 1, 2], 'colours': ['blue', 'red', 'green'], 'sizes': [1, 3, 3], 'xpos': [4.153066071382274, 5.139812806050359, 0.5860422372725369], 'ypos': [4.107977765748642, 4.106860090237843, 4.107261766969011], 'rotations': [3.144122874087514, 3.1420365770993306, 3.14120859420923], 'orientations': ['upright', 'upright', 'upright'], 'contact': [[0], [1], [2]], 'grounded': ['yes', 'yes', 'yes'], 'follow_rule': False}, {'ids': [0, 1, 2], 'colours': ['red', 'red', 'green'], 'sizes': [3, 3, 3], 'xpos': [3.0035312076178258, 6.169509450855707, 1.7823457785503694], 'ypos': [4.1084754075171865, 3.6343853351359203, 3.7051593499611712], 'rotations': [3.144233987553914, 5.038037240702538, 4.080503563308561], 'orientations': ['upright', 'rhs', 'strange'], 'contact': [[0, 2], [1], [2, 0]], 'grounded': ['yes', 'yes', 'yes'], 'follow_rule': False}, {'ids': [0, 1, 2], 'colours': ['red', 'red', 'green'], 'sizes': [3, 3, 1], 'xpos': [2.5406726418132854, 3.3880159812082886, 1.5912947356942972], 'ypos': [3.6380848802513768, 3.06744834211175, 3.827842403956806], 'rotations': [5.037863658020824, 5.574096318722062, 5.070187021317101], 'orientations': ['rhs', 'strange', 'rhs'], 'contact': [[0, 1], [1, 0], [2]], 'grounded': ['yes', 'yes', 'yes'], 'follow_rule': True}, {'ids': [0, 1, 2], 'colours': ['red', 'red', 'red'], 'sizes': [3, 2, 3], 'xpos': [0.7356662619223413, 2.5031965354941557, 1.904868079203892], 'ypos': [3.6379326608718947, 3.71580315285405, 3.4478315343667445], 'rotations': [5.037960589943365, 1.7147344127078692, 2.925970842791375], 'orientations': ['rhs', 'lhs', 'upright'], 'contact': [[0, 2, 1], [1, 0, 2], [2, 0, 1]], 'grounded': ['yes', 'yes', 'no'], 'follow_rule': False}, {'ids': [0, 1, 2, 3, 4, 5], 'colours': ['red', 'green', 'green', 'red', 'red', 'green'], 'sizes': [3, 3, 3, 1, 3, 1], 'xpos': [4.04539932046708, 6.25367104406576, 1.31220887489158, 2.54397206141056, 5.03680142626962, 2.83313903630872], 'ypos': [3.68714653723475, 3.68793264237984, 3.68536700039956, 3.87290072175348, 3.71647947714512, 3.32290442001056], 'rotations': [1.24459422608336, 1.24522470760537, 5.03721490711028, 4.41693289260746, 2.04844681297516, 1.27753534246253], 'contact': [[0, 4, 3], 1, 2, [3, 0, 5], [4, 0], [5, 3]], 'grounded': ['yes', 'yes', 'yes', 'yes', 'yes', 'no']}, {'ids': [0, 1, 2, 3], 'colours': ['green', 'red', 'blue', 'red'], 'sizes': [1, 3, 2, 2], 'xpos': [3.91130904169482, 5.46428515532996, 6.02804597253327, 2.75909465803677], 'ypos': [3.88039857557471, 3.68809661044642, 3.83039687351375, 3.76829024369344], 'rotations': [1.21554845923219, 5.037860999749, 2.523398913166, 4.53015371920961], 'contact': [{'V1': [0, 3], 'V2': [1, 2], 'V3': [2, 1], 'V4': [3, 0]}], 'grounded': ['yes', 'yes', 'no', 'yes']}, {'ids': [0, 1], 'colours': ['red', 'red'], 'sizes': [1, 1], 'xpos': [2.66334600794472, 1.80432622054734], 'ypos': [3.88090170709236, 3.87778384307705], 'rotations': [1.21239198245414, 4.35415315781273], 'contact': [{'V1': [0, 1], 'V2': [1, 0]}], 'grounded': ['yes', 'yes']}, {'ids': [0, 1, 2, 3, 4], 'colours': ['red', 'red', 'blue', 'blue', 'green'], 'sizes': [3, 3, 1, 1, 1], 'xpos': [1.85360354206331, 4.53707158711655, 2.22962536171588, 3.31491059447484, 3.75418292003644], 'ypos': [3.68810486672765, 3.68793278435064, 3.60822662705904, 3.84556069624473, 3.52884365217974], 'rotations': [5.03784882313905, 1.24522475821424, 2.57929284346434, 1.86403082200312, 2.07051561191284], 'contact': [[0, 3, 2], [1, 4, 3], [2, 0], [3, 0, 1, 4], [4, 1, 3]], 'grounded': ['yes', 'yes', 'no', 'no', 'no']}, {'ids': [0, 1, 2, 3, 4, 5, 6], 'colours': ['red', 'green', 'red', 'red', 'green', 'green', 'red'], 'sizes': [1, 3, 2, 3, 3, 2, 2], 'xpos': [3.25946614949676, 2.44588297516233, 5.88127197371132, 4.16563349275137, 0.72362012303879, 2.368329881437, 7.02789960687692], 'ypos': [3.95518911276486, 3.68824247585198, 4.15744335942523, 4.15757462621801, 3.67646349730594, 3.64875460383896, 3.78297829877943], 'rotations': [3.90055989251386, 1.24543827105161, 3.14018849938784, 3.14209271550925, 4.46919423935855, 4.5928664481854, 5.04768654725134], 'contact': [[0, 5], [1, 5, 4], 2, 3, [4, 1], [5, 0, 1], 6], 'grounded': ['yes', 'yes', 'yes', 'yes', 'yes', 'no', 'yes']}, {'ids': [0, 1, 2, 3, 4], 'colours': ['red', 'blue', 'green', 'green', 'red'], 'sizes': [2, 1, 3, 3, 3], 'xpos': [1.81709153920562, 5.97480057561886, 3.31338082383512, 4.38059628007586, 6.61025661823443], 'ypos': [3.77963548478066, 4.15709914239659, 4.15857486018002, 4.1579783197977, 3.68443952609824], 'rotations': [1.2339014812192, 3.13995537974587, 3.14125891347883, 3.1426763466907, 5.03874238310661], 'contact': [{'V1': 0, 'V2': 1, 'V3': 2, 'V4': 3, 'V5': 4}], 'grounded': ['yes', 'yes', 'yes', 'yes', 'yes']}, {'ids': [0, 1, 2, 3, 4], 'colours': ['red', 'red', 'red', 'green', 'red'], 'sizes': [2, 3, 1, 3, 3], 'xpos': [3.73841073372075, 3.73677173096754, 2.76148516662288, 4.77214062348621, 4.69143283396105], 'ypos': [4.16009367569396, 4.14643505860911, 4.15849207519273, 4.15973417931752, 3.17867488361144], 'rotations': [3.13742681162325, 3.12687131684704, 3.14631730814226, 3.13796262321945, 2.12453024265947], 'contact': [[0, 1], [1, 0, 4], 2, [3, 4], [4, 1, 3]], 'grounded': ['yes', 'no', 'yes', 'yes', 'no']}, {'ids': [0, 1], 'colours': ['blue', 'red'], 'sizes': [1, 3], 'xpos': [4.12725264721393, 2.49227679939128], 'ypos': [4.15816511179978, 3.68449947257032], 'rotations': [3.13776634013453, 5.03835652479557], 'contact': [{'V1': 0, 'V2': 1}], 'grounded': ['yes', 'yes']}]","[False, True, False, True, True, True, False, True]","[False, False, False, True, False, True, False, False]","[True, False, True, False, False, False, True, False]","[False, True, False, False, True, False, False, True]","[True, False, False, True, True, True, True, False]","[True, True, True, True, False, False, True, True]","[False, False, False, False, False, False, False, False]","[False, False, False, False, True, True, False, False]",0.25,0.25,0.0,0.0,0.25,0.75,0.125,0.375,0.5,0.25,0.0,0.0,0.75,0.25,1.917156873074547,-5.294643643410181,-5.545177444479562,12.668728828500198,11.090354888959125,1.0,-11.731540887090263,-16.635532333438686,26.641135604528472,33.27106466687737,1.0502311195665048,"[1.0, 1.0, 1.0, 1.0, 1.0, 0.0, 1.0, 0.0, 1.0, 1.0, 1.0, 1.0, 1.0, 1.0, 1.0, 0.0135, 0.9530000000000001, 0.092, 0.5895, 0.5895, 1.0, 0.0, 0.0, 0.861, 1.0, 1.0, 1.0, 0.2925, 0.999, 0.999, 1.0, 0.7155, 0.0, 0.0, 1.0, 0.0, 0.0, 0.0, 1.0, 0.0, 0.0, 0.0, 1.0, 0.0, 0.0, 0.0, 1.0, 0.0, 1.0, 1.0, 1.0, 1.0, 0.0, 0.0, 0.0, 0.0, 1.0, 1.0, 1.0, 1.0, 0.935, 0.935, 0.935, 0.935, 1.0, 1.0, 1.0, 1.0, 0.0, 1.0, 0.0, 0.0, 0.0, 1.0, 1.0, 1.0, 1.0, 1.0, 1.0, 1.0, 1.0, 1.0, 1.0, 1.0, 0.0935, 0.0935, 0.0935, 0.0935, 1.0, 1.0, 1.0, 1.0, 1.0, 1.0, 1.0, 1.0, 1.0, 1.0, 1.0, 1.0, 1.0, 1.0, 1.0, 0.013000000000000001, 1.0, 1.0, 0.998, 1.0, 1.0, 0.002, 0.998, 0.002, 1.0, 1.0, 1.0, 1.0, 1.0, 1.0, 1.0, 0.0, 0.973, 1.0, 0.9530000000000001, 1.0, 0.8925000000000001, 0.9195, 0.17400000000000002, 0.201, 1.0, 1.0, 1.0, 1.0, 0.0, 0.0, 0.0, 0.0, 1.0, 1.0, 1.0, 0.24, 1.0, 1.0, 0.968, 1.0, 0.653, 0.653, 0.653, 1.0, 0.2535, 0.2535, 0.7035, 0.10300000000000001, 1.0, 1.0, 1.0, 1.0, 0.0, 1.0, 0.0, 0.0, 1.0, 1.0, 1.0, 0.012, 0.988, 0.988, 1.0, 1.0, 1.0, 0.0, 1.0, 1.0, 1.0, 0.0, 0.0, 1.0, 0.0, 0.0, 0.0, 1.0, 1.0, 0.0, 0.0, 0.0, 1.0, 1.0, 1.0, 1.0, 0.0, 0.0, 0.0, 0.0, 1.0, 1.0, 1.0, 1.0, 0.0, 0.0, 0.0, 0.0, 1.0, 1.0, 1.0, 1.0, 1.0, 1.0, 0.841, 1.0, 1.0, 1.0, 1.0, 1.0, 0.0, 0.0, 0.0, 0.0, 1.0, 1.0, 1.0, 1.0, 1.0, 1.0, 1.0, 0.0, 0.197, 0.0, 0.85, 0.653, 0.803, 0.0, 0.0, 0.0, 0.8525, 0.847, 0.9935, 0.847, 0.28300000000000003, 0.4305, 0.426, 0.426, 1.0, 1.0, 1.0, 1.0, 1.0, 1.0, 1.0, 0.0, 0.798, 1.0, 0.7995, 0.7995, 0.0275, 0.029, 0.2265, 0.1975, 1.0, 1.0, 1.0, 1.0, 0.0, 0.0, 0.0, 0.0, 0.862, 0.854, 0.8595, 0.8955000000000001, 0.045, 0.0005, 0.8695, 0.8505, 1.0, 1.0, 1.0, 0.022, 1.0, 1.0, 1.0, 0.978, 0.28400000000000003, 0.0145, 0.1885, 0.0275, 0.2755, 0.0, 0.0015, 0.013000000000000001, 0.0, 0.0, 0.0, 1.0, 1.0, 0.0, 0.0, 0.0, 1.0, 1.0, 1.0, 1.0, 0.0, 0.0, 0.0, 0.0, 1.0, 1.0, 1.0, 1.0, 1.0, 0.0, 1.0, 0.0, 1.0, 1.0, 1.0, 1.0, 1.0, 1.0, 1.0, 0.0, 1.0, 1.0, 1.0, 0.728, 0.8265, 0.5545, 0.5545, 0.8265, 1.0, 1.0, 1.0, 1.0, 1.0, 1.0, 1.0, 1.0, 1.0, 1.0, 1.0, 0.8715, 0.9365, 0.8695, 0.8695, 0.9365, 0.229, 0.229, 0.229, 0.229, 0.801, 0.03, 0.03, 0.801, 0.0, 0.0, 0.0, 1.0, 1.0, 0.0, 0.0, 0.0, 0.108, 0.114, 0.2315, 0.108, 0.114, 0.07050000000000001, 0.0495, 0.006, 1.0, 1.0, 1.0, 1.0, 0.0, 0.0, 0.0, 0.0, 0.8955000000000001, 0.895, 0.0115, 0.0, 0.883, 0.0, 0.0, 0.0, 1.0, 1.0, 1.0, 1.0, 0.0, 0.0, 0.0, 0.0, 0.902, 0.902, 0.902, 0.678, 0.88, 0.88, 0.902, 0.807, 1.0, 1.0, 1.0, 1.0, 0.0, 0.0, 0.0, 0.0, 1.0, 1.0, 1.0, 1.0, 1.0, 1.0, 1.0, 0.0, 1.0, 1.0, 1.0, 1.0, 0.0, 0.0, 0.0, 0.0, 1.0, 1.0, 1.0, 1.0, 0.008, 0.008, 0.008, 0.008, 1.0, 1.0, 1.0, 1.0, 1.0, 1.0, 1.0, 0.0, 1.0, 1.0, 1.0, 1.0, 1.0, 1.0, 0.6980000000000001, 1.0, 1.0, 1.0, 1.0, 1.0, 0.0, 0.0, 0.0, 0.0, 1.0, 1.0, 1.0, 1.0, 1.0, 1.0, 1.0, 0.0, 0.9530000000000001, 0.9530000000000001, 0.9530000000000001, 1.0, 1.0, 1.0, 0.641, 0.9530000000000001, 1.0, 1.0, 1.0, 1.0, 0.0, 0.0, 0.0, 0.0, 1.0, 1.0, 1.0, 1.0, 1.0, 1.0, 1.0, 1.0, 1.0, 1.0, 1.0, 1.0, 0.0, 0.0, 0.0, 0.0, 1.0, 1.0, 1.0, 1.0, 1.0, 1.0, 1.0, 1.0, 1.0, 1.0, 1.0, 1.0, 0.021500000000000002, 0.021500000000000002, 0.021500000000000002, 0.021500000000000002, 0.021500000000000002, 0.003, 0.02, 0.0095, 0.0095, 0.964, 0.9555, 0.0095, 1.0, 1.0, 1.0, 1.0, 1.0, 1.0, 1.0, 1.0, 1.0, 1.0, 1.0, 1.0, 0.0, 0.0, 0.0, 0.0, 1.0, 1.0, 1.0, 1.0, 0.0, 0.0, 1.0, 1.0, 1.0, 0.873, 0.198, 0.198, 1.0, 1.0, 0.6905, 1.0, 1.0, 1.0, 1.0, 1.0, 1.0, 1.0, 1.0, 0.0, 1.0, 0.999, 0.999, 1.0, 0.0025, 0.0025, 0.0025, 0.0025, 1.0, 1.0, 1.0, 1.0, 1.0, 0.686, 0.314, 0.0, 1.0, 1.0, 1.0, 1.0, 0.524, 0.524, 1.0, 0.47600000000000003, 1.0, 1.0, 1.0, 1.0, 0.008, 0.008, 0.008, 0.008, 0.9935, 0.9935, 0.9775, 0.9935, 0.9935, 0.0225, 0.988, 0.017, 1.0, 1.0, 1.0, 1.0, 0.0725, 0.0725, 0.0725, 0.0725, 0.041, 1.0, 1.0, 0.9590000000000001, 0.041, 0.9590000000000001, 1.0, 0.0, 0.7435, 0.9835, 0.7425, 0.986, 0.7435, 0.7435, 0.256, 0.987, 1.0, 0.005, 1.0, 1.0, 1.0, 0.005, 0.005, 1.0, 1.0, 1.0, 1.0, 1.0, 1.0, 1.0, 1.0, 0.0, 1.0, 1.0, 1.0, 1.0, 0.0, 0.0, 0.0, 0.0, 1.0, 1.0, 1.0, 1.0, 0.0, 0.0, 0.0, 0.0, 0.9705, 0.9705, 0.9145, 1.0, 0.8015, 0.8015, 0.9705, 0.7865, 1.0, 1.0, 1.0, 1.0, 0.0, 0.0, 0.0, 0.0, 1.0, 1.0, 1.0, 1.0, 0.0, 0.0, 0.0, 0.0, 1.0, 1.0, 1.0, 1.0, 0.0, 0.0, 0.0, 0.0, 1.0, 1.0, 1.0, 1.0, 1.0, 1.0, 1.0, 1.0]",-418.5875071169283,843.720363894191,-482.430437669722,964.860875339444,0.9102430794110984,-4.4986811569666845,11.076803855613205,0.5138983366085234,-9.042483870154484,21.263021570656914,0.6334250289943713,"[1.0, 1.0, 1.0, 1.0, 1.0, 0.0, 1.0, 0.0, 1.0, 1.0, 1.0, 1.0, 1.0, 1.0, 1.0, 0.0, 0.0, 0.0, 0.0, 0.0, 0.0, 0.0, 0.0, 0.0, 1.0, 1.0, 1.0, 0.0, 0.0, 0.0, 1.0, 0.0, 0.0, 0.0, 1.0, 1.0, 0.0, 1.0, 1.0, 1.0, 1.0, 1.0, 1.0, 1.0, 0.0, 0.0, 1.0, 1.0, 1.0, 1.0, 1.0, 1.0, 0.0, 0.0, 0.0, 0.0, 1.0, 1.0, 1.0, 1.0, 0.0, 0.0, 0.0, 0.0, 0.0, 0.0, 0.0, 0.0, 0.0, 1.0, 1.0, 0.0, 1.0, 1.0, 1.0, 1.0, 0.0, 0.0, 0.0, 0.0, 1.0, 1.0, 1.0, 1.0, 0.0, 0.0, 0.0, 0.0, 1.0, 1.0, 1.0, 1.0, 1.0, 1.0, 0.0, 1.0, 1.0, 1.0, 1.0, 1.0, 1.0, 1.0, 1.0, 0.0, 1.0, 1.0, 1.0, 1.0, 1.0, 0.0, 1.0, 0.0, 0.0, 1.0, 0.0, 0.0, 1.0, 1.0, 1.0, 0.0, 1.0, 1.0, 0.0, 1.0, 1.0, 0.0, 0.0, 0.0, 1.0, 1.0, 1.0, 0.0, 1.0, 1.0, 1.0, 1.0, 1.0, 1.0, 1.0, 1.0, 0.0, 0.0, 0.0, 0.0, 1.0, 1.0, 1.0, 0.0, 0.0, 0.0, 1.0, 0.0, 0.0, 0.0, 1.0, 0.0, 0.0, 0.0, 0.0, 0.0, 1.0, 1.0, 1.0, 0.0, 0.0, 0.0, 1.0, 0.0, 0.0, 0.0, 0.0, 1.0, 0.0, 0.0, 0.0, 0.0, 0.0, 0.0, 0.0, 1.0, 0.0, 0.0, 0.0, 0.0, 1.0, 1.0, 1.0, 1.0, 0.0, 0.0, 0.0, 0.0, 1.0, 1.0, 1.0, 0.0, 0.0, 0.0, 1.0, 0.0, 1.0, 1.0, 1.0, 1.0, 0.0, 0.0, 0.0, 0.0, 1.0, 1.0, 1.0, 1.0, 0.0, 0.0, 0.0, 0.0, 1.0, 1.0, 1.0, 1.0, 1.0, 1.0, 1.0, 0.0, 0.0, 0.0, 0.0, 0.0, 1.0, 0.0, 0.0, 0.0, 1.0, 1.0, 1.0, 1.0, 1.0, 1.0, 1.0, 1.0, 1.0, 1.0, 1.0, 1.0, 1.0, 1.0, 1.0, 0.0, 0.0, 0.0, 0.0, 0.0, 0.0, 0.0, 0.0, 0.0, 0.0, 1.0, 0.0, 1.0, 0.0, 1.0, 0.0, 1.0, 0.0, 0.0, 0.0, 1.0, 0.0, 0.0, 0.0, 0.0, 1.0, 1.0, 1.0, 0.0, 0.0, 0.0, 1.0, 0.0, 1.0, 1.0, 1.0, 1.0, 1.0, 0.0, 1.0, 0.0, 0.0, 1.0, 1.0, 1.0, 0.0, 0.0, 0.0, 0.0, 1.0, 1.0, 1.0, 0.0, 1.0, 1.0, 1.0, 1.0, 0.0, 1.0, 1.0, 1.0, 0.0, 0.0, 0.0, 0.0, 1.0, 1.0, 1.0, 1.0, 1.0, 1.0, 1.0, 0.0, 1.0, 1.0, 1.0, 1.0, 0.0, 0.0, 0.0, 0.0, 1.0, 1.0, 1.0, 1.0, 0.0, 0.0, 0.0, 0.0, 0.0, 1.0, 0.0, 0.0, 0.0, 0.0, 0.0, 0.0, 1.0, 1.0, 1.0, 1.0, 1.0, 0.0, 1.0, 1.0, 0.0, 0.0, 0.0, 0.0, 0.0, 1.0, 1.0, 0.0, 1.0, 1.0, 1.0, 1.0, 1.0, 0.0, 1.0, 0.0, 1.0, 1.0, 1.0, 1.0, 1.0, 0.0, 1.0, 1.0, 0.0, 0.0, 0.0, 0.0, 0.0, 1.0, 1.0, 0.0, 1.0, 0.0, 0.0, 1.0, 0.0, 0.0, 0.0, 0.0, 1.0, 1.0, 1.0, 0.0, 0.0, 0.0, 1.0, 0.0, 1.0, 1.0, 1.0, 0.0, 0.0, 0.0, 0.0, 0.0, 1.0, 1.0, 1.0, 1.0, 1.0, 1.0, 1.0, 0.0, 0.0, 0.0, 0.0, 0.0, 0.0, 0.0, 0.0, 0.0, 1.0, 0.0, 1.0, 0.0, 0.0, 0.0, 0.0, 0.0, 1.0, 1.0, 1.0, 1.0, 1.0, 1.0, 1.0, 0.0, 1.0, 1.0, 1.0, 1.0, 1.0, 1.0, 0.0, 1.0, 1.0, 1.0, 1.0, 1.0, 0.0, 0.0, 0.0, 0.0, 1.0, 1.0, 1.0, 1.0, 1.0, 1.0, 1.0, 0.0, 0.0, 1.0, 1.0, 1.0, 0.0, 0.0, 0.0, 0.0, 1.0, 1.0, 1.0, 1.0, 0.0, 0.0, 0.0, 0.0, 1.0, 0.0, 1.0, 0.0, 0.0, 0.0, 0.0, 0.0, 1.0, 1.0, 1.0, 1.0, 1.0, 0.0, 1.0, 0.0, 1.0, 1.0, 1.0, 0.0, 1.0, 1.0, 0.0, 1.0, 1.0, 1.0, 1.0, 1.0, 0.0, 0.0, 0.0, 0.0, 0.0, 0.0, 0.0, 0.0, 0.0, 1.0, 0.0, 0.0, 1.0, 1.0, 1.0, 1.0, 0.0, 0.0, 0.0, 0.0, 0.0, 0.0, 0.0, 0.0, 0.0, 0.0, 0.0, 0.0, 1.0, 0.0, 1.0, 0.0, 0.0, 0.0, 0.0, 0.0, 1.0, 1.0, 0.0, 0.0, 1.0, 1.0, 1.0, 1.0, 1.0, 1.0, 1.0, 1.0, 1.0, 1.0, 1.0, 1.0, 1.0, 1.0, 1.0, 1.0, 1.0, 0.0, 1.0, 1.0, 0.0, 1.0, 0.0, 1.0, 0.0, 1.0, 0.0, 0.0, 1.0, 1.0, 1.0, 1.0, 0.0, 0.0, 1.0, 0.0, 1.0, 1.0, 1.0, 1.0, 0.0, 0.0, 0.0, 0.0, 0.0, 0.0, 0.0, 1.0, 0.0, 0.0, 0.0, 0.0, 1.0, 1.0, 1.0, 1.0, 0.0, 0.0, 0.0, 0.0, 0.0, 1.0, 1.0, 1.0, 0.0, 1.0, 1.0, 0.0, 1.0, 1.0, 1.0, 1.0, 0.0, 0.0, 0.0, 0.0, 1.0, 0.0, 1.0, 1.0, 1.0, 0.0, 0.0, 1.0, 1.0, 1.0, 1.0, 1.0, 1.0, 1.0, 1.0, 0.0, 0.0, 1.0, 1.0, 1.0, 1.0, 1.0, 0.0, 0.0, 1.0, 1.0, 1.0, 1.0, 0.0, 0.0, 0.0, 0.0, 1.0, 1.0, 1.0, 0.0, 0.0, 0.0, 1.0, 0.0, 1.0, 1.0, 1.0, 1.0, 0.0, 0.0, 0.0, 0.0, 0.0, 0.0, 0.0, 0.0, 0.0, 0.0, 0.0, 0.0, 0.0, 1.0, 0.0, 1.0, 0.0, 1.0, 1.0, 0.0, 1.0, 1.0, 1.0, 1.0, 1.0, 0.0, 0.0, 1.0]",-318.3726801373107,643.2907099349558,0.9102430794110984,-4.4986811569666845,-5.545177444479562,11.076803855613205,11.090354888959125,0.5138983366085234,-9.042483870154484,-16.635532333438686,21.263021570656914,33.27106466687737,0.6173530694834558,"[1.0, 1.0, 1.0, 1.0, 1.0, 0.0, 1.0, 0.0, 1.0, 1.0, 1.0, 1.0, 1.0, 1.0, 1.0, 0.0, 0.0, 0.0, 0.0, 0.0, 0.0, 0.0, 0.0, 0.0, 1.0, 1.0, 1.0, 0.0, 0.0, 0.0, 1.0, 0.0, 0.0, 0.0, 1.0, 1.0, 0.0, 1.0, 1.0, 1.0, 0.0, 0.0, 0.0, 0.0, 0.0, 0.0, 0.0, 0.0, 1.0, 1.0, 1.0, 1.0, 0.0, 0.0, 0.0, 0.0, 1.0, 1.0, 1.0, 1.0, 0.0, 0.0, 0.0, 0.0, 0.0, 0.0, 0.0, 0.0, 0.0, 1.0, 1.0, 0.0, 0.0, 0.0, 0.0, 1.0, 0.0, 0.0, 0.0, 0.0, 1.0, 1.0, 1.0, 1.0, 0.0, 0.0, 0.0, 0.0, 0.0, 0.0, 0.0, 0.0, 1.0, 1.0, 0.0, 1.0, 1.0, 1.0, 1.0, 1.0, 1.0, 1.0, 1.0, 0.0, 1.0, 1.0, 1.0, 1.0, 1.0, 0.0, 1.0, 0.0, 0.0, 1.0, 0.0, 0.0, 1.0, 1.0, 1.0, 0.0, 1.0, 1.0, 0.0, 1.0, 1.0, 0.0, 0.0, 0.0, 1.0, 1.0, 1.0, 0.0, 1.0, 1.0, 1.0, 1.0, 1.0, 1.0, 1.0, 1.0, 0.0, 0.0, 0.0, 0.0, 1.0, 1.0, 1.0, 0.0, 0.0, 0.0, 1.0, 0.0, 0.0, 0.0, 1.0, 0.0, 0.0, 0.0, 0.0, 0.0, 1.0, 1.0, 1.0, 0.0, 0.0, 0.0, 1.0, 0.0, 0.0, 0.0, 0.0, 1.0, 0.0, 0.0, 0.0, 0.0, 0.0, 0.0, 0.0, 1.0, 0.0, 0.0, 0.0, 0.0, 1.0, 1.0, 1.0, 1.0, 0.0, 0.0, 0.0, 0.0, 1.0, 1.0, 1.0, 0.0, 0.0, 0.0, 1.0, 0.0, 1.0, 1.0, 1.0, 1.0, 0.0, 0.0, 0.0, 0.0, 1.0, 1.0, 1.0, 1.0, 0.0, 0.0, 0.0, 0.0, 1.0, 1.0, 1.0, 1.0, 1.0, 1.0, 1.0, 0.0, 0.0, 0.0, 0.0, 0.0, 1.0, 0.0, 0.0, 0.0, 1.0, 1.0, 1.0, 1.0, 1.0, 1.0, 1.0, 1.0, 1.0, 1.0, 1.0, 1.0, 1.0, 1.0, 1.0, 0.0, 0.0, 0.0, 0.0, 0.0, 0.0, 0.0, 0.0, 0.0, 0.0, 1.0, 0.0, 1.0, 0.0, 1.0, 0.0, 1.0, 0.0, 0.0, 0.0, 1.0, 0.0, 0.0, 0.0, 0.0, 1.0, 1.0, 1.0, 0.0, 0.0, 0.0, 1.0, 0.0, 1.0, 1.0, 1.0, 1.0, 1.0, 0.0, 1.0, 0.0, 0.0, 1.0, 1.0, 1.0, 0.0, 0.0, 0.0, 0.0, 1.0, 1.0, 1.0, 0.0, 1.0, 1.0, 1.0, 1.0, 0.0, 1.0, 1.0, 1.0, 0.0, 0.0, 0.0, 0.0, 1.0, 1.0, 1.0, 1.0, 1.0, 1.0, 1.0, 0.0, 1.0, 1.0, 1.0, 1.0, 0.0, 0.0, 0.0, 0.0, 1.0, 1.0, 1.0, 1.0, 0.0, 0.0, 0.0, 0.0, 0.0, 1.0, 0.0, 0.0, 0.0, 0.0, 0.0, 0.0, 0.0, 0.0, 0.0, 0.0, 0.0, 0.0, 0.0, 0.0, 1.0, 0.0, 1.0, 1.0, 1.0, 0.0, 0.0, 1.0, 1.0, 1.0, 1.0, 1.0, 1.0, 0.0, 1.0, 0.0, 1.0, 1.0, 1.0, 1.0, 1.0, 0.0, 1.0, 1.0, 0.0, 0.0, 0.0, 0.0, 0.0, 1.0, 1.0, 0.0, 1.0, 0.0, 0.0, 1.0, 0.0, 0.0, 0.0, 0.0, 1.0, 1.0, 1.0, 0.0, 0.0, 0.0, 1.0, 0.0, 1.0, 1.0, 1.0, 0.0, 0.0, 0.0, 0.0, 0.0, 1.0, 1.0, 1.0, 1.0, 1.0, 1.0, 1.0, 0.0, 0.0, 0.0, 0.0, 0.0, 0.0, 0.0, 0.0, 0.0, 1.0, 0.0, 1.0, 0.0, 0.0, 0.0, 0.0, 0.0, 1.0, 1.0, 1.0, 1.0, 1.0, 1.0, 1.0, 0.0, 1.0, 1.0, 1.0, 1.0, 1.0, 1.0, 0.0, 1.0, 1.0, 1.0, 1.0, 1.0, 0.0, 0.0, 0.0, 0.0, 1.0, 1.0, 1.0, 1.0, 1.0, 1.0, 1.0, 0.0, 0.0, 1.0, 1.0, 1.0, 0.0, 0.0, 0.0, 0.0, 1.0, 1.0, 1.0, 1.0, 0.0, 0.0, 0.0, 0.0, 1.0, 0.0, 1.0, 0.0, 0.0, 0.0, 0.0, 0.0, 1.0, 1.0, 1.0, 1.0, 1.0, 0.0, 1.0, 0.0, 1.0, 1.0, 1.0, 0.0, 1.0, 1.0, 0.0, 1.0, 1.0, 1.0, 1.0, 1.0, 0.0, 0.0, 0.0, 0.0, 0.0, 0.0, 0.0, 0.0, 0.0, 1.0, 0.0, 0.0, 1.0, 1.0, 1.0, 1.0, 0.0, 0.0, 0.0, 0.0, 0.0, 0.0, 0.0, 0.0, 0.0, 0.0, 0.0, 0.0, 1.0, 0.0, 1.0, 0.0, 0.0, 0.0, 0.0, 0.0, 1.0, 1.0, 0.0, 0.0, 1.0, 1.0, 1.0, 1.0, 1.0, 1.0, 1.0, 1.0, 1.0, 1.0, 1.0, 1.0, 1.0, 1.0, 1.0, 1.0, 1.0, 0.0, 1.0, 1.0, 0.0, 1.0, 0.0, 1.0, 0.0, 1.0, 0.0, 0.0, 1.0, 1.0, 1.0, 1.0, 0.0, 0.0, 1.0, 0.0, 1.0, 1.0, 1.0, 1.0, 0.0, 0.0, 0.0, 0.0, 0.0, 0.0, 0.0, 1.0, 0.0, 0.0, 0.0, 0.0, 1.0, 1.0, 1.0, 1.0, 0.0, 0.0, 0.0, 0.0, 0.0, 1.0, 1.0, 1.0, 0.0, 1.0, 1.0, 0.0, 1.0, 1.0, 1.0, 1.0, 0.0, 0.0, 0.0, 0.0, 1.0, 0.0, 1.0, 1.0, 1.0, 0.0, 0.0, 1.0, 1.0, 1.0, 1.0, 1.0, 1.0, 1.0, 1.0, 0.0, 0.0, 0.0, 1.0, 0.0, 0.0, 1.0, 0.0, 0.0, 1.0, 1.0, 1.0, 1.0, 0.0, 0.0, 0.0, 0.0, 1.0, 1.0, 1.0, 0.0, 0.0, 0.0, 1.0, 0.0, 1.0, 1.0, 1.0, 1.0, 0.0, 0.0, 0.0, 0.0, 0.0, 0.0, 0.0, 0.0, 0.0, 0.0, 0.0, 0.0, 0.0, 1.0, 0.0, 1.0, 0.0, 1.0, 1.0, 0.0, 1.0, 1.0, 1.0, 1.0, 1.0, 0.0, 0.0, 1.0]",-311.9759791000219,630.4973078603782,-482.430437669722,964.860875339444,465.9948559757573,-5.54795314551052,-5.545177444479562,13.175347832700876,11.090354888959125,1.0,-12.506427221300456,-16.635532333438686,28.190908272948857,33.27106466687737,1.0908740239314543,"[0.0, 0.0, 1.0, 0.0, 0.0, 0.0, 0.0, 0.0, 1.0, 1.0, 1.0, 1.0, 0.877, 0.877, 0.877, 0.0, 1.0, 0.259, 1.0, 1.0, 0.8015, 0.0, 0.259, 1.0, 1.0, 1.0, 1.0, 1.0, 1.0, 1.0, 1.0, 0.0, 0.0, 0.0, 1.0, 0.0, 0.0, 0.0, 1.0, 0.0, 0.0, 0.0, 1.0, 0.0, 0.0, 0.0, 1.0, 0.0, 0.0, 0.0, 0.0, 0.0775, 0.0, 0.0, 0.1635, 0.47100000000000003, 1.0, 1.0, 1.0, 1.0, 0.0, 0.0, 0.0, 0.0, 0.0, 0.0, 0.0, 0.0, 0.0, 0.0, 0.0, 0.0, 1.0, 1.0, 1.0, 1.0, 1.0, 1.0, 1.0, 0.0, 1.0, 1.0, 1.0, 1.0, 0.0, 0.0, 0.0, 0.0, 0.0, 0.0, 0.0, 0.0, 0.0, 0.113, 0.113, 0.0, 0.0, 0.0, 0.0, 1.0, 0.0, 0.0, 0.0, 0.0, 1.0, 1.0, 1.0, 1.0, 0.0, 0.0, 0.0, 0.0, 0.9995, 1.0, 1.0, 0.663, 1.0, 1.0, 1.0, 0.353, 1.0, 1.0, 1.0, 1.0, 0.082, 0.082, 0.0, 0.0, 0.973, 1.0, 0.7655000000000001, 0.605, 0.973, 1.0, 1.0, 0.368, 0.0, 0.0, 1.0, 0.0, 1.0, 0.0, 1.0, 0.0, 1.0, 1.0, 1.0, 1.0, 0.0, 0.0, 1.0, 0.0, 1.0, 1.0, 1.0, 1.0, 0.0, 0.9465, 0.0, 0.0, 0.666, 1.0, 0.666, 0.666, 0.0, 0.0, 0.7975, 0.0, 0.0, 0.9430000000000001, 0.0, 1.0, 1.0, 0.0, 0.0, 0.0, 0.0, 1.0, 0.0, 0.0, 0.0, 0.0, 0.0, 0.0, 1.0, 1.0, 1.0, 1.0, 0.0, 0.0, 0.0, 0.0, 1.0, 1.0, 1.0, 1.0, 1.0, 1.0, 1.0, 0.0005, 1.0, 1.0, 1.0, 1.0, 1.0, 1.0, 0.0, 1.0, 1.0, 1.0, 1.0, 1.0, 0.0, 0.0, 0.0, 0.0, 1.0, 1.0, 1.0, 1.0, 1.0, 1.0, 1.0, 0.0, 1.0, 0.0, 1.0, 0.0, 0.0, 0.0, 0.0, 0.0, 0.0, 1.0, 0.0, 1.0, 0.0, 1.0, 0.0, 1.0, 1.0, 1.0, 1.0, 1.0, 1.0, 1.0, 1.0, 0.0, 1.0, 0.0, 1.0, 1.0, 1.0, 0.0, 0.0, 1.0, 1.0, 1.0, 1.0, 1.0, 1.0, 1.0, 1.0, 1.0, 0.0, 0.9580000000000001, 0.0, 0.0, 0.0, 0.0, 0.0045000000000000005, 0.0, 0.0, 0.0, 0.0, 0.0, 0.0, 0.0, 0.0, 1.0, 0.0, 0.0, 0.0005, 0.0, 0.0, 0.0, 0.0, 0.0, 0.0, 1.0, 0.0, 0.0, 0.0, 0.0, 0.0, 0.0, 1.0, 1.0, 1.0, 0.001, 0.001, 0.001, 1.0, 0.0, 0.0, 0.0, 0.6225, 0.0, 0.0, 0.0, 0.0, 0.0, 1.0, 1.0, 1.0, 1.0, 0.0, 0.0, 0.0, 0.0, 0.0, 0.0, 0.0, 0.0, 0.0, 0.0, 0.0, 0.0, 1.0, 1.0, 1.0, 1.0, 1.0, 1.0, 1.0, 0.0, 0.0, 0.0, 0.0, 1.0, 0.0, 0.0, 1.0, 0.0, 1.0, 1.0, 1.0, 1.0, 0.0, 0.0, 0.0, 0.0, 0.0, 1.0, 0.0, 0.0, 1.0, 0.0, 0.0, 1.0, 1.0, 1.0, 1.0, 1.0, 0.0, 0.0, 0.0, 0.0, 1.0, 1.0, 1.0, 1.0, 1.0, 0.0, 1.0, 1.0, 0.0, 0.0005, 0.0, 0.0, 0.0, 0.38, 0.0, 0.0, 1.0, 1.0, 1.0, 1.0, 0.0, 0.0, 0.0, 0.0, 1.0, 1.0, 1.0, 0.999, 1.0, 1.0, 1.0, 0.0195, 1.0, 1.0, 1.0, 1.0, 0.0, 0.0, 0.0, 0.0, 0.0, 0.6285000000000001, 0.0, 0.328, 0.0, 0.0, 0.6285000000000001, 0.0, 0.0, 0.0, 0.0, 0.0, 0.0, 0.0, 0.0, 1.0, 1.0, 1.0, 1.0, 1.0, 0.0, 0.0, 0.0, 0.0, 1.0, 1.0, 1.0, 1.0, 1.0, 1.0, 1.0, 0.0, 1.0, 1.0, 1.0, 1.0, 1.0, 1.0, 0.0375, 1.0, 1.0, 1.0, 1.0, 1.0, 0.0, 0.0, 0.0, 0.0, 1.0, 1.0, 1.0, 1.0, 1.0, 1.0, 1.0, 0.0, 1.0, 1.0, 1.0, 1.0, 1.0, 1.0, 0.0, 1.0, 1.0, 1.0, 1.0, 1.0, 0.0, 0.0, 0.0, 0.0, 1.0, 1.0, 1.0, 1.0, 1.0, 1.0, 1.0, 1.0, 0.0, 0.0, 0.4395, 0.0, 0.0, 0.0, 0.001, 1.0, 0.0, 0.0, 0.0, 0.0, 0.0, 0.0, 0.0, 0.0, 1.0, 1.0, 1.0, 0.0, 1.0, 0.0, 0.0, 1.0, 0.0, 0.0, 1.0, 1.0, 1.0, 0.0, 0.0, 0.0, 0.0, 0.0, 0.0, 0.0, 0.0, 0.0, 0.0, 0.0, 1.0, 1.0, 1.0, 1.0, 0.0, 0.0, 0.0, 0.0, 0.0, 0.0, 0.0, 0.0, 0.0, 1.0, 0.0, 0.0, 1.0, 1.0, 1.0, 1.0, 0.0, 0.4945, 0.0, 0.0, 1.0, 1.0, 1.0, 1.0, 0.0, 0.0, 1.0, 1.0, 1.0, 1.0, 1.0, 1.0, 0.0, 0.0, 0.0, 0.0, 1.0, 1.0, 1.0, 1.0, 1.0, 0.704, 0.296, 0.0, 1.0, 1.0, 1.0, 1.0, 0.0, 0.0, 1.0, 1.0, 1.0, 1.0, 1.0, 1.0, 0.0, 0.0, 0.0, 0.0, 0.006, 1.0, 0.006, 0.708, 0.298, 1.0, 0.298, 1.0, 1.0, 1.0, 1.0, 1.0, 0.0, 0.0, 0.0, 0.0, 1.0, 0.0, 1.0, 1.0, 1.0, 0.0, 0.0, 1.0, 0.0, 1.0, 1.0, 1.0, 0.0, 0.0, 0.0, 0.0, 1.0, 0.224, 1.0, 1.0, 0.776, 0.0, 0.224, 1.0, 1.0, 1.0, 1.0, 1.0, 0.0, 0.0, 0.0, 0.0, 1.0, 1.0, 0.0, 1.0, 1.0, 1.0, 0.0, 1.0, 1.0, 1.0, 1.0, 1.0, 0.0, 0.0, 0.0, 0.0, 1.0, 1.0, 1.0, 1.0, 1.0, 1.0, 1.0, 0.0, 1.0, 1.0, 1.0, 1.0, 0.0, 0.0, 0.0, 0.0, 0.0, 0.0, 0.0, 0.0, 0.0, 0.0, 0.0, 0.0, 1.0, 0.4865, 1.0, 1.0, 1.0, 0.0075, 0.4865, 1.0, 0.0225, 0.0, 0.0, 0.9775, 0.0, 0.0, 0.0, 0.0]",-419.18595103414617,844.9172517286268,-482.430437669722,964.860875339444,0.9102430794110984,-4.4986811569666845,-5.545177444479562,11.076803855613205,11.090354888959125,0.5138983366085234,-9.042483870154484,-16.635532333438686,21.263021570656914,33.27106466687737,0.5787520451143159,"[1.0, 1.0, 1.0, 1.0, 1.0, 0.0, 1.0, 0.0, 1.0, 1.0, 1.0, 1.0, 1.0, 1.0, 1.0, 0.0, 0.0, 0.0, 0.0, 0.0, 0.0, 0.0, 0.0, 0.0, 1.0, 1.0, 1.0, 1.0, 0.0, 0.0, 1.0, 0.0, 0.0, 0.0, 0.0, 0.0, 0.0, 1.0, 0.0, 0.0, 0.0, 0.0, 0.0, 0.0, 0.0, 0.0, 0.0, 0.0, 1.0, 1.0, 1.0, 1.0, 0.0, 0.0, 0.0, 0.0, 1.0, 1.0, 1.0, 1.0, 0.0, 0.0, 0.0, 0.0, 0.0, 0.0, 0.0, 0.0, 0.0, 1.0, 1.0, 0.0, 1.0, 1.0, 1.0, 1.0, 0.0, 0.0, 0.0, 0.0, 1.0, 1.0, 1.0, 1.0, 0.0, 0.0, 0.0, 0.0, 0.0, 0.0, 0.0, 0.0, 0.0, 0.0, 0.0, 0.0, 1.0, 1.0, 1.0, 1.0, 1.0, 1.0, 1.0, 0.0, 1.0, 1.0, 1.0, 1.0, 1.0, 0.0, 1.0, 0.0, 0.0, 1.0, 0.0, 0.0, 1.0, 1.0, 1.0, 0.0, 1.0, 1.0, 0.0, 1.0, 1.0, 0.0, 0.0, 0.0, 1.0, 1.0, 1.0, 0.0, 1.0, 1.0, 1.0, 1.0, 1.0, 1.0, 1.0, 1.0, 0.0, 0.0, 0.0, 0.0, 1.0, 1.0, 1.0, 0.0, 0.0, 0.0, 1.0, 0.0, 0.0, 0.0, 1.0, 0.0, 0.0, 0.0, 0.0, 0.0, 1.0, 1.0, 1.0, 0.0, 0.0, 0.0, 1.0, 0.0, 0.0, 0.0, 0.0, 1.0, 0.0, 0.0, 0.0, 0.0, 0.0, 0.0, 0.0, 1.0, 0.0, 0.0, 0.0, 0.0, 1.0, 1.0, 1.0, 1.0, 0.0, 0.0, 0.0, 0.0, 1.0, 1.0, 1.0, 0.0, 0.0, 0.0, 1.0, 0.0, 1.0, 1.0, 1.0, 1.0, 0.0, 0.0, 0.0, 0.0, 1.0, 1.0, 1.0, 1.0, 0.0, 0.0, 0.0, 0.0, 1.0, 1.0, 1.0, 1.0, 1.0, 1.0, 1.0, 0.0, 0.0, 0.0, 0.0, 0.0, 1.0, 0.0, 0.0, 0.0, 1.0, 1.0, 1.0, 1.0, 1.0, 1.0, 1.0, 1.0, 1.0, 1.0, 1.0, 1.0, 1.0, 1.0, 1.0, 0.0, 0.0, 0.0, 0.0, 0.0, 0.0, 0.0, 0.0, 0.0, 0.0, 1.0, 0.0, 1.0, 0.0, 1.0, 0.0, 1.0, 0.0, 0.0, 0.0, 1.0, 0.0, 0.0, 0.0, 0.0, 1.0, 1.0, 1.0, 0.0, 0.0, 0.0, 1.0, 0.0, 0.0, 0.0, 1.0, 0.0, 0.0, 0.0, 0.0, 0.0, 0.0, 1.0, 1.0, 1.0, 0.0, 0.0, 0.0, 0.0, 1.0, 1.0, 1.0, 0.0, 1.0, 1.0, 1.0, 1.0, 0.0, 0.0, 1.0, 0.0, 0.0, 0.0, 0.0, 0.0, 1.0, 1.0, 1.0, 1.0, 1.0, 1.0, 1.0, 0.0, 1.0, 1.0, 1.0, 1.0, 0.0, 0.0, 0.0, 0.0, 1.0, 1.0, 1.0, 1.0, 0.0, 0.0, 0.0, 0.0, 0.0, 1.0, 0.0, 0.0, 0.0, 0.0, 0.0, 0.0, 0.0, 0.0, 0.0, 0.0, 0.0, 0.0, 0.0, 0.0, 0.0, 0.0, 0.0, 0.0, 0.0, 0.0, 0.0, 0.0, 1.0, 1.0, 0.0, 1.0, 1.0, 0.0, 1.0, 0.0, 1.0, 1.0, 1.0, 1.0, 1.0, 0.0, 1.0, 1.0, 0.0, 0.0, 0.0, 0.0, 0.0, 1.0, 1.0, 0.0, 1.0, 0.0, 0.0, 1.0, 0.0, 0.0, 0.0, 0.0, 1.0, 1.0, 1.0, 0.0, 0.0, 0.0, 1.0, 0.0, 1.0, 1.0, 1.0, 0.0, 0.0, 0.0, 0.0, 0.0, 1.0, 1.0, 1.0, 1.0, 1.0, 1.0, 1.0, 0.0, 0.0, 0.0, 0.0, 0.0, 0.0, 0.0, 0.0, 0.0, 1.0, 0.0, 1.0, 0.0, 0.0, 0.0, 0.0, 0.0, 1.0, 1.0, 1.0, 1.0, 1.0, 1.0, 1.0, 0.0, 1.0, 1.0, 1.0, 1.0, 1.0, 1.0, 0.0, 1.0, 1.0, 1.0, 1.0, 1.0, 0.0, 0.0, 0.0, 0.0, 1.0, 1.0, 1.0, 1.0, 1.0, 1.0, 1.0, 0.0, 0.0, 1.0, 1.0, 1.0, 0.0, 0.0, 0.0, 0.0, 1.0, 1.0, 1.0, 1.0, 0.0, 0.0, 0.0, 0.0, 1.0, 0.0, 1.0, 0.0, 0.0, 0.0, 0.0, 0.0, 1.0, 1.0, 1.0, 1.0, 1.0, 0.0, 1.0, 0.0, 1.0, 1.0, 1.0, 0.0, 1.0, 1.0, 0.0, 1.0, 1.0, 1.0, 1.0, 1.0, 0.0, 0.0, 0.0, 0.0, 0.0, 0.0, 0.0, 0.0, 0.0, 0.0, 0.0, 0.0, 1.0, 1.0, 1.0, 1.0, 0.0, 0.0, 0.0, 0.0, 0.0, 0.0, 0.0, 0.0, 0.0, 0.0, 0.0, 0.0, 0.0, 0.0, 0.0, 0.0, 0.0, 0.0, 0.0, 0.0, 1.0, 1.0, 0.0, 0.0, 1.0, 1.0, 1.0, 1.0, 1.0, 1.0, 1.0, 1.0, 1.0, 1.0, 1.0, 1.0, 1.0, 1.0, 1.0, 1.0, 1.0, 0.0, 1.0, 1.0, 0.0, 1.0, 0.0, 1.0, 0.0, 1.0, 0.0, 0.0, 1.0, 1.0, 1.0, 1.0, 0.0, 0.0, 1.0, 0.0, 1.0, 1.0, 1.0, 1.0, 0.0, 0.0, 0.0, 0.0, 0.0, 0.0, 0.0, 1.0, 0.0, 0.0, 0.0, 0.0, 1.0, 1.0, 1.0, 1.0, 0.0, 0.0, 0.0, 0.0, 0.0, 1.0, 1.0, 1.0, 0.0, 1.0, 1.0, 0.0, 1.0, 1.0, 1.0, 1.0, 0.0, 0.0, 0.0, 0.0, 1.0, 0.0, 1.0, 1.0, 1.0, 0.0, 0.0, 1.0, 1.0, 1.0, 1.0, 1.0, 1.0, 1.0, 1.0, 0.0, 0.0, 1.0, 1.0, 1.0, 1.0, 1.0, 0.0, 0.0, 1.0, 1.0, 1.0, 1.0, 0.0, 0.0, 0.0, 0.0, 1.0, 1.0, 1.0, 0.0, 0.0, 0.0, 1.0, 0.0, 1.0, 1.0, 1.0, 1.0, 0.0, 0.0, 0.0, 0.0, 0.0, 0.0, 0.0, 0.0, 0.0, 0.0, 0.0, 0.0, 0.0, 0.0, 1.0, 1.0, 0.0, 0.0, 0.0, 0.0, 1.0, 1.0, 1.0, 1.0, 1.0, 0.0, 0.0, 1.0]",-295.2442605392121,597.0338707387587,-482.430437669722,964.860875339444,1.4426944217897497,-15.276340039075745,33.73073390849944,1.2846122460949685,-433.45128860920846,873.4479268787513,True,True,True,True,True,0.7916666666666666,0.75,0.8333333333333334,0.625,0.8333333333333334,0.625,0.75,0.5,0.8333333333333334,0.625,0.625,0.375,"Z.exists(lambda x1: Z.equal(x1,'strange','orientation'),X)","Z.exactly(lambda x1: Z.equal(x1,3,'size'),2,X)","Z.exists(lambda x1: Z.equal(x1,'blue','colour'),X)","Z.exactly(lambda x1: Z.equal(x1,3,'size'),2,X)",0.75,0.5,0.625,0.5,0.625,0.7083333333333334,0.6982758620689655,0.6867816091954023,0.6954022988505747,0.6925287356321839,5.241379310344827,0,0,0,0,0,0
75,90,173,RLWUHB7DXT,T_VtQzEX9IiJR_g7AAAJ,Kappa,at least one is blue AND small,"[False, True, True, True, False, False, False, False]","[True, True, True, True, False, False, False, False]",0.875,1.0,There must be at least 2 blue cones,[['x1']],"Z.atleast(lambda x1: Z.equal(x1,'blue','colour'),2,X)",There must be at least 2 blue cones,"[{'ids': [0, 1, 2, 3, 4], 'colours': ['blue', 'blue', 'green', 'green', 'green'], 'sizes': [1, 2, 1, 2, 3], 'xpos': [0.3094433528812804, 3.922363302427679, 5.337497520816633, 3.1134078380413537, 5.411614333804962], 'ypos': [4.111666666666668, 4.111666666666668, 4.111666666666668, 4.111666666666668, 4.111666653102389], 'rotations': [3.141592653589794, 3.1415926535897927, 3.141592653589793, 3.1415926535897927, 3.1415926801864194], 'orientations': ['upright', 'upright', 'upright', 'upright', 'upright'], 'contact': [[0], [1, 3], [2], [3, 1], [4]], 'grounded': ['yes', 'yes', 'yes', 'yes', 'yes'], 'follow_rule': True}, {'ids': [0, 1], 'colours': ['blue', 'green'], 'sizes': [3, 2], 'xpos': [3.5524715939940563, 4.614178430442784], 'ypos': [4.10762431175039, 4.107566759507666], 'rotations': [3.143510175416411, 3.1424928239210277], 'orientations': ['upright', 'upright'], 'contact': [[0], [1]], 'grounded': ['yes', 'yes'], 'follow_rule': False}, {'ids': [0, 1], 'colours': ['blue', 'green'], 'sizes': [2, 3], 'xpos': [4.053875426668838, 0.5053117029866029], 'ypos': [4.108261934951625, 4.069894850220787], 'rotations': [3.1436854060336135, 3.062194738815174], 'orientations': ['upright', 'upright'], 'contact': [[0], [1]], 'grounded': ['yes', 'yes'], 'follow_rule': False}, {'ids': [0, 1], 'colours': ['blue', 'blue'], 'sizes': [1, 3], 'xpos': [1.719649065234262, 1.8087217021896207], 'ypos': [4.1079462081613975, 4.10837708033281], 'rotations': [3.1410064144129746, 3.1389198990670137], 'orientations': ['upright', 'upright'], 'contact': [[0, 1], [1, 0]], 'grounded': ['yes', 'yes'], 'follow_rule': True}, {'ids': [0, 1], 'colours': ['green', 'blue'], 'sizes': [1, 3], 'xpos': [5.428636835847045, 5.5199588546227005], 'ypos': [4.10729538680566, 4.108239568387936], 'rotations': [3.1394226537047354, 3.140615554232184], 'orientations': ['upright', 'upright'], 'contact': [[0, 1], [1, 0]], 'grounded': ['yes', 'yes'], 'follow_rule': False}, {'ids': [0, 1], 'colours': ['red', 'red'], 'sizes': [1, 3], 'xpos': [1.6015073793720047, 1.6256649556375165], 'ypos': [4.108827362281447, 4.108201029629702], 'rotations': [3.1426587563747423, 3.1404612518943185], 'orientations': ['upright', 'upright'], 'contact': [[0], [1]], 'grounded': ['yes', 'yes'], 'follow_rule': False}, {'ids': [0, 1], 'colours': ['green', 'green'], 'sizes': [1, 3], 'xpos': [5.025904449794584, 5.117177192576749], 'ypos': [4.107731355593948, 4.107322897628857], 'rotations': [3.1443668797252817, 3.141185444963797], 'orientations': ['upright', 'upright'], 'contact': [[0, 1], [1, 0]], 'grounded': ['yes', 'yes'], 'follow_rule': False}, {'ids': [0, 1], 'colours': ['blue', 'blue'], 'sizes': [1, 2], 'xpos': [2.6275074713589595, 2.4471280981650088], 'ypos': [3.8307769625210395, 3.961400209674874], 'rotations': [1.212219062196145, 3.5159574435676357], 'orientations': ['lhs', 'upright'], 'contact': [[0, 1], [1, 0]], 'grounded': ['yes', 'yes'], 'follow_rule': True}, {'ids': [0, 1, 2, 3, 4, 5, 6, 7], 'colours': ['red', 'blue', 'blue', 'red', 'red', 'green', 'red', 'blue'], 'sizes': [3, 1, 2, 2, 3, 2, 1, 2], 'xpos': [3.73068127782473, 5.21143043275308, 0.628029634657912, 5.41985831114537, 3.73221495043733, 2.6881904061602, 2.69592462610732, 4.6441478837753], 'ypos': [4.15955293434237, 3.88040887163376, 3.77952636825576, 4.00866939013447, 3.84618730815599, 4.16046505787232, 3.36197381341272, 4.15735107629793], 'rotations': [3.14513282779734, 5.0677355060028, 5.0513292843393, 2.88192941289468, 3.14453575957132, 3.13858862708556, 2.60114260528712, 3.14253353812844], 'contact': [[0, 4], [1, 3], 2, [3, 1, 7], [4, 0], [5, 6], [6, 5], [7, 3]], 'grounded': ['yes', 'yes', 'yes', 'no', 'no', 'yes', 'no', 'yes']}, {'ids': [0, 1, 2, 3, 4], 'colours': ['green', 'red', 'red', 'blue', 'blue'], 'sizes': [3, 3, 3, 1, 1], 'xpos': [0.494087661193018, 3.9483348516538, 5.27168256714865, 5.34332261433319, 0.73624872055367], 'ypos': [4.03747541930378, 4.15789345817489, 3.68793264237984, 3.6957884966519, 3.12182877557111], 'rotations': [3.39186622255945, 3.13985318391394, 5.03796059957422, 0.88254982855712, 3.37051889969503], 'contact': [[0, 4], 1, [2, 3], [3, 2], [4, 0]], 'grounded': ['yes', 'yes', 'yes', 'yes', 'no']}, {'ids': [0, 1, 2, 3], 'colours': ['red', 'blue', 'blue', 'green'], 'sizes': [1, 1, 2, 2], 'xpos': [3.18059163568182, 0.310290458717288, 3.1806567054277, 2.31556998810598], 'ypos': [4.16168723431181, 4.15876638336768, 4.1487939044355, 4.15777861520172], 'rotations': [3.14159140357956, 3.14265904643877, 3.14147445775215, 3.14506697679819], 'contact': [[0, 2], 1, [2, 0], 3], 'grounded': ['yes', 'yes', 'no', 'yes']}, {'ids': [0, 1, 2], 'colours': ['red', 'blue', 'blue'], 'sizes': [2, 1, 1], 'xpos': [4.18368803941992, 0.414042657065262, 2.15035350734386], 'ypos': [3.77956682056473, 4.15748311487421, 3.8762597297667], 'rotations': [1.23393916549627, 3.14433838895914, 1.21175410086331], 'contact': [{'V1': 0, 'V2': 1, 'V3': 2}], 'grounded': ['yes', 'yes', 'yes']}, {'ids': [0, 1, 2, 3], 'colours': ['red', 'blue', 'green', 'green'], 'sizes': [1, 2, 3, 2], 'xpos': [3.51554594721066, 0.952630095552302, 1.15938786102465, 4.3365248890533], 'ypos': [4.15861023322789, 3.78844050360235, 3.68324865018165, 3.81210635173936], 'rotations': [3.13374769948046, 1.95279692618981, 5.03789515425762, 2.09958352806452], 'contact': [[0, 3], 1, 2, [3, 0]], 'grounded': ['yes', 'yes', 'yes', 'yes']}, {'ids': [0, 1, 2, 3, 4, 5, 6], 'colours': ['red', 'green', 'green', 'red', 'red', 'green', 'blue'], 'sizes': [2, 2, 1, 2, 3, 1, 2], 'xpos': [6.87642919084431, 0.500811040908878, 6.83118798955539, 0.500811040908877, 2.84733119936067, 4.8509860534385, 6.36697442237732], 'ypos': [4.16175085069598, 4.16166666666667, 3.43496091839389, 3.86081693802354, 3.68420776646255, 3.88048305615273, 3.30313545616522], 'rotations': [3.14149734712368, 3.14159265358979, 3.21473720201577, 3.1415926535898, 5.03748075887867, 5.06844557980735, 3.76206868572812], 'contact': [[0, 6, 2], [1, 3], [2, 0, 6], [3, 1], 4, 5, [6, 0, 2]], 'grounded': ['yes', 'yes', 'no', 'no', 'yes', 'yes', 'no']}, {'ids': [0, 1, 2, 3], 'colours': ['green', 'red', 'green', 'green'], 'sizes': [3, 2, 3, 1], 'xpos': [0.68898442305447, 3.35991414777035, 6.19696481477246, 0.285852488312505], 'ypos': [4.14082379374931, 3.77953993499473, 3.68347394204074, 3.22090721981064], 'rotations': [3.17946147794873, 5.05131141313782, 1.24390261182064, 2.78305328423849], 'contact': [[0, 3], 1, 2, [3, 0]], 'grounded': ['yes', 'yes', 'yes', 'no']}, {'ids': [0, 1, 2, 3, 4, 5], 'colours': ['blue', 'green', 'red', 'green', 'red', 'red'], 'sizes': [2, 1, 3, 3, 2, 2], 'xpos': [1.90901458039544, 3.20404317572615, 5.35557787085149, 2.21502873493383, 4.45133508655654, 0.411178438002497], 'ypos': [4.15997299836821, 3.9724254650111, 3.68341260130509, 3.66870790290145, 3.29547827552602, 4.15884184210246], 'rotations': [3.14582683698787, 3.82418159605204, 1.24456815445981, 4.50974799681394, 6.86637263771617, 3.14292060739547], 'contact': [[0, 3], [1, 3], [2, 4], [3, 0, 1], [4, 2], 5], 'grounded': ['yes', 'yes', 'yes', 'yes', 'yes', 'yes']}]","[True, True, True, True, False, False, False, False]","[False, True, True, True, True, True, True, True]","[False, False, False, False, False, False, False, False]","[True, False, False, False, False, False, False, False]","[True, True, True, True, False, False, False, False]","[True, True, True, True, True, True, True, True]","[False, False, False, False, False, False, False, False]","[False, False, False, False, False, False, False, False]",-0.125,0.0,-0.125,0.0,0.875,1.0,0.875,1.0,0.0,0.0,0.125,0.0,0.125,0.0,1.0,-3.670528848314328,-5.545177444479562,9.420499238308492,11.090354888959125,1.0,-8.18551228778293,-11.090354888959125,19.14361329780564,22.18070977791825,1.0502311195665048,"[1.0, 1.0, 1.0, 1.0, 1.0, 0.0, 1.0, 0.0, 1.0, 1.0, 1.0, 1.0, 1.0, 1.0, 1.0, 0.0135, 0.9530000000000001, 0.092, 0.5895, 0.5895, 1.0, 0.0, 0.0, 0.861, 1.0, 1.0, 1.0, 0.2925, 0.999, 0.999, 1.0, 0.7155, 0.0, 0.0, 1.0, 0.0, 0.0, 0.0, 1.0, 0.0, 0.0, 0.0, 1.0, 0.0, 0.0, 0.0, 1.0, 0.0, 1.0, 1.0, 1.0, 1.0, 0.0, 0.0, 0.0, 0.0, 1.0, 1.0, 1.0, 1.0, 0.935, 0.935, 0.935, 0.935, 1.0, 1.0, 1.0, 1.0, 0.0, 1.0, 0.0, 0.0, 0.0, 1.0, 1.0, 1.0, 1.0, 1.0, 1.0, 1.0, 1.0, 1.0, 1.0, 1.0, 0.0935, 0.0935, 0.0935, 0.0935, 1.0, 1.0, 1.0, 1.0, 1.0, 1.0, 1.0, 1.0, 1.0, 1.0, 1.0, 1.0, 1.0, 1.0, 1.0, 0.013000000000000001, 1.0, 1.0, 0.998, 1.0, 1.0, 0.002, 0.998, 0.002, 1.0, 1.0, 1.0, 1.0, 1.0, 1.0, 1.0, 0.0, 0.973, 1.0, 0.9530000000000001, 1.0, 0.8925000000000001, 0.9195, 0.17400000000000002, 0.201, 1.0, 1.0, 1.0, 1.0, 0.0, 0.0, 0.0, 0.0, 1.0, 1.0, 1.0, 0.24, 1.0, 1.0, 0.968, 1.0, 0.653, 0.653, 0.653, 1.0, 0.2535, 0.2535, 0.7035, 0.10300000000000001, 1.0, 1.0, 1.0, 1.0, 0.0, 1.0, 0.0, 0.0, 1.0, 1.0, 1.0, 0.012, 0.988, 0.988, 1.0, 1.0, 1.0, 0.0, 1.0, 1.0, 1.0, 0.0, 0.0, 1.0, 0.0, 0.0, 0.0, 1.0, 1.0, 0.0, 0.0, 0.0, 1.0, 1.0, 1.0, 1.0, 0.0, 0.0, 0.0, 0.0, 1.0, 1.0, 1.0, 1.0, 0.0, 0.0, 0.0, 0.0, 1.0, 1.0, 1.0, 1.0, 1.0, 1.0, 0.841, 1.0, 1.0, 1.0, 1.0, 1.0, 0.0, 0.0, 0.0, 0.0, 1.0, 1.0, 1.0, 1.0, 1.0, 1.0, 1.0, 0.0, 0.197, 0.0, 0.85, 0.653, 0.803, 0.0, 0.0, 0.0, 0.8525, 0.847, 0.9935, 0.847, 0.28300000000000003, 0.4305, 0.426, 0.426, 1.0, 1.0, 1.0, 1.0, 1.0, 1.0, 1.0, 0.0, 0.798, 1.0, 0.7995, 0.7995, 0.0275, 0.029, 0.2265, 0.1975, 1.0, 1.0, 1.0, 1.0, 0.0, 0.0, 0.0, 0.0, 0.862, 0.854, 0.8595, 0.8955000000000001, 0.045, 0.0005, 0.8695, 0.8505, 1.0, 1.0, 1.0, 0.022, 1.0, 1.0, 1.0, 0.978, 0.28400000000000003, 0.0145, 0.1885, 0.0275, 0.2755, 0.0, 0.0015, 0.013000000000000001, 0.0, 0.0, 0.0, 1.0, 1.0, 0.0, 0.0, 0.0, 1.0, 1.0, 1.0, 1.0, 0.0, 0.0, 0.0, 0.0, 1.0, 1.0, 1.0, 1.0, 1.0, 0.0, 1.0, 0.0, 1.0, 1.0, 1.0, 1.0, 1.0, 1.0, 1.0, 0.0, 1.0, 1.0, 1.0, 0.728, 0.8265, 0.5545, 0.5545, 0.8265, 1.0, 1.0, 1.0, 1.0, 1.0, 1.0, 1.0, 1.0, 1.0, 1.0, 1.0, 0.8715, 0.9365, 0.8695, 0.8695, 0.9365, 0.229, 0.229, 0.229, 0.229, 0.801, 0.03, 0.03, 0.801, 0.0, 0.0, 0.0, 1.0, 1.0, 0.0, 0.0, 0.0, 0.108, 0.114, 0.2315, 0.108, 0.114, 0.07050000000000001, 0.0495, 0.006, 1.0, 1.0, 1.0, 1.0, 0.0, 0.0, 0.0, 0.0, 0.8955000000000001, 0.895, 0.0115, 0.0, 0.883, 0.0, 0.0, 0.0, 1.0, 1.0, 1.0, 1.0, 0.0, 0.0, 0.0, 0.0, 0.902, 0.902, 0.902, 0.678, 0.88, 0.88, 0.902, 0.807, 1.0, 1.0, 1.0, 1.0, 0.0, 0.0, 0.0, 0.0, 1.0, 1.0, 1.0, 1.0, 1.0, 1.0, 1.0, 0.0, 1.0, 1.0, 1.0, 1.0, 0.0, 0.0, 0.0, 0.0, 1.0, 1.0, 1.0, 1.0, 0.008, 0.008, 0.008, 0.008, 1.0, 1.0, 1.0, 1.0, 1.0, 1.0, 1.0, 0.0, 1.0, 1.0, 1.0, 1.0, 1.0, 1.0, 0.6980000000000001, 1.0, 1.0, 1.0, 1.0, 1.0, 0.0, 0.0, 0.0, 0.0, 1.0, 1.0, 1.0, 1.0, 1.0, 1.0, 1.0, 0.0, 0.9530000000000001, 0.9530000000000001, 0.9530000000000001, 1.0, 1.0, 1.0, 0.641, 0.9530000000000001, 1.0, 1.0, 1.0, 1.0, 0.0, 0.0, 0.0, 0.0, 1.0, 1.0, 1.0, 1.0, 1.0, 1.0, 1.0, 1.0, 1.0, 1.0, 1.0, 1.0, 0.0, 0.0, 0.0, 0.0, 1.0, 1.0, 1.0, 1.0, 1.0, 1.0, 1.0, 1.0, 1.0, 1.0, 1.0, 1.0, 0.021500000000000002, 0.021500000000000002, 0.021500000000000002, 0.021500000000000002, 0.021500000000000002, 0.003, 0.02, 0.0095, 0.0095, 0.964, 0.9555, 0.0095, 1.0, 1.0, 1.0, 1.0, 1.0, 1.0, 1.0, 1.0, 1.0, 1.0, 1.0, 1.0, 0.0, 0.0, 0.0, 0.0, 1.0, 1.0, 1.0, 1.0, 0.0, 0.0, 1.0, 1.0, 1.0, 0.873, 0.198, 0.198, 1.0, 1.0, 0.6905, 1.0, 1.0, 1.0, 1.0, 1.0, 1.0, 1.0, 1.0, 0.0, 1.0, 0.999, 0.999, 1.0, 0.0025, 0.0025, 0.0025, 0.0025, 1.0, 1.0, 1.0, 1.0, 1.0, 0.686, 0.314, 0.0, 1.0, 1.0, 1.0, 1.0, 0.524, 0.524, 1.0, 0.47600000000000003, 1.0, 1.0, 1.0, 1.0, 0.008, 0.008, 0.008, 0.008, 0.9935, 0.9935, 0.9775, 0.9935, 0.9935, 0.0225, 0.988, 0.017, 1.0, 1.0, 1.0, 1.0, 0.0725, 0.0725, 0.0725, 0.0725, 0.041, 1.0, 1.0, 0.9590000000000001, 0.041, 0.9590000000000001, 1.0, 0.0, 0.7435, 0.9835, 0.7425, 0.986, 0.7435, 0.7435, 0.256, 0.987, 1.0, 0.005, 1.0, 1.0, 1.0, 0.005, 0.005, 1.0, 1.0, 1.0, 1.0, 1.0, 1.0, 1.0, 1.0, 0.0, 1.0, 1.0, 1.0, 1.0, 0.0, 0.0, 0.0, 0.0, 1.0, 1.0, 1.0, 1.0, 0.0, 0.0, 0.0, 0.0, 0.9705, 0.9705, 0.9145, 1.0, 0.8015, 0.8015, 0.9705, 0.7865, 1.0, 1.0, 1.0, 1.0, 0.0, 0.0, 0.0, 0.0, 1.0, 1.0, 1.0, 1.0, 0.0, 0.0, 0.0, 0.0, 1.0, 1.0, 1.0, 1.0, 0.0, 0.0, 0.0, 0.0, 1.0, 1.0, 1.0, 1.0, 1.0, 1.0, 1.0, 1.0]",-418.5875071169283,843.720363894191,-482.430437669722,964.860875339444,0.01,0.0,2.0794415416798357,1.0,-7.012187000291565,16.79696272282291,0.6334250289943713,"[1.0, 1.0, 1.0, 1.0, 1.0, 0.0, 1.0, 0.0, 1.0, 1.0, 1.0, 1.0, 1.0, 1.0, 1.0, 0.0, 0.0, 0.0, 0.0, 0.0, 0.0, 0.0, 0.0, 0.0, 1.0, 1.0, 1.0, 0.0, 0.0, 0.0, 1.0, 0.0, 0.0, 0.0, 1.0, 1.0, 0.0, 1.0, 1.0, 1.0, 1.0, 1.0, 1.0, 1.0, 0.0, 0.0, 1.0, 1.0, 1.0, 1.0, 1.0, 1.0, 0.0, 0.0, 0.0, 0.0, 1.0, 1.0, 1.0, 1.0, 0.0, 0.0, 0.0, 0.0, 0.0, 0.0, 0.0, 0.0, 0.0, 1.0, 1.0, 0.0, 1.0, 1.0, 1.0, 1.0, 0.0, 0.0, 0.0, 0.0, 1.0, 1.0, 1.0, 1.0, 0.0, 0.0, 0.0, 0.0, 1.0, 1.0, 1.0, 1.0, 1.0, 1.0, 0.0, 1.0, 1.0, 1.0, 1.0, 1.0, 1.0, 1.0, 1.0, 0.0, 1.0, 1.0, 1.0, 1.0, 1.0, 0.0, 1.0, 0.0, 0.0, 1.0, 0.0, 0.0, 1.0, 1.0, 1.0, 0.0, 1.0, 1.0, 0.0, 1.0, 1.0, 0.0, 0.0, 0.0, 1.0, 1.0, 1.0, 0.0, 1.0, 1.0, 1.0, 1.0, 1.0, 1.0, 1.0, 1.0, 0.0, 0.0, 0.0, 0.0, 1.0, 1.0, 1.0, 0.0, 0.0, 0.0, 1.0, 0.0, 0.0, 0.0, 1.0, 0.0, 0.0, 0.0, 0.0, 0.0, 1.0, 1.0, 1.0, 0.0, 0.0, 0.0, 1.0, 0.0, 0.0, 0.0, 0.0, 1.0, 0.0, 0.0, 0.0, 0.0, 0.0, 0.0, 0.0, 1.0, 0.0, 0.0, 0.0, 0.0, 1.0, 1.0, 1.0, 1.0, 0.0, 0.0, 0.0, 0.0, 1.0, 1.0, 1.0, 0.0, 0.0, 0.0, 1.0, 0.0, 1.0, 1.0, 1.0, 1.0, 0.0, 0.0, 0.0, 0.0, 1.0, 1.0, 1.0, 1.0, 0.0, 0.0, 0.0, 0.0, 1.0, 1.0, 1.0, 1.0, 1.0, 1.0, 1.0, 0.0, 0.0, 0.0, 0.0, 0.0, 1.0, 0.0, 0.0, 0.0, 1.0, 1.0, 1.0, 1.0, 1.0, 1.0, 1.0, 1.0, 1.0, 1.0, 1.0, 1.0, 1.0, 1.0, 1.0, 0.0, 0.0, 0.0, 0.0, 0.0, 0.0, 0.0, 0.0, 0.0, 0.0, 1.0, 0.0, 1.0, 0.0, 1.0, 0.0, 1.0, 0.0, 0.0, 0.0, 1.0, 0.0, 0.0, 0.0, 0.0, 1.0, 1.0, 1.0, 0.0, 0.0, 0.0, 1.0, 0.0, 1.0, 1.0, 1.0, 1.0, 1.0, 0.0, 1.0, 0.0, 0.0, 1.0, 1.0, 1.0, 0.0, 0.0, 0.0, 0.0, 1.0, 1.0, 1.0, 0.0, 1.0, 1.0, 1.0, 1.0, 0.0, 1.0, 1.0, 1.0, 0.0, 0.0, 0.0, 0.0, 1.0, 1.0, 1.0, 1.0, 1.0, 1.0, 1.0, 0.0, 1.0, 1.0, 1.0, 1.0, 0.0, 0.0, 0.0, 0.0, 1.0, 1.0, 1.0, 1.0, 0.0, 0.0, 0.0, 0.0, 0.0, 1.0, 0.0, 0.0, 0.0, 0.0, 0.0, 0.0, 1.0, 1.0, 1.0, 1.0, 1.0, 0.0, 1.0, 1.0, 0.0, 0.0, 0.0, 0.0, 0.0, 1.0, 1.0, 0.0, 1.0, 1.0, 1.0, 1.0, 1.0, 0.0, 1.0, 0.0, 1.0, 1.0, 1.0, 1.0, 1.0, 0.0, 1.0, 1.0, 0.0, 0.0, 0.0, 0.0, 0.0, 1.0, 1.0, 0.0, 1.0, 0.0, 0.0, 1.0, 0.0, 0.0, 0.0, 0.0, 1.0, 1.0, 1.0, 0.0, 0.0, 0.0, 1.0, 0.0, 1.0, 1.0, 1.0, 0.0, 0.0, 0.0, 0.0, 0.0, 1.0, 1.0, 1.0, 1.0, 1.0, 1.0, 1.0, 0.0, 0.0, 0.0, 0.0, 0.0, 0.0, 0.0, 0.0, 0.0, 1.0, 0.0, 1.0, 0.0, 0.0, 0.0, 0.0, 0.0, 1.0, 1.0, 1.0, 1.0, 1.0, 1.0, 1.0, 0.0, 1.0, 1.0, 1.0, 1.0, 1.0, 1.0, 0.0, 1.0, 1.0, 1.0, 1.0, 1.0, 0.0, 0.0, 0.0, 0.0, 1.0, 1.0, 1.0, 1.0, 1.0, 1.0, 1.0, 0.0, 0.0, 1.0, 1.0, 1.0, 0.0, 0.0, 0.0, 0.0, 1.0, 1.0, 1.0, 1.0, 0.0, 0.0, 0.0, 0.0, 1.0, 0.0, 1.0, 0.0, 0.0, 0.0, 0.0, 0.0, 1.0, 1.0, 1.0, 1.0, 1.0, 0.0, 1.0, 0.0, 1.0, 1.0, 1.0, 0.0, 1.0, 1.0, 0.0, 1.0, 1.0, 1.0, 1.0, 1.0, 0.0, 0.0, 0.0, 0.0, 0.0, 0.0, 0.0, 0.0, 0.0, 1.0, 0.0, 0.0, 1.0, 1.0, 1.0, 1.0, 0.0, 0.0, 0.0, 0.0, 0.0, 0.0, 0.0, 0.0, 0.0, 0.0, 0.0, 0.0, 1.0, 0.0, 1.0, 0.0, 0.0, 0.0, 0.0, 0.0, 1.0, 1.0, 0.0, 0.0, 1.0, 1.0, 1.0, 1.0, 1.0, 1.0, 1.0, 1.0, 1.0, 1.0, 1.0, 1.0, 1.0, 1.0, 1.0, 1.0, 1.0, 0.0, 1.0, 1.0, 0.0, 1.0, 0.0, 1.0, 0.0, 1.0, 0.0, 0.0, 1.0, 1.0, 1.0, 1.0, 0.0, 0.0, 1.0, 0.0, 1.0, 1.0, 1.0, 1.0, 0.0, 0.0, 0.0, 0.0, 0.0, 0.0, 0.0, 1.0, 0.0, 0.0, 0.0, 0.0, 1.0, 1.0, 1.0, 1.0, 0.0, 0.0, 0.0, 0.0, 0.0, 1.0, 1.0, 1.0, 0.0, 1.0, 1.0, 0.0, 1.0, 1.0, 1.0, 1.0, 0.0, 0.0, 0.0, 0.0, 1.0, 0.0, 1.0, 1.0, 1.0, 0.0, 0.0, 1.0, 1.0, 1.0, 1.0, 1.0, 1.0, 1.0, 1.0, 0.0, 0.0, 1.0, 1.0, 1.0, 1.0, 1.0, 0.0, 0.0, 1.0, 1.0, 1.0, 1.0, 0.0, 0.0, 0.0, 0.0, 1.0, 1.0, 1.0, 0.0, 0.0, 0.0, 1.0, 0.0, 1.0, 1.0, 1.0, 1.0, 0.0, 0.0, 0.0, 0.0, 0.0, 0.0, 0.0, 0.0, 0.0, 0.0, 0.0, 0.0, 0.0, 1.0, 0.0, 1.0, 0.0, 1.0, 1.0, 0.0, 1.0, 1.0, 1.0, 1.0, 1.0, 0.0, 0.0, 1.0]",-318.3726801373107,643.2907099349558,0.01,0.0,-5.545177444479562,2.0794415416798357,11.090354888959125,1.0,-7.012187000291565,-11.090354888959125,16.79696272282291,22.18070977791825,0.6173530694834558,"[1.0, 1.0, 1.0, 1.0, 1.0, 0.0, 1.0, 0.0, 1.0, 1.0, 1.0, 1.0, 1.0, 1.0, 1.0, 0.0, 0.0, 0.0, 0.0, 0.0, 0.0, 0.0, 0.0, 0.0, 1.0, 1.0, 1.0, 0.0, 0.0, 0.0, 1.0, 0.0, 0.0, 0.0, 1.0, 1.0, 0.0, 1.0, 1.0, 1.0, 0.0, 0.0, 0.0, 0.0, 0.0, 0.0, 0.0, 0.0, 1.0, 1.0, 1.0, 1.0, 0.0, 0.0, 0.0, 0.0, 1.0, 1.0, 1.0, 1.0, 0.0, 0.0, 0.0, 0.0, 0.0, 0.0, 0.0, 0.0, 0.0, 1.0, 1.0, 0.0, 0.0, 0.0, 0.0, 1.0, 0.0, 0.0, 0.0, 0.0, 1.0, 1.0, 1.0, 1.0, 0.0, 0.0, 0.0, 0.0, 0.0, 0.0, 0.0, 0.0, 1.0, 1.0, 0.0, 1.0, 1.0, 1.0, 1.0, 1.0, 1.0, 1.0, 1.0, 0.0, 1.0, 1.0, 1.0, 1.0, 1.0, 0.0, 1.0, 0.0, 0.0, 1.0, 0.0, 0.0, 1.0, 1.0, 1.0, 0.0, 1.0, 1.0, 0.0, 1.0, 1.0, 0.0, 0.0, 0.0, 1.0, 1.0, 1.0, 0.0, 1.0, 1.0, 1.0, 1.0, 1.0, 1.0, 1.0, 1.0, 0.0, 0.0, 0.0, 0.0, 1.0, 1.0, 1.0, 0.0, 0.0, 0.0, 1.0, 0.0, 0.0, 0.0, 1.0, 0.0, 0.0, 0.0, 0.0, 0.0, 1.0, 1.0, 1.0, 0.0, 0.0, 0.0, 1.0, 0.0, 0.0, 0.0, 0.0, 1.0, 0.0, 0.0, 0.0, 0.0, 0.0, 0.0, 0.0, 1.0, 0.0, 0.0, 0.0, 0.0, 1.0, 1.0, 1.0, 1.0, 0.0, 0.0, 0.0, 0.0, 1.0, 1.0, 1.0, 0.0, 0.0, 0.0, 1.0, 0.0, 1.0, 1.0, 1.0, 1.0, 0.0, 0.0, 0.0, 0.0, 1.0, 1.0, 1.0, 1.0, 0.0, 0.0, 0.0, 0.0, 1.0, 1.0, 1.0, 1.0, 1.0, 1.0, 1.0, 0.0, 0.0, 0.0, 0.0, 0.0, 1.0, 0.0, 0.0, 0.0, 1.0, 1.0, 1.0, 1.0, 1.0, 1.0, 1.0, 1.0, 1.0, 1.0, 1.0, 1.0, 1.0, 1.0, 1.0, 0.0, 0.0, 0.0, 0.0, 0.0, 0.0, 0.0, 0.0, 0.0, 0.0, 1.0, 0.0, 1.0, 0.0, 1.0, 0.0, 1.0, 0.0, 0.0, 0.0, 1.0, 0.0, 0.0, 0.0, 0.0, 1.0, 1.0, 1.0, 0.0, 0.0, 0.0, 1.0, 0.0, 1.0, 1.0, 1.0, 1.0, 1.0, 0.0, 1.0, 0.0, 0.0, 1.0, 1.0, 1.0, 0.0, 0.0, 0.0, 0.0, 1.0, 1.0, 1.0, 0.0, 1.0, 1.0, 1.0, 1.0, 0.0, 1.0, 1.0, 1.0, 0.0, 0.0, 0.0, 0.0, 1.0, 1.0, 1.0, 1.0, 1.0, 1.0, 1.0, 0.0, 1.0, 1.0, 1.0, 1.0, 0.0, 0.0, 0.0, 0.0, 1.0, 1.0, 1.0, 1.0, 0.0, 0.0, 0.0, 0.0, 0.0, 1.0, 0.0, 0.0, 0.0, 0.0, 0.0, 0.0, 0.0, 0.0, 0.0, 0.0, 0.0, 0.0, 0.0, 0.0, 1.0, 0.0, 1.0, 1.0, 1.0, 0.0, 0.0, 1.0, 1.0, 1.0, 1.0, 1.0, 1.0, 0.0, 1.0, 0.0, 1.0, 1.0, 1.0, 1.0, 1.0, 0.0, 1.0, 1.0, 0.0, 0.0, 0.0, 0.0, 0.0, 1.0, 1.0, 0.0, 1.0, 0.0, 0.0, 1.0, 0.0, 0.0, 0.0, 0.0, 1.0, 1.0, 1.0, 0.0, 0.0, 0.0, 1.0, 0.0, 1.0, 1.0, 1.0, 0.0, 0.0, 0.0, 0.0, 0.0, 1.0, 1.0, 1.0, 1.0, 1.0, 1.0, 1.0, 0.0, 0.0, 0.0, 0.0, 0.0, 0.0, 0.0, 0.0, 0.0, 1.0, 0.0, 1.0, 0.0, 0.0, 0.0, 0.0, 0.0, 1.0, 1.0, 1.0, 1.0, 1.0, 1.0, 1.0, 0.0, 1.0, 1.0, 1.0, 1.0, 1.0, 1.0, 0.0, 1.0, 1.0, 1.0, 1.0, 1.0, 0.0, 0.0, 0.0, 0.0, 1.0, 1.0, 1.0, 1.0, 1.0, 1.0, 1.0, 0.0, 0.0, 1.0, 1.0, 1.0, 0.0, 0.0, 0.0, 0.0, 1.0, 1.0, 1.0, 1.0, 0.0, 0.0, 0.0, 0.0, 1.0, 0.0, 1.0, 0.0, 0.0, 0.0, 0.0, 0.0, 1.0, 1.0, 1.0, 1.0, 1.0, 0.0, 1.0, 0.0, 1.0, 1.0, 1.0, 0.0, 1.0, 1.0, 0.0, 1.0, 1.0, 1.0, 1.0, 1.0, 0.0, 0.0, 0.0, 0.0, 0.0, 0.0, 0.0, 0.0, 0.0, 1.0, 0.0, 0.0, 1.0, 1.0, 1.0, 1.0, 0.0, 0.0, 0.0, 0.0, 0.0, 0.0, 0.0, 0.0, 0.0, 0.0, 0.0, 0.0, 1.0, 0.0, 1.0, 0.0, 0.0, 0.0, 0.0, 0.0, 1.0, 1.0, 0.0, 0.0, 1.0, 1.0, 1.0, 1.0, 1.0, 1.0, 1.0, 1.0, 1.0, 1.0, 1.0, 1.0, 1.0, 1.0, 1.0, 1.0, 1.0, 0.0, 1.0, 1.0, 0.0, 1.0, 0.0, 1.0, 0.0, 1.0, 0.0, 0.0, 1.0, 1.0, 1.0, 1.0, 0.0, 0.0, 1.0, 0.0, 1.0, 1.0, 1.0, 1.0, 0.0, 0.0, 0.0, 0.0, 0.0, 0.0, 0.0, 1.0, 0.0, 0.0, 0.0, 0.0, 1.0, 1.0, 1.0, 1.0, 0.0, 0.0, 0.0, 0.0, 0.0, 1.0, 1.0, 1.0, 0.0, 1.0, 1.0, 0.0, 1.0, 1.0, 1.0, 1.0, 0.0, 0.0, 0.0, 0.0, 1.0, 0.0, 1.0, 1.0, 1.0, 0.0, 0.0, 1.0, 1.0, 1.0, 1.0, 1.0, 1.0, 1.0, 1.0, 0.0, 0.0, 0.0, 1.0, 0.0, 0.0, 1.0, 0.0, 0.0, 1.0, 1.0, 1.0, 1.0, 0.0, 0.0, 0.0, 0.0, 1.0, 1.0, 1.0, 0.0, 0.0, 0.0, 1.0, 0.0, 1.0, 1.0, 1.0, 1.0, 0.0, 0.0, 0.0, 0.0, 0.0, 0.0, 0.0, 0.0, 0.0, 0.0, 0.0, 0.0, 0.0, 1.0, 0.0, 1.0, 0.0, 1.0, 1.0, 0.0, 1.0, 1.0, 1.0, 1.0, 1.0, 0.0, 0.0, 1.0]",-311.9759791000219,630.4973078603782,-482.430437669722,964.860875339444,0.01,0.0,-5.545177444479562,2.0794415416798357,11.090354888959125,0.9102401122128739,-8.997362313902647,-11.090354888959125,20.767313350045075,22.18070977791825,1.0908740239314543,"[0.0, 0.0, 1.0, 0.0, 0.0, 0.0, 0.0, 0.0, 1.0, 1.0, 1.0, 1.0, 0.877, 0.877, 0.877, 0.0, 1.0, 0.259, 1.0, 1.0, 0.8015, 0.0, 0.259, 1.0, 1.0, 1.0, 1.0, 1.0, 1.0, 1.0, 1.0, 0.0, 0.0, 0.0, 1.0, 0.0, 0.0, 0.0, 1.0, 0.0, 0.0, 0.0, 1.0, 0.0, 0.0, 0.0, 1.0, 0.0, 0.0, 0.0, 0.0, 0.0775, 0.0, 0.0, 0.1635, 0.47100000000000003, 1.0, 1.0, 1.0, 1.0, 0.0, 0.0, 0.0, 0.0, 0.0, 0.0, 0.0, 0.0, 0.0, 0.0, 0.0, 0.0, 1.0, 1.0, 1.0, 1.0, 1.0, 1.0, 1.0, 0.0, 1.0, 1.0, 1.0, 1.0, 0.0, 0.0, 0.0, 0.0, 0.0, 0.0, 0.0, 0.0, 0.0, 0.113, 0.113, 0.0, 0.0, 0.0, 0.0, 1.0, 0.0, 0.0, 0.0, 0.0, 1.0, 1.0, 1.0, 1.0, 0.0, 0.0, 0.0, 0.0, 0.9995, 1.0, 1.0, 0.663, 1.0, 1.0, 1.0, 0.353, 1.0, 1.0, 1.0, 1.0, 0.082, 0.082, 0.0, 0.0, 0.973, 1.0, 0.7655000000000001, 0.605, 0.973, 1.0, 1.0, 0.368, 0.0, 0.0, 1.0, 0.0, 1.0, 0.0, 1.0, 0.0, 1.0, 1.0, 1.0, 1.0, 0.0, 0.0, 1.0, 0.0, 1.0, 1.0, 1.0, 1.0, 0.0, 0.9465, 0.0, 0.0, 0.666, 1.0, 0.666, 0.666, 0.0, 0.0, 0.7975, 0.0, 0.0, 0.9430000000000001, 0.0, 1.0, 1.0, 0.0, 0.0, 0.0, 0.0, 1.0, 0.0, 0.0, 0.0, 0.0, 0.0, 0.0, 1.0, 1.0, 1.0, 1.0, 0.0, 0.0, 0.0, 0.0, 1.0, 1.0, 1.0, 1.0, 1.0, 1.0, 1.0, 0.0005, 1.0, 1.0, 1.0, 1.0, 1.0, 1.0, 0.0, 1.0, 1.0, 1.0, 1.0, 1.0, 0.0, 0.0, 0.0, 0.0, 1.0, 1.0, 1.0, 1.0, 1.0, 1.0, 1.0, 0.0, 1.0, 0.0, 1.0, 0.0, 0.0, 0.0, 0.0, 0.0, 0.0, 1.0, 0.0, 1.0, 0.0, 1.0, 0.0, 1.0, 1.0, 1.0, 1.0, 1.0, 1.0, 1.0, 1.0, 0.0, 1.0, 0.0, 1.0, 1.0, 1.0, 0.0, 0.0, 1.0, 1.0, 1.0, 1.0, 1.0, 1.0, 1.0, 1.0, 1.0, 0.0, 0.9580000000000001, 0.0, 0.0, 0.0, 0.0, 0.0045000000000000005, 0.0, 0.0, 0.0, 0.0, 0.0, 0.0, 0.0, 0.0, 1.0, 0.0, 0.0, 0.0005, 0.0, 0.0, 0.0, 0.0, 0.0, 0.0, 1.0, 0.0, 0.0, 0.0, 0.0, 0.0, 0.0, 1.0, 1.0, 1.0, 0.001, 0.001, 0.001, 1.0, 0.0, 0.0, 0.0, 0.6225, 0.0, 0.0, 0.0, 0.0, 0.0, 1.0, 1.0, 1.0, 1.0, 0.0, 0.0, 0.0, 0.0, 0.0, 0.0, 0.0, 0.0, 0.0, 0.0, 0.0, 0.0, 1.0, 1.0, 1.0, 1.0, 1.0, 1.0, 1.0, 0.0, 0.0, 0.0, 0.0, 1.0, 0.0, 0.0, 1.0, 0.0, 1.0, 1.0, 1.0, 1.0, 0.0, 0.0, 0.0, 0.0, 0.0, 1.0, 0.0, 0.0, 1.0, 0.0, 0.0, 1.0, 1.0, 1.0, 1.0, 1.0, 0.0, 0.0, 0.0, 0.0, 1.0, 1.0, 1.0, 1.0, 1.0, 0.0, 1.0, 1.0, 0.0, 0.0005, 0.0, 0.0, 0.0, 0.38, 0.0, 0.0, 1.0, 1.0, 1.0, 1.0, 0.0, 0.0, 0.0, 0.0, 1.0, 1.0, 1.0, 0.999, 1.0, 1.0, 1.0, 0.0195, 1.0, 1.0, 1.0, 1.0, 0.0, 0.0, 0.0, 0.0, 0.0, 0.6285000000000001, 0.0, 0.328, 0.0, 0.0, 0.6285000000000001, 0.0, 0.0, 0.0, 0.0, 0.0, 0.0, 0.0, 0.0, 1.0, 1.0, 1.0, 1.0, 1.0, 0.0, 0.0, 0.0, 0.0, 1.0, 1.0, 1.0, 1.0, 1.0, 1.0, 1.0, 0.0, 1.0, 1.0, 1.0, 1.0, 1.0, 1.0, 0.0375, 1.0, 1.0, 1.0, 1.0, 1.0, 0.0, 0.0, 0.0, 0.0, 1.0, 1.0, 1.0, 1.0, 1.0, 1.0, 1.0, 0.0, 1.0, 1.0, 1.0, 1.0, 1.0, 1.0, 0.0, 1.0, 1.0, 1.0, 1.0, 1.0, 0.0, 0.0, 0.0, 0.0, 1.0, 1.0, 1.0, 1.0, 1.0, 1.0, 1.0, 1.0, 0.0, 0.0, 0.4395, 0.0, 0.0, 0.0, 0.001, 1.0, 0.0, 0.0, 0.0, 0.0, 0.0, 0.0, 0.0, 0.0, 1.0, 1.0, 1.0, 0.0, 1.0, 0.0, 0.0, 1.0, 0.0, 0.0, 1.0, 1.0, 1.0, 0.0, 0.0, 0.0, 0.0, 0.0, 0.0, 0.0, 0.0, 0.0, 0.0, 0.0, 1.0, 1.0, 1.0, 1.0, 0.0, 0.0, 0.0, 0.0, 0.0, 0.0, 0.0, 0.0, 0.0, 1.0, 0.0, 0.0, 1.0, 1.0, 1.0, 1.0, 0.0, 0.4945, 0.0, 0.0, 1.0, 1.0, 1.0, 1.0, 0.0, 0.0, 1.0, 1.0, 1.0, 1.0, 1.0, 1.0, 0.0, 0.0, 0.0, 0.0, 1.0, 1.0, 1.0, 1.0, 1.0, 0.704, 0.296, 0.0, 1.0, 1.0, 1.0, 1.0, 0.0, 0.0, 1.0, 1.0, 1.0, 1.0, 1.0, 1.0, 0.0, 0.0, 0.0, 0.0, 0.006, 1.0, 0.006, 0.708, 0.298, 1.0, 0.298, 1.0, 1.0, 1.0, 1.0, 1.0, 0.0, 0.0, 0.0, 0.0, 1.0, 0.0, 1.0, 1.0, 1.0, 0.0, 0.0, 1.0, 0.0, 1.0, 1.0, 1.0, 0.0, 0.0, 0.0, 0.0, 1.0, 0.224, 1.0, 1.0, 0.776, 0.0, 0.224, 1.0, 1.0, 1.0, 1.0, 1.0, 0.0, 0.0, 0.0, 0.0, 1.0, 1.0, 0.0, 1.0, 1.0, 1.0, 0.0, 1.0, 1.0, 1.0, 1.0, 1.0, 0.0, 0.0, 0.0, 0.0, 1.0, 1.0, 1.0, 1.0, 1.0, 1.0, 1.0, 0.0, 1.0, 1.0, 1.0, 1.0, 0.0, 0.0, 0.0, 0.0, 0.0, 0.0, 0.0, 0.0, 0.0, 0.0, 0.0, 0.0, 1.0, 0.4865, 1.0, 1.0, 1.0, 0.0075, 0.4865, 1.0, 0.0225, 0.0, 0.0, 0.9775, 0.0, 0.0, 0.0, 0.0]",-419.18595103414617,844.9172517286268,-482.430437669722,964.860875339444,0.01,0.0,-5.545177444479562,2.0794415416798357,11.090354888959125,1.0,-7.012187000291565,-11.090354888959125,16.79696272282291,22.18070977791825,0.5787520451143159,"[1.0, 1.0, 1.0, 1.0, 1.0, 0.0, 1.0, 0.0, 1.0, 1.0, 1.0, 1.0, 1.0, 1.0, 1.0, 0.0, 0.0, 0.0, 0.0, 0.0, 0.0, 0.0, 0.0, 0.0, 1.0, 1.0, 1.0, 1.0, 0.0, 0.0, 1.0, 0.0, 0.0, 0.0, 0.0, 0.0, 0.0, 1.0, 0.0, 0.0, 0.0, 0.0, 0.0, 0.0, 0.0, 0.0, 0.0, 0.0, 1.0, 1.0, 1.0, 1.0, 0.0, 0.0, 0.0, 0.0, 1.0, 1.0, 1.0, 1.0, 0.0, 0.0, 0.0, 0.0, 0.0, 0.0, 0.0, 0.0, 0.0, 1.0, 1.0, 0.0, 1.0, 1.0, 1.0, 1.0, 0.0, 0.0, 0.0, 0.0, 1.0, 1.0, 1.0, 1.0, 0.0, 0.0, 0.0, 0.0, 0.0, 0.0, 0.0, 0.0, 0.0, 0.0, 0.0, 0.0, 1.0, 1.0, 1.0, 1.0, 1.0, 1.0, 1.0, 0.0, 1.0, 1.0, 1.0, 1.0, 1.0, 0.0, 1.0, 0.0, 0.0, 1.0, 0.0, 0.0, 1.0, 1.0, 1.0, 0.0, 1.0, 1.0, 0.0, 1.0, 1.0, 0.0, 0.0, 0.0, 1.0, 1.0, 1.0, 0.0, 1.0, 1.0, 1.0, 1.0, 1.0, 1.0, 1.0, 1.0, 0.0, 0.0, 0.0, 0.0, 1.0, 1.0, 1.0, 0.0, 0.0, 0.0, 1.0, 0.0, 0.0, 0.0, 1.0, 0.0, 0.0, 0.0, 0.0, 0.0, 1.0, 1.0, 1.0, 0.0, 0.0, 0.0, 1.0, 0.0, 0.0, 0.0, 0.0, 1.0, 0.0, 0.0, 0.0, 0.0, 0.0, 0.0, 0.0, 1.0, 0.0, 0.0, 0.0, 0.0, 1.0, 1.0, 1.0, 1.0, 0.0, 0.0, 0.0, 0.0, 1.0, 1.0, 1.0, 0.0, 0.0, 0.0, 1.0, 0.0, 1.0, 1.0, 1.0, 1.0, 0.0, 0.0, 0.0, 0.0, 1.0, 1.0, 1.0, 1.0, 0.0, 0.0, 0.0, 0.0, 1.0, 1.0, 1.0, 1.0, 1.0, 1.0, 1.0, 0.0, 0.0, 0.0, 0.0, 0.0, 1.0, 0.0, 0.0, 0.0, 1.0, 1.0, 1.0, 1.0, 1.0, 1.0, 1.0, 1.0, 1.0, 1.0, 1.0, 1.0, 1.0, 1.0, 1.0, 0.0, 0.0, 0.0, 0.0, 0.0, 0.0, 0.0, 0.0, 0.0, 0.0, 1.0, 0.0, 1.0, 0.0, 1.0, 0.0, 1.0, 0.0, 0.0, 0.0, 1.0, 0.0, 0.0, 0.0, 0.0, 1.0, 1.0, 1.0, 0.0, 0.0, 0.0, 1.0, 0.0, 0.0, 0.0, 1.0, 0.0, 0.0, 0.0, 0.0, 0.0, 0.0, 1.0, 1.0, 1.0, 0.0, 0.0, 0.0, 0.0, 1.0, 1.0, 1.0, 0.0, 1.0, 1.0, 1.0, 1.0, 0.0, 0.0, 1.0, 0.0, 0.0, 0.0, 0.0, 0.0, 1.0, 1.0, 1.0, 1.0, 1.0, 1.0, 1.0, 0.0, 1.0, 1.0, 1.0, 1.0, 0.0, 0.0, 0.0, 0.0, 1.0, 1.0, 1.0, 1.0, 0.0, 0.0, 0.0, 0.0, 0.0, 1.0, 0.0, 0.0, 0.0, 0.0, 0.0, 0.0, 0.0, 0.0, 0.0, 0.0, 0.0, 0.0, 0.0, 0.0, 0.0, 0.0, 0.0, 0.0, 0.0, 0.0, 0.0, 0.0, 1.0, 1.0, 0.0, 1.0, 1.0, 0.0, 1.0, 0.0, 1.0, 1.0, 1.0, 1.0, 1.0, 0.0, 1.0, 1.0, 0.0, 0.0, 0.0, 0.0, 0.0, 1.0, 1.0, 0.0, 1.0, 0.0, 0.0, 1.0, 0.0, 0.0, 0.0, 0.0, 1.0, 1.0, 1.0, 0.0, 0.0, 0.0, 1.0, 0.0, 1.0, 1.0, 1.0, 0.0, 0.0, 0.0, 0.0, 0.0, 1.0, 1.0, 1.0, 1.0, 1.0, 1.0, 1.0, 0.0, 0.0, 0.0, 0.0, 0.0, 0.0, 0.0, 0.0, 0.0, 1.0, 0.0, 1.0, 0.0, 0.0, 0.0, 0.0, 0.0, 1.0, 1.0, 1.0, 1.0, 1.0, 1.0, 1.0, 0.0, 1.0, 1.0, 1.0, 1.0, 1.0, 1.0, 0.0, 1.0, 1.0, 1.0, 1.0, 1.0, 0.0, 0.0, 0.0, 0.0, 1.0, 1.0, 1.0, 1.0, 1.0, 1.0, 1.0, 0.0, 0.0, 1.0, 1.0, 1.0, 0.0, 0.0, 0.0, 0.0, 1.0, 1.0, 1.0, 1.0, 0.0, 0.0, 0.0, 0.0, 1.0, 0.0, 1.0, 0.0, 0.0, 0.0, 0.0, 0.0, 1.0, 1.0, 1.0, 1.0, 1.0, 0.0, 1.0, 0.0, 1.0, 1.0, 1.0, 0.0, 1.0, 1.0, 0.0, 1.0, 1.0, 1.0, 1.0, 1.0, 0.0, 0.0, 0.0, 0.0, 0.0, 0.0, 0.0, 0.0, 0.0, 0.0, 0.0, 0.0, 1.0, 1.0, 1.0, 1.0, 0.0, 0.0, 0.0, 0.0, 0.0, 0.0, 0.0, 0.0, 0.0, 0.0, 0.0, 0.0, 0.0, 0.0, 0.0, 0.0, 0.0, 0.0, 0.0, 0.0, 1.0, 1.0, 0.0, 0.0, 1.0, 1.0, 1.0, 1.0, 1.0, 1.0, 1.0, 1.0, 1.0, 1.0, 1.0, 1.0, 1.0, 1.0, 1.0, 1.0, 1.0, 0.0, 1.0, 1.0, 0.0, 1.0, 0.0, 1.0, 0.0, 1.0, 0.0, 0.0, 1.0, 1.0, 1.0, 1.0, 0.0, 0.0, 1.0, 0.0, 1.0, 1.0, 1.0, 1.0, 0.0, 0.0, 0.0, 0.0, 0.0, 0.0, 0.0, 1.0, 0.0, 0.0, 0.0, 0.0, 1.0, 1.0, 1.0, 1.0, 0.0, 0.0, 0.0, 0.0, 0.0, 1.0, 1.0, 1.0, 0.0, 1.0, 1.0, 0.0, 1.0, 1.0, 1.0, 1.0, 0.0, 0.0, 0.0, 0.0, 1.0, 0.0, 1.0, 1.0, 1.0, 0.0, 0.0, 1.0, 1.0, 1.0, 1.0, 1.0, 1.0, 1.0, 1.0, 0.0, 0.0, 1.0, 1.0, 1.0, 1.0, 1.0, 0.0, 0.0, 1.0, 1.0, 1.0, 1.0, 0.0, 0.0, 0.0, 0.0, 1.0, 1.0, 1.0, 0.0, 0.0, 0.0, 1.0, 0.0, 1.0, 1.0, 1.0, 1.0, 0.0, 0.0, 0.0, 0.0, 0.0, 0.0, 0.0, 0.0, 0.0, 0.0, 0.0, 0.0, 0.0, 0.0, 1.0, 1.0, 0.0, 0.0, 0.0, 0.0, 1.0, 1.0, 1.0, 1.0, 1.0, 0.0, 0.0, 1.0]",-295.2442605392121,597.0338707387587,-482.430437669722,964.860875339444,0.9102401122128739,-8.997362313902647,20.767313350045075,1.2846122460949685,-433.45128860920846,873.4479268787513,True,True,True,True,True,0.8125,1.0,0.8125,1.0,0.8125,1.0,0.8125,1.0,0.8125,1.0,0.8125,1.0,"Z.atleast(lambda x1: Z.equal(x1,'blue','colour'),2,X)","Z.atleast(lambda x1: Z.equal(x1,'blue','colour'),2,X)","Z.atleast(lambda x1: Z.equal(x1,'blue','colour'),2,X)","Z.atleast(lambda x1: Z.equal(x1,'blue','colour'),2,X)",1.0,0.75,1.0,1.0,1.0,0.7083333333333334,0.6982758620689655,0.6867816091954023,0.6954022988505747,0.6925287356321839,5.241379310344827,0,0,0,0,0,0
76,91,174,RLWUHB7DXT,T_VtQzEX9IiJR_g7AAAJ,Omega,all are blue OR small,"[False, True, True, True, False, False, False, False]","[False, True, True, True, False, False, False, False]",0.875,0.875,There must be at least one or two blue cones.,[['x1']],"Z.atleast(lambda x1: Z.equal(x1,'blue','colour'),1,X)",There must be at least one or two blue cones.,"[{'ids': [0, 1, 2], 'colours': ['green', 'blue', 'green'], 'sizes': [1, 2, 1], 'xpos': [0.36959413505621275, 3.3555395866775566, 2.6478519224999433], 'ypos': [4.111666666666668, 4.111646661557346, 4.107683490415345], 'rotations': [3.141592653589794, 3.141570133408743, 3.145070980983599], 'orientations': ['upright', 'upright', 'upright'], 'contact': [[0], [1, 2], [2, 1]], 'grounded': ['yes', 'yes', 'yes'], 'follow_rule': True}, {'ids': [0, 1], 'colours': ['red', 'green'], 'sizes': [2, 3], 'xpos': [0.413114923322413, 4.994698226220771], 'ypos': [4.108390994595822, 4.107446902669904], 'rotations': [3.141233902089035, 3.1383396153757777], 'orientations': ['upright', 'upright'], 'contact': [[0], [1]], 'grounded': ['yes', 'yes'], 'follow_rule': False}, {'ids': [0, 1], 'colours': ['green', 'blue'], 'sizes': [1, 2], 'xpos': [4.978402700584039, 1.7818756155171458], 'ypos': [4.107581070328564, 4.108225747339683], 'rotations': [3.1385859724330643, 3.144155071957424], 'orientations': ['upright', 'upright'], 'contact': [[0], [1]], 'grounded': ['yes', 'yes'], 'follow_rule': True}, {'ids': [0, 1], 'colours': ['green', 'blue'], 'sizes': [1, 1], 'xpos': [1.1704728297949072, 1.8090999325094563], 'ypos': [4.109205623395497, 4.108644284676115], 'rotations': [3.142825215740448, 3.1421115495132024], 'orientations': ['upright', 'upright'], 'contact': [[0], [1]], 'grounded': ['yes', 'yes'], 'follow_rule': True}, {'ids': [0, 1], 'colours': ['red', 'blue'], 'sizes': [1, 2], 'xpos': [1.3704715841402544, 2.232008073797424], 'ypos': [4.111099590176626, 4.107929243514135], 'rotations': [3.1434829096822643, 3.144631975450181], 'orientations': ['upright', 'upright'], 'contact': [[0], [1]], 'grounded': ['yes', 'yes'], 'follow_rule': True}, {'ids': [0, 1], 'colours': ['blue', 'blue'], 'sizes': [2, 2], 'xpos': [6.403377793576339, 3.081608375549789], 'ypos': [3.7307789587273645, 3.729410250420023], 'rotations': [1.2333019181108624, 5.050809523816039], 'orientations': ['lhs', 'rhs'], 'contact': [[0], [1]], 'grounded': ['yes', 'yes'], 'follow_rule': True}, {'ids': [0, 1, 2], 'colours': ['blue', 'blue', 'blue'], 'sizes': [3, 2, 1], 'xpos': [1.877323350392978, 0.3273961477029201, 2.0298158128031494], 'ypos': [4.112172281673405, 3.8723042664179115, 3.2789541266967275], 'rotations': [3.1423622159791966, 3.7750422708345788, 2.931774668783692], 'orientations': ['upright', 'strange', 'upright'], 'contact': [[0, 2], [1], [2, 0]], 'grounded': ['yes', 'yes', 'no'], 'follow_rule': True}, {'ids': [0, 1, 2, 3, 4, 5], 'colours': ['blue', 'blue', 'blue', 'blue', 'red', 'green'], 'sizes': [2, 1, 3, 1, 2, 3], 'xpos': [3.8518435106333047, 4.7932593125294565, 1.1043939430135175, 1.9091706034510338, 1.105321598453127, 6.780247152305974], 'ypos': [4.1095612753285815, 3.8152661395942893, 4.111902800242674, 4.108237052481558, 3.481451307052039, 3.921743202496535], 'rotations': [3.146856156252623, 1.7606628448037949, 3.1418216777497596, 3.1361588995373175, 3.140331338871068, 2.7621468161910734], 'orientations': ['upright', 'lhs', 'upright', 'upright', 'upright', 'upright'], 'contact': [[0, 1], [1, 0], [2, 4, 3], [3, 2], [4, 2], [5]], 'grounded': ['yes', 'yes', 'yes', 'yes', 'no', 'yes'], 'follow_rule': False}, {'ids': [0], 'colours': ['red'], 'sizes': [1], 'xpos': [0.980966455584144], 'ypos': [4.15692217898732], 'rotations': [3.14075602080225], 'contact': [{'V1': 0}], 'grounded': ['yes']}, {'ids': [0, 1], 'colours': ['blue', 'blue'], 'sizes': [2, 2], 'xpos': [5.53919900438758, 1.65854079923742], 'ypos': [4.15829751656101, 4.15751198256046], 'rotations': [3.14294469336728, 3.13947439604659], 'contact': [{'V1': 0, 'V2': 1}], 'grounded': ['yes', 'yes']}, {'ids': [0, 1, 2], 'colours': ['blue', 'red', 'blue'], 'sizes': [1, 1, 1], 'xpos': [2.91233558185412, 3.62676822308812, 1.29792616640764], 'ypos': [4.1571699418337, 4.15734457821355, 3.87855314146574], 'rotations': [3.14061931424498, 3.14080979983927, 1.21335141178178], 'contact': [{'V1': 0, 'V2': 1, 'V3': 2}], 'grounded': ['yes', 'yes', 'yes']}, {'ids': [0, 1, 2, 3], 'colours': ['blue', 'red', 'blue', 'green'], 'sizes': [1, 1, 2, 1], 'xpos': [2.95609825059217, 3.96209693679724, 2.2390687716568, 6.71224095289635], 'ypos': [4.15768622476784, 4.15787716497594, 4.15807459370596, 3.87670727460735], 'rotations': [3.13919121672235, 3.14161554480523, 3.13998936351093, 5.07284064751327], 'contact': [{'V1': 0, 'V2': 1, 'V3': 2, 'V4': 3}], 'grounded': ['yes', 'yes', 'yes', 'yes']}, {'ids': [0, 1, 2], 'colours': ['green', 'red', 'red'], 'sizes': [1, 3, 1], 'xpos': [1.21736009446034, 6.88866095105911, 4.29219484852988], 'ypos': [4.15714834736316, 4.15848443530156, 4.15761681621936], 'rotations': [3.14148035908309, 3.14030543965137, 3.14298105798337], 'contact': [{'V1': 0, 'V2': 1, 'V3': 2}], 'grounded': ['yes', 'yes', 'yes']}, {'ids': [0, 1, 2, 3, 4], 'colours': ['green', 'blue', 'green', 'red', 'red'], 'sizes': [2, 2, 2, 2, 3], 'xpos': [3.83090657832267, 2.38910717821051, 3.54259339814947, 1.00881638670343, 0.483372753490727], 'ypos': [4.15913936320131, 4.15701392299474, 3.77761038379749, 3.76166694023043, 3.53535261859211], 'rotations': [3.13980420303635, 3.14077430032494, 1.87848516525718, 1.57196158476873, 2.81423018257197], 'contact': [[0, 2], [1, 2], [2, 0, 1], [3, 4], [4, 3]], 'grounded': ['yes', 'yes', 'yes', 'yes', 'no']}, {'ids': [0, 1, 2], 'colours': ['red', 'blue', 'green'], 'sizes': [2, 2, 2], 'xpos': [6.08097769326034, 5.78861976198164, 1.25011232086784], 'ypos': [3.78458058527285, 4.1039571708585, 3.7795894526631], 'rotations': [5.04856954343186, 3.00593527717321, 5.05105310034866], 'contact': [[0, 1], [1, 0], 2], 'grounded': ['yes', 'yes', 'yes']}, {'ids': [0, 1, 2, 3], 'colours': ['red', 'green', 'red', 'red'], 'sizes': [2, 2, 2, 1], 'xpos': [4.475106476545, 0.413561660061233, 6.37662276433712, 5.00296952327856], 'ypos': [4.1607559072369, 4.15829244701068, 3.77944860362373, 3.87681059949227], 'rotations': [3.14176346787067, 3.1433043689908, 5.0514105380658, 5.07138540402654], 'contact': [{'V1': 0, 'V2': 1, 'V3': 2, 'V4': 3}], 'grounded': ['yes', 'yes', 'yes', 'yes']}]","[True, False, True, True, True, False, False, True]","[False, False, True, True, False, True, True, False]","[False, True, False, False, False, False, False, False]","[True, False, False, False, True, False, False, True]","[True, False, True, True, True, False, False, True]","[False, False, True, True, False, True, True, False]","[False, True, False, False, False, False, False, False]","[True, False, False, False, True, False, False, True]",0.25,0.25,0.0,0.0,0.5,0.5,0.5,0.5,0.375,0.375,0.0,0.0,0.5,0.5,0.874077907481681,-4.500334080548761,-5.545177444479562,11.080109702777358,11.090354888959125,1.0,-8.18551228778293,-11.090354888959125,19.14361329780564,22.18070977791825,1.0502311195665048,"[1.0, 1.0, 1.0, 1.0, 1.0, 0.0, 1.0, 0.0, 1.0, 1.0, 1.0, 1.0, 1.0, 1.0, 1.0, 0.0135, 0.9530000000000001, 0.092, 0.5895, 0.5895, 1.0, 0.0, 0.0, 0.861, 1.0, 1.0, 1.0, 0.2925, 0.999, 0.999, 1.0, 0.7155, 0.0, 0.0, 1.0, 0.0, 0.0, 0.0, 1.0, 0.0, 0.0, 0.0, 1.0, 0.0, 0.0, 0.0, 1.0, 0.0, 1.0, 1.0, 1.0, 1.0, 0.0, 0.0, 0.0, 0.0, 1.0, 1.0, 1.0, 1.0, 0.935, 0.935, 0.935, 0.935, 1.0, 1.0, 1.0, 1.0, 0.0, 1.0, 0.0, 0.0, 0.0, 1.0, 1.0, 1.0, 1.0, 1.0, 1.0, 1.0, 1.0, 1.0, 1.0, 1.0, 0.0935, 0.0935, 0.0935, 0.0935, 1.0, 1.0, 1.0, 1.0, 1.0, 1.0, 1.0, 1.0, 1.0, 1.0, 1.0, 1.0, 1.0, 1.0, 1.0, 0.013000000000000001, 1.0, 1.0, 0.998, 1.0, 1.0, 0.002, 0.998, 0.002, 1.0, 1.0, 1.0, 1.0, 1.0, 1.0, 1.0, 0.0, 0.973, 1.0, 0.9530000000000001, 1.0, 0.8925000000000001, 0.9195, 0.17400000000000002, 0.201, 1.0, 1.0, 1.0, 1.0, 0.0, 0.0, 0.0, 0.0, 1.0, 1.0, 1.0, 0.24, 1.0, 1.0, 0.968, 1.0, 0.653, 0.653, 0.653, 1.0, 0.2535, 0.2535, 0.7035, 0.10300000000000001, 1.0, 1.0, 1.0, 1.0, 0.0, 1.0, 0.0, 0.0, 1.0, 1.0, 1.0, 0.012, 0.988, 0.988, 1.0, 1.0, 1.0, 0.0, 1.0, 1.0, 1.0, 0.0, 0.0, 1.0, 0.0, 0.0, 0.0, 1.0, 1.0, 0.0, 0.0, 0.0, 1.0, 1.0, 1.0, 1.0, 0.0, 0.0, 0.0, 0.0, 1.0, 1.0, 1.0, 1.0, 0.0, 0.0, 0.0, 0.0, 1.0, 1.0, 1.0, 1.0, 1.0, 1.0, 0.841, 1.0, 1.0, 1.0, 1.0, 1.0, 0.0, 0.0, 0.0, 0.0, 1.0, 1.0, 1.0, 1.0, 1.0, 1.0, 1.0, 0.0, 0.197, 0.0, 0.85, 0.653, 0.803, 0.0, 0.0, 0.0, 0.8525, 0.847, 0.9935, 0.847, 0.28300000000000003, 0.4305, 0.426, 0.426, 1.0, 1.0, 1.0, 1.0, 1.0, 1.0, 1.0, 0.0, 0.798, 1.0, 0.7995, 0.7995, 0.0275, 0.029, 0.2265, 0.1975, 1.0, 1.0, 1.0, 1.0, 0.0, 0.0, 0.0, 0.0, 0.862, 0.854, 0.8595, 0.8955000000000001, 0.045, 0.0005, 0.8695, 0.8505, 1.0, 1.0, 1.0, 0.022, 1.0, 1.0, 1.0, 0.978, 0.28400000000000003, 0.0145, 0.1885, 0.0275, 0.2755, 0.0, 0.0015, 0.013000000000000001, 0.0, 0.0, 0.0, 1.0, 1.0, 0.0, 0.0, 0.0, 1.0, 1.0, 1.0, 1.0, 0.0, 0.0, 0.0, 0.0, 1.0, 1.0, 1.0, 1.0, 1.0, 0.0, 1.0, 0.0, 1.0, 1.0, 1.0, 1.0, 1.0, 1.0, 1.0, 0.0, 1.0, 1.0, 1.0, 0.728, 0.8265, 0.5545, 0.5545, 0.8265, 1.0, 1.0, 1.0, 1.0, 1.0, 1.0, 1.0, 1.0, 1.0, 1.0, 1.0, 0.8715, 0.9365, 0.8695, 0.8695, 0.9365, 0.229, 0.229, 0.229, 0.229, 0.801, 0.03, 0.03, 0.801, 0.0, 0.0, 0.0, 1.0, 1.0, 0.0, 0.0, 0.0, 0.108, 0.114, 0.2315, 0.108, 0.114, 0.07050000000000001, 0.0495, 0.006, 1.0, 1.0, 1.0, 1.0, 0.0, 0.0, 0.0, 0.0, 0.8955000000000001, 0.895, 0.0115, 0.0, 0.883, 0.0, 0.0, 0.0, 1.0, 1.0, 1.0, 1.0, 0.0, 0.0, 0.0, 0.0, 0.902, 0.902, 0.902, 0.678, 0.88, 0.88, 0.902, 0.807, 1.0, 1.0, 1.0, 1.0, 0.0, 0.0, 0.0, 0.0, 1.0, 1.0, 1.0, 1.0, 1.0, 1.0, 1.0, 0.0, 1.0, 1.0, 1.0, 1.0, 0.0, 0.0, 0.0, 0.0, 1.0, 1.0, 1.0, 1.0, 0.008, 0.008, 0.008, 0.008, 1.0, 1.0, 1.0, 1.0, 1.0, 1.0, 1.0, 0.0, 1.0, 1.0, 1.0, 1.0, 1.0, 1.0, 0.6980000000000001, 1.0, 1.0, 1.0, 1.0, 1.0, 0.0, 0.0, 0.0, 0.0, 1.0, 1.0, 1.0, 1.0, 1.0, 1.0, 1.0, 0.0, 0.9530000000000001, 0.9530000000000001, 0.9530000000000001, 1.0, 1.0, 1.0, 0.641, 0.9530000000000001, 1.0, 1.0, 1.0, 1.0, 0.0, 0.0, 0.0, 0.0, 1.0, 1.0, 1.0, 1.0, 1.0, 1.0, 1.0, 1.0, 1.0, 1.0, 1.0, 1.0, 0.0, 0.0, 0.0, 0.0, 1.0, 1.0, 1.0, 1.0, 1.0, 1.0, 1.0, 1.0, 1.0, 1.0, 1.0, 1.0, 0.021500000000000002, 0.021500000000000002, 0.021500000000000002, 0.021500000000000002, 0.021500000000000002, 0.003, 0.02, 0.0095, 0.0095, 0.964, 0.9555, 0.0095, 1.0, 1.0, 1.0, 1.0, 1.0, 1.0, 1.0, 1.0, 1.0, 1.0, 1.0, 1.0, 0.0, 0.0, 0.0, 0.0, 1.0, 1.0, 1.0, 1.0, 0.0, 0.0, 1.0, 1.0, 1.0, 0.873, 0.198, 0.198, 1.0, 1.0, 0.6905, 1.0, 1.0, 1.0, 1.0, 1.0, 1.0, 1.0, 1.0, 0.0, 1.0, 0.999, 0.999, 1.0, 0.0025, 0.0025, 0.0025, 0.0025, 1.0, 1.0, 1.0, 1.0, 1.0, 0.686, 0.314, 0.0, 1.0, 1.0, 1.0, 1.0, 0.524, 0.524, 1.0, 0.47600000000000003, 1.0, 1.0, 1.0, 1.0, 0.008, 0.008, 0.008, 0.008, 0.9935, 0.9935, 0.9775, 0.9935, 0.9935, 0.0225, 0.988, 0.017, 1.0, 1.0, 1.0, 1.0, 0.0725, 0.0725, 0.0725, 0.0725, 0.041, 1.0, 1.0, 0.9590000000000001, 0.041, 0.9590000000000001, 1.0, 0.0, 0.7435, 0.9835, 0.7425, 0.986, 0.7435, 0.7435, 0.256, 0.987, 1.0, 0.005, 1.0, 1.0, 1.0, 0.005, 0.005, 1.0, 1.0, 1.0, 1.0, 1.0, 1.0, 1.0, 1.0, 0.0, 1.0, 1.0, 1.0, 1.0, 0.0, 0.0, 0.0, 0.0, 1.0, 1.0, 1.0, 1.0, 0.0, 0.0, 0.0, 0.0, 0.9705, 0.9705, 0.9145, 1.0, 0.8015, 0.8015, 0.9705, 0.7865, 1.0, 1.0, 1.0, 1.0, 0.0, 0.0, 0.0, 0.0, 1.0, 1.0, 1.0, 1.0, 0.0, 0.0, 0.0, 0.0, 1.0, 1.0, 1.0, 1.0, 0.0, 0.0, 0.0, 0.0, 1.0, 1.0, 1.0, 1.0, 1.0, 1.0, 1.0, 1.0]",-418.5875071169283,843.720363894191,-482.430437669722,964.860875339444,0.9102431057535886,-4.4986811569669065,11.07680385561365,1.0,-7.012187000291565,16.79696272282291,0.6334250289943713,"[1.0, 1.0, 1.0, 1.0, 1.0, 0.0, 1.0, 0.0, 1.0, 1.0, 1.0, 1.0, 1.0, 1.0, 1.0, 0.0, 0.0, 0.0, 0.0, 0.0, 0.0, 0.0, 0.0, 0.0, 1.0, 1.0, 1.0, 0.0, 0.0, 0.0, 1.0, 0.0, 0.0, 0.0, 1.0, 1.0, 0.0, 1.0, 1.0, 1.0, 1.0, 1.0, 1.0, 1.0, 0.0, 0.0, 1.0, 1.0, 1.0, 1.0, 1.0, 1.0, 0.0, 0.0, 0.0, 0.0, 1.0, 1.0, 1.0, 1.0, 0.0, 0.0, 0.0, 0.0, 0.0, 0.0, 0.0, 0.0, 0.0, 1.0, 1.0, 0.0, 1.0, 1.0, 1.0, 1.0, 0.0, 0.0, 0.0, 0.0, 1.0, 1.0, 1.0, 1.0, 0.0, 0.0, 0.0, 0.0, 1.0, 1.0, 1.0, 1.0, 1.0, 1.0, 0.0, 1.0, 1.0, 1.0, 1.0, 1.0, 1.0, 1.0, 1.0, 0.0, 1.0, 1.0, 1.0, 1.0, 1.0, 0.0, 1.0, 0.0, 0.0, 1.0, 0.0, 0.0, 1.0, 1.0, 1.0, 0.0, 1.0, 1.0, 0.0, 1.0, 1.0, 0.0, 0.0, 0.0, 1.0, 1.0, 1.0, 0.0, 1.0, 1.0, 1.0, 1.0, 1.0, 1.0, 1.0, 1.0, 0.0, 0.0, 0.0, 0.0, 1.0, 1.0, 1.0, 0.0, 0.0, 0.0, 1.0, 0.0, 0.0, 0.0, 1.0, 0.0, 0.0, 0.0, 0.0, 0.0, 1.0, 1.0, 1.0, 0.0, 0.0, 0.0, 1.0, 0.0, 0.0, 0.0, 0.0, 1.0, 0.0, 0.0, 0.0, 0.0, 0.0, 0.0, 0.0, 1.0, 0.0, 0.0, 0.0, 0.0, 1.0, 1.0, 1.0, 1.0, 0.0, 0.0, 0.0, 0.0, 1.0, 1.0, 1.0, 0.0, 0.0, 0.0, 1.0, 0.0, 1.0, 1.0, 1.0, 1.0, 0.0, 0.0, 0.0, 0.0, 1.0, 1.0, 1.0, 1.0, 0.0, 0.0, 0.0, 0.0, 1.0, 1.0, 1.0, 1.0, 1.0, 1.0, 1.0, 0.0, 0.0, 0.0, 0.0, 0.0, 1.0, 0.0, 0.0, 0.0, 1.0, 1.0, 1.0, 1.0, 1.0, 1.0, 1.0, 1.0, 1.0, 1.0, 1.0, 1.0, 1.0, 1.0, 1.0, 0.0, 0.0, 0.0, 0.0, 0.0, 0.0, 0.0, 0.0, 0.0, 0.0, 1.0, 0.0, 1.0, 0.0, 1.0, 0.0, 1.0, 0.0, 0.0, 0.0, 1.0, 0.0, 0.0, 0.0, 0.0, 1.0, 1.0, 1.0, 0.0, 0.0, 0.0, 1.0, 0.0, 1.0, 1.0, 1.0, 1.0, 1.0, 0.0, 1.0, 0.0, 0.0, 1.0, 1.0, 1.0, 0.0, 0.0, 0.0, 0.0, 1.0, 1.0, 1.0, 0.0, 1.0, 1.0, 1.0, 1.0, 0.0, 1.0, 1.0, 1.0, 0.0, 0.0, 0.0, 0.0, 1.0, 1.0, 1.0, 1.0, 1.0, 1.0, 1.0, 0.0, 1.0, 1.0, 1.0, 1.0, 0.0, 0.0, 0.0, 0.0, 1.0, 1.0, 1.0, 1.0, 0.0, 0.0, 0.0, 0.0, 0.0, 1.0, 0.0, 0.0, 0.0, 0.0, 0.0, 0.0, 1.0, 1.0, 1.0, 1.0, 1.0, 0.0, 1.0, 1.0, 0.0, 0.0, 0.0, 0.0, 0.0, 1.0, 1.0, 0.0, 1.0, 1.0, 1.0, 1.0, 1.0, 0.0, 1.0, 0.0, 1.0, 1.0, 1.0, 1.0, 1.0, 0.0, 1.0, 1.0, 0.0, 0.0, 0.0, 0.0, 0.0, 1.0, 1.0, 0.0, 1.0, 0.0, 0.0, 1.0, 0.0, 0.0, 0.0, 0.0, 1.0, 1.0, 1.0, 0.0, 0.0, 0.0, 1.0, 0.0, 1.0, 1.0, 1.0, 0.0, 0.0, 0.0, 0.0, 0.0, 1.0, 1.0, 1.0, 1.0, 1.0, 1.0, 1.0, 0.0, 0.0, 0.0, 0.0, 0.0, 0.0, 0.0, 0.0, 0.0, 1.0, 0.0, 1.0, 0.0, 0.0, 0.0, 0.0, 0.0, 1.0, 1.0, 1.0, 1.0, 1.0, 1.0, 1.0, 0.0, 1.0, 1.0, 1.0, 1.0, 1.0, 1.0, 0.0, 1.0, 1.0, 1.0, 1.0, 1.0, 0.0, 0.0, 0.0, 0.0, 1.0, 1.0, 1.0, 1.0, 1.0, 1.0, 1.0, 0.0, 0.0, 1.0, 1.0, 1.0, 0.0, 0.0, 0.0, 0.0, 1.0, 1.0, 1.0, 1.0, 0.0, 0.0, 0.0, 0.0, 1.0, 0.0, 1.0, 0.0, 0.0, 0.0, 0.0, 0.0, 1.0, 1.0, 1.0, 1.0, 1.0, 0.0, 1.0, 0.0, 1.0, 1.0, 1.0, 0.0, 1.0, 1.0, 0.0, 1.0, 1.0, 1.0, 1.0, 1.0, 0.0, 0.0, 0.0, 0.0, 0.0, 0.0, 0.0, 0.0, 0.0, 1.0, 0.0, 0.0, 1.0, 1.0, 1.0, 1.0, 0.0, 0.0, 0.0, 0.0, 0.0, 0.0, 0.0, 0.0, 0.0, 0.0, 0.0, 0.0, 1.0, 0.0, 1.0, 0.0, 0.0, 0.0, 0.0, 0.0, 1.0, 1.0, 0.0, 0.0, 1.0, 1.0, 1.0, 1.0, 1.0, 1.0, 1.0, 1.0, 1.0, 1.0, 1.0, 1.0, 1.0, 1.0, 1.0, 1.0, 1.0, 0.0, 1.0, 1.0, 0.0, 1.0, 0.0, 1.0, 0.0, 1.0, 0.0, 0.0, 1.0, 1.0, 1.0, 1.0, 0.0, 0.0, 1.0, 0.0, 1.0, 1.0, 1.0, 1.0, 0.0, 0.0, 0.0, 0.0, 0.0, 0.0, 0.0, 1.0, 0.0, 0.0, 0.0, 0.0, 1.0, 1.0, 1.0, 1.0, 0.0, 0.0, 0.0, 0.0, 0.0, 1.0, 1.0, 1.0, 0.0, 1.0, 1.0, 0.0, 1.0, 1.0, 1.0, 1.0, 0.0, 0.0, 0.0, 0.0, 1.0, 0.0, 1.0, 1.0, 1.0, 0.0, 0.0, 1.0, 1.0, 1.0, 1.0, 1.0, 1.0, 1.0, 1.0, 0.0, 0.0, 1.0, 1.0, 1.0, 1.0, 1.0, 0.0, 0.0, 1.0, 1.0, 1.0, 1.0, 0.0, 0.0, 0.0, 0.0, 1.0, 1.0, 1.0, 0.0, 0.0, 0.0, 1.0, 0.0, 1.0, 1.0, 1.0, 1.0, 0.0, 0.0, 0.0, 0.0, 0.0, 0.0, 0.0, 0.0, 0.0, 0.0, 0.0, 0.0, 0.0, 1.0, 0.0, 1.0, 0.0, 1.0, 1.0, 0.0, 1.0, 1.0, 1.0, 1.0, 1.0, 0.0, 0.0, 1.0]",-318.3726801373107,643.2907099349558,0.9102431057535886,-4.4986811569669065,-5.545177444479562,11.07680385561365,11.090354888959125,1.0,-7.012187000291565,-11.090354888959125,16.79696272282291,22.18070977791825,0.6173530694834558,"[1.0, 1.0, 1.0, 1.0, 1.0, 0.0, 1.0, 0.0, 1.0, 1.0, 1.0, 1.0, 1.0, 1.0, 1.0, 0.0, 0.0, 0.0, 0.0, 0.0, 0.0, 0.0, 0.0, 0.0, 1.0, 1.0, 1.0, 0.0, 0.0, 0.0, 1.0, 0.0, 0.0, 0.0, 1.0, 1.0, 0.0, 1.0, 1.0, 1.0, 0.0, 0.0, 0.0, 0.0, 0.0, 0.0, 0.0, 0.0, 1.0, 1.0, 1.0, 1.0, 0.0, 0.0, 0.0, 0.0, 1.0, 1.0, 1.0, 1.0, 0.0, 0.0, 0.0, 0.0, 0.0, 0.0, 0.0, 0.0, 0.0, 1.0, 1.0, 0.0, 0.0, 0.0, 0.0, 1.0, 0.0, 0.0, 0.0, 0.0, 1.0, 1.0, 1.0, 1.0, 0.0, 0.0, 0.0, 0.0, 0.0, 0.0, 0.0, 0.0, 1.0, 1.0, 0.0, 1.0, 1.0, 1.0, 1.0, 1.0, 1.0, 1.0, 1.0, 0.0, 1.0, 1.0, 1.0, 1.0, 1.0, 0.0, 1.0, 0.0, 0.0, 1.0, 0.0, 0.0, 1.0, 1.0, 1.0, 0.0, 1.0, 1.0, 0.0, 1.0, 1.0, 0.0, 0.0, 0.0, 1.0, 1.0, 1.0, 0.0, 1.0, 1.0, 1.0, 1.0, 1.0, 1.0, 1.0, 1.0, 0.0, 0.0, 0.0, 0.0, 1.0, 1.0, 1.0, 0.0, 0.0, 0.0, 1.0, 0.0, 0.0, 0.0, 1.0, 0.0, 0.0, 0.0, 0.0, 0.0, 1.0, 1.0, 1.0, 0.0, 0.0, 0.0, 1.0, 0.0, 0.0, 0.0, 0.0, 1.0, 0.0, 0.0, 0.0, 0.0, 0.0, 0.0, 0.0, 1.0, 0.0, 0.0, 0.0, 0.0, 1.0, 1.0, 1.0, 1.0, 0.0, 0.0, 0.0, 0.0, 1.0, 1.0, 1.0, 0.0, 0.0, 0.0, 1.0, 0.0, 1.0, 1.0, 1.0, 1.0, 0.0, 0.0, 0.0, 0.0, 1.0, 1.0, 1.0, 1.0, 0.0, 0.0, 0.0, 0.0, 1.0, 1.0, 1.0, 1.0, 1.0, 1.0, 1.0, 0.0, 0.0, 0.0, 0.0, 0.0, 1.0, 0.0, 0.0, 0.0, 1.0, 1.0, 1.0, 1.0, 1.0, 1.0, 1.0, 1.0, 1.0, 1.0, 1.0, 1.0, 1.0, 1.0, 1.0, 0.0, 0.0, 0.0, 0.0, 0.0, 0.0, 0.0, 0.0, 0.0, 0.0, 1.0, 0.0, 1.0, 0.0, 1.0, 0.0, 1.0, 0.0, 0.0, 0.0, 1.0, 0.0, 0.0, 0.0, 0.0, 1.0, 1.0, 1.0, 0.0, 0.0, 0.0, 1.0, 0.0, 1.0, 1.0, 1.0, 1.0, 1.0, 0.0, 1.0, 0.0, 0.0, 1.0, 1.0, 1.0, 0.0, 0.0, 0.0, 0.0, 1.0, 1.0, 1.0, 0.0, 1.0, 1.0, 1.0, 1.0, 0.0, 1.0, 1.0, 1.0, 0.0, 0.0, 0.0, 0.0, 1.0, 1.0, 1.0, 1.0, 1.0, 1.0, 1.0, 0.0, 1.0, 1.0, 1.0, 1.0, 0.0, 0.0, 0.0, 0.0, 1.0, 1.0, 1.0, 1.0, 0.0, 0.0, 0.0, 0.0, 0.0, 1.0, 0.0, 0.0, 0.0, 0.0, 0.0, 0.0, 0.0, 0.0, 0.0, 0.0, 0.0, 0.0, 0.0, 0.0, 1.0, 0.0, 1.0, 1.0, 1.0, 0.0, 0.0, 1.0, 1.0, 1.0, 1.0, 1.0, 1.0, 0.0, 1.0, 0.0, 1.0, 1.0, 1.0, 1.0, 1.0, 0.0, 1.0, 1.0, 0.0, 0.0, 0.0, 0.0, 0.0, 1.0, 1.0, 0.0, 1.0, 0.0, 0.0, 1.0, 0.0, 0.0, 0.0, 0.0, 1.0, 1.0, 1.0, 0.0, 0.0, 0.0, 1.0, 0.0, 1.0, 1.0, 1.0, 0.0, 0.0, 0.0, 0.0, 0.0, 1.0, 1.0, 1.0, 1.0, 1.0, 1.0, 1.0, 0.0, 0.0, 0.0, 0.0, 0.0, 0.0, 0.0, 0.0, 0.0, 1.0, 0.0, 1.0, 0.0, 0.0, 0.0, 0.0, 0.0, 1.0, 1.0, 1.0, 1.0, 1.0, 1.0, 1.0, 0.0, 1.0, 1.0, 1.0, 1.0, 1.0, 1.0, 0.0, 1.0, 1.0, 1.0, 1.0, 1.0, 0.0, 0.0, 0.0, 0.0, 1.0, 1.0, 1.0, 1.0, 1.0, 1.0, 1.0, 0.0, 0.0, 1.0, 1.0, 1.0, 0.0, 0.0, 0.0, 0.0, 1.0, 1.0, 1.0, 1.0, 0.0, 0.0, 0.0, 0.0, 1.0, 0.0, 1.0, 0.0, 0.0, 0.0, 0.0, 0.0, 1.0, 1.0, 1.0, 1.0, 1.0, 0.0, 1.0, 0.0, 1.0, 1.0, 1.0, 0.0, 1.0, 1.0, 0.0, 1.0, 1.0, 1.0, 1.0, 1.0, 0.0, 0.0, 0.0, 0.0, 0.0, 0.0, 0.0, 0.0, 0.0, 1.0, 0.0, 0.0, 1.0, 1.0, 1.0, 1.0, 0.0, 0.0, 0.0, 0.0, 0.0, 0.0, 0.0, 0.0, 0.0, 0.0, 0.0, 0.0, 1.0, 0.0, 1.0, 0.0, 0.0, 0.0, 0.0, 0.0, 1.0, 1.0, 0.0, 0.0, 1.0, 1.0, 1.0, 1.0, 1.0, 1.0, 1.0, 1.0, 1.0, 1.0, 1.0, 1.0, 1.0, 1.0, 1.0, 1.0, 1.0, 0.0, 1.0, 1.0, 0.0, 1.0, 0.0, 1.0, 0.0, 1.0, 0.0, 0.0, 1.0, 1.0, 1.0, 1.0, 0.0, 0.0, 1.0, 0.0, 1.0, 1.0, 1.0, 1.0, 0.0, 0.0, 0.0, 0.0, 0.0, 0.0, 0.0, 1.0, 0.0, 0.0, 0.0, 0.0, 1.0, 1.0, 1.0, 1.0, 0.0, 0.0, 0.0, 0.0, 0.0, 1.0, 1.0, 1.0, 0.0, 1.0, 1.0, 0.0, 1.0, 1.0, 1.0, 1.0, 0.0, 0.0, 0.0, 0.0, 1.0, 0.0, 1.0, 1.0, 1.0, 0.0, 0.0, 1.0, 1.0, 1.0, 1.0, 1.0, 1.0, 1.0, 1.0, 0.0, 0.0, 0.0, 1.0, 0.0, 0.0, 1.0, 0.0, 0.0, 1.0, 1.0, 1.0, 1.0, 0.0, 0.0, 0.0, 0.0, 1.0, 1.0, 1.0, 0.0, 0.0, 0.0, 1.0, 0.0, 1.0, 1.0, 1.0, 1.0, 0.0, 0.0, 0.0, 0.0, 0.0, 0.0, 0.0, 0.0, 0.0, 0.0, 0.0, 0.0, 0.0, 1.0, 0.0, 1.0, 0.0, 1.0, 1.0, 0.0, 1.0, 1.0, 1.0, 1.0, 1.0, 0.0, 0.0, 1.0]",-311.9759791000219,630.4973078603782,-482.430437669722,964.860875339444,66.81550098613636,-5.54540144111159,-5.545177444479562,13.170244423903016,11.090354888959125,0.9102401122128739,-8.997362313902647,-11.090354888959125,20.767313350045075,22.18070977791825,1.0908740239314543,"[0.0, 0.0, 1.0, 0.0, 0.0, 0.0, 0.0, 0.0, 1.0, 1.0, 1.0, 1.0, 0.877, 0.877, 0.877, 0.0, 1.0, 0.259, 1.0, 1.0, 0.8015, 0.0, 0.259, 1.0, 1.0, 1.0, 1.0, 1.0, 1.0, 1.0, 1.0, 0.0, 0.0, 0.0, 1.0, 0.0, 0.0, 0.0, 1.0, 0.0, 0.0, 0.0, 1.0, 0.0, 0.0, 0.0, 1.0, 0.0, 0.0, 0.0, 0.0, 0.0775, 0.0, 0.0, 0.1635, 0.47100000000000003, 1.0, 1.0, 1.0, 1.0, 0.0, 0.0, 0.0, 0.0, 0.0, 0.0, 0.0, 0.0, 0.0, 0.0, 0.0, 0.0, 1.0, 1.0, 1.0, 1.0, 1.0, 1.0, 1.0, 0.0, 1.0, 1.0, 1.0, 1.0, 0.0, 0.0, 0.0, 0.0, 0.0, 0.0, 0.0, 0.0, 0.0, 0.113, 0.113, 0.0, 0.0, 0.0, 0.0, 1.0, 0.0, 0.0, 0.0, 0.0, 1.0, 1.0, 1.0, 1.0, 0.0, 0.0, 0.0, 0.0, 0.9995, 1.0, 1.0, 0.663, 1.0, 1.0, 1.0, 0.353, 1.0, 1.0, 1.0, 1.0, 0.082, 0.082, 0.0, 0.0, 0.973, 1.0, 0.7655000000000001, 0.605, 0.973, 1.0, 1.0, 0.368, 0.0, 0.0, 1.0, 0.0, 1.0, 0.0, 1.0, 0.0, 1.0, 1.0, 1.0, 1.0, 0.0, 0.0, 1.0, 0.0, 1.0, 1.0, 1.0, 1.0, 0.0, 0.9465, 0.0, 0.0, 0.666, 1.0, 0.666, 0.666, 0.0, 0.0, 0.7975, 0.0, 0.0, 0.9430000000000001, 0.0, 1.0, 1.0, 0.0, 0.0, 0.0, 0.0, 1.0, 0.0, 0.0, 0.0, 0.0, 0.0, 0.0, 1.0, 1.0, 1.0, 1.0, 0.0, 0.0, 0.0, 0.0, 1.0, 1.0, 1.0, 1.0, 1.0, 1.0, 1.0, 0.0005, 1.0, 1.0, 1.0, 1.0, 1.0, 1.0, 0.0, 1.0, 1.0, 1.0, 1.0, 1.0, 0.0, 0.0, 0.0, 0.0, 1.0, 1.0, 1.0, 1.0, 1.0, 1.0, 1.0, 0.0, 1.0, 0.0, 1.0, 0.0, 0.0, 0.0, 0.0, 0.0, 0.0, 1.0, 0.0, 1.0, 0.0, 1.0, 0.0, 1.0, 1.0, 1.0, 1.0, 1.0, 1.0, 1.0, 1.0, 0.0, 1.0, 0.0, 1.0, 1.0, 1.0, 0.0, 0.0, 1.0, 1.0, 1.0, 1.0, 1.0, 1.0, 1.0, 1.0, 1.0, 0.0, 0.9580000000000001, 0.0, 0.0, 0.0, 0.0, 0.0045000000000000005, 0.0, 0.0, 0.0, 0.0, 0.0, 0.0, 0.0, 0.0, 1.0, 0.0, 0.0, 0.0005, 0.0, 0.0, 0.0, 0.0, 0.0, 0.0, 1.0, 0.0, 0.0, 0.0, 0.0, 0.0, 0.0, 1.0, 1.0, 1.0, 0.001, 0.001, 0.001, 1.0, 0.0, 0.0, 0.0, 0.6225, 0.0, 0.0, 0.0, 0.0, 0.0, 1.0, 1.0, 1.0, 1.0, 0.0, 0.0, 0.0, 0.0, 0.0, 0.0, 0.0, 0.0, 0.0, 0.0, 0.0, 0.0, 1.0, 1.0, 1.0, 1.0, 1.0, 1.0, 1.0, 0.0, 0.0, 0.0, 0.0, 1.0, 0.0, 0.0, 1.0, 0.0, 1.0, 1.0, 1.0, 1.0, 0.0, 0.0, 0.0, 0.0, 0.0, 1.0, 0.0, 0.0, 1.0, 0.0, 0.0, 1.0, 1.0, 1.0, 1.0, 1.0, 0.0, 0.0, 0.0, 0.0, 1.0, 1.0, 1.0, 1.0, 1.0, 0.0, 1.0, 1.0, 0.0, 0.0005, 0.0, 0.0, 0.0, 0.38, 0.0, 0.0, 1.0, 1.0, 1.0, 1.0, 0.0, 0.0, 0.0, 0.0, 1.0, 1.0, 1.0, 0.999, 1.0, 1.0, 1.0, 0.0195, 1.0, 1.0, 1.0, 1.0, 0.0, 0.0, 0.0, 0.0, 0.0, 0.6285000000000001, 0.0, 0.328, 0.0, 0.0, 0.6285000000000001, 0.0, 0.0, 0.0, 0.0, 0.0, 0.0, 0.0, 0.0, 1.0, 1.0, 1.0, 1.0, 1.0, 0.0, 0.0, 0.0, 0.0, 1.0, 1.0, 1.0, 1.0, 1.0, 1.0, 1.0, 0.0, 1.0, 1.0, 1.0, 1.0, 1.0, 1.0, 0.0375, 1.0, 1.0, 1.0, 1.0, 1.0, 0.0, 0.0, 0.0, 0.0, 1.0, 1.0, 1.0, 1.0, 1.0, 1.0, 1.0, 0.0, 1.0, 1.0, 1.0, 1.0, 1.0, 1.0, 0.0, 1.0, 1.0, 1.0, 1.0, 1.0, 0.0, 0.0, 0.0, 0.0, 1.0, 1.0, 1.0, 1.0, 1.0, 1.0, 1.0, 1.0, 0.0, 0.0, 0.4395, 0.0, 0.0, 0.0, 0.001, 1.0, 0.0, 0.0, 0.0, 0.0, 0.0, 0.0, 0.0, 0.0, 1.0, 1.0, 1.0, 0.0, 1.0, 0.0, 0.0, 1.0, 0.0, 0.0, 1.0, 1.0, 1.0, 0.0, 0.0, 0.0, 0.0, 0.0, 0.0, 0.0, 0.0, 0.0, 0.0, 0.0, 1.0, 1.0, 1.0, 1.0, 0.0, 0.0, 0.0, 0.0, 0.0, 0.0, 0.0, 0.0, 0.0, 1.0, 0.0, 0.0, 1.0, 1.0, 1.0, 1.0, 0.0, 0.4945, 0.0, 0.0, 1.0, 1.0, 1.0, 1.0, 0.0, 0.0, 1.0, 1.0, 1.0, 1.0, 1.0, 1.0, 0.0, 0.0, 0.0, 0.0, 1.0, 1.0, 1.0, 1.0, 1.0, 0.704, 0.296, 0.0, 1.0, 1.0, 1.0, 1.0, 0.0, 0.0, 1.0, 1.0, 1.0, 1.0, 1.0, 1.0, 0.0, 0.0, 0.0, 0.0, 0.006, 1.0, 0.006, 0.708, 0.298, 1.0, 0.298, 1.0, 1.0, 1.0, 1.0, 1.0, 0.0, 0.0, 0.0, 0.0, 1.0, 0.0, 1.0, 1.0, 1.0, 0.0, 0.0, 1.0, 0.0, 1.0, 1.0, 1.0, 0.0, 0.0, 0.0, 0.0, 1.0, 0.224, 1.0, 1.0, 0.776, 0.0, 0.224, 1.0, 1.0, 1.0, 1.0, 1.0, 0.0, 0.0, 0.0, 0.0, 1.0, 1.0, 0.0, 1.0, 1.0, 1.0, 0.0, 1.0, 1.0, 1.0, 1.0, 1.0, 0.0, 0.0, 0.0, 0.0, 1.0, 1.0, 1.0, 1.0, 1.0, 1.0, 1.0, 0.0, 1.0, 1.0, 1.0, 1.0, 0.0, 0.0, 0.0, 0.0, 0.0, 0.0, 0.0, 0.0, 0.0, 0.0, 0.0, 0.0, 1.0, 0.4865, 1.0, 1.0, 1.0, 0.0075, 0.4865, 1.0, 0.0225, 0.0, 0.0, 0.9775, 0.0, 0.0, 0.0, 0.0]",-419.18595103414617,844.9172517286268,-482.430437669722,964.860875339444,0.9102431057535886,-4.4986811569669065,-5.545177444479562,11.07680385561365,11.090354888959125,1.0,-7.012187000291565,-11.090354888959125,16.79696272282291,22.18070977791825,0.5787520451143159,"[1.0, 1.0, 1.0, 1.0, 1.0, 0.0, 1.0, 0.0, 1.0, 1.0, 1.0, 1.0, 1.0, 1.0, 1.0, 0.0, 0.0, 0.0, 0.0, 0.0, 0.0, 0.0, 0.0, 0.0, 1.0, 1.0, 1.0, 1.0, 0.0, 0.0, 1.0, 0.0, 0.0, 0.0, 0.0, 0.0, 0.0, 1.0, 0.0, 0.0, 0.0, 0.0, 0.0, 0.0, 0.0, 0.0, 0.0, 0.0, 1.0, 1.0, 1.0, 1.0, 0.0, 0.0, 0.0, 0.0, 1.0, 1.0, 1.0, 1.0, 0.0, 0.0, 0.0, 0.0, 0.0, 0.0, 0.0, 0.0, 0.0, 1.0, 1.0, 0.0, 1.0, 1.0, 1.0, 1.0, 0.0, 0.0, 0.0, 0.0, 1.0, 1.0, 1.0, 1.0, 0.0, 0.0, 0.0, 0.0, 0.0, 0.0, 0.0, 0.0, 0.0, 0.0, 0.0, 0.0, 1.0, 1.0, 1.0, 1.0, 1.0, 1.0, 1.0, 0.0, 1.0, 1.0, 1.0, 1.0, 1.0, 0.0, 1.0, 0.0, 0.0, 1.0, 0.0, 0.0, 1.0, 1.0, 1.0, 0.0, 1.0, 1.0, 0.0, 1.0, 1.0, 0.0, 0.0, 0.0, 1.0, 1.0, 1.0, 0.0, 1.0, 1.0, 1.0, 1.0, 1.0, 1.0, 1.0, 1.0, 0.0, 0.0, 0.0, 0.0, 1.0, 1.0, 1.0, 0.0, 0.0, 0.0, 1.0, 0.0, 0.0, 0.0, 1.0, 0.0, 0.0, 0.0, 0.0, 0.0, 1.0, 1.0, 1.0, 0.0, 0.0, 0.0, 1.0, 0.0, 0.0, 0.0, 0.0, 1.0, 0.0, 0.0, 0.0, 0.0, 0.0, 0.0, 0.0, 1.0, 0.0, 0.0, 0.0, 0.0, 1.0, 1.0, 1.0, 1.0, 0.0, 0.0, 0.0, 0.0, 1.0, 1.0, 1.0, 0.0, 0.0, 0.0, 1.0, 0.0, 1.0, 1.0, 1.0, 1.0, 0.0, 0.0, 0.0, 0.0, 1.0, 1.0, 1.0, 1.0, 0.0, 0.0, 0.0, 0.0, 1.0, 1.0, 1.0, 1.0, 1.0, 1.0, 1.0, 0.0, 0.0, 0.0, 0.0, 0.0, 1.0, 0.0, 0.0, 0.0, 1.0, 1.0, 1.0, 1.0, 1.0, 1.0, 1.0, 1.0, 1.0, 1.0, 1.0, 1.0, 1.0, 1.0, 1.0, 0.0, 0.0, 0.0, 0.0, 0.0, 0.0, 0.0, 0.0, 0.0, 0.0, 1.0, 0.0, 1.0, 0.0, 1.0, 0.0, 1.0, 0.0, 0.0, 0.0, 1.0, 0.0, 0.0, 0.0, 0.0, 1.0, 1.0, 1.0, 0.0, 0.0, 0.0, 1.0, 0.0, 0.0, 0.0, 1.0, 0.0, 0.0, 0.0, 0.0, 0.0, 0.0, 1.0, 1.0, 1.0, 0.0, 0.0, 0.0, 0.0, 1.0, 1.0, 1.0, 0.0, 1.0, 1.0, 1.0, 1.0, 0.0, 0.0, 1.0, 0.0, 0.0, 0.0, 0.0, 0.0, 1.0, 1.0, 1.0, 1.0, 1.0, 1.0, 1.0, 0.0, 1.0, 1.0, 1.0, 1.0, 0.0, 0.0, 0.0, 0.0, 1.0, 1.0, 1.0, 1.0, 0.0, 0.0, 0.0, 0.0, 0.0, 1.0, 0.0, 0.0, 0.0, 0.0, 0.0, 0.0, 0.0, 0.0, 0.0, 0.0, 0.0, 0.0, 0.0, 0.0, 0.0, 0.0, 0.0, 0.0, 0.0, 0.0, 0.0, 0.0, 1.0, 1.0, 0.0, 1.0, 1.0, 0.0, 1.0, 0.0, 1.0, 1.0, 1.0, 1.0, 1.0, 0.0, 1.0, 1.0, 0.0, 0.0, 0.0, 0.0, 0.0, 1.0, 1.0, 0.0, 1.0, 0.0, 0.0, 1.0, 0.0, 0.0, 0.0, 0.0, 1.0, 1.0, 1.0, 0.0, 0.0, 0.0, 1.0, 0.0, 1.0, 1.0, 1.0, 0.0, 0.0, 0.0, 0.0, 0.0, 1.0, 1.0, 1.0, 1.0, 1.0, 1.0, 1.0, 0.0, 0.0, 0.0, 0.0, 0.0, 0.0, 0.0, 0.0, 0.0, 1.0, 0.0, 1.0, 0.0, 0.0, 0.0, 0.0, 0.0, 1.0, 1.0, 1.0, 1.0, 1.0, 1.0, 1.0, 0.0, 1.0, 1.0, 1.0, 1.0, 1.0, 1.0, 0.0, 1.0, 1.0, 1.0, 1.0, 1.0, 0.0, 0.0, 0.0, 0.0, 1.0, 1.0, 1.0, 1.0, 1.0, 1.0, 1.0, 0.0, 0.0, 1.0, 1.0, 1.0, 0.0, 0.0, 0.0, 0.0, 1.0, 1.0, 1.0, 1.0, 0.0, 0.0, 0.0, 0.0, 1.0, 0.0, 1.0, 0.0, 0.0, 0.0, 0.0, 0.0, 1.0, 1.0, 1.0, 1.0, 1.0, 0.0, 1.0, 0.0, 1.0, 1.0, 1.0, 0.0, 1.0, 1.0, 0.0, 1.0, 1.0, 1.0, 1.0, 1.0, 0.0, 0.0, 0.0, 0.0, 0.0, 0.0, 0.0, 0.0, 0.0, 0.0, 0.0, 0.0, 1.0, 1.0, 1.0, 1.0, 0.0, 0.0, 0.0, 0.0, 0.0, 0.0, 0.0, 0.0, 0.0, 0.0, 0.0, 0.0, 0.0, 0.0, 0.0, 0.0, 0.0, 0.0, 0.0, 0.0, 1.0, 1.0, 0.0, 0.0, 1.0, 1.0, 1.0, 1.0, 1.0, 1.0, 1.0, 1.0, 1.0, 1.0, 1.0, 1.0, 1.0, 1.0, 1.0, 1.0, 1.0, 0.0, 1.0, 1.0, 0.0, 1.0, 0.0, 1.0, 0.0, 1.0, 0.0, 0.0, 1.0, 1.0, 1.0, 1.0, 0.0, 0.0, 1.0, 0.0, 1.0, 1.0, 1.0, 1.0, 0.0, 0.0, 0.0, 0.0, 0.0, 0.0, 0.0, 1.0, 0.0, 0.0, 0.0, 0.0, 1.0, 1.0, 1.0, 1.0, 0.0, 0.0, 0.0, 0.0, 0.0, 1.0, 1.0, 1.0, 0.0, 1.0, 1.0, 0.0, 1.0, 1.0, 1.0, 1.0, 0.0, 0.0, 0.0, 0.0, 1.0, 0.0, 1.0, 1.0, 1.0, 0.0, 0.0, 1.0, 1.0, 1.0, 1.0, 1.0, 1.0, 1.0, 1.0, 0.0, 0.0, 1.0, 1.0, 1.0, 1.0, 1.0, 0.0, 0.0, 1.0, 1.0, 1.0, 1.0, 0.0, 0.0, 0.0, 0.0, 1.0, 1.0, 1.0, 0.0, 0.0, 0.0, 1.0, 0.0, 1.0, 1.0, 1.0, 1.0, 0.0, 0.0, 0.0, 0.0, 0.0, 0.0, 0.0, 0.0, 0.0, 0.0, 0.0, 0.0, 0.0, 0.0, 1.0, 1.0, 0.0, 0.0, 0.0, 0.0, 1.0, 1.0, 1.0, 1.0, 1.0, 0.0, 0.0, 1.0]",-295.2442605392121,597.0338707387587,-482.430437669722,964.860875339444,0.9102401122128739,-8.997362313902647,20.767313350045075,1.2846122460949685,-433.45128860920846,873.4479268787513,True,True,True,True,True,0.8125,0.625,0.8125,0.625,0.8125,0.625,0.8125,0.625,0.8125,0.625,0.8125,0.625,"Z.atmost(lambda x1: Z.equal(x1,'blue','colour'),3,X)","Z.atleast(lambda x1: Z.equal(x1,'blue','colour'),1,X)","Z.exists(lambda x1: Z.lequal(x1,1,'size'),X)","Z.atleast(lambda x1: Z.equal(x1,'blue','colour'),1,X)",0.625,0.625,0.625,0.625,0.625,0.7083333333333334,0.6982758620689655,0.6867816091954023,0.6954022988505747,0.6925287356321839,5.241379310344827,0,0,0,0,0,0
77,92,178,RLWUHB7DXT,I0-0Id8uYOu7Ns8JAAAI,Kappa,at least one is blue AND small,"[True, True, True, True, False, False, False, False]","[True, True, True, True, False, False, False, False]",1.0,1.0,There must be at least one small blue object.,[['x1']],"Z.atleast(lambda x1: Z.and_operator(Z.equal(x1,'blue','colour'),Z.equal(x1,1,'size')),1,X)",There must be at least one small blue object.,"[{'ids': [0, 1, 2, 3, 4], 'colours': ['blue', 'blue', 'green', 'green', 'green'], 'sizes': [1, 2, 1, 2, 3], 'xpos': [0.3094433528812804, 3.922363302427679, 5.337497520816633, 3.1134078380413537, 5.411614333804962], 'ypos': [4.111666666666668, 4.111666666666668, 4.111666666666668, 4.111666666666668, 4.111666653102389], 'rotations': [3.141592653589794, 3.1415926535897927, 3.141592653589793, 3.1415926535897927, 3.1415926801864194], 'orientations': ['upright', 'upright', 'upright', 'upright', 'upright'], 'contact': [[0], [1, 3], [2], [3, 1], [4]], 'grounded': ['yes', 'yes', 'yes', 'yes', 'yes'], 'follow_rule': True}, {'ids': [0], 'colours': ['blue'], 'sizes': [1], 'xpos': [3.4298874450984864], 'ypos': [4.107640862480958], 'rotations': [3.1409188567095137], 'orientations': ['upright'], 'contact': [[0]], 'grounded': ['yes'], 'follow_rule': True}, {'ids': [0], 'colours': ['blue'], 'sizes': [2], 'xpos': [1.4217512202625917], 'ypos': [4.1079628319598065], 'rotations': [3.1440200472787523], 'orientations': ['upright'], 'contact': [[0]], 'grounded': ['yes'], 'follow_rule': False}, {'ids': [0], 'colours': ['blue'], 'sizes': [3], 'xpos': [4.244701306199015], 'ypos': [4.108014168938653], 'rotations': [3.1435782636424765], 'orientations': ['upright'], 'contact': [[0]], 'grounded': ['yes'], 'follow_rule': False}, {'ids': [0], 'colours': ['green'], 'sizes': [1], 'xpos': [4.552816082710768], 'ypos': [4.10807247104655], 'rotations': [3.143953062323205], 'orientations': ['upright'], 'contact': [[0]], 'grounded': ['yes'], 'follow_rule': False}, {'ids': [0], 'colours': ['red'], 'sizes': [1], 'xpos': [7.126564204750549], 'ypos': [3.826926126745775], 'rotations': [5.073087462635252], 'orientations': ['rhs'], 'contact': [[0]], 'grounded': ['yes'], 'follow_rule': False}, {'ids': [0], 'colours': ['blue'], 'sizes': [1], 'xpos': [4.159120644302625], 'ypos': [3.826900341080332], 'rotations': [1.210489731303457], 'orientations': ['lhs'], 'contact': [[0]], 'grounded': ['yes'], 'follow_rule': True}, {'ids': [0], 'colours': ['green'], 'sizes': [1], 'xpos': [1.860552923922781], 'ypos': [3.8272216762758604], 'rotations': [5.072669768107698], 'orientations': ['rhs'], 'contact': [[0]], 'grounded': ['yes'], 'follow_rule': False}, {'ids': [0, 1, 2, 3, 4, 5, 6, 7], 'colours': ['red', 'blue', 'blue', 'red', 'red', 'green', 'red', 'blue'], 'sizes': [3, 1, 2, 2, 3, 2, 1, 2], 'xpos': [3.73068127782473, 5.21143043275308, 0.628029634657912, 5.41985831114537, 3.73221495043733, 2.6881904061602, 2.69592462610732, 4.6441478837753], 'ypos': [4.15955293434237, 3.88040887163376, 3.77952636825576, 4.00866939013447, 3.84618730815599, 4.16046505787232, 3.36197381341272, 4.15735107629793], 'rotations': [3.14513282779734, 5.0677355060028, 5.0513292843393, 2.88192941289468, 3.14453575957132, 3.13858862708556, 2.60114260528712, 3.14253353812844], 'contact': [[0, 4], [1, 3], 2, [3, 1, 7], [4, 0], [5, 6], [6, 5], [7, 3]], 'grounded': ['yes', 'yes', 'yes', 'no', 'no', 'yes', 'no', 'yes']}, {'ids': [0, 1, 2, 3, 4], 'colours': ['green', 'red', 'red', 'blue', 'blue'], 'sizes': [3, 3, 3, 1, 1], 'xpos': [0.494087661193018, 3.9483348516538, 5.27168256714865, 5.34332261433319, 0.73624872055367], 'ypos': [4.03747541930378, 4.15789345817489, 3.68793264237984, 3.6957884966519, 3.12182877557111], 'rotations': [3.39186622255945, 3.13985318391394, 5.03796059957422, 0.88254982855712, 3.37051889969503], 'contact': [[0, 4], 1, [2, 3], [3, 2], [4, 0]], 'grounded': ['yes', 'yes', 'yes', 'yes', 'no']}, {'ids': [0, 1, 2, 3], 'colours': ['red', 'blue', 'blue', 'green'], 'sizes': [1, 1, 2, 2], 'xpos': [3.18059163568182, 0.310290458717288, 3.1806567054277, 2.31556998810598], 'ypos': [4.16168723431181, 4.15876638336768, 4.1487939044355, 4.15777861520172], 'rotations': [3.14159140357956, 3.14265904643877, 3.14147445775215, 3.14506697679819], 'contact': [[0, 2], 1, [2, 0], 3], 'grounded': ['yes', 'yes', 'no', 'yes']}, {'ids': [0, 1, 2], 'colours': ['red', 'blue', 'blue'], 'sizes': [2, 1, 1], 'xpos': [4.18368803941992, 0.414042657065262, 2.15035350734386], 'ypos': [3.77956682056473, 4.15748311487421, 3.8762597297667], 'rotations': [1.23393916549627, 3.14433838895914, 1.21175410086331], 'contact': [{'V1': 0, 'V2': 1, 'V3': 2}], 'grounded': ['yes', 'yes', 'yes']}, {'ids': [0, 1, 2, 3], 'colours': ['red', 'blue', 'green', 'green'], 'sizes': [1, 2, 3, 2], 'xpos': [3.51554594721066, 0.952630095552302, 1.15938786102465, 4.3365248890533], 'ypos': [4.15861023322789, 3.78844050360235, 3.68324865018165, 3.81210635173936], 'rotations': [3.13374769948046, 1.95279692618981, 5.03789515425762, 2.09958352806452], 'contact': [[0, 3], 1, 2, [3, 0]], 'grounded': ['yes', 'yes', 'yes', 'yes']}, {'ids': [0, 1, 2, 3, 4, 5, 6], 'colours': ['red', 'green', 'green', 'red', 'red', 'green', 'blue'], 'sizes': [2, 2, 1, 2, 3, 1, 2], 'xpos': [6.87642919084431, 0.500811040908878, 6.83118798955539, 0.500811040908877, 2.84733119936067, 4.8509860534385, 6.36697442237732], 'ypos': [4.16175085069598, 4.16166666666667, 3.43496091839389, 3.86081693802354, 3.68420776646255, 3.88048305615273, 3.30313545616522], 'rotations': [3.14149734712368, 3.14159265358979, 3.21473720201577, 3.1415926535898, 5.03748075887867, 5.06844557980735, 3.76206868572812], 'contact': [[0, 6, 2], [1, 3], [2, 0, 6], [3, 1], 4, 5, [6, 0, 2]], 'grounded': ['yes', 'yes', 'no', 'no', 'yes', 'yes', 'no']}, {'ids': [0, 1, 2, 3], 'colours': ['green', 'red', 'green', 'green'], 'sizes': [3, 2, 3, 1], 'xpos': [0.68898442305447, 3.35991414777035, 6.19696481477246, 0.285852488312505], 'ypos': [4.14082379374931, 3.77953993499473, 3.68347394204074, 3.22090721981064], 'rotations': [3.17946147794873, 5.05131141313782, 1.24390261182064, 2.78305328423849], 'contact': [[0, 3], 1, 2, [3, 0]], 'grounded': ['yes', 'yes', 'yes', 'no']}, {'ids': [0, 1, 2, 3, 4, 5], 'colours': ['blue', 'green', 'red', 'green', 'red', 'red'], 'sizes': [2, 1, 3, 3, 2, 2], 'xpos': [1.90901458039544, 3.20404317572615, 5.35557787085149, 2.21502873493383, 4.45133508655654, 0.411178438002497], 'ypos': [4.15997299836821, 3.9724254650111, 3.68341260130509, 3.66870790290145, 3.29547827552602, 4.15884184210246], 'rotations': [3.14582683698787, 3.82418159605204, 1.24456815445981, 4.50974799681394, 6.86637263771617, 3.14292060739547], 'contact': [[0, 3], [1, 3], [2, 4], [3, 0, 1], [4, 2], 5], 'grounded': ['yes', 'yes', 'yes', 'yes', 'yes', 'yes']}]","[False, True, True, True, False, False, False, False]","[False, True, True, True, True, True, True, True]","[True, False, False, False, False, False, False, False]","[False, False, False, False, False, False, False, False]","[True, True, True, True, False, False, False, False]","[True, True, True, True, True, True, True, True]","[False, False, False, False, False, False, False, False]","[False, False, False, False, False, False, False, False]",0.125,0.0,0.0,-0.125,0.875,1.0,0.875,1.0,0.125,0.0,0.125,0.0,0.125,0.0,1.3378938408897554,-5.278539101754433,-5.545177444479562,12.636519745188702,11.090354888959125,1.0,-7.821031615667107,-11.090354888959125,18.414651953573994,22.18070977791825,1.0502311195665048,"[1.0, 1.0, 1.0, 1.0, 1.0, 0.0, 1.0, 0.0, 1.0, 1.0, 1.0, 1.0, 1.0, 1.0, 1.0, 0.0135, 0.9530000000000001, 0.092, 0.5895, 0.5895, 1.0, 0.0, 0.0, 0.861, 1.0, 1.0, 1.0, 0.2925, 0.999, 0.999, 1.0, 0.7155, 0.0, 0.0, 1.0, 0.0, 0.0, 0.0, 1.0, 0.0, 0.0, 0.0, 1.0, 0.0, 0.0, 0.0, 1.0, 0.0, 1.0, 1.0, 1.0, 1.0, 0.0, 0.0, 0.0, 0.0, 1.0, 1.0, 1.0, 1.0, 0.935, 0.935, 0.935, 0.935, 1.0, 1.0, 1.0, 1.0, 0.0, 1.0, 0.0, 0.0, 0.0, 1.0, 1.0, 1.0, 1.0, 1.0, 1.0, 1.0, 1.0, 1.0, 1.0, 1.0, 0.0935, 0.0935, 0.0935, 0.0935, 1.0, 1.0, 1.0, 1.0, 1.0, 1.0, 1.0, 1.0, 1.0, 1.0, 1.0, 1.0, 1.0, 1.0, 1.0, 0.013000000000000001, 1.0, 1.0, 0.998, 1.0, 1.0, 0.002, 0.998, 0.002, 1.0, 1.0, 1.0, 1.0, 1.0, 1.0, 1.0, 0.0, 0.973, 1.0, 0.9530000000000001, 1.0, 0.8925000000000001, 0.9195, 0.17400000000000002, 0.201, 1.0, 1.0, 1.0, 1.0, 0.0, 0.0, 0.0, 0.0, 1.0, 1.0, 1.0, 0.24, 1.0, 1.0, 0.968, 1.0, 0.653, 0.653, 0.653, 1.0, 0.2535, 0.2535, 0.7035, 0.10300000000000001, 1.0, 1.0, 1.0, 1.0, 0.0, 1.0, 0.0, 0.0, 1.0, 1.0, 1.0, 0.012, 0.988, 0.988, 1.0, 1.0, 1.0, 0.0, 1.0, 1.0, 1.0, 0.0, 0.0, 1.0, 0.0, 0.0, 0.0, 1.0, 1.0, 0.0, 0.0, 0.0, 1.0, 1.0, 1.0, 1.0, 0.0, 0.0, 0.0, 0.0, 1.0, 1.0, 1.0, 1.0, 0.0, 0.0, 0.0, 0.0, 1.0, 1.0, 1.0, 1.0, 1.0, 1.0, 0.841, 1.0, 1.0, 1.0, 1.0, 1.0, 0.0, 0.0, 0.0, 0.0, 1.0, 1.0, 1.0, 1.0, 1.0, 1.0, 1.0, 0.0, 0.197, 0.0, 0.85, 0.653, 0.803, 0.0, 0.0, 0.0, 0.8525, 0.847, 0.9935, 0.847, 0.28300000000000003, 0.4305, 0.426, 0.426, 1.0, 1.0, 1.0, 1.0, 1.0, 1.0, 1.0, 0.0, 0.798, 1.0, 0.7995, 0.7995, 0.0275, 0.029, 0.2265, 0.1975, 1.0, 1.0, 1.0, 1.0, 0.0, 0.0, 0.0, 0.0, 0.862, 0.854, 0.8595, 0.8955000000000001, 0.045, 0.0005, 0.8695, 0.8505, 1.0, 1.0, 1.0, 0.022, 1.0, 1.0, 1.0, 0.978, 0.28400000000000003, 0.0145, 0.1885, 0.0275, 0.2755, 0.0, 0.0015, 0.013000000000000001, 0.0, 0.0, 0.0, 1.0, 1.0, 0.0, 0.0, 0.0, 1.0, 1.0, 1.0, 1.0, 0.0, 0.0, 0.0, 0.0, 1.0, 1.0, 1.0, 1.0, 1.0, 0.0, 1.0, 0.0, 1.0, 1.0, 1.0, 1.0, 1.0, 1.0, 1.0, 0.0, 1.0, 1.0, 1.0, 0.728, 0.8265, 0.5545, 0.5545, 0.8265, 1.0, 1.0, 1.0, 1.0, 1.0, 1.0, 1.0, 1.0, 1.0, 1.0, 1.0, 0.8715, 0.9365, 0.8695, 0.8695, 0.9365, 0.229, 0.229, 0.229, 0.229, 0.801, 0.03, 0.03, 0.801, 0.0, 0.0, 0.0, 1.0, 1.0, 0.0, 0.0, 0.0, 0.108, 0.114, 0.2315, 0.108, 0.114, 0.07050000000000001, 0.0495, 0.006, 1.0, 1.0, 1.0, 1.0, 0.0, 0.0, 0.0, 0.0, 0.8955000000000001, 0.895, 0.0115, 0.0, 0.883, 0.0, 0.0, 0.0, 1.0, 1.0, 1.0, 1.0, 0.0, 0.0, 0.0, 0.0, 0.902, 0.902, 0.902, 0.678, 0.88, 0.88, 0.902, 0.807, 1.0, 1.0, 1.0, 1.0, 0.0, 0.0, 0.0, 0.0, 1.0, 1.0, 1.0, 1.0, 1.0, 1.0, 1.0, 0.0, 1.0, 1.0, 1.0, 1.0, 0.0, 0.0, 0.0, 0.0, 1.0, 1.0, 1.0, 1.0, 0.008, 0.008, 0.008, 0.008, 1.0, 1.0, 1.0, 1.0, 1.0, 1.0, 1.0, 0.0, 1.0, 1.0, 1.0, 1.0, 1.0, 1.0, 0.6980000000000001, 1.0, 1.0, 1.0, 1.0, 1.0, 0.0, 0.0, 0.0, 0.0, 1.0, 1.0, 1.0, 1.0, 1.0, 1.0, 1.0, 0.0, 0.9530000000000001, 0.9530000000000001, 0.9530000000000001, 1.0, 1.0, 1.0, 0.641, 0.9530000000000001, 1.0, 1.0, 1.0, 1.0, 0.0, 0.0, 0.0, 0.0, 1.0, 1.0, 1.0, 1.0, 1.0, 1.0, 1.0, 1.0, 1.0, 1.0, 1.0, 1.0, 0.0, 0.0, 0.0, 0.0, 1.0, 1.0, 1.0, 1.0, 1.0, 1.0, 1.0, 1.0, 1.0, 1.0, 1.0, 1.0, 0.021500000000000002, 0.021500000000000002, 0.021500000000000002, 0.021500000000000002, 0.021500000000000002, 0.003, 0.02, 0.0095, 0.0095, 0.964, 0.9555, 0.0095, 1.0, 1.0, 1.0, 1.0, 1.0, 1.0, 1.0, 1.0, 1.0, 1.0, 1.0, 1.0, 0.0, 0.0, 0.0, 0.0, 1.0, 1.0, 1.0, 1.0, 0.0, 0.0, 1.0, 1.0, 1.0, 0.873, 0.198, 0.198, 1.0, 1.0, 0.6905, 1.0, 1.0, 1.0, 1.0, 1.0, 1.0, 1.0, 1.0, 0.0, 1.0, 0.999, 0.999, 1.0, 0.0025, 0.0025, 0.0025, 0.0025, 1.0, 1.0, 1.0, 1.0, 1.0, 0.686, 0.314, 0.0, 1.0, 1.0, 1.0, 1.0, 0.524, 0.524, 1.0, 0.47600000000000003, 1.0, 1.0, 1.0, 1.0, 0.008, 0.008, 0.008, 0.008, 0.9935, 0.9935, 0.9775, 0.9935, 0.9935, 0.0225, 0.988, 0.017, 1.0, 1.0, 1.0, 1.0, 0.0725, 0.0725, 0.0725, 0.0725, 0.041, 1.0, 1.0, 0.9590000000000001, 0.041, 0.9590000000000001, 1.0, 0.0, 0.7435, 0.9835, 0.7425, 0.986, 0.7435, 0.7435, 0.256, 0.987, 1.0, 0.005, 1.0, 1.0, 1.0, 0.005, 0.005, 1.0, 1.0, 1.0, 1.0, 1.0, 1.0, 1.0, 1.0, 0.0, 1.0, 1.0, 1.0, 1.0, 0.0, 0.0, 0.0, 0.0, 1.0, 1.0, 1.0, 1.0, 0.0, 0.0, 0.0, 0.0, 0.9705, 0.9705, 0.9145, 1.0, 0.8015, 0.8015, 0.9705, 0.7865, 1.0, 1.0, 1.0, 1.0, 0.0, 0.0, 0.0, 0.0, 1.0, 1.0, 1.0, 1.0, 0.0, 0.0, 0.0, 0.0, 1.0, 1.0, 1.0, 1.0, 0.0, 0.0, 0.0, 0.0, 1.0, 1.0, 1.0, 1.0, 1.0, 1.0, 1.0, 1.0]",-418.5875071169283,843.720363894191,-482.430437669722,964.860875339444,0.01,0.0,2.0794415416798357,0.01,0.0,2.772588722239781,0.6334250289943713,"[1.0, 1.0, 1.0, 1.0, 1.0, 0.0, 1.0, 0.0, 1.0, 1.0, 1.0, 1.0, 1.0, 1.0, 1.0, 0.0, 0.0, 0.0, 0.0, 0.0, 0.0, 0.0, 0.0, 0.0, 1.0, 1.0, 1.0, 0.0, 0.0, 0.0, 1.0, 0.0, 0.0, 0.0, 1.0, 1.0, 0.0, 1.0, 1.0, 1.0, 1.0, 1.0, 1.0, 1.0, 0.0, 0.0, 1.0, 1.0, 1.0, 1.0, 1.0, 1.0, 0.0, 0.0, 0.0, 0.0, 1.0, 1.0, 1.0, 1.0, 0.0, 0.0, 0.0, 0.0, 0.0, 0.0, 0.0, 0.0, 0.0, 1.0, 1.0, 0.0, 1.0, 1.0, 1.0, 1.0, 0.0, 0.0, 0.0, 0.0, 1.0, 1.0, 1.0, 1.0, 0.0, 0.0, 0.0, 0.0, 1.0, 1.0, 1.0, 1.0, 1.0, 1.0, 0.0, 1.0, 1.0, 1.0, 1.0, 1.0, 1.0, 1.0, 1.0, 0.0, 1.0, 1.0, 1.0, 1.0, 1.0, 0.0, 1.0, 0.0, 0.0, 1.0, 0.0, 0.0, 1.0, 1.0, 1.0, 0.0, 1.0, 1.0, 0.0, 1.0, 1.0, 0.0, 0.0, 0.0, 1.0, 1.0, 1.0, 0.0, 1.0, 1.0, 1.0, 1.0, 1.0, 1.0, 1.0, 1.0, 0.0, 0.0, 0.0, 0.0, 1.0, 1.0, 1.0, 0.0, 0.0, 0.0, 1.0, 0.0, 0.0, 0.0, 1.0, 0.0, 0.0, 0.0, 0.0, 0.0, 1.0, 1.0, 1.0, 0.0, 0.0, 0.0, 1.0, 0.0, 0.0, 0.0, 0.0, 1.0, 0.0, 0.0, 0.0, 0.0, 0.0, 0.0, 0.0, 1.0, 0.0, 0.0, 0.0, 0.0, 1.0, 1.0, 1.0, 1.0, 0.0, 0.0, 0.0, 0.0, 1.0, 1.0, 1.0, 0.0, 0.0, 0.0, 1.0, 0.0, 1.0, 1.0, 1.0, 1.0, 0.0, 0.0, 0.0, 0.0, 1.0, 1.0, 1.0, 1.0, 0.0, 0.0, 0.0, 0.0, 1.0, 1.0, 1.0, 1.0, 1.0, 1.0, 1.0, 0.0, 0.0, 0.0, 0.0, 0.0, 1.0, 0.0, 0.0, 0.0, 1.0, 1.0, 1.0, 1.0, 1.0, 1.0, 1.0, 1.0, 1.0, 1.0, 1.0, 1.0, 1.0, 1.0, 1.0, 0.0, 0.0, 0.0, 0.0, 0.0, 0.0, 0.0, 0.0, 0.0, 0.0, 1.0, 0.0, 1.0, 0.0, 1.0, 0.0, 1.0, 0.0, 0.0, 0.0, 1.0, 0.0, 0.0, 0.0, 0.0, 1.0, 1.0, 1.0, 0.0, 0.0, 0.0, 1.0, 0.0, 1.0, 1.0, 1.0, 1.0, 1.0, 0.0, 1.0, 0.0, 0.0, 1.0, 1.0, 1.0, 0.0, 0.0, 0.0, 0.0, 1.0, 1.0, 1.0, 0.0, 1.0, 1.0, 1.0, 1.0, 0.0, 1.0, 1.0, 1.0, 0.0, 0.0, 0.0, 0.0, 1.0, 1.0, 1.0, 1.0, 1.0, 1.0, 1.0, 0.0, 1.0, 1.0, 1.0, 1.0, 0.0, 0.0, 0.0, 0.0, 1.0, 1.0, 1.0, 1.0, 0.0, 0.0, 0.0, 0.0, 0.0, 1.0, 0.0, 0.0, 0.0, 0.0, 0.0, 0.0, 1.0, 1.0, 1.0, 1.0, 1.0, 0.0, 1.0, 1.0, 0.0, 0.0, 0.0, 0.0, 0.0, 1.0, 1.0, 0.0, 1.0, 1.0, 1.0, 1.0, 1.0, 0.0, 1.0, 0.0, 1.0, 1.0, 1.0, 1.0, 1.0, 0.0, 1.0, 1.0, 0.0, 0.0, 0.0, 0.0, 0.0, 1.0, 1.0, 0.0, 1.0, 0.0, 0.0, 1.0, 0.0, 0.0, 0.0, 0.0, 1.0, 1.0, 1.0, 0.0, 0.0, 0.0, 1.0, 0.0, 1.0, 1.0, 1.0, 0.0, 0.0, 0.0, 0.0, 0.0, 1.0, 1.0, 1.0, 1.0, 1.0, 1.0, 1.0, 0.0, 0.0, 0.0, 0.0, 0.0, 0.0, 0.0, 0.0, 0.0, 1.0, 0.0, 1.0, 0.0, 0.0, 0.0, 0.0, 0.0, 1.0, 1.0, 1.0, 1.0, 1.0, 1.0, 1.0, 0.0, 1.0, 1.0, 1.0, 1.0, 1.0, 1.0, 0.0, 1.0, 1.0, 1.0, 1.0, 1.0, 0.0, 0.0, 0.0, 0.0, 1.0, 1.0, 1.0, 1.0, 1.0, 1.0, 1.0, 0.0, 0.0, 1.0, 1.0, 1.0, 0.0, 0.0, 0.0, 0.0, 1.0, 1.0, 1.0, 1.0, 0.0, 0.0, 0.0, 0.0, 1.0, 0.0, 1.0, 0.0, 0.0, 0.0, 0.0, 0.0, 1.0, 1.0, 1.0, 1.0, 1.0, 0.0, 1.0, 0.0, 1.0, 1.0, 1.0, 0.0, 1.0, 1.0, 0.0, 1.0, 1.0, 1.0, 1.0, 1.0, 0.0, 0.0, 0.0, 0.0, 0.0, 0.0, 0.0, 0.0, 0.0, 1.0, 0.0, 0.0, 1.0, 1.0, 1.0, 1.0, 0.0, 0.0, 0.0, 0.0, 0.0, 0.0, 0.0, 0.0, 0.0, 0.0, 0.0, 0.0, 1.0, 0.0, 1.0, 0.0, 0.0, 0.0, 0.0, 0.0, 1.0, 1.0, 0.0, 0.0, 1.0, 1.0, 1.0, 1.0, 1.0, 1.0, 1.0, 1.0, 1.0, 1.0, 1.0, 1.0, 1.0, 1.0, 1.0, 1.0, 1.0, 0.0, 1.0, 1.0, 0.0, 1.0, 0.0, 1.0, 0.0, 1.0, 0.0, 0.0, 1.0, 1.0, 1.0, 1.0, 0.0, 0.0, 1.0, 0.0, 1.0, 1.0, 1.0, 1.0, 0.0, 0.0, 0.0, 0.0, 0.0, 0.0, 0.0, 1.0, 0.0, 0.0, 0.0, 0.0, 1.0, 1.0, 1.0, 1.0, 0.0, 0.0, 0.0, 0.0, 0.0, 1.0, 1.0, 1.0, 0.0, 1.0, 1.0, 0.0, 1.0, 1.0, 1.0, 1.0, 0.0, 0.0, 0.0, 0.0, 1.0, 0.0, 1.0, 1.0, 1.0, 0.0, 0.0, 1.0, 1.0, 1.0, 1.0, 1.0, 1.0, 1.0, 1.0, 0.0, 0.0, 1.0, 1.0, 1.0, 1.0, 1.0, 0.0, 0.0, 1.0, 1.0, 1.0, 1.0, 0.0, 0.0, 0.0, 0.0, 1.0, 1.0, 1.0, 0.0, 0.0, 0.0, 1.0, 0.0, 1.0, 1.0, 1.0, 1.0, 0.0, 0.0, 0.0, 0.0, 0.0, 0.0, 0.0, 0.0, 0.0, 0.0, 0.0, 0.0, 0.0, 1.0, 0.0, 1.0, 0.0, 1.0, 1.0, 0.0, 1.0, 1.0, 1.0, 1.0, 1.0, 0.0, 0.0, 1.0]",-318.3726801373107,643.2907099349558,0.01,0.0,-5.545177444479562,2.0794415416798357,11.090354888959125,0.01,0.0,-11.090354888959125,2.772588722239781,22.18070977791825,0.6173530694834558,"[1.0, 1.0, 1.0, 1.0, 1.0, 0.0, 1.0, 0.0, 1.0, 1.0, 1.0, 1.0, 1.0, 1.0, 1.0, 0.0, 0.0, 0.0, 0.0, 0.0, 0.0, 0.0, 0.0, 0.0, 1.0, 1.0, 1.0, 0.0, 0.0, 0.0, 1.0, 0.0, 0.0, 0.0, 1.0, 1.0, 0.0, 1.0, 1.0, 1.0, 0.0, 0.0, 0.0, 0.0, 0.0, 0.0, 0.0, 0.0, 1.0, 1.0, 1.0, 1.0, 0.0, 0.0, 0.0, 0.0, 1.0, 1.0, 1.0, 1.0, 0.0, 0.0, 0.0, 0.0, 0.0, 0.0, 0.0, 0.0, 0.0, 1.0, 1.0, 0.0, 0.0, 0.0, 0.0, 1.0, 0.0, 0.0, 0.0, 0.0, 1.0, 1.0, 1.0, 1.0, 0.0, 0.0, 0.0, 0.0, 0.0, 0.0, 0.0, 0.0, 1.0, 1.0, 0.0, 1.0, 1.0, 1.0, 1.0, 1.0, 1.0, 1.0, 1.0, 0.0, 1.0, 1.0, 1.0, 1.0, 1.0, 0.0, 1.0, 0.0, 0.0, 1.0, 0.0, 0.0, 1.0, 1.0, 1.0, 0.0, 1.0, 1.0, 0.0, 1.0, 1.0, 0.0, 0.0, 0.0, 1.0, 1.0, 1.0, 0.0, 1.0, 1.0, 1.0, 1.0, 1.0, 1.0, 1.0, 1.0, 0.0, 0.0, 0.0, 0.0, 1.0, 1.0, 1.0, 0.0, 0.0, 0.0, 1.0, 0.0, 0.0, 0.0, 1.0, 0.0, 0.0, 0.0, 0.0, 0.0, 1.0, 1.0, 1.0, 0.0, 0.0, 0.0, 1.0, 0.0, 0.0, 0.0, 0.0, 1.0, 0.0, 0.0, 0.0, 0.0, 0.0, 0.0, 0.0, 1.0, 0.0, 0.0, 0.0, 0.0, 1.0, 1.0, 1.0, 1.0, 0.0, 0.0, 0.0, 0.0, 1.0, 1.0, 1.0, 0.0, 0.0, 0.0, 1.0, 0.0, 1.0, 1.0, 1.0, 1.0, 0.0, 0.0, 0.0, 0.0, 1.0, 1.0, 1.0, 1.0, 0.0, 0.0, 0.0, 0.0, 1.0, 1.0, 1.0, 1.0, 1.0, 1.0, 1.0, 0.0, 0.0, 0.0, 0.0, 0.0, 1.0, 0.0, 0.0, 0.0, 1.0, 1.0, 1.0, 1.0, 1.0, 1.0, 1.0, 1.0, 1.0, 1.0, 1.0, 1.0, 1.0, 1.0, 1.0, 0.0, 0.0, 0.0, 0.0, 0.0, 0.0, 0.0, 0.0, 0.0, 0.0, 1.0, 0.0, 1.0, 0.0, 1.0, 0.0, 1.0, 0.0, 0.0, 0.0, 1.0, 0.0, 0.0, 0.0, 0.0, 1.0, 1.0, 1.0, 0.0, 0.0, 0.0, 1.0, 0.0, 1.0, 1.0, 1.0, 1.0, 1.0, 0.0, 1.0, 0.0, 0.0, 1.0, 1.0, 1.0, 0.0, 0.0, 0.0, 0.0, 1.0, 1.0, 1.0, 0.0, 1.0, 1.0, 1.0, 1.0, 0.0, 1.0, 1.0, 1.0, 0.0, 0.0, 0.0, 0.0, 1.0, 1.0, 1.0, 1.0, 1.0, 1.0, 1.0, 0.0, 1.0, 1.0, 1.0, 1.0, 0.0, 0.0, 0.0, 0.0, 1.0, 1.0, 1.0, 1.0, 0.0, 0.0, 0.0, 0.0, 0.0, 1.0, 0.0, 0.0, 0.0, 0.0, 0.0, 0.0, 0.0, 0.0, 0.0, 0.0, 0.0, 0.0, 0.0, 0.0, 1.0, 0.0, 1.0, 1.0, 1.0, 0.0, 0.0, 1.0, 1.0, 1.0, 1.0, 1.0, 1.0, 0.0, 1.0, 0.0, 1.0, 1.0, 1.0, 1.0, 1.0, 0.0, 1.0, 1.0, 0.0, 0.0, 0.0, 0.0, 0.0, 1.0, 1.0, 0.0, 1.0, 0.0, 0.0, 1.0, 0.0, 0.0, 0.0, 0.0, 1.0, 1.0, 1.0, 0.0, 0.0, 0.0, 1.0, 0.0, 1.0, 1.0, 1.0, 0.0, 0.0, 0.0, 0.0, 0.0, 1.0, 1.0, 1.0, 1.0, 1.0, 1.0, 1.0, 0.0, 0.0, 0.0, 0.0, 0.0, 0.0, 0.0, 0.0, 0.0, 1.0, 0.0, 1.0, 0.0, 0.0, 0.0, 0.0, 0.0, 1.0, 1.0, 1.0, 1.0, 1.0, 1.0, 1.0, 0.0, 1.0, 1.0, 1.0, 1.0, 1.0, 1.0, 0.0, 1.0, 1.0, 1.0, 1.0, 1.0, 0.0, 0.0, 0.0, 0.0, 1.0, 1.0, 1.0, 1.0, 1.0, 1.0, 1.0, 0.0, 0.0, 1.0, 1.0, 1.0, 0.0, 0.0, 0.0, 0.0, 1.0, 1.0, 1.0, 1.0, 0.0, 0.0, 0.0, 0.0, 1.0, 0.0, 1.0, 0.0, 0.0, 0.0, 0.0, 0.0, 1.0, 1.0, 1.0, 1.0, 1.0, 0.0, 1.0, 0.0, 1.0, 1.0, 1.0, 0.0, 1.0, 1.0, 0.0, 1.0, 1.0, 1.0, 1.0, 1.0, 0.0, 0.0, 0.0, 0.0, 0.0, 0.0, 0.0, 0.0, 0.0, 1.0, 0.0, 0.0, 1.0, 1.0, 1.0, 1.0, 0.0, 0.0, 0.0, 0.0, 0.0, 0.0, 0.0, 0.0, 0.0, 0.0, 0.0, 0.0, 1.0, 0.0, 1.0, 0.0, 0.0, 0.0, 0.0, 0.0, 1.0, 1.0, 0.0, 0.0, 1.0, 1.0, 1.0, 1.0, 1.0, 1.0, 1.0, 1.0, 1.0, 1.0, 1.0, 1.0, 1.0, 1.0, 1.0, 1.0, 1.0, 0.0, 1.0, 1.0, 0.0, 1.0, 0.0, 1.0, 0.0, 1.0, 0.0, 0.0, 1.0, 1.0, 1.0, 1.0, 0.0, 0.0, 1.0, 0.0, 1.0, 1.0, 1.0, 1.0, 0.0, 0.0, 0.0, 0.0, 0.0, 0.0, 0.0, 1.0, 0.0, 0.0, 0.0, 0.0, 1.0, 1.0, 1.0, 1.0, 0.0, 0.0, 0.0, 0.0, 0.0, 1.0, 1.0, 1.0, 0.0, 1.0, 1.0, 0.0, 1.0, 1.0, 1.0, 1.0, 0.0, 0.0, 0.0, 0.0, 1.0, 0.0, 1.0, 1.0, 1.0, 0.0, 0.0, 1.0, 1.0, 1.0, 1.0, 1.0, 1.0, 1.0, 1.0, 0.0, 0.0, 0.0, 1.0, 0.0, 0.0, 1.0, 0.0, 0.0, 1.0, 1.0, 1.0, 1.0, 0.0, 0.0, 0.0, 0.0, 1.0, 1.0, 1.0, 0.0, 0.0, 0.0, 1.0, 0.0, 1.0, 1.0, 1.0, 1.0, 0.0, 0.0, 0.0, 0.0, 0.0, 0.0, 0.0, 0.0, 0.0, 0.0, 0.0, 0.0, 0.0, 1.0, 0.0, 1.0, 0.0, 1.0, 1.0, 0.0, 1.0, 1.0, 1.0, 1.0, 1.0, 0.0, 0.0, 1.0]",-311.9759791000219,630.4973078603782,-482.430437669722,964.860875339444,0.5138983421086265,-3.0141612900514936,-5.545177444479562,8.107764121782823,11.090354888959125,0.3515995446299957,-4.146376935723269,-11.090354888959125,11.065342593686319,22.18070977791825,1.0908740239314543,"[0.0, 0.0, 1.0, 0.0, 0.0, 0.0, 0.0, 0.0, 1.0, 1.0, 1.0, 1.0, 0.877, 0.877, 0.877, 0.0, 1.0, 0.259, 1.0, 1.0, 0.8015, 0.0, 0.259, 1.0, 1.0, 1.0, 1.0, 1.0, 1.0, 1.0, 1.0, 0.0, 0.0, 0.0, 1.0, 0.0, 0.0, 0.0, 1.0, 0.0, 0.0, 0.0, 1.0, 0.0, 0.0, 0.0, 1.0, 0.0, 0.0, 0.0, 0.0, 0.0775, 0.0, 0.0, 0.1635, 0.47100000000000003, 1.0, 1.0, 1.0, 1.0, 0.0, 0.0, 0.0, 0.0, 0.0, 0.0, 0.0, 0.0, 0.0, 0.0, 0.0, 0.0, 1.0, 1.0, 1.0, 1.0, 1.0, 1.0, 1.0, 0.0, 1.0, 1.0, 1.0, 1.0, 0.0, 0.0, 0.0, 0.0, 0.0, 0.0, 0.0, 0.0, 0.0, 0.113, 0.113, 0.0, 0.0, 0.0, 0.0, 1.0, 0.0, 0.0, 0.0, 0.0, 1.0, 1.0, 1.0, 1.0, 0.0, 0.0, 0.0, 0.0, 0.9995, 1.0, 1.0, 0.663, 1.0, 1.0, 1.0, 0.353, 1.0, 1.0, 1.0, 1.0, 0.082, 0.082, 0.0, 0.0, 0.973, 1.0, 0.7655000000000001, 0.605, 0.973, 1.0, 1.0, 0.368, 0.0, 0.0, 1.0, 0.0, 1.0, 0.0, 1.0, 0.0, 1.0, 1.0, 1.0, 1.0, 0.0, 0.0, 1.0, 0.0, 1.0, 1.0, 1.0, 1.0, 0.0, 0.9465, 0.0, 0.0, 0.666, 1.0, 0.666, 0.666, 0.0, 0.0, 0.7975, 0.0, 0.0, 0.9430000000000001, 0.0, 1.0, 1.0, 0.0, 0.0, 0.0, 0.0, 1.0, 0.0, 0.0, 0.0, 0.0, 0.0, 0.0, 1.0, 1.0, 1.0, 1.0, 0.0, 0.0, 0.0, 0.0, 1.0, 1.0, 1.0, 1.0, 1.0, 1.0, 1.0, 0.0005, 1.0, 1.0, 1.0, 1.0, 1.0, 1.0, 0.0, 1.0, 1.0, 1.0, 1.0, 1.0, 0.0, 0.0, 0.0, 0.0, 1.0, 1.0, 1.0, 1.0, 1.0, 1.0, 1.0, 0.0, 1.0, 0.0, 1.0, 0.0, 0.0, 0.0, 0.0, 0.0, 0.0, 1.0, 0.0, 1.0, 0.0, 1.0, 0.0, 1.0, 1.0, 1.0, 1.0, 1.0, 1.0, 1.0, 1.0, 0.0, 1.0, 0.0, 1.0, 1.0, 1.0, 0.0, 0.0, 1.0, 1.0, 1.0, 1.0, 1.0, 1.0, 1.0, 1.0, 1.0, 0.0, 0.9580000000000001, 0.0, 0.0, 0.0, 0.0, 0.0045000000000000005, 0.0, 0.0, 0.0, 0.0, 0.0, 0.0, 0.0, 0.0, 1.0, 0.0, 0.0, 0.0005, 0.0, 0.0, 0.0, 0.0, 0.0, 0.0, 1.0, 0.0, 0.0, 0.0, 0.0, 0.0, 0.0, 1.0, 1.0, 1.0, 0.001, 0.001, 0.001, 1.0, 0.0, 0.0, 0.0, 0.6225, 0.0, 0.0, 0.0, 0.0, 0.0, 1.0, 1.0, 1.0, 1.0, 0.0, 0.0, 0.0, 0.0, 0.0, 0.0, 0.0, 0.0, 0.0, 0.0, 0.0, 0.0, 1.0, 1.0, 1.0, 1.0, 1.0, 1.0, 1.0, 0.0, 0.0, 0.0, 0.0, 1.0, 0.0, 0.0, 1.0, 0.0, 1.0, 1.0, 1.0, 1.0, 0.0, 0.0, 0.0, 0.0, 0.0, 1.0, 0.0, 0.0, 1.0, 0.0, 0.0, 1.0, 1.0, 1.0, 1.0, 1.0, 0.0, 0.0, 0.0, 0.0, 1.0, 1.0, 1.0, 1.0, 1.0, 0.0, 1.0, 1.0, 0.0, 0.0005, 0.0, 0.0, 0.0, 0.38, 0.0, 0.0, 1.0, 1.0, 1.0, 1.0, 0.0, 0.0, 0.0, 0.0, 1.0, 1.0, 1.0, 0.999, 1.0, 1.0, 1.0, 0.0195, 1.0, 1.0, 1.0, 1.0, 0.0, 0.0, 0.0, 0.0, 0.0, 0.6285000000000001, 0.0, 0.328, 0.0, 0.0, 0.6285000000000001, 0.0, 0.0, 0.0, 0.0, 0.0, 0.0, 0.0, 0.0, 1.0, 1.0, 1.0, 1.0, 1.0, 0.0, 0.0, 0.0, 0.0, 1.0, 1.0, 1.0, 1.0, 1.0, 1.0, 1.0, 0.0, 1.0, 1.0, 1.0, 1.0, 1.0, 1.0, 0.0375, 1.0, 1.0, 1.0, 1.0, 1.0, 0.0, 0.0, 0.0, 0.0, 1.0, 1.0, 1.0, 1.0, 1.0, 1.0, 1.0, 0.0, 1.0, 1.0, 1.0, 1.0, 1.0, 1.0, 0.0, 1.0, 1.0, 1.0, 1.0, 1.0, 0.0, 0.0, 0.0, 0.0, 1.0, 1.0, 1.0, 1.0, 1.0, 1.0, 1.0, 1.0, 0.0, 0.0, 0.4395, 0.0, 0.0, 0.0, 0.001, 1.0, 0.0, 0.0, 0.0, 0.0, 0.0, 0.0, 0.0, 0.0, 1.0, 1.0, 1.0, 0.0, 1.0, 0.0, 0.0, 1.0, 0.0, 0.0, 1.0, 1.0, 1.0, 0.0, 0.0, 0.0, 0.0, 0.0, 0.0, 0.0, 0.0, 0.0, 0.0, 0.0, 1.0, 1.0, 1.0, 1.0, 0.0, 0.0, 0.0, 0.0, 0.0, 0.0, 0.0, 0.0, 0.0, 1.0, 0.0, 0.0, 1.0, 1.0, 1.0, 1.0, 0.0, 0.4945, 0.0, 0.0, 1.0, 1.0, 1.0, 1.0, 0.0, 0.0, 1.0, 1.0, 1.0, 1.0, 1.0, 1.0, 0.0, 0.0, 0.0, 0.0, 1.0, 1.0, 1.0, 1.0, 1.0, 0.704, 0.296, 0.0, 1.0, 1.0, 1.0, 1.0, 0.0, 0.0, 1.0, 1.0, 1.0, 1.0, 1.0, 1.0, 0.0, 0.0, 0.0, 0.0, 0.006, 1.0, 0.006, 0.708, 0.298, 1.0, 0.298, 1.0, 1.0, 1.0, 1.0, 1.0, 0.0, 0.0, 0.0, 0.0, 1.0, 0.0, 1.0, 1.0, 1.0, 0.0, 0.0, 1.0, 0.0, 1.0, 1.0, 1.0, 0.0, 0.0, 0.0, 0.0, 1.0, 0.224, 1.0, 1.0, 0.776, 0.0, 0.224, 1.0, 1.0, 1.0, 1.0, 1.0, 0.0, 0.0, 0.0, 0.0, 1.0, 1.0, 0.0, 1.0, 1.0, 1.0, 0.0, 1.0, 1.0, 1.0, 1.0, 1.0, 0.0, 0.0, 0.0, 0.0, 1.0, 1.0, 1.0, 1.0, 1.0, 1.0, 1.0, 0.0, 1.0, 1.0, 1.0, 1.0, 0.0, 0.0, 0.0, 0.0, 0.0, 0.0, 0.0, 0.0, 0.0, 0.0, 0.0, 0.0, 1.0, 0.4865, 1.0, 1.0, 1.0, 0.0075, 0.4865, 1.0, 0.0225, 0.0, 0.0, 0.9775, 0.0, 0.0, 0.0, 0.0]",-419.18595103414617,844.9172517286268,-482.430437669722,964.860875339444,0.01,0.0,-5.545177444479562,2.0794415416798357,11.090354888959125,0.01,0.0,-11.090354888959125,2.772588722239781,22.18070977791825,0.5787520451143159,"[1.0, 1.0, 1.0, 1.0, 1.0, 0.0, 1.0, 0.0, 1.0, 1.0, 1.0, 1.0, 1.0, 1.0, 1.0, 0.0, 0.0, 0.0, 0.0, 0.0, 0.0, 0.0, 0.0, 0.0, 1.0, 1.0, 1.0, 1.0, 0.0, 0.0, 1.0, 0.0, 0.0, 0.0, 0.0, 0.0, 0.0, 1.0, 0.0, 0.0, 0.0, 0.0, 0.0, 0.0, 0.0, 0.0, 0.0, 0.0, 1.0, 1.0, 1.0, 1.0, 0.0, 0.0, 0.0, 0.0, 1.0, 1.0, 1.0, 1.0, 0.0, 0.0, 0.0, 0.0, 0.0, 0.0, 0.0, 0.0, 0.0, 1.0, 1.0, 0.0, 1.0, 1.0, 1.0, 1.0, 0.0, 0.0, 0.0, 0.0, 1.0, 1.0, 1.0, 1.0, 0.0, 0.0, 0.0, 0.0, 0.0, 0.0, 0.0, 0.0, 0.0, 0.0, 0.0, 0.0, 1.0, 1.0, 1.0, 1.0, 1.0, 1.0, 1.0, 0.0, 1.0, 1.0, 1.0, 1.0, 1.0, 0.0, 1.0, 0.0, 0.0, 1.0, 0.0, 0.0, 1.0, 1.0, 1.0, 0.0, 1.0, 1.0, 0.0, 1.0, 1.0, 0.0, 0.0, 0.0, 1.0, 1.0, 1.0, 0.0, 1.0, 1.0, 1.0, 1.0, 1.0, 1.0, 1.0, 1.0, 0.0, 0.0, 0.0, 0.0, 1.0, 1.0, 1.0, 0.0, 0.0, 0.0, 1.0, 0.0, 0.0, 0.0, 1.0, 0.0, 0.0, 0.0, 0.0, 0.0, 1.0, 1.0, 1.0, 0.0, 0.0, 0.0, 1.0, 0.0, 0.0, 0.0, 0.0, 1.0, 0.0, 0.0, 0.0, 0.0, 0.0, 0.0, 0.0, 1.0, 0.0, 0.0, 0.0, 0.0, 1.0, 1.0, 1.0, 1.0, 0.0, 0.0, 0.0, 0.0, 1.0, 1.0, 1.0, 0.0, 0.0, 0.0, 1.0, 0.0, 1.0, 1.0, 1.0, 1.0, 0.0, 0.0, 0.0, 0.0, 1.0, 1.0, 1.0, 1.0, 0.0, 0.0, 0.0, 0.0, 1.0, 1.0, 1.0, 1.0, 1.0, 1.0, 1.0, 0.0, 0.0, 0.0, 0.0, 0.0, 1.0, 0.0, 0.0, 0.0, 1.0, 1.0, 1.0, 1.0, 1.0, 1.0, 1.0, 1.0, 1.0, 1.0, 1.0, 1.0, 1.0, 1.0, 1.0, 0.0, 0.0, 0.0, 0.0, 0.0, 0.0, 0.0, 0.0, 0.0, 0.0, 1.0, 0.0, 1.0, 0.0, 1.0, 0.0, 1.0, 0.0, 0.0, 0.0, 1.0, 0.0, 0.0, 0.0, 0.0, 1.0, 1.0, 1.0, 0.0, 0.0, 0.0, 1.0, 0.0, 0.0, 0.0, 1.0, 0.0, 0.0, 0.0, 0.0, 0.0, 0.0, 1.0, 1.0, 1.0, 0.0, 0.0, 0.0, 0.0, 1.0, 1.0, 1.0, 0.0, 1.0, 1.0, 1.0, 1.0, 0.0, 0.0, 1.0, 0.0, 0.0, 0.0, 0.0, 0.0, 1.0, 1.0, 1.0, 1.0, 1.0, 1.0, 1.0, 0.0, 1.0, 1.0, 1.0, 1.0, 0.0, 0.0, 0.0, 0.0, 1.0, 1.0, 1.0, 1.0, 0.0, 0.0, 0.0, 0.0, 0.0, 1.0, 0.0, 0.0, 0.0, 0.0, 0.0, 0.0, 0.0, 0.0, 0.0, 0.0, 0.0, 0.0, 0.0, 0.0, 0.0, 0.0, 0.0, 0.0, 0.0, 0.0, 0.0, 0.0, 1.0, 1.0, 0.0, 1.0, 1.0, 0.0, 1.0, 0.0, 1.0, 1.0, 1.0, 1.0, 1.0, 0.0, 1.0, 1.0, 0.0, 0.0, 0.0, 0.0, 0.0, 1.0, 1.0, 0.0, 1.0, 0.0, 0.0, 1.0, 0.0, 0.0, 0.0, 0.0, 1.0, 1.0, 1.0, 0.0, 0.0, 0.0, 1.0, 0.0, 1.0, 1.0, 1.0, 0.0, 0.0, 0.0, 0.0, 0.0, 1.0, 1.0, 1.0, 1.0, 1.0, 1.0, 1.0, 0.0, 0.0, 0.0, 0.0, 0.0, 0.0, 0.0, 0.0, 0.0, 1.0, 0.0, 1.0, 0.0, 0.0, 0.0, 0.0, 0.0, 1.0, 1.0, 1.0, 1.0, 1.0, 1.0, 1.0, 0.0, 1.0, 1.0, 1.0, 1.0, 1.0, 1.0, 0.0, 1.0, 1.0, 1.0, 1.0, 1.0, 0.0, 0.0, 0.0, 0.0, 1.0, 1.0, 1.0, 1.0, 1.0, 1.0, 1.0, 0.0, 0.0, 1.0, 1.0, 1.0, 0.0, 0.0, 0.0, 0.0, 1.0, 1.0, 1.0, 1.0, 0.0, 0.0, 0.0, 0.0, 1.0, 0.0, 1.0, 0.0, 0.0, 0.0, 0.0, 0.0, 1.0, 1.0, 1.0, 1.0, 1.0, 0.0, 1.0, 0.0, 1.0, 1.0, 1.0, 0.0, 1.0, 1.0, 0.0, 1.0, 1.0, 1.0, 1.0, 1.0, 0.0, 0.0, 0.0, 0.0, 0.0, 0.0, 0.0, 0.0, 0.0, 0.0, 0.0, 0.0, 1.0, 1.0, 1.0, 1.0, 0.0, 0.0, 0.0, 0.0, 0.0, 0.0, 0.0, 0.0, 0.0, 0.0, 0.0, 0.0, 0.0, 0.0, 0.0, 0.0, 0.0, 0.0, 0.0, 0.0, 1.0, 1.0, 0.0, 0.0, 1.0, 1.0, 1.0, 1.0, 1.0, 1.0, 1.0, 1.0, 1.0, 1.0, 1.0, 1.0, 1.0, 1.0, 1.0, 1.0, 1.0, 0.0, 1.0, 1.0, 0.0, 1.0, 0.0, 1.0, 0.0, 1.0, 0.0, 0.0, 1.0, 1.0, 1.0, 1.0, 0.0, 0.0, 1.0, 0.0, 1.0, 1.0, 1.0, 1.0, 0.0, 0.0, 0.0, 0.0, 0.0, 0.0, 0.0, 1.0, 0.0, 0.0, 0.0, 0.0, 1.0, 1.0, 1.0, 1.0, 0.0, 0.0, 0.0, 0.0, 0.0, 1.0, 1.0, 1.0, 0.0, 1.0, 1.0, 0.0, 1.0, 1.0, 1.0, 1.0, 0.0, 0.0, 0.0, 0.0, 1.0, 0.0, 1.0, 1.0, 1.0, 0.0, 0.0, 1.0, 1.0, 1.0, 1.0, 1.0, 1.0, 1.0, 1.0, 0.0, 0.0, 1.0, 1.0, 1.0, 1.0, 1.0, 0.0, 0.0, 1.0, 1.0, 1.0, 1.0, 0.0, 0.0, 0.0, 0.0, 1.0, 1.0, 1.0, 0.0, 0.0, 0.0, 1.0, 0.0, 1.0, 1.0, 1.0, 1.0, 0.0, 0.0, 0.0, 0.0, 0.0, 0.0, 0.0, 0.0, 0.0, 0.0, 0.0, 0.0, 0.0, 0.0, 1.0, 1.0, 0.0, 0.0, 0.0, 0.0, 1.0, 1.0, 1.0, 1.0, 1.0, 0.0, 0.0, 1.0]",-295.2442605392121,597.0338707387587,-482.430437669722,964.860875339444,1.2682989049745876,-9.937381992884086,22.647352708007954,1.2846122460949685,-433.45128860920846,873.4479268787513,True,True,True,True,True,0.625,0.625,0.8125,1.0,0.8125,1.0,0.75,0.875,0.8125,1.0,0.875,0.875,"Z.exists(lambda x1: Z.equal(x1,'blue','colour'),X)","Z.atleast(lambda x1: Z.and_operator(Z.equal(x1,'blue','colour'),Z.equal(x1,1,'size')),1,X)","Z.exactly(lambda x1: Z.equal(x1,'blue','colour'),2,X)","Z.atleast(lambda x1: Z.and_operator(Z.equal(x1,'blue','colour'),Z.equal(x1,1,'size')),1,X)",0.625,0.875,1.0,0.875,1.0,0.7083333333333334,0.6982758620689655,0.6867816091954023,0.6954022988505747,0.6925287356321839,5.241379310344827,0,0,0,0,0,0
78,93,179,RLWUHB7DXT,I0-0Id8uYOu7Ns8JAAAI,Omega,all are blue OR small,"[True, False, True, True, True, False, False, True]","[True, False, True, True, True, False, False, True]",0.625,0.625,There must be a least one small object present of any color.,[['x1']],"Z.atleast(lambda x1: Z.equal(x1,1,'size'),1,X)",There must be a least one small object present of any color.,"[{'ids': [0, 1, 2], 'colours': ['green', 'blue', 'green'], 'sizes': [1, 2, 1], 'xpos': [0.36959413505621275, 3.3555395866775566, 2.6478519224999433], 'ypos': [4.111666666666668, 4.111646661557346, 4.107683490415345], 'rotations': [3.141592653589794, 3.141570133408743, 3.145070980983599], 'orientations': ['upright', 'upright', 'upright'], 'contact': [[0], [1, 2], [2, 1]], 'grounded': ['yes', 'yes', 'yes'], 'follow_rule': True}, {'ids': [0], 'colours': ['green'], 'sizes': [1], 'xpos': [5.81726778063285], 'ypos': [4.107430731756562], 'rotations': [3.1389380999197014], 'orientations': ['upright'], 'contact': [[0]], 'grounded': ['yes'], 'follow_rule': True}, {'ids': [0, 1], 'colours': ['green', 'green'], 'sizes': [1, 1], 'xpos': [4.018241100946766, 6.7283201347939245], 'ypos': [4.107200532246091, 4.108008911965225], 'rotations': [3.1408643748902643, 3.144173080813867], 'orientations': ['upright', 'upright'], 'contact': [[0], [1]], 'grounded': ['yes', 'yes'], 'follow_rule': True}, {'ids': [0], 'colours': ['green'], 'sizes': [2], 'xpos': [1.2506769797132098], 'ypos': [4.108212737321608], 'rotations': [3.143537703730592], 'orientations': ['upright'], 'contact': [[0]], 'grounded': ['yes'], 'follow_rule': False}, {'ids': [0], 'colours': ['green'], 'sizes': [1], 'xpos': [4.636538508457444], 'ypos': [3.8264873188974082], 'rotations': [5.073903538799004], 'orientations': ['rhs'], 'contact': [[0]], 'grounded': ['yes'], 'follow_rule': True}, {'ids': [0], 'colours': ['red'], 'sizes': [1], 'xpos': [2.237434157864743], 'ypos': [4.107122369972118], 'rotations': [3.1417655548699104], 'orientations': ['upright'], 'contact': [[0]], 'grounded': ['yes'], 'follow_rule': True}, {'ids': [0, 1], 'colours': ['red', 'green'], 'sizes': [1, 1], 'xpos': [5.398271939957905, 0.34033380381259376], 'ypos': [3.8261724445239533, 4.108229473108439], 'rotations': [1.2117911967148856, 3.140551670679164], 'orientations': ['lhs', 'upright'], 'contact': [[0], [1]], 'grounded': ['yes', 'yes'], 'follow_rule': True}, {'ids': [0, 1, 2, 3], 'colours': ['blue', 'blue', 'red', 'green'], 'sizes': [2, 2, 1, 1], 'xpos': [2.823353673659061, 0.875515552060078, 3.980975273361223, 2.6154478730943937], 'ypos': [3.7332111845648814, 4.106831806874706, 4.107413250674768, 3.5340470072763055], 'rotations': [1.2331373630086824, 3.1413776384472394, 3.1382845000816015, 5.217424651006157], 'orientations': ['lhs', 'upright', 'upright', 'rhs'], 'contact': [[0], [1], [2], [3]], 'grounded': ['yes', 'yes', 'yes', 'no'], 'follow_rule': True}, {'ids': [0], 'colours': ['red'], 'sizes': [1], 'xpos': [0.980966455584144], 'ypos': [4.15692217898732], 'rotations': [3.14075602080225], 'contact': [{'V1': 0}], 'grounded': ['yes']}, {'ids': [0, 1], 'colours': ['blue', 'blue'], 'sizes': [2, 2], 'xpos': [5.53919900438758, 1.65854079923742], 'ypos': [4.15829751656101, 4.15751198256046], 'rotations': [3.14294469336728, 3.13947439604659], 'contact': [{'V1': 0, 'V2': 1}], 'grounded': ['yes', 'yes']}, {'ids': [0, 1, 2], 'colours': ['blue', 'red', 'blue'], 'sizes': [1, 1, 1], 'xpos': [2.91233558185412, 3.62676822308812, 1.29792616640764], 'ypos': [4.1571699418337, 4.15734457821355, 3.87855314146574], 'rotations': [3.14061931424498, 3.14080979983927, 1.21335141178178], 'contact': [{'V1': 0, 'V2': 1, 'V3': 2}], 'grounded': ['yes', 'yes', 'yes']}, {'ids': [0, 1, 2, 3], 'colours': ['blue', 'red', 'blue', 'green'], 'sizes': [1, 1, 2, 1], 'xpos': [2.95609825059217, 3.96209693679724, 2.2390687716568, 6.71224095289635], 'ypos': [4.15768622476784, 4.15787716497594, 4.15807459370596, 3.87670727460735], 'rotations': [3.13919121672235, 3.14161554480523, 3.13998936351093, 5.07284064751327], 'contact': [{'V1': 0, 'V2': 1, 'V3': 2, 'V4': 3}], 'grounded': ['yes', 'yes', 'yes', 'yes']}, {'ids': [0, 1, 2], 'colours': ['green', 'red', 'red'], 'sizes': [1, 3, 1], 'xpos': [1.21736009446034, 6.88866095105911, 4.29219484852988], 'ypos': [4.15714834736316, 4.15848443530156, 4.15761681621936], 'rotations': [3.14148035908309, 3.14030543965137, 3.14298105798337], 'contact': [{'V1': 0, 'V2': 1, 'V3': 2}], 'grounded': ['yes', 'yes', 'yes']}, {'ids': [0, 1, 2, 3, 4], 'colours': ['green', 'blue', 'green', 'red', 'red'], 'sizes': [2, 2, 2, 2, 3], 'xpos': [3.83090657832267, 2.38910717821051, 3.54259339814947, 1.00881638670343, 0.483372753490727], 'ypos': [4.15913936320131, 4.15701392299474, 3.77761038379749, 3.76166694023043, 3.53535261859211], 'rotations': [3.13980420303635, 3.14077430032494, 1.87848516525718, 1.57196158476873, 2.81423018257197], 'contact': [[0, 2], [1, 2], [2, 0, 1], [3, 4], [4, 3]], 'grounded': ['yes', 'yes', 'yes', 'yes', 'no']}, {'ids': [0, 1, 2], 'colours': ['red', 'blue', 'green'], 'sizes': [2, 2, 2], 'xpos': [6.08097769326034, 5.78861976198164, 1.25011232086784], 'ypos': [3.78458058527285, 4.1039571708585, 3.7795894526631], 'rotations': [5.04856954343186, 3.00593527717321, 5.05105310034866], 'contact': [[0, 1], [1, 0], 2], 'grounded': ['yes', 'yes', 'yes']}, {'ids': [0, 1, 2, 3], 'colours': ['red', 'green', 'red', 'red'], 'sizes': [2, 2, 2, 1], 'xpos': [4.475106476545, 0.413561660061233, 6.37662276433712, 5.00296952327856], 'ypos': [4.1607559072369, 4.15829244701068, 3.77944860362373, 3.87681059949227], 'rotations': [3.14176346787067, 3.1433043689908, 5.0514105380658, 5.07138540402654], 'contact': [{'V1': 0, 'V2': 1, 'V3': 2, 'V4': 3}], 'grounded': ['yes', 'yes', 'yes', 'yes']}]","[False, True, True, True, False, False, False, False]","[False, False, True, True, False, True, True, False]","[True, False, False, False, True, False, False, True]","[False, True, False, False, False, False, False, False]","[False, True, True, True, False, False, False, False]","[False, False, True, True, False, True, True, False]","[True, False, False, False, True, False, False, True]","[False, True, False, False, False, False, False, False]",-0.25,-0.25,0.0,0.0,0.5,0.5,0.5,0.5,0.125,0.125,0.0,0.0,0.5,0.5,0.01,0.0,-5.545177444479562,2.0794415416798357,11.090354888959125,1.0,-7.821031615667107,-11.090354888959125,18.414651953573994,22.18070977791825,1.0502311195665048,"[1.0, 1.0, 1.0, 1.0, 1.0, 0.0, 1.0, 0.0, 1.0, 1.0, 1.0, 1.0, 1.0, 1.0, 1.0, 0.0135, 0.9530000000000001, 0.092, 0.5895, 0.5895, 1.0, 0.0, 0.0, 0.861, 1.0, 1.0, 1.0, 0.2925, 0.999, 0.999, 1.0, 0.7155, 0.0, 0.0, 1.0, 0.0, 0.0, 0.0, 1.0, 0.0, 0.0, 0.0, 1.0, 0.0, 0.0, 0.0, 1.0, 0.0, 1.0, 1.0, 1.0, 1.0, 0.0, 0.0, 0.0, 0.0, 1.0, 1.0, 1.0, 1.0, 0.935, 0.935, 0.935, 0.935, 1.0, 1.0, 1.0, 1.0, 0.0, 1.0, 0.0, 0.0, 0.0, 1.0, 1.0, 1.0, 1.0, 1.0, 1.0, 1.0, 1.0, 1.0, 1.0, 1.0, 0.0935, 0.0935, 0.0935, 0.0935, 1.0, 1.0, 1.0, 1.0, 1.0, 1.0, 1.0, 1.0, 1.0, 1.0, 1.0, 1.0, 1.0, 1.0, 1.0, 0.013000000000000001, 1.0, 1.0, 0.998, 1.0, 1.0, 0.002, 0.998, 0.002, 1.0, 1.0, 1.0, 1.0, 1.0, 1.0, 1.0, 0.0, 0.973, 1.0, 0.9530000000000001, 1.0, 0.8925000000000001, 0.9195, 0.17400000000000002, 0.201, 1.0, 1.0, 1.0, 1.0, 0.0, 0.0, 0.0, 0.0, 1.0, 1.0, 1.0, 0.24, 1.0, 1.0, 0.968, 1.0, 0.653, 0.653, 0.653, 1.0, 0.2535, 0.2535, 0.7035, 0.10300000000000001, 1.0, 1.0, 1.0, 1.0, 0.0, 1.0, 0.0, 0.0, 1.0, 1.0, 1.0, 0.012, 0.988, 0.988, 1.0, 1.0, 1.0, 0.0, 1.0, 1.0, 1.0, 0.0, 0.0, 1.0, 0.0, 0.0, 0.0, 1.0, 1.0, 0.0, 0.0, 0.0, 1.0, 1.0, 1.0, 1.0, 0.0, 0.0, 0.0, 0.0, 1.0, 1.0, 1.0, 1.0, 0.0, 0.0, 0.0, 0.0, 1.0, 1.0, 1.0, 1.0, 1.0, 1.0, 0.841, 1.0, 1.0, 1.0, 1.0, 1.0, 0.0, 0.0, 0.0, 0.0, 1.0, 1.0, 1.0, 1.0, 1.0, 1.0, 1.0, 0.0, 0.197, 0.0, 0.85, 0.653, 0.803, 0.0, 0.0, 0.0, 0.8525, 0.847, 0.9935, 0.847, 0.28300000000000003, 0.4305, 0.426, 0.426, 1.0, 1.0, 1.0, 1.0, 1.0, 1.0, 1.0, 0.0, 0.798, 1.0, 0.7995, 0.7995, 0.0275, 0.029, 0.2265, 0.1975, 1.0, 1.0, 1.0, 1.0, 0.0, 0.0, 0.0, 0.0, 0.862, 0.854, 0.8595, 0.8955000000000001, 0.045, 0.0005, 0.8695, 0.8505, 1.0, 1.0, 1.0, 0.022, 1.0, 1.0, 1.0, 0.978, 0.28400000000000003, 0.0145, 0.1885, 0.0275, 0.2755, 0.0, 0.0015, 0.013000000000000001, 0.0, 0.0, 0.0, 1.0, 1.0, 0.0, 0.0, 0.0, 1.0, 1.0, 1.0, 1.0, 0.0, 0.0, 0.0, 0.0, 1.0, 1.0, 1.0, 1.0, 1.0, 0.0, 1.0, 0.0, 1.0, 1.0, 1.0, 1.0, 1.0, 1.0, 1.0, 0.0, 1.0, 1.0, 1.0, 0.728, 0.8265, 0.5545, 0.5545, 0.8265, 1.0, 1.0, 1.0, 1.0, 1.0, 1.0, 1.0, 1.0, 1.0, 1.0, 1.0, 0.8715, 0.9365, 0.8695, 0.8695, 0.9365, 0.229, 0.229, 0.229, 0.229, 0.801, 0.03, 0.03, 0.801, 0.0, 0.0, 0.0, 1.0, 1.0, 0.0, 0.0, 0.0, 0.108, 0.114, 0.2315, 0.108, 0.114, 0.07050000000000001, 0.0495, 0.006, 1.0, 1.0, 1.0, 1.0, 0.0, 0.0, 0.0, 0.0, 0.8955000000000001, 0.895, 0.0115, 0.0, 0.883, 0.0, 0.0, 0.0, 1.0, 1.0, 1.0, 1.0, 0.0, 0.0, 0.0, 0.0, 0.902, 0.902, 0.902, 0.678, 0.88, 0.88, 0.902, 0.807, 1.0, 1.0, 1.0, 1.0, 0.0, 0.0, 0.0, 0.0, 1.0, 1.0, 1.0, 1.0, 1.0, 1.0, 1.0, 0.0, 1.0, 1.0, 1.0, 1.0, 0.0, 0.0, 0.0, 0.0, 1.0, 1.0, 1.0, 1.0, 0.008, 0.008, 0.008, 0.008, 1.0, 1.0, 1.0, 1.0, 1.0, 1.0, 1.0, 0.0, 1.0, 1.0, 1.0, 1.0, 1.0, 1.0, 0.6980000000000001, 1.0, 1.0, 1.0, 1.0, 1.0, 0.0, 0.0, 0.0, 0.0, 1.0, 1.0, 1.0, 1.0, 1.0, 1.0, 1.0, 0.0, 0.9530000000000001, 0.9530000000000001, 0.9530000000000001, 1.0, 1.0, 1.0, 0.641, 0.9530000000000001, 1.0, 1.0, 1.0, 1.0, 0.0, 0.0, 0.0, 0.0, 1.0, 1.0, 1.0, 1.0, 1.0, 1.0, 1.0, 1.0, 1.0, 1.0, 1.0, 1.0, 0.0, 0.0, 0.0, 0.0, 1.0, 1.0, 1.0, 1.0, 1.0, 1.0, 1.0, 1.0, 1.0, 1.0, 1.0, 1.0, 0.021500000000000002, 0.021500000000000002, 0.021500000000000002, 0.021500000000000002, 0.021500000000000002, 0.003, 0.02, 0.0095, 0.0095, 0.964, 0.9555, 0.0095, 1.0, 1.0, 1.0, 1.0, 1.0, 1.0, 1.0, 1.0, 1.0, 1.0, 1.0, 1.0, 0.0, 0.0, 0.0, 0.0, 1.0, 1.0, 1.0, 1.0, 0.0, 0.0, 1.0, 1.0, 1.0, 0.873, 0.198, 0.198, 1.0, 1.0, 0.6905, 1.0, 1.0, 1.0, 1.0, 1.0, 1.0, 1.0, 1.0, 0.0, 1.0, 0.999, 0.999, 1.0, 0.0025, 0.0025, 0.0025, 0.0025, 1.0, 1.0, 1.0, 1.0, 1.0, 0.686, 0.314, 0.0, 1.0, 1.0, 1.0, 1.0, 0.524, 0.524, 1.0, 0.47600000000000003, 1.0, 1.0, 1.0, 1.0, 0.008, 0.008, 0.008, 0.008, 0.9935, 0.9935, 0.9775, 0.9935, 0.9935, 0.0225, 0.988, 0.017, 1.0, 1.0, 1.0, 1.0, 0.0725, 0.0725, 0.0725, 0.0725, 0.041, 1.0, 1.0, 0.9590000000000001, 0.041, 0.9590000000000001, 1.0, 0.0, 0.7435, 0.9835, 0.7425, 0.986, 0.7435, 0.7435, 0.256, 0.987, 1.0, 0.005, 1.0, 1.0, 1.0, 0.005, 0.005, 1.0, 1.0, 1.0, 1.0, 1.0, 1.0, 1.0, 1.0, 0.0, 1.0, 1.0, 1.0, 1.0, 0.0, 0.0, 0.0, 0.0, 1.0, 1.0, 1.0, 1.0, 0.0, 0.0, 0.0, 0.0, 0.9705, 0.9705, 0.9145, 1.0, 0.8015, 0.8015, 0.9705, 0.7865, 1.0, 1.0, 1.0, 1.0, 0.0, 0.0, 0.0, 0.0, 1.0, 1.0, 1.0, 1.0, 0.0, 0.0, 0.0, 0.0, 1.0, 1.0, 1.0, 1.0, 0.0, 0.0, 0.0, 0.0, 1.0, 1.0, 1.0, 1.0, 1.0, 1.0, 1.0, 1.0]",-418.5875071169283,843.720363894191,-482.430437669722,964.860875339444,0.01,0.0,2.0794415416798357,0.01,0.0,2.772588722239781,0.6334250289943713,"[1.0, 1.0, 1.0, 1.0, 1.0, 0.0, 1.0, 0.0, 1.0, 1.0, 1.0, 1.0, 1.0, 1.0, 1.0, 0.0, 0.0, 0.0, 0.0, 0.0, 0.0, 0.0, 0.0, 0.0, 1.0, 1.0, 1.0, 0.0, 0.0, 0.0, 1.0, 0.0, 0.0, 0.0, 1.0, 1.0, 0.0, 1.0, 1.0, 1.0, 1.0, 1.0, 1.0, 1.0, 0.0, 0.0, 1.0, 1.0, 1.0, 1.0, 1.0, 1.0, 0.0, 0.0, 0.0, 0.0, 1.0, 1.0, 1.0, 1.0, 0.0, 0.0, 0.0, 0.0, 0.0, 0.0, 0.0, 0.0, 0.0, 1.0, 1.0, 0.0, 1.0, 1.0, 1.0, 1.0, 0.0, 0.0, 0.0, 0.0, 1.0, 1.0, 1.0, 1.0, 0.0, 0.0, 0.0, 0.0, 1.0, 1.0, 1.0, 1.0, 1.0, 1.0, 0.0, 1.0, 1.0, 1.0, 1.0, 1.0, 1.0, 1.0, 1.0, 0.0, 1.0, 1.0, 1.0, 1.0, 1.0, 0.0, 1.0, 0.0, 0.0, 1.0, 0.0, 0.0, 1.0, 1.0, 1.0, 0.0, 1.0, 1.0, 0.0, 1.0, 1.0, 0.0, 0.0, 0.0, 1.0, 1.0, 1.0, 0.0, 1.0, 1.0, 1.0, 1.0, 1.0, 1.0, 1.0, 1.0, 0.0, 0.0, 0.0, 0.0, 1.0, 1.0, 1.0, 0.0, 0.0, 0.0, 1.0, 0.0, 0.0, 0.0, 1.0, 0.0, 0.0, 0.0, 0.0, 0.0, 1.0, 1.0, 1.0, 0.0, 0.0, 0.0, 1.0, 0.0, 0.0, 0.0, 0.0, 1.0, 0.0, 0.0, 0.0, 0.0, 0.0, 0.0, 0.0, 1.0, 0.0, 0.0, 0.0, 0.0, 1.0, 1.0, 1.0, 1.0, 0.0, 0.0, 0.0, 0.0, 1.0, 1.0, 1.0, 0.0, 0.0, 0.0, 1.0, 0.0, 1.0, 1.0, 1.0, 1.0, 0.0, 0.0, 0.0, 0.0, 1.0, 1.0, 1.0, 1.0, 0.0, 0.0, 0.0, 0.0, 1.0, 1.0, 1.0, 1.0, 1.0, 1.0, 1.0, 0.0, 0.0, 0.0, 0.0, 0.0, 1.0, 0.0, 0.0, 0.0, 1.0, 1.0, 1.0, 1.0, 1.0, 1.0, 1.0, 1.0, 1.0, 1.0, 1.0, 1.0, 1.0, 1.0, 1.0, 0.0, 0.0, 0.0, 0.0, 0.0, 0.0, 0.0, 0.0, 0.0, 0.0, 1.0, 0.0, 1.0, 0.0, 1.0, 0.0, 1.0, 0.0, 0.0, 0.0, 1.0, 0.0, 0.0, 0.0, 0.0, 1.0, 1.0, 1.0, 0.0, 0.0, 0.0, 1.0, 0.0, 1.0, 1.0, 1.0, 1.0, 1.0, 0.0, 1.0, 0.0, 0.0, 1.0, 1.0, 1.0, 0.0, 0.0, 0.0, 0.0, 1.0, 1.0, 1.0, 0.0, 1.0, 1.0, 1.0, 1.0, 0.0, 1.0, 1.0, 1.0, 0.0, 0.0, 0.0, 0.0, 1.0, 1.0, 1.0, 1.0, 1.0, 1.0, 1.0, 0.0, 1.0, 1.0, 1.0, 1.0, 0.0, 0.0, 0.0, 0.0, 1.0, 1.0, 1.0, 1.0, 0.0, 0.0, 0.0, 0.0, 0.0, 1.0, 0.0, 0.0, 0.0, 0.0, 0.0, 0.0, 1.0, 1.0, 1.0, 1.0, 1.0, 0.0, 1.0, 1.0, 0.0, 0.0, 0.0, 0.0, 0.0, 1.0, 1.0, 0.0, 1.0, 1.0, 1.0, 1.0, 1.0, 0.0, 1.0, 0.0, 1.0, 1.0, 1.0, 1.0, 1.0, 0.0, 1.0, 1.0, 0.0, 0.0, 0.0, 0.0, 0.0, 1.0, 1.0, 0.0, 1.0, 0.0, 0.0, 1.0, 0.0, 0.0, 0.0, 0.0, 1.0, 1.0, 1.0, 0.0, 0.0, 0.0, 1.0, 0.0, 1.0, 1.0, 1.0, 0.0, 0.0, 0.0, 0.0, 0.0, 1.0, 1.0, 1.0, 1.0, 1.0, 1.0, 1.0, 0.0, 0.0, 0.0, 0.0, 0.0, 0.0, 0.0, 0.0, 0.0, 1.0, 0.0, 1.0, 0.0, 0.0, 0.0, 0.0, 0.0, 1.0, 1.0, 1.0, 1.0, 1.0, 1.0, 1.0, 0.0, 1.0, 1.0, 1.0, 1.0, 1.0, 1.0, 0.0, 1.0, 1.0, 1.0, 1.0, 1.0, 0.0, 0.0, 0.0, 0.0, 1.0, 1.0, 1.0, 1.0, 1.0, 1.0, 1.0, 0.0, 0.0, 1.0, 1.0, 1.0, 0.0, 0.0, 0.0, 0.0, 1.0, 1.0, 1.0, 1.0, 0.0, 0.0, 0.0, 0.0, 1.0, 0.0, 1.0, 0.0, 0.0, 0.0, 0.0, 0.0, 1.0, 1.0, 1.0, 1.0, 1.0, 0.0, 1.0, 0.0, 1.0, 1.0, 1.0, 0.0, 1.0, 1.0, 0.0, 1.0, 1.0, 1.0, 1.0, 1.0, 0.0, 0.0, 0.0, 0.0, 0.0, 0.0, 0.0, 0.0, 0.0, 1.0, 0.0, 0.0, 1.0, 1.0, 1.0, 1.0, 0.0, 0.0, 0.0, 0.0, 0.0, 0.0, 0.0, 0.0, 0.0, 0.0, 0.0, 0.0, 1.0, 0.0, 1.0, 0.0, 0.0, 0.0, 0.0, 0.0, 1.0, 1.0, 0.0, 0.0, 1.0, 1.0, 1.0, 1.0, 1.0, 1.0, 1.0, 1.0, 1.0, 1.0, 1.0, 1.0, 1.0, 1.0, 1.0, 1.0, 1.0, 0.0, 1.0, 1.0, 0.0, 1.0, 0.0, 1.0, 0.0, 1.0, 0.0, 0.0, 1.0, 1.0, 1.0, 1.0, 0.0, 0.0, 1.0, 0.0, 1.0, 1.0, 1.0, 1.0, 0.0, 0.0, 0.0, 0.0, 0.0, 0.0, 0.0, 1.0, 0.0, 0.0, 0.0, 0.0, 1.0, 1.0, 1.0, 1.0, 0.0, 0.0, 0.0, 0.0, 0.0, 1.0, 1.0, 1.0, 0.0, 1.0, 1.0, 0.0, 1.0, 1.0, 1.0, 1.0, 0.0, 0.0, 0.0, 0.0, 1.0, 0.0, 1.0, 1.0, 1.0, 0.0, 0.0, 1.0, 1.0, 1.0, 1.0, 1.0, 1.0, 1.0, 1.0, 0.0, 0.0, 1.0, 1.0, 1.0, 1.0, 1.0, 0.0, 0.0, 1.0, 1.0, 1.0, 1.0, 0.0, 0.0, 0.0, 0.0, 1.0, 1.0, 1.0, 0.0, 0.0, 0.0, 1.0, 0.0, 1.0, 1.0, 1.0, 1.0, 0.0, 0.0, 0.0, 0.0, 0.0, 0.0, 0.0, 0.0, 0.0, 0.0, 0.0, 0.0, 0.0, 1.0, 0.0, 1.0, 0.0, 1.0, 1.0, 0.0, 1.0, 1.0, 1.0, 1.0, 1.0, 0.0, 0.0, 1.0]",-318.3726801373107,643.2907099349558,0.01,0.0,-5.545177444479562,2.0794415416798357,11.090354888959125,0.01,0.0,-11.090354888959125,2.772588722239781,22.18070977791825,0.6173530694834558,"[1.0, 1.0, 1.0, 1.0, 1.0, 0.0, 1.0, 0.0, 1.0, 1.0, 1.0, 1.0, 1.0, 1.0, 1.0, 0.0, 0.0, 0.0, 0.0, 0.0, 0.0, 0.0, 0.0, 0.0, 1.0, 1.0, 1.0, 0.0, 0.0, 0.0, 1.0, 0.0, 0.0, 0.0, 1.0, 1.0, 0.0, 1.0, 1.0, 1.0, 0.0, 0.0, 0.0, 0.0, 0.0, 0.0, 0.0, 0.0, 1.0, 1.0, 1.0, 1.0, 0.0, 0.0, 0.0, 0.0, 1.0, 1.0, 1.0, 1.0, 0.0, 0.0, 0.0, 0.0, 0.0, 0.0, 0.0, 0.0, 0.0, 1.0, 1.0, 0.0, 0.0, 0.0, 0.0, 1.0, 0.0, 0.0, 0.0, 0.0, 1.0, 1.0, 1.0, 1.0, 0.0, 0.0, 0.0, 0.0, 0.0, 0.0, 0.0, 0.0, 1.0, 1.0, 0.0, 1.0, 1.0, 1.0, 1.0, 1.0, 1.0, 1.0, 1.0, 0.0, 1.0, 1.0, 1.0, 1.0, 1.0, 0.0, 1.0, 0.0, 0.0, 1.0, 0.0, 0.0, 1.0, 1.0, 1.0, 0.0, 1.0, 1.0, 0.0, 1.0, 1.0, 0.0, 0.0, 0.0, 1.0, 1.0, 1.0, 0.0, 1.0, 1.0, 1.0, 1.0, 1.0, 1.0, 1.0, 1.0, 0.0, 0.0, 0.0, 0.0, 1.0, 1.0, 1.0, 0.0, 0.0, 0.0, 1.0, 0.0, 0.0, 0.0, 1.0, 0.0, 0.0, 0.0, 0.0, 0.0, 1.0, 1.0, 1.0, 0.0, 0.0, 0.0, 1.0, 0.0, 0.0, 0.0, 0.0, 1.0, 0.0, 0.0, 0.0, 0.0, 0.0, 0.0, 0.0, 1.0, 0.0, 0.0, 0.0, 0.0, 1.0, 1.0, 1.0, 1.0, 0.0, 0.0, 0.0, 0.0, 1.0, 1.0, 1.0, 0.0, 0.0, 0.0, 1.0, 0.0, 1.0, 1.0, 1.0, 1.0, 0.0, 0.0, 0.0, 0.0, 1.0, 1.0, 1.0, 1.0, 0.0, 0.0, 0.0, 0.0, 1.0, 1.0, 1.0, 1.0, 1.0, 1.0, 1.0, 0.0, 0.0, 0.0, 0.0, 0.0, 1.0, 0.0, 0.0, 0.0, 1.0, 1.0, 1.0, 1.0, 1.0, 1.0, 1.0, 1.0, 1.0, 1.0, 1.0, 1.0, 1.0, 1.0, 1.0, 0.0, 0.0, 0.0, 0.0, 0.0, 0.0, 0.0, 0.0, 0.0, 0.0, 1.0, 0.0, 1.0, 0.0, 1.0, 0.0, 1.0, 0.0, 0.0, 0.0, 1.0, 0.0, 0.0, 0.0, 0.0, 1.0, 1.0, 1.0, 0.0, 0.0, 0.0, 1.0, 0.0, 1.0, 1.0, 1.0, 1.0, 1.0, 0.0, 1.0, 0.0, 0.0, 1.0, 1.0, 1.0, 0.0, 0.0, 0.0, 0.0, 1.0, 1.0, 1.0, 0.0, 1.0, 1.0, 1.0, 1.0, 0.0, 1.0, 1.0, 1.0, 0.0, 0.0, 0.0, 0.0, 1.0, 1.0, 1.0, 1.0, 1.0, 1.0, 1.0, 0.0, 1.0, 1.0, 1.0, 1.0, 0.0, 0.0, 0.0, 0.0, 1.0, 1.0, 1.0, 1.0, 0.0, 0.0, 0.0, 0.0, 0.0, 1.0, 0.0, 0.0, 0.0, 0.0, 0.0, 0.0, 0.0, 0.0, 0.0, 0.0, 0.0, 0.0, 0.0, 0.0, 1.0, 0.0, 1.0, 1.0, 1.0, 0.0, 0.0, 1.0, 1.0, 1.0, 1.0, 1.0, 1.0, 0.0, 1.0, 0.0, 1.0, 1.0, 1.0, 1.0, 1.0, 0.0, 1.0, 1.0, 0.0, 0.0, 0.0, 0.0, 0.0, 1.0, 1.0, 0.0, 1.0, 0.0, 0.0, 1.0, 0.0, 0.0, 0.0, 0.0, 1.0, 1.0, 1.0, 0.0, 0.0, 0.0, 1.0, 0.0, 1.0, 1.0, 1.0, 0.0, 0.0, 0.0, 0.0, 0.0, 1.0, 1.0, 1.0, 1.0, 1.0, 1.0, 1.0, 0.0, 0.0, 0.0, 0.0, 0.0, 0.0, 0.0, 0.0, 0.0, 1.0, 0.0, 1.0, 0.0, 0.0, 0.0, 0.0, 0.0, 1.0, 1.0, 1.0, 1.0, 1.0, 1.0, 1.0, 0.0, 1.0, 1.0, 1.0, 1.0, 1.0, 1.0, 0.0, 1.0, 1.0, 1.0, 1.0, 1.0, 0.0, 0.0, 0.0, 0.0, 1.0, 1.0, 1.0, 1.0, 1.0, 1.0, 1.0, 0.0, 0.0, 1.0, 1.0, 1.0, 0.0, 0.0, 0.0, 0.0, 1.0, 1.0, 1.0, 1.0, 0.0, 0.0, 0.0, 0.0, 1.0, 0.0, 1.0, 0.0, 0.0, 0.0, 0.0, 0.0, 1.0, 1.0, 1.0, 1.0, 1.0, 0.0, 1.0, 0.0, 1.0, 1.0, 1.0, 0.0, 1.0, 1.0, 0.0, 1.0, 1.0, 1.0, 1.0, 1.0, 0.0, 0.0, 0.0, 0.0, 0.0, 0.0, 0.0, 0.0, 0.0, 1.0, 0.0, 0.0, 1.0, 1.0, 1.0, 1.0, 0.0, 0.0, 0.0, 0.0, 0.0, 0.0, 0.0, 0.0, 0.0, 0.0, 0.0, 0.0, 1.0, 0.0, 1.0, 0.0, 0.0, 0.0, 0.0, 0.0, 1.0, 1.0, 0.0, 0.0, 1.0, 1.0, 1.0, 1.0, 1.0, 1.0, 1.0, 1.0, 1.0, 1.0, 1.0, 1.0, 1.0, 1.0, 1.0, 1.0, 1.0, 0.0, 1.0, 1.0, 0.0, 1.0, 0.0, 1.0, 0.0, 1.0, 0.0, 0.0, 1.0, 1.0, 1.0, 1.0, 0.0, 0.0, 1.0, 0.0, 1.0, 1.0, 1.0, 1.0, 0.0, 0.0, 0.0, 0.0, 0.0, 0.0, 0.0, 1.0, 0.0, 0.0, 0.0, 0.0, 1.0, 1.0, 1.0, 1.0, 0.0, 0.0, 0.0, 0.0, 0.0, 1.0, 1.0, 1.0, 0.0, 1.0, 1.0, 0.0, 1.0, 1.0, 1.0, 1.0, 0.0, 0.0, 0.0, 0.0, 1.0, 0.0, 1.0, 1.0, 1.0, 0.0, 0.0, 1.0, 1.0, 1.0, 1.0, 1.0, 1.0, 1.0, 1.0, 0.0, 0.0, 0.0, 1.0, 0.0, 0.0, 1.0, 0.0, 0.0, 1.0, 1.0, 1.0, 1.0, 0.0, 0.0, 0.0, 0.0, 1.0, 1.0, 1.0, 0.0, 0.0, 0.0, 1.0, 0.0, 1.0, 1.0, 1.0, 1.0, 0.0, 0.0, 0.0, 0.0, 0.0, 0.0, 0.0, 0.0, 0.0, 0.0, 0.0, 0.0, 0.0, 1.0, 0.0, 1.0, 0.0, 1.0, 1.0, 0.0, 1.0, 1.0, 1.0, 1.0, 1.0, 0.0, 0.0, 1.0]",-311.9759791000219,630.4973078603782,-482.430437669722,964.860875339444,0.01,0.0,-5.545177444479562,2.0794415416798357,11.090354888959125,0.3515995446299957,-4.146376935723269,-11.090354888959125,11.065342593686319,22.18070977791825,1.0908740239314543,"[0.0, 0.0, 1.0, 0.0, 0.0, 0.0, 0.0, 0.0, 1.0, 1.0, 1.0, 1.0, 0.877, 0.877, 0.877, 0.0, 1.0, 0.259, 1.0, 1.0, 0.8015, 0.0, 0.259, 1.0, 1.0, 1.0, 1.0, 1.0, 1.0, 1.0, 1.0, 0.0, 0.0, 0.0, 1.0, 0.0, 0.0, 0.0, 1.0, 0.0, 0.0, 0.0, 1.0, 0.0, 0.0, 0.0, 1.0, 0.0, 0.0, 0.0, 0.0, 0.0775, 0.0, 0.0, 0.1635, 0.47100000000000003, 1.0, 1.0, 1.0, 1.0, 0.0, 0.0, 0.0, 0.0, 0.0, 0.0, 0.0, 0.0, 0.0, 0.0, 0.0, 0.0, 1.0, 1.0, 1.0, 1.0, 1.0, 1.0, 1.0, 0.0, 1.0, 1.0, 1.0, 1.0, 0.0, 0.0, 0.0, 0.0, 0.0, 0.0, 0.0, 0.0, 0.0, 0.113, 0.113, 0.0, 0.0, 0.0, 0.0, 1.0, 0.0, 0.0, 0.0, 0.0, 1.0, 1.0, 1.0, 1.0, 0.0, 0.0, 0.0, 0.0, 0.9995, 1.0, 1.0, 0.663, 1.0, 1.0, 1.0, 0.353, 1.0, 1.0, 1.0, 1.0, 0.082, 0.082, 0.0, 0.0, 0.973, 1.0, 0.7655000000000001, 0.605, 0.973, 1.0, 1.0, 0.368, 0.0, 0.0, 1.0, 0.0, 1.0, 0.0, 1.0, 0.0, 1.0, 1.0, 1.0, 1.0, 0.0, 0.0, 1.0, 0.0, 1.0, 1.0, 1.0, 1.0, 0.0, 0.9465, 0.0, 0.0, 0.666, 1.0, 0.666, 0.666, 0.0, 0.0, 0.7975, 0.0, 0.0, 0.9430000000000001, 0.0, 1.0, 1.0, 0.0, 0.0, 0.0, 0.0, 1.0, 0.0, 0.0, 0.0, 0.0, 0.0, 0.0, 1.0, 1.0, 1.0, 1.0, 0.0, 0.0, 0.0, 0.0, 1.0, 1.0, 1.0, 1.0, 1.0, 1.0, 1.0, 0.0005, 1.0, 1.0, 1.0, 1.0, 1.0, 1.0, 0.0, 1.0, 1.0, 1.0, 1.0, 1.0, 0.0, 0.0, 0.0, 0.0, 1.0, 1.0, 1.0, 1.0, 1.0, 1.0, 1.0, 0.0, 1.0, 0.0, 1.0, 0.0, 0.0, 0.0, 0.0, 0.0, 0.0, 1.0, 0.0, 1.0, 0.0, 1.0, 0.0, 1.0, 1.0, 1.0, 1.0, 1.0, 1.0, 1.0, 1.0, 0.0, 1.0, 0.0, 1.0, 1.0, 1.0, 0.0, 0.0, 1.0, 1.0, 1.0, 1.0, 1.0, 1.0, 1.0, 1.0, 1.0, 0.0, 0.9580000000000001, 0.0, 0.0, 0.0, 0.0, 0.0045000000000000005, 0.0, 0.0, 0.0, 0.0, 0.0, 0.0, 0.0, 0.0, 1.0, 0.0, 0.0, 0.0005, 0.0, 0.0, 0.0, 0.0, 0.0, 0.0, 1.0, 0.0, 0.0, 0.0, 0.0, 0.0, 0.0, 1.0, 1.0, 1.0, 0.001, 0.001, 0.001, 1.0, 0.0, 0.0, 0.0, 0.6225, 0.0, 0.0, 0.0, 0.0, 0.0, 1.0, 1.0, 1.0, 1.0, 0.0, 0.0, 0.0, 0.0, 0.0, 0.0, 0.0, 0.0, 0.0, 0.0, 0.0, 0.0, 1.0, 1.0, 1.0, 1.0, 1.0, 1.0, 1.0, 0.0, 0.0, 0.0, 0.0, 1.0, 0.0, 0.0, 1.0, 0.0, 1.0, 1.0, 1.0, 1.0, 0.0, 0.0, 0.0, 0.0, 0.0, 1.0, 0.0, 0.0, 1.0, 0.0, 0.0, 1.0, 1.0, 1.0, 1.0, 1.0, 0.0, 0.0, 0.0, 0.0, 1.0, 1.0, 1.0, 1.0, 1.0, 0.0, 1.0, 1.0, 0.0, 0.0005, 0.0, 0.0, 0.0, 0.38, 0.0, 0.0, 1.0, 1.0, 1.0, 1.0, 0.0, 0.0, 0.0, 0.0, 1.0, 1.0, 1.0, 0.999, 1.0, 1.0, 1.0, 0.0195, 1.0, 1.0, 1.0, 1.0, 0.0, 0.0, 0.0, 0.0, 0.0, 0.6285000000000001, 0.0, 0.328, 0.0, 0.0, 0.6285000000000001, 0.0, 0.0, 0.0, 0.0, 0.0, 0.0, 0.0, 0.0, 1.0, 1.0, 1.0, 1.0, 1.0, 0.0, 0.0, 0.0, 0.0, 1.0, 1.0, 1.0, 1.0, 1.0, 1.0, 1.0, 0.0, 1.0, 1.0, 1.0, 1.0, 1.0, 1.0, 0.0375, 1.0, 1.0, 1.0, 1.0, 1.0, 0.0, 0.0, 0.0, 0.0, 1.0, 1.0, 1.0, 1.0, 1.0, 1.0, 1.0, 0.0, 1.0, 1.0, 1.0, 1.0, 1.0, 1.0, 0.0, 1.0, 1.0, 1.0, 1.0, 1.0, 0.0, 0.0, 0.0, 0.0, 1.0, 1.0, 1.0, 1.0, 1.0, 1.0, 1.0, 1.0, 0.0, 0.0, 0.4395, 0.0, 0.0, 0.0, 0.001, 1.0, 0.0, 0.0, 0.0, 0.0, 0.0, 0.0, 0.0, 0.0, 1.0, 1.0, 1.0, 0.0, 1.0, 0.0, 0.0, 1.0, 0.0, 0.0, 1.0, 1.0, 1.0, 0.0, 0.0, 0.0, 0.0, 0.0, 0.0, 0.0, 0.0, 0.0, 0.0, 0.0, 1.0, 1.0, 1.0, 1.0, 0.0, 0.0, 0.0, 0.0, 0.0, 0.0, 0.0, 0.0, 0.0, 1.0, 0.0, 0.0, 1.0, 1.0, 1.0, 1.0, 0.0, 0.4945, 0.0, 0.0, 1.0, 1.0, 1.0, 1.0, 0.0, 0.0, 1.0, 1.0, 1.0, 1.0, 1.0, 1.0, 0.0, 0.0, 0.0, 0.0, 1.0, 1.0, 1.0, 1.0, 1.0, 0.704, 0.296, 0.0, 1.0, 1.0, 1.0, 1.0, 0.0, 0.0, 1.0, 1.0, 1.0, 1.0, 1.0, 1.0, 0.0, 0.0, 0.0, 0.0, 0.006, 1.0, 0.006, 0.708, 0.298, 1.0, 0.298, 1.0, 1.0, 1.0, 1.0, 1.0, 0.0, 0.0, 0.0, 0.0, 1.0, 0.0, 1.0, 1.0, 1.0, 0.0, 0.0, 1.0, 0.0, 1.0, 1.0, 1.0, 0.0, 0.0, 0.0, 0.0, 1.0, 0.224, 1.0, 1.0, 0.776, 0.0, 0.224, 1.0, 1.0, 1.0, 1.0, 1.0, 0.0, 0.0, 0.0, 0.0, 1.0, 1.0, 0.0, 1.0, 1.0, 1.0, 0.0, 1.0, 1.0, 1.0, 1.0, 1.0, 0.0, 0.0, 0.0, 0.0, 1.0, 1.0, 1.0, 1.0, 1.0, 1.0, 1.0, 0.0, 1.0, 1.0, 1.0, 1.0, 0.0, 0.0, 0.0, 0.0, 0.0, 0.0, 0.0, 0.0, 0.0, 0.0, 0.0, 0.0, 1.0, 0.4865, 1.0, 1.0, 1.0, 0.0075, 0.4865, 1.0, 0.0225, 0.0, 0.0, 0.9775, 0.0, 0.0, 0.0, 0.0]",-419.18595103414617,844.9172517286268,-482.430437669722,964.860875339444,0.01,0.0,-5.545177444479562,2.0794415416798357,11.090354888959125,0.01,0.0,-11.090354888959125,2.772588722239781,22.18070977791825,0.5787520451143159,"[1.0, 1.0, 1.0, 1.0, 1.0, 0.0, 1.0, 0.0, 1.0, 1.0, 1.0, 1.0, 1.0, 1.0, 1.0, 0.0, 0.0, 0.0, 0.0, 0.0, 0.0, 0.0, 0.0, 0.0, 1.0, 1.0, 1.0, 1.0, 0.0, 0.0, 1.0, 0.0, 0.0, 0.0, 0.0, 0.0, 0.0, 1.0, 0.0, 0.0, 0.0, 0.0, 0.0, 0.0, 0.0, 0.0, 0.0, 0.0, 1.0, 1.0, 1.0, 1.0, 0.0, 0.0, 0.0, 0.0, 1.0, 1.0, 1.0, 1.0, 0.0, 0.0, 0.0, 0.0, 0.0, 0.0, 0.0, 0.0, 0.0, 1.0, 1.0, 0.0, 1.0, 1.0, 1.0, 1.0, 0.0, 0.0, 0.0, 0.0, 1.0, 1.0, 1.0, 1.0, 0.0, 0.0, 0.0, 0.0, 0.0, 0.0, 0.0, 0.0, 0.0, 0.0, 0.0, 0.0, 1.0, 1.0, 1.0, 1.0, 1.0, 1.0, 1.0, 0.0, 1.0, 1.0, 1.0, 1.0, 1.0, 0.0, 1.0, 0.0, 0.0, 1.0, 0.0, 0.0, 1.0, 1.0, 1.0, 0.0, 1.0, 1.0, 0.0, 1.0, 1.0, 0.0, 0.0, 0.0, 1.0, 1.0, 1.0, 0.0, 1.0, 1.0, 1.0, 1.0, 1.0, 1.0, 1.0, 1.0, 0.0, 0.0, 0.0, 0.0, 1.0, 1.0, 1.0, 0.0, 0.0, 0.0, 1.0, 0.0, 0.0, 0.0, 1.0, 0.0, 0.0, 0.0, 0.0, 0.0, 1.0, 1.0, 1.0, 0.0, 0.0, 0.0, 1.0, 0.0, 0.0, 0.0, 0.0, 1.0, 0.0, 0.0, 0.0, 0.0, 0.0, 0.0, 0.0, 1.0, 0.0, 0.0, 0.0, 0.0, 1.0, 1.0, 1.0, 1.0, 0.0, 0.0, 0.0, 0.0, 1.0, 1.0, 1.0, 0.0, 0.0, 0.0, 1.0, 0.0, 1.0, 1.0, 1.0, 1.0, 0.0, 0.0, 0.0, 0.0, 1.0, 1.0, 1.0, 1.0, 0.0, 0.0, 0.0, 0.0, 1.0, 1.0, 1.0, 1.0, 1.0, 1.0, 1.0, 0.0, 0.0, 0.0, 0.0, 0.0, 1.0, 0.0, 0.0, 0.0, 1.0, 1.0, 1.0, 1.0, 1.0, 1.0, 1.0, 1.0, 1.0, 1.0, 1.0, 1.0, 1.0, 1.0, 1.0, 0.0, 0.0, 0.0, 0.0, 0.0, 0.0, 0.0, 0.0, 0.0, 0.0, 1.0, 0.0, 1.0, 0.0, 1.0, 0.0, 1.0, 0.0, 0.0, 0.0, 1.0, 0.0, 0.0, 0.0, 0.0, 1.0, 1.0, 1.0, 0.0, 0.0, 0.0, 1.0, 0.0, 0.0, 0.0, 1.0, 0.0, 0.0, 0.0, 0.0, 0.0, 0.0, 1.0, 1.0, 1.0, 0.0, 0.0, 0.0, 0.0, 1.0, 1.0, 1.0, 0.0, 1.0, 1.0, 1.0, 1.0, 0.0, 0.0, 1.0, 0.0, 0.0, 0.0, 0.0, 0.0, 1.0, 1.0, 1.0, 1.0, 1.0, 1.0, 1.0, 0.0, 1.0, 1.0, 1.0, 1.0, 0.0, 0.0, 0.0, 0.0, 1.0, 1.0, 1.0, 1.0, 0.0, 0.0, 0.0, 0.0, 0.0, 1.0, 0.0, 0.0, 0.0, 0.0, 0.0, 0.0, 0.0, 0.0, 0.0, 0.0, 0.0, 0.0, 0.0, 0.0, 0.0, 0.0, 0.0, 0.0, 0.0, 0.0, 0.0, 0.0, 1.0, 1.0, 0.0, 1.0, 1.0, 0.0, 1.0, 0.0, 1.0, 1.0, 1.0, 1.0, 1.0, 0.0, 1.0, 1.0, 0.0, 0.0, 0.0, 0.0, 0.0, 1.0, 1.0, 0.0, 1.0, 0.0, 0.0, 1.0, 0.0, 0.0, 0.0, 0.0, 1.0, 1.0, 1.0, 0.0, 0.0, 0.0, 1.0, 0.0, 1.0, 1.0, 1.0, 0.0, 0.0, 0.0, 0.0, 0.0, 1.0, 1.0, 1.0, 1.0, 1.0, 1.0, 1.0, 0.0, 0.0, 0.0, 0.0, 0.0, 0.0, 0.0, 0.0, 0.0, 1.0, 0.0, 1.0, 0.0, 0.0, 0.0, 0.0, 0.0, 1.0, 1.0, 1.0, 1.0, 1.0, 1.0, 1.0, 0.0, 1.0, 1.0, 1.0, 1.0, 1.0, 1.0, 0.0, 1.0, 1.0, 1.0, 1.0, 1.0, 0.0, 0.0, 0.0, 0.0, 1.0, 1.0, 1.0, 1.0, 1.0, 1.0, 1.0, 0.0, 0.0, 1.0, 1.0, 1.0, 0.0, 0.0, 0.0, 0.0, 1.0, 1.0, 1.0, 1.0, 0.0, 0.0, 0.0, 0.0, 1.0, 0.0, 1.0, 0.0, 0.0, 0.0, 0.0, 0.0, 1.0, 1.0, 1.0, 1.0, 1.0, 0.0, 1.0, 0.0, 1.0, 1.0, 1.0, 0.0, 1.0, 1.0, 0.0, 1.0, 1.0, 1.0, 1.0, 1.0, 0.0, 0.0, 0.0, 0.0, 0.0, 0.0, 0.0, 0.0, 0.0, 0.0, 0.0, 0.0, 1.0, 1.0, 1.0, 1.0, 0.0, 0.0, 0.0, 0.0, 0.0, 0.0, 0.0, 0.0, 0.0, 0.0, 0.0, 0.0, 0.0, 0.0, 0.0, 0.0, 0.0, 0.0, 0.0, 0.0, 1.0, 1.0, 0.0, 0.0, 1.0, 1.0, 1.0, 1.0, 1.0, 1.0, 1.0, 1.0, 1.0, 1.0, 1.0, 1.0, 1.0, 1.0, 1.0, 1.0, 1.0, 0.0, 1.0, 1.0, 0.0, 1.0, 0.0, 1.0, 0.0, 1.0, 0.0, 0.0, 1.0, 1.0, 1.0, 1.0, 0.0, 0.0, 1.0, 0.0, 1.0, 1.0, 1.0, 1.0, 0.0, 0.0, 0.0, 0.0, 0.0, 0.0, 0.0, 1.0, 0.0, 0.0, 0.0, 0.0, 1.0, 1.0, 1.0, 1.0, 0.0, 0.0, 0.0, 0.0, 0.0, 1.0, 1.0, 1.0, 0.0, 1.0, 1.0, 0.0, 1.0, 1.0, 1.0, 1.0, 0.0, 0.0, 0.0, 0.0, 1.0, 0.0, 1.0, 1.0, 1.0, 0.0, 0.0, 1.0, 1.0, 1.0, 1.0, 1.0, 1.0, 1.0, 1.0, 0.0, 0.0, 1.0, 1.0, 1.0, 1.0, 1.0, 0.0, 0.0, 1.0, 1.0, 1.0, 1.0, 0.0, 0.0, 0.0, 0.0, 1.0, 1.0, 1.0, 0.0, 0.0, 0.0, 1.0, 0.0, 1.0, 1.0, 1.0, 1.0, 0.0, 0.0, 0.0, 0.0, 0.0, 0.0, 0.0, 0.0, 0.0, 0.0, 0.0, 0.0, 0.0, 0.0, 1.0, 1.0, 0.0, 0.0, 0.0, 0.0, 1.0, 1.0, 1.0, 1.0, 1.0, 0.0, 0.0, 1.0]",-295.2442605392121,597.0338707387587,-482.430437669722,964.860875339444,1.2682989049745876,-9.937381992884086,22.647352708007954,1.2846122460949685,-433.45128860920846,873.4479268787513,True,True,True,True,True,0.625,0.625,0.8125,0.625,0.8125,0.625,0.75,0.625,0.8125,0.625,0.875,0.875,"Z.exists(lambda x1: Z.less(x1,2,'size'),X)","Z.atleast(lambda x1: Z.equal(x1,1,'size'),1,X)","Z.exists(lambda x1: Z.lequal(x1,1,'size'),X)","Z.atleast(lambda x1: Z.equal(x1,1,'size'),1,X)",0.625,0.625,0.625,0.625,0.625,0.7083333333333334,0.6982758620689655,0.6867816091954023,0.6954022988505747,0.6925287356321839,5.241379310344827,0,0,0,0,0,0
79,94,180,AwdRcTd822,d1YjSFSBFrki-S5PAAAO,Iota,one is blue,"[True, False, True, True, True, True, True, False]","[True, False, True, True, True, True, True, False]",0.5,0.5,There has to be at least one blue triangle,[['x1']],"Z.atleast(lambda x1: Z.equal(x1,'blue','colour'),1,X)",There has to be at least one blue triangle,"[{'ids': [0, 1, 2], 'colours': ['blue', 'green', 'red'], 'sizes': [2, 1, 3], 'xpos': [2.2833923467255732, 6.76926557046708, 3.3669703336145718], 'ypos': [4.127690184310035, 4.128333333333334, 3.717295476888299], 'rotations': [3.1399847803387497, 3.1415926535897927, 2.1765458583575734], 'orientations': ['upright', 'upright', 'strange'], 'contact': [[0, 2], [1], [2, 0]], 'grounded': ['yes', 'yes', 'yes'], 'follow_rule': True}, {'ids': [0, 1, 2], 'colours': ['blue', 'red', 'green'], 'sizes': [3, 3, 1], 'xpos': [2.1645202080275316, 1.3287682951529463, 0.5122805583047809], 'ypos': [3.65418603957941, 3.6348792325930193, 4.12507435844007], 'rotations': [5.035366086873954, 4.920816809819408, 3.143145236688141], 'orientations': ['rhs', 'rhs', 'upright'], 'contact': [[0, 1], [1, 0], [2]], 'grounded': ['yes', 'yes', 'yes'], 'follow_rule': True}, {'ids': [0, 1, 2], 'colours': ['blue', 'red', 'green'], 'sizes': [3, 3, 1], 'xpos': [3.5939224533193523, 0.8704254666352448, 6.6816691525446785], 'ypos': [3.6545993090465947, 3.654319438539094, 3.843291643222551], 'rotations': [5.037960599574172, 5.036206030413645, 5.07273635634368], 'orientations': ['rhs', 'rhs', 'rhs'], 'contact': [[0], [1], [2]], 'grounded': ['yes', 'yes', 'yes'], 'follow_rule': True}, {'ids': [0, 1, 2], 'colours': ['green', 'blue', 'red'], 'sizes': [1, 1, 1], 'xpos': [1.8334093269851595, 3.034513617013113, 6.667853789626375], 'ypos': [4.124116802232228, 4.124317813892857, 3.8439560976333453], 'rotations': [3.140049798918385, 3.1457777496423507, 5.0725746479956255], 'orientations': ['upright', 'upright', 'rhs'], 'contact': [[0], [1], [2]], 'grounded': ['yes', 'yes', 'yes'], 'follow_rule': True}, {'ids': [0], 'colours': ['green'], 'sizes': [1], 'xpos': [2.425848006318989], 'ypos': [3.842541675862323], 'rotations': [1.2123915909754772], 'orientations': ['lhs'], 'contact': [[0]], 'grounded': ['yes'], 'follow_rule': False}, {'ids': [0, 1], 'colours': ['green', 'red'], 'sizes': [1, 1], 'xpos': [4.542628500320013, 5.828360052715905], 'ypos': [4.124647609810036, 3.8439879389194855], 'rotations': [3.1418901636184877, 5.072506716466109], 'orientations': ['upright', 'rhs'], 'contact': [[0], [1]], 'grounded': ['yes', 'yes'], 'follow_rule': False}, {'ids': [0, 1], 'colours': ['green', 'blue'], 'sizes': [1, 1], 'xpos': [1.1357992771654575, 3.1424152413473383], 'ypos': [4.12499286363237, 4.1246858350288615], 'rotations': [3.144136138620123, 3.1424606436881], 'orientations': ['upright', 'upright'], 'contact': [[0], [1]], 'grounded': ['yes', 'yes'], 'follow_rule': True}, {'ids': [0], 'colours': ['blue'], 'sizes': [1], 'xpos': [0.9684984895538675], 'ypos': [3.8453658506260138], 'rotations': [1.2140513112272289], 'orientations': ['lhs'], 'contact': [[0]], 'grounded': ['yes'], 'follow_rule': True}, {'ids': [0, 1, 2, 3, 4], 'colours': ['red', 'green', 'red', 'blue', 'green'], 'sizes': [3, 1, 1, 2, 3], 'xpos': [5.12691938557365, 5.11503131679493, 4.23727953775697, 6.19519140108846, 3.42148978150856], 'ypos': [4.16166666682932, 3.21450769513128, 4.15833270210236, 3.780270212316, 4.15777826181353], 'rotations': [3.14159265356107, 3.17396503839037, 3.13596899439433, 5.0484168782327, 3.14163950292034], 'contact': [[0, 1], [1, 0], 2, 3, 4], 'grounded': ['yes', 'no', 'yes', 'yes', 'yes']}, {'ids': [0, 1, 2, 3], 'colours': ['green', 'green', 'red', 'blue'], 'sizes': [1, 3, 1, 2], 'xpos': [1.95640316882102, 3.82119006463636, 5.49466900932729, 4.94512429018313], 'ypos': [4.1575463669092, 3.68793264237984, 3.88075060909874, 3.82370041726639], 'rotations': [3.14042586215534, 5.03796059957422, 5.07099533912214, 4.13396592888911], 'contact': [0, 1, [2, 3], [3, 2]], 'grounded': ['yes', 'yes', 'yes', 'yes']}, {'ids': [0, 1, 2, 3, 4], 'colours': ['red', 'blue', 'red', 'green', 'green'], 'sizes': [3, 1, 2, 2, 1], 'xpos': [6.01871423256697, 2.01992789098242, 4.13597794449854, 0.774406281828649, 4.80555851531279], 'ypos': [3.68393205570556, 4.15898574652681, 4.15794140291817, 3.77979942907755, 3.98725786368743], 'rotations': [1.24414891831718, 3.14156263599238, 3.14292046357041, 5.04964608195148, 2.53998237313469], 'contact': [[0, 4], 1, 2, 3, [4, 0]], 'grounded': ['yes', 'yes', 'yes', 'yes', 'yes']}, {'ids': [0, 1], 'colours': ['blue', 'green'], 'sizes': [1, 2], 'xpos': [1.67047327443096, 4.46813203908946], 'ypos': [4.15694705663294, 4.15819949787589], 'rotations': [3.14214596161258, 3.14225319301416], 'contact': [{'V1': 0, 'V2': 1}], 'grounded': ['yes', 'yes']}, {'ids': [0, 1, 2, 3, 4], 'colours': ['blue', 'blue', 'red', 'blue', 'red'], 'sizes': [1, 1, 3, 2, 3], 'xpos': [2.9749447690173, 1.59038636414738, 1.89943344290003, 0.742265142690783, 5.82945571924824], 'ypos': [4.14706432996679, 4.15682792868204, 3.68436535365509, 3.87793736870491, 4.15825788448378], 'rotations': [3.19018443917557, 3.14127258207092, 4.38185242264156, 2.36758036264438, 3.14223131257379], 'contact': [[0, 2], 1, [2, 0], 3, 4], 'grounded': ['yes', 'yes', 'yes', 'yes', 'yes']}, {'ids': [0, 1, 2, 3, 4], 'colours': ['blue', 'blue', 'red', 'red', 'blue'], 'sizes': [1, 1, 2, 3, 2], 'xpos': [3.86710801315826, 0.780465760873674, 4.72248955423569, 3.06295468416754, 7.04671297081929], 'ypos': [4.1448491118357, 4.15796013032216, 4.15793209798963, 3.75002575259372, 4.15761808534214], 'rotations': [3.19364501547634, 3.14186836777695, 3.13970081999877, 4.09252896570911, 3.14406240189392], 'contact': [[0, 3], 1, 2, [3, 0], 4], 'grounded': ['yes', 'yes', 'yes', 'yes', 'yes']}, {'ids': [0, 1, 2, 3], 'colours': ['blue', 'green', 'blue', 'red'], 'sizes': [1, 2, 1, 3], 'xpos': [0.414928997162714, 1.7723984589512, 5.75738502777065, 6.08770777718876], 'ypos': [4.15743978227501, 4.15711897749998, 3.88075060909862, 3.89628768750355], 'rotations': [3.14447951863788, 3.14010156096646, 5.07099533912207, 3.69409526653564], 'contact': [0, 1, [2, 3], [3, 2]], 'grounded': ['yes', 'yes', 'yes', 'yes']}, {'ids': [0, 1, 2, 3, 4], 'colours': ['green', 'red', 'green', 'green', 'red'], 'sizes': [2, 2, 3, 3, 2], 'xpos': [1.30426887924571, 1.8868098606311, 6.83333126813548, 2.79429839111229, 3.83407517131883], 'ypos': [3.78000391300947, 4.15881602818333, 3.73307814239637, 4.15736329550291, 4.15804254736289], 'rotations': [1.23253748876037, 3.14240000646429, 4.1567939442383, 3.14166932108615, 3.1439673324419], 'contact': [0, [1, 3], 2, [3, 1], 4], 'grounded': ['yes', 'yes', 'yes', 'yes', 'yes']}]","[True, True, True, False, False, False, True, False]","[True, False, True, False, False, False, True, True]","[False, False, False, True, True, True, False, False]","[False, True, False, False, False, False, False, False]","[True, True, True, False, False, False, True, False]","[True, False, True, False, False, False, True, True]","[False, False, False, True, True, True, False, False]","[False, True, False, False, False, False, False, False]",-0.25,-0.25,0.0,0.0,0.5,0.5,0.375,0.375,0.125,0.125,0.0,0.0,0.5,0.5,1.0,-3.5060935001457825,-5.545177444479562,9.091628541971401,11.090354888959125,1.0,-10.518280500437347,-16.635532333438686,24.21461483122264,33.27106466687737,1.0502311195665048,"[1.0, 1.0, 1.0, 1.0, 1.0, 0.0, 1.0, 0.0, 1.0, 1.0, 1.0, 1.0, 1.0, 1.0, 1.0, 0.0135, 0.9530000000000001, 0.092, 0.5895, 0.5895, 1.0, 0.0, 0.0, 0.861, 1.0, 1.0, 1.0, 0.2925, 0.999, 0.999, 1.0, 0.7155, 0.0, 0.0, 1.0, 0.0, 0.0, 0.0, 1.0, 0.0, 0.0, 0.0, 1.0, 0.0, 0.0, 0.0, 1.0, 0.0, 1.0, 1.0, 1.0, 1.0, 0.0, 0.0, 0.0, 0.0, 1.0, 1.0, 1.0, 1.0, 0.935, 0.935, 0.935, 0.935, 1.0, 1.0, 1.0, 1.0, 0.0, 1.0, 0.0, 0.0, 0.0, 1.0, 1.0, 1.0, 1.0, 1.0, 1.0, 1.0, 1.0, 1.0, 1.0, 1.0, 0.0935, 0.0935, 0.0935, 0.0935, 1.0, 1.0, 1.0, 1.0, 1.0, 1.0, 1.0, 1.0, 1.0, 1.0, 1.0, 1.0, 1.0, 1.0, 1.0, 0.013000000000000001, 1.0, 1.0, 0.998, 1.0, 1.0, 0.002, 0.998, 0.002, 1.0, 1.0, 1.0, 1.0, 1.0, 1.0, 1.0, 0.0, 0.973, 1.0, 0.9530000000000001, 1.0, 0.8925000000000001, 0.9195, 0.17400000000000002, 0.201, 1.0, 1.0, 1.0, 1.0, 0.0, 0.0, 0.0, 0.0, 1.0, 1.0, 1.0, 0.24, 1.0, 1.0, 0.968, 1.0, 0.653, 0.653, 0.653, 1.0, 0.2535, 0.2535, 0.7035, 0.10300000000000001, 1.0, 1.0, 1.0, 1.0, 0.0, 1.0, 0.0, 0.0, 1.0, 1.0, 1.0, 0.012, 0.988, 0.988, 1.0, 1.0, 1.0, 0.0, 1.0, 1.0, 1.0, 0.0, 0.0, 1.0, 0.0, 0.0, 0.0, 1.0, 1.0, 0.0, 0.0, 0.0, 1.0, 1.0, 1.0, 1.0, 0.0, 0.0, 0.0, 0.0, 1.0, 1.0, 1.0, 1.0, 0.0, 0.0, 0.0, 0.0, 1.0, 1.0, 1.0, 1.0, 1.0, 1.0, 0.841, 1.0, 1.0, 1.0, 1.0, 1.0, 0.0, 0.0, 0.0, 0.0, 1.0, 1.0, 1.0, 1.0, 1.0, 1.0, 1.0, 0.0, 0.197, 0.0, 0.85, 0.653, 0.803, 0.0, 0.0, 0.0, 0.8525, 0.847, 0.9935, 0.847, 0.28300000000000003, 0.4305, 0.426, 0.426, 1.0, 1.0, 1.0, 1.0, 1.0, 1.0, 1.0, 0.0, 0.798, 1.0, 0.7995, 0.7995, 0.0275, 0.029, 0.2265, 0.1975, 1.0, 1.0, 1.0, 1.0, 0.0, 0.0, 0.0, 0.0, 0.862, 0.854, 0.8595, 0.8955000000000001, 0.045, 0.0005, 0.8695, 0.8505, 1.0, 1.0, 1.0, 0.022, 1.0, 1.0, 1.0, 0.978, 0.28400000000000003, 0.0145, 0.1885, 0.0275, 0.2755, 0.0, 0.0015, 0.013000000000000001, 0.0, 0.0, 0.0, 1.0, 1.0, 0.0, 0.0, 0.0, 1.0, 1.0, 1.0, 1.0, 0.0, 0.0, 0.0, 0.0, 1.0, 1.0, 1.0, 1.0, 1.0, 0.0, 1.0, 0.0, 1.0, 1.0, 1.0, 1.0, 1.0, 1.0, 1.0, 0.0, 1.0, 1.0, 1.0, 0.728, 0.8265, 0.5545, 0.5545, 0.8265, 1.0, 1.0, 1.0, 1.0, 1.0, 1.0, 1.0, 1.0, 1.0, 1.0, 1.0, 0.8715, 0.9365, 0.8695, 0.8695, 0.9365, 0.229, 0.229, 0.229, 0.229, 0.801, 0.03, 0.03, 0.801, 0.0, 0.0, 0.0, 1.0, 1.0, 0.0, 0.0, 0.0, 0.108, 0.114, 0.2315, 0.108, 0.114, 0.07050000000000001, 0.0495, 0.006, 1.0, 1.0, 1.0, 1.0, 0.0, 0.0, 0.0, 0.0, 0.8955000000000001, 0.895, 0.0115, 0.0, 0.883, 0.0, 0.0, 0.0, 1.0, 1.0, 1.0, 1.0, 0.0, 0.0, 0.0, 0.0, 0.902, 0.902, 0.902, 0.678, 0.88, 0.88, 0.902, 0.807, 1.0, 1.0, 1.0, 1.0, 0.0, 0.0, 0.0, 0.0, 1.0, 1.0, 1.0, 1.0, 1.0, 1.0, 1.0, 0.0, 1.0, 1.0, 1.0, 1.0, 0.0, 0.0, 0.0, 0.0, 1.0, 1.0, 1.0, 1.0, 0.008, 0.008, 0.008, 0.008, 1.0, 1.0, 1.0, 1.0, 1.0, 1.0, 1.0, 0.0, 1.0, 1.0, 1.0, 1.0, 1.0, 1.0, 0.6980000000000001, 1.0, 1.0, 1.0, 1.0, 1.0, 0.0, 0.0, 0.0, 0.0, 1.0, 1.0, 1.0, 1.0, 1.0, 1.0, 1.0, 0.0, 0.9530000000000001, 0.9530000000000001, 0.9530000000000001, 1.0, 1.0, 1.0, 0.641, 0.9530000000000001, 1.0, 1.0, 1.0, 1.0, 0.0, 0.0, 0.0, 0.0, 1.0, 1.0, 1.0, 1.0, 1.0, 1.0, 1.0, 1.0, 1.0, 1.0, 1.0, 1.0, 0.0, 0.0, 0.0, 0.0, 1.0, 1.0, 1.0, 1.0, 1.0, 1.0, 1.0, 1.0, 1.0, 1.0, 1.0, 1.0, 0.021500000000000002, 0.021500000000000002, 0.021500000000000002, 0.021500000000000002, 0.021500000000000002, 0.003, 0.02, 0.0095, 0.0095, 0.964, 0.9555, 0.0095, 1.0, 1.0, 1.0, 1.0, 1.0, 1.0, 1.0, 1.0, 1.0, 1.0, 1.0, 1.0, 0.0, 0.0, 0.0, 0.0, 1.0, 1.0, 1.0, 1.0, 0.0, 0.0, 1.0, 1.0, 1.0, 0.873, 0.198, 0.198, 1.0, 1.0, 0.6905, 1.0, 1.0, 1.0, 1.0, 1.0, 1.0, 1.0, 1.0, 0.0, 1.0, 0.999, 0.999, 1.0, 0.0025, 0.0025, 0.0025, 0.0025, 1.0, 1.0, 1.0, 1.0, 1.0, 0.686, 0.314, 0.0, 1.0, 1.0, 1.0, 1.0, 0.524, 0.524, 1.0, 0.47600000000000003, 1.0, 1.0, 1.0, 1.0, 0.008, 0.008, 0.008, 0.008, 0.9935, 0.9935, 0.9775, 0.9935, 0.9935, 0.0225, 0.988, 0.017, 1.0, 1.0, 1.0, 1.0, 0.0725, 0.0725, 0.0725, 0.0725, 0.041, 1.0, 1.0, 0.9590000000000001, 0.041, 0.9590000000000001, 1.0, 0.0, 0.7435, 0.9835, 0.7425, 0.986, 0.7435, 0.7435, 0.256, 0.987, 1.0, 0.005, 1.0, 1.0, 1.0, 0.005, 0.005, 1.0, 1.0, 1.0, 1.0, 1.0, 1.0, 1.0, 1.0, 0.0, 1.0, 1.0, 1.0, 1.0, 0.0, 0.0, 0.0, 0.0, 1.0, 1.0, 1.0, 1.0, 0.0, 0.0, 0.0, 0.0, 0.9705, 0.9705, 0.9145, 1.0, 0.8015, 0.8015, 0.9705, 0.7865, 1.0, 1.0, 1.0, 1.0, 0.0, 0.0, 0.0, 0.0, 1.0, 1.0, 1.0, 1.0, 0.0, 0.0, 0.0, 0.0, 1.0, 1.0, 1.0, 1.0, 0.0, 0.0, 0.0, 0.0, 1.0, 1.0, 1.0, 1.0, 1.0, 1.0, 1.0, 1.0]",-418.5875071169283,843.720363894191,-482.430437669722,964.860875339444,1.0,-3.5060935001457825,9.091628541971401,1.0,-9.518280500437347,22.21461483122264,0.6334250289943713,"[1.0, 1.0, 1.0, 1.0, 1.0, 0.0, 1.0, 0.0, 1.0, 1.0, 1.0, 1.0, 1.0, 1.0, 1.0, 0.0, 0.0, 0.0, 0.0, 0.0, 0.0, 0.0, 0.0, 0.0, 1.0, 1.0, 1.0, 0.0, 0.0, 0.0, 1.0, 0.0, 0.0, 0.0, 1.0, 1.0, 0.0, 1.0, 1.0, 1.0, 1.0, 1.0, 1.0, 1.0, 0.0, 0.0, 1.0, 1.0, 1.0, 1.0, 1.0, 1.0, 0.0, 0.0, 0.0, 0.0, 1.0, 1.0, 1.0, 1.0, 0.0, 0.0, 0.0, 0.0, 0.0, 0.0, 0.0, 0.0, 0.0, 1.0, 1.0, 0.0, 1.0, 1.0, 1.0, 1.0, 0.0, 0.0, 0.0, 0.0, 1.0, 1.0, 1.0, 1.0, 0.0, 0.0, 0.0, 0.0, 1.0, 1.0, 1.0, 1.0, 1.0, 1.0, 0.0, 1.0, 1.0, 1.0, 1.0, 1.0, 1.0, 1.0, 1.0, 0.0, 1.0, 1.0, 1.0, 1.0, 1.0, 0.0, 1.0, 0.0, 0.0, 1.0, 0.0, 0.0, 1.0, 1.0, 1.0, 0.0, 1.0, 1.0, 0.0, 1.0, 1.0, 0.0, 0.0, 0.0, 1.0, 1.0, 1.0, 0.0, 1.0, 1.0, 1.0, 1.0, 1.0, 1.0, 1.0, 1.0, 0.0, 0.0, 0.0, 0.0, 1.0, 1.0, 1.0, 0.0, 0.0, 0.0, 1.0, 0.0, 0.0, 0.0, 1.0, 0.0, 0.0, 0.0, 0.0, 0.0, 1.0, 1.0, 1.0, 0.0, 0.0, 0.0, 1.0, 0.0, 0.0, 0.0, 0.0, 1.0, 0.0, 0.0, 0.0, 0.0, 0.0, 0.0, 0.0, 1.0, 0.0, 0.0, 0.0, 0.0, 1.0, 1.0, 1.0, 1.0, 0.0, 0.0, 0.0, 0.0, 1.0, 1.0, 1.0, 0.0, 0.0, 0.0, 1.0, 0.0, 1.0, 1.0, 1.0, 1.0, 0.0, 0.0, 0.0, 0.0, 1.0, 1.0, 1.0, 1.0, 0.0, 0.0, 0.0, 0.0, 1.0, 1.0, 1.0, 1.0, 1.0, 1.0, 1.0, 0.0, 0.0, 0.0, 0.0, 0.0, 1.0, 0.0, 0.0, 0.0, 1.0, 1.0, 1.0, 1.0, 1.0, 1.0, 1.0, 1.0, 1.0, 1.0, 1.0, 1.0, 1.0, 1.0, 1.0, 0.0, 0.0, 0.0, 0.0, 0.0, 0.0, 0.0, 0.0, 0.0, 0.0, 1.0, 0.0, 1.0, 0.0, 1.0, 0.0, 1.0, 0.0, 0.0, 0.0, 1.0, 0.0, 0.0, 0.0, 0.0, 1.0, 1.0, 1.0, 0.0, 0.0, 0.0, 1.0, 0.0, 1.0, 1.0, 1.0, 1.0, 1.0, 0.0, 1.0, 0.0, 0.0, 1.0, 1.0, 1.0, 0.0, 0.0, 0.0, 0.0, 1.0, 1.0, 1.0, 0.0, 1.0, 1.0, 1.0, 1.0, 0.0, 1.0, 1.0, 1.0, 0.0, 0.0, 0.0, 0.0, 1.0, 1.0, 1.0, 1.0, 1.0, 1.0, 1.0, 0.0, 1.0, 1.0, 1.0, 1.0, 0.0, 0.0, 0.0, 0.0, 1.0, 1.0, 1.0, 1.0, 0.0, 0.0, 0.0, 0.0, 0.0, 1.0, 0.0, 0.0, 0.0, 0.0, 0.0, 0.0, 1.0, 1.0, 1.0, 1.0, 1.0, 0.0, 1.0, 1.0, 0.0, 0.0, 0.0, 0.0, 0.0, 1.0, 1.0, 0.0, 1.0, 1.0, 1.0, 1.0, 1.0, 0.0, 1.0, 0.0, 1.0, 1.0, 1.0, 1.0, 1.0, 0.0, 1.0, 1.0, 0.0, 0.0, 0.0, 0.0, 0.0, 1.0, 1.0, 0.0, 1.0, 0.0, 0.0, 1.0, 0.0, 0.0, 0.0, 0.0, 1.0, 1.0, 1.0, 0.0, 0.0, 0.0, 1.0, 0.0, 1.0, 1.0, 1.0, 0.0, 0.0, 0.0, 0.0, 0.0, 1.0, 1.0, 1.0, 1.0, 1.0, 1.0, 1.0, 0.0, 0.0, 0.0, 0.0, 0.0, 0.0, 0.0, 0.0, 0.0, 1.0, 0.0, 1.0, 0.0, 0.0, 0.0, 0.0, 0.0, 1.0, 1.0, 1.0, 1.0, 1.0, 1.0, 1.0, 0.0, 1.0, 1.0, 1.0, 1.0, 1.0, 1.0, 0.0, 1.0, 1.0, 1.0, 1.0, 1.0, 0.0, 0.0, 0.0, 0.0, 1.0, 1.0, 1.0, 1.0, 1.0, 1.0, 1.0, 0.0, 0.0, 1.0, 1.0, 1.0, 0.0, 0.0, 0.0, 0.0, 1.0, 1.0, 1.0, 1.0, 0.0, 0.0, 0.0, 0.0, 1.0, 0.0, 1.0, 0.0, 0.0, 0.0, 0.0, 0.0, 1.0, 1.0, 1.0, 1.0, 1.0, 0.0, 1.0, 0.0, 1.0, 1.0, 1.0, 0.0, 1.0, 1.0, 0.0, 1.0, 1.0, 1.0, 1.0, 1.0, 0.0, 0.0, 0.0, 0.0, 0.0, 0.0, 0.0, 0.0, 0.0, 1.0, 0.0, 0.0, 1.0, 1.0, 1.0, 1.0, 0.0, 0.0, 0.0, 0.0, 0.0, 0.0, 0.0, 0.0, 0.0, 0.0, 0.0, 0.0, 1.0, 0.0, 1.0, 0.0, 0.0, 0.0, 0.0, 0.0, 1.0, 1.0, 0.0, 0.0, 1.0, 1.0, 1.0, 1.0, 1.0, 1.0, 1.0, 1.0, 1.0, 1.0, 1.0, 1.0, 1.0, 1.0, 1.0, 1.0, 1.0, 0.0, 1.0, 1.0, 0.0, 1.0, 0.0, 1.0, 0.0, 1.0, 0.0, 0.0, 1.0, 1.0, 1.0, 1.0, 0.0, 0.0, 1.0, 0.0, 1.0, 1.0, 1.0, 1.0, 0.0, 0.0, 0.0, 0.0, 0.0, 0.0, 0.0, 1.0, 0.0, 0.0, 0.0, 0.0, 1.0, 1.0, 1.0, 1.0, 0.0, 0.0, 0.0, 0.0, 0.0, 1.0, 1.0, 1.0, 0.0, 1.0, 1.0, 0.0, 1.0, 1.0, 1.0, 1.0, 0.0, 0.0, 0.0, 0.0, 1.0, 0.0, 1.0, 1.0, 1.0, 0.0, 0.0, 1.0, 1.0, 1.0, 1.0, 1.0, 1.0, 1.0, 1.0, 0.0, 0.0, 1.0, 1.0, 1.0, 1.0, 1.0, 0.0, 0.0, 1.0, 1.0, 1.0, 1.0, 0.0, 0.0, 0.0, 0.0, 1.0, 1.0, 1.0, 0.0, 0.0, 0.0, 1.0, 0.0, 1.0, 1.0, 1.0, 1.0, 0.0, 0.0, 0.0, 0.0, 0.0, 0.0, 0.0, 0.0, 0.0, 0.0, 0.0, 0.0, 0.0, 1.0, 0.0, 1.0, 0.0, 1.0, 1.0, 0.0, 1.0, 1.0, 1.0, 1.0, 1.0, 0.0, 0.0, 1.0]",-318.3726801373107,643.2907099349558,1.0,-3.5060935001457825,-5.545177444479562,9.091628541971401,11.090354888959125,1.0,-12.51828050043735,-16.635532333438686,28.214614831222644,33.27106466687737,0.6173530694834558,"[1.0, 1.0, 1.0, 1.0, 1.0, 0.0, 1.0, 0.0, 1.0, 1.0, 1.0, 1.0, 1.0, 1.0, 1.0, 0.0, 0.0, 0.0, 0.0, 0.0, 0.0, 0.0, 0.0, 0.0, 1.0, 1.0, 1.0, 0.0, 0.0, 0.0, 1.0, 0.0, 0.0, 0.0, 1.0, 1.0, 0.0, 1.0, 1.0, 1.0, 0.0, 0.0, 0.0, 0.0, 0.0, 0.0, 0.0, 0.0, 1.0, 1.0, 1.0, 1.0, 0.0, 0.0, 0.0, 0.0, 1.0, 1.0, 1.0, 1.0, 0.0, 0.0, 0.0, 0.0, 0.0, 0.0, 0.0, 0.0, 0.0, 1.0, 1.0, 0.0, 0.0, 0.0, 0.0, 1.0, 0.0, 0.0, 0.0, 0.0, 1.0, 1.0, 1.0, 1.0, 0.0, 0.0, 0.0, 0.0, 0.0, 0.0, 0.0, 0.0, 1.0, 1.0, 0.0, 1.0, 1.0, 1.0, 1.0, 1.0, 1.0, 1.0, 1.0, 0.0, 1.0, 1.0, 1.0, 1.0, 1.0, 0.0, 1.0, 0.0, 0.0, 1.0, 0.0, 0.0, 1.0, 1.0, 1.0, 0.0, 1.0, 1.0, 0.0, 1.0, 1.0, 0.0, 0.0, 0.0, 1.0, 1.0, 1.0, 0.0, 1.0, 1.0, 1.0, 1.0, 1.0, 1.0, 1.0, 1.0, 0.0, 0.0, 0.0, 0.0, 1.0, 1.0, 1.0, 0.0, 0.0, 0.0, 1.0, 0.0, 0.0, 0.0, 1.0, 0.0, 0.0, 0.0, 0.0, 0.0, 1.0, 1.0, 1.0, 0.0, 0.0, 0.0, 1.0, 0.0, 0.0, 0.0, 0.0, 1.0, 0.0, 0.0, 0.0, 0.0, 0.0, 0.0, 0.0, 1.0, 0.0, 0.0, 0.0, 0.0, 1.0, 1.0, 1.0, 1.0, 0.0, 0.0, 0.0, 0.0, 1.0, 1.0, 1.0, 0.0, 0.0, 0.0, 1.0, 0.0, 1.0, 1.0, 1.0, 1.0, 0.0, 0.0, 0.0, 0.0, 1.0, 1.0, 1.0, 1.0, 0.0, 0.0, 0.0, 0.0, 1.0, 1.0, 1.0, 1.0, 1.0, 1.0, 1.0, 0.0, 0.0, 0.0, 0.0, 0.0, 1.0, 0.0, 0.0, 0.0, 1.0, 1.0, 1.0, 1.0, 1.0, 1.0, 1.0, 1.0, 1.0, 1.0, 1.0, 1.0, 1.0, 1.0, 1.0, 0.0, 0.0, 0.0, 0.0, 0.0, 0.0, 0.0, 0.0, 0.0, 0.0, 1.0, 0.0, 1.0, 0.0, 1.0, 0.0, 1.0, 0.0, 0.0, 0.0, 1.0, 0.0, 0.0, 0.0, 0.0, 1.0, 1.0, 1.0, 0.0, 0.0, 0.0, 1.0, 0.0, 1.0, 1.0, 1.0, 1.0, 1.0, 0.0, 1.0, 0.0, 0.0, 1.0, 1.0, 1.0, 0.0, 0.0, 0.0, 0.0, 1.0, 1.0, 1.0, 0.0, 1.0, 1.0, 1.0, 1.0, 0.0, 1.0, 1.0, 1.0, 0.0, 0.0, 0.0, 0.0, 1.0, 1.0, 1.0, 1.0, 1.0, 1.0, 1.0, 0.0, 1.0, 1.0, 1.0, 1.0, 0.0, 0.0, 0.0, 0.0, 1.0, 1.0, 1.0, 1.0, 0.0, 0.0, 0.0, 0.0, 0.0, 1.0, 0.0, 0.0, 0.0, 0.0, 0.0, 0.0, 0.0, 0.0, 0.0, 0.0, 0.0, 0.0, 0.0, 0.0, 1.0, 0.0, 1.0, 1.0, 1.0, 0.0, 0.0, 1.0, 1.0, 1.0, 1.0, 1.0, 1.0, 0.0, 1.0, 0.0, 1.0, 1.0, 1.0, 1.0, 1.0, 0.0, 1.0, 1.0, 0.0, 0.0, 0.0, 0.0, 0.0, 1.0, 1.0, 0.0, 1.0, 0.0, 0.0, 1.0, 0.0, 0.0, 0.0, 0.0, 1.0, 1.0, 1.0, 0.0, 0.0, 0.0, 1.0, 0.0, 1.0, 1.0, 1.0, 0.0, 0.0, 0.0, 0.0, 0.0, 1.0, 1.0, 1.0, 1.0, 1.0, 1.0, 1.0, 0.0, 0.0, 0.0, 0.0, 0.0, 0.0, 0.0, 0.0, 0.0, 1.0, 0.0, 1.0, 0.0, 0.0, 0.0, 0.0, 0.0, 1.0, 1.0, 1.0, 1.0, 1.0, 1.0, 1.0, 0.0, 1.0, 1.0, 1.0, 1.0, 1.0, 1.0, 0.0, 1.0, 1.0, 1.0, 1.0, 1.0, 0.0, 0.0, 0.0, 0.0, 1.0, 1.0, 1.0, 1.0, 1.0, 1.0, 1.0, 0.0, 0.0, 1.0, 1.0, 1.0, 0.0, 0.0, 0.0, 0.0, 1.0, 1.0, 1.0, 1.0, 0.0, 0.0, 0.0, 0.0, 1.0, 0.0, 1.0, 0.0, 0.0, 0.0, 0.0, 0.0, 1.0, 1.0, 1.0, 1.0, 1.0, 0.0, 1.0, 0.0, 1.0, 1.0, 1.0, 0.0, 1.0, 1.0, 0.0, 1.0, 1.0, 1.0, 1.0, 1.0, 0.0, 0.0, 0.0, 0.0, 0.0, 0.0, 0.0, 0.0, 0.0, 1.0, 0.0, 0.0, 1.0, 1.0, 1.0, 1.0, 0.0, 0.0, 0.0, 0.0, 0.0, 0.0, 0.0, 0.0, 0.0, 0.0, 0.0, 0.0, 1.0, 0.0, 1.0, 0.0, 0.0, 0.0, 0.0, 0.0, 1.0, 1.0, 0.0, 0.0, 1.0, 1.0, 1.0, 1.0, 1.0, 1.0, 1.0, 1.0, 1.0, 1.0, 1.0, 1.0, 1.0, 1.0, 1.0, 1.0, 1.0, 0.0, 1.0, 1.0, 0.0, 1.0, 0.0, 1.0, 0.0, 1.0, 0.0, 0.0, 1.0, 1.0, 1.0, 1.0, 0.0, 0.0, 1.0, 0.0, 1.0, 1.0, 1.0, 1.0, 0.0, 0.0, 0.0, 0.0, 0.0, 0.0, 0.0, 1.0, 0.0, 0.0, 0.0, 0.0, 1.0, 1.0, 1.0, 1.0, 0.0, 0.0, 0.0, 0.0, 0.0, 1.0, 1.0, 1.0, 0.0, 1.0, 1.0, 0.0, 1.0, 1.0, 1.0, 1.0, 0.0, 0.0, 0.0, 0.0, 1.0, 0.0, 1.0, 1.0, 1.0, 0.0, 0.0, 1.0, 1.0, 1.0, 1.0, 1.0, 1.0, 1.0, 1.0, 0.0, 0.0, 0.0, 1.0, 0.0, 0.0, 1.0, 0.0, 0.0, 1.0, 1.0, 1.0, 1.0, 0.0, 0.0, 0.0, 0.0, 1.0, 1.0, 1.0, 0.0, 0.0, 0.0, 1.0, 0.0, 1.0, 1.0, 1.0, 1.0, 0.0, 0.0, 0.0, 0.0, 0.0, 0.0, 0.0, 0.0, 0.0, 0.0, 0.0, 0.0, 0.0, 1.0, 0.0, 1.0, 0.0, 1.0, 1.0, 0.0, 1.0, 1.0, 1.0, 1.0, 1.0, 0.0, 0.0, 1.0]",-311.9759791000219,630.4973078603782,-482.430437669722,964.860875339444,67.07689493841404,-5.545399698731042,-5.545177444479562,13.17024093914192,11.090354888959125,0.9102392039532,-13.4960434708514,-16.635532333438686,30.170140772050747,33.27106466687737,1.0908740239314543,"[0.0, 0.0, 1.0, 0.0, 0.0, 0.0, 0.0, 0.0, 1.0, 1.0, 1.0, 1.0, 0.877, 0.877, 0.877, 0.0, 1.0, 0.259, 1.0, 1.0, 0.8015, 0.0, 0.259, 1.0, 1.0, 1.0, 1.0, 1.0, 1.0, 1.0, 1.0, 0.0, 0.0, 0.0, 1.0, 0.0, 0.0, 0.0, 1.0, 0.0, 0.0, 0.0, 1.0, 0.0, 0.0, 0.0, 1.0, 0.0, 0.0, 0.0, 0.0, 0.0775, 0.0, 0.0, 0.1635, 0.47100000000000003, 1.0, 1.0, 1.0, 1.0, 0.0, 0.0, 0.0, 0.0, 0.0, 0.0, 0.0, 0.0, 0.0, 0.0, 0.0, 0.0, 1.0, 1.0, 1.0, 1.0, 1.0, 1.0, 1.0, 0.0, 1.0, 1.0, 1.0, 1.0, 0.0, 0.0, 0.0, 0.0, 0.0, 0.0, 0.0, 0.0, 0.0, 0.113, 0.113, 0.0, 0.0, 0.0, 0.0, 1.0, 0.0, 0.0, 0.0, 0.0, 1.0, 1.0, 1.0, 1.0, 0.0, 0.0, 0.0, 0.0, 0.9995, 1.0, 1.0, 0.663, 1.0, 1.0, 1.0, 0.353, 1.0, 1.0, 1.0, 1.0, 0.082, 0.082, 0.0, 0.0, 0.973, 1.0, 0.7655000000000001, 0.605, 0.973, 1.0, 1.0, 0.368, 0.0, 0.0, 1.0, 0.0, 1.0, 0.0, 1.0, 0.0, 1.0, 1.0, 1.0, 1.0, 0.0, 0.0, 1.0, 0.0, 1.0, 1.0, 1.0, 1.0, 0.0, 0.9465, 0.0, 0.0, 0.666, 1.0, 0.666, 0.666, 0.0, 0.0, 0.7975, 0.0, 0.0, 0.9430000000000001, 0.0, 1.0, 1.0, 0.0, 0.0, 0.0, 0.0, 1.0, 0.0, 0.0, 0.0, 0.0, 0.0, 0.0, 1.0, 1.0, 1.0, 1.0, 0.0, 0.0, 0.0, 0.0, 1.0, 1.0, 1.0, 1.0, 1.0, 1.0, 1.0, 0.0005, 1.0, 1.0, 1.0, 1.0, 1.0, 1.0, 0.0, 1.0, 1.0, 1.0, 1.0, 1.0, 0.0, 0.0, 0.0, 0.0, 1.0, 1.0, 1.0, 1.0, 1.0, 1.0, 1.0, 0.0, 1.0, 0.0, 1.0, 0.0, 0.0, 0.0, 0.0, 0.0, 0.0, 1.0, 0.0, 1.0, 0.0, 1.0, 0.0, 1.0, 1.0, 1.0, 1.0, 1.0, 1.0, 1.0, 1.0, 0.0, 1.0, 0.0, 1.0, 1.0, 1.0, 0.0, 0.0, 1.0, 1.0, 1.0, 1.0, 1.0, 1.0, 1.0, 1.0, 1.0, 0.0, 0.9580000000000001, 0.0, 0.0, 0.0, 0.0, 0.0045000000000000005, 0.0, 0.0, 0.0, 0.0, 0.0, 0.0, 0.0, 0.0, 1.0, 0.0, 0.0, 0.0005, 0.0, 0.0, 0.0, 0.0, 0.0, 0.0, 1.0, 0.0, 0.0, 0.0, 0.0, 0.0, 0.0, 1.0, 1.0, 1.0, 0.001, 0.001, 0.001, 1.0, 0.0, 0.0, 0.0, 0.6225, 0.0, 0.0, 0.0, 0.0, 0.0, 1.0, 1.0, 1.0, 1.0, 0.0, 0.0, 0.0, 0.0, 0.0, 0.0, 0.0, 0.0, 0.0, 0.0, 0.0, 0.0, 1.0, 1.0, 1.0, 1.0, 1.0, 1.0, 1.0, 0.0, 0.0, 0.0, 0.0, 1.0, 0.0, 0.0, 1.0, 0.0, 1.0, 1.0, 1.0, 1.0, 0.0, 0.0, 0.0, 0.0, 0.0, 1.0, 0.0, 0.0, 1.0, 0.0, 0.0, 1.0, 1.0, 1.0, 1.0, 1.0, 0.0, 0.0, 0.0, 0.0, 1.0, 1.0, 1.0, 1.0, 1.0, 0.0, 1.0, 1.0, 0.0, 0.0005, 0.0, 0.0, 0.0, 0.38, 0.0, 0.0, 1.0, 1.0, 1.0, 1.0, 0.0, 0.0, 0.0, 0.0, 1.0, 1.0, 1.0, 0.999, 1.0, 1.0, 1.0, 0.0195, 1.0, 1.0, 1.0, 1.0, 0.0, 0.0, 0.0, 0.0, 0.0, 0.6285000000000001, 0.0, 0.328, 0.0, 0.0, 0.6285000000000001, 0.0, 0.0, 0.0, 0.0, 0.0, 0.0, 0.0, 0.0, 1.0, 1.0, 1.0, 1.0, 1.0, 0.0, 0.0, 0.0, 0.0, 1.0, 1.0, 1.0, 1.0, 1.0, 1.0, 1.0, 0.0, 1.0, 1.0, 1.0, 1.0, 1.0, 1.0, 0.0375, 1.0, 1.0, 1.0, 1.0, 1.0, 0.0, 0.0, 0.0, 0.0, 1.0, 1.0, 1.0, 1.0, 1.0, 1.0, 1.0, 0.0, 1.0, 1.0, 1.0, 1.0, 1.0, 1.0, 0.0, 1.0, 1.0, 1.0, 1.0, 1.0, 0.0, 0.0, 0.0, 0.0, 1.0, 1.0, 1.0, 1.0, 1.0, 1.0, 1.0, 1.0, 0.0, 0.0, 0.4395, 0.0, 0.0, 0.0, 0.001, 1.0, 0.0, 0.0, 0.0, 0.0, 0.0, 0.0, 0.0, 0.0, 1.0, 1.0, 1.0, 0.0, 1.0, 0.0, 0.0, 1.0, 0.0, 0.0, 1.0, 1.0, 1.0, 0.0, 0.0, 0.0, 0.0, 0.0, 0.0, 0.0, 0.0, 0.0, 0.0, 0.0, 1.0, 1.0, 1.0, 1.0, 0.0, 0.0, 0.0, 0.0, 0.0, 0.0, 0.0, 0.0, 0.0, 1.0, 0.0, 0.0, 1.0, 1.0, 1.0, 1.0, 0.0, 0.4945, 0.0, 0.0, 1.0, 1.0, 1.0, 1.0, 0.0, 0.0, 1.0, 1.0, 1.0, 1.0, 1.0, 1.0, 0.0, 0.0, 0.0, 0.0, 1.0, 1.0, 1.0, 1.0, 1.0, 0.704, 0.296, 0.0, 1.0, 1.0, 1.0, 1.0, 0.0, 0.0, 1.0, 1.0, 1.0, 1.0, 1.0, 1.0, 0.0, 0.0, 0.0, 0.0, 0.006, 1.0, 0.006, 0.708, 0.298, 1.0, 0.298, 1.0, 1.0, 1.0, 1.0, 1.0, 0.0, 0.0, 0.0, 0.0, 1.0, 0.0, 1.0, 1.0, 1.0, 0.0, 0.0, 1.0, 0.0, 1.0, 1.0, 1.0, 0.0, 0.0, 0.0, 0.0, 1.0, 0.224, 1.0, 1.0, 0.776, 0.0, 0.224, 1.0, 1.0, 1.0, 1.0, 1.0, 0.0, 0.0, 0.0, 0.0, 1.0, 1.0, 0.0, 1.0, 1.0, 1.0, 0.0, 1.0, 1.0, 1.0, 1.0, 1.0, 0.0, 0.0, 0.0, 0.0, 1.0, 1.0, 1.0, 1.0, 1.0, 1.0, 1.0, 0.0, 1.0, 1.0, 1.0, 1.0, 0.0, 0.0, 0.0, 0.0, 0.0, 0.0, 0.0, 0.0, 0.0, 0.0, 0.0, 0.0, 1.0, 0.4865, 1.0, 1.0, 1.0, 0.0075, 0.4865, 1.0, 0.0225, 0.0, 0.0, 0.9775, 0.0, 0.0, 0.0, 0.0]",-419.18595103414617,844.9172517286268,-482.430437669722,964.860875339444,1.0,-3.5060935001457825,-5.545177444479562,9.091628541971401,11.090354888959125,1.0,-9.518280500437347,-16.635532333438686,22.21461483122264,33.27106466687737,0.5787520451143159,"[1.0, 1.0, 1.0, 1.0, 1.0, 0.0, 1.0, 0.0, 1.0, 1.0, 1.0, 1.0, 1.0, 1.0, 1.0, 0.0, 0.0, 0.0, 0.0, 0.0, 0.0, 0.0, 0.0, 0.0, 1.0, 1.0, 1.0, 1.0, 0.0, 0.0, 1.0, 0.0, 0.0, 0.0, 0.0, 0.0, 0.0, 1.0, 0.0, 0.0, 0.0, 0.0, 0.0, 0.0, 0.0, 0.0, 0.0, 0.0, 1.0, 1.0, 1.0, 1.0, 0.0, 0.0, 0.0, 0.0, 1.0, 1.0, 1.0, 1.0, 0.0, 0.0, 0.0, 0.0, 0.0, 0.0, 0.0, 0.0, 0.0, 1.0, 1.0, 0.0, 1.0, 1.0, 1.0, 1.0, 0.0, 0.0, 0.0, 0.0, 1.0, 1.0, 1.0, 1.0, 0.0, 0.0, 0.0, 0.0, 0.0, 0.0, 0.0, 0.0, 0.0, 0.0, 0.0, 0.0, 1.0, 1.0, 1.0, 1.0, 1.0, 1.0, 1.0, 0.0, 1.0, 1.0, 1.0, 1.0, 1.0, 0.0, 1.0, 0.0, 0.0, 1.0, 0.0, 0.0, 1.0, 1.0, 1.0, 0.0, 1.0, 1.0, 0.0, 1.0, 1.0, 0.0, 0.0, 0.0, 1.0, 1.0, 1.0, 0.0, 1.0, 1.0, 1.0, 1.0, 1.0, 1.0, 1.0, 1.0, 0.0, 0.0, 0.0, 0.0, 1.0, 1.0, 1.0, 0.0, 0.0, 0.0, 1.0, 0.0, 0.0, 0.0, 1.0, 0.0, 0.0, 0.0, 0.0, 0.0, 1.0, 1.0, 1.0, 0.0, 0.0, 0.0, 1.0, 0.0, 0.0, 0.0, 0.0, 1.0, 0.0, 0.0, 0.0, 0.0, 0.0, 0.0, 0.0, 1.0, 0.0, 0.0, 0.0, 0.0, 1.0, 1.0, 1.0, 1.0, 0.0, 0.0, 0.0, 0.0, 1.0, 1.0, 1.0, 0.0, 0.0, 0.0, 1.0, 0.0, 1.0, 1.0, 1.0, 1.0, 0.0, 0.0, 0.0, 0.0, 1.0, 1.0, 1.0, 1.0, 0.0, 0.0, 0.0, 0.0, 1.0, 1.0, 1.0, 1.0, 1.0, 1.0, 1.0, 0.0, 0.0, 0.0, 0.0, 0.0, 1.0, 0.0, 0.0, 0.0, 1.0, 1.0, 1.0, 1.0, 1.0, 1.0, 1.0, 1.0, 1.0, 1.0, 1.0, 1.0, 1.0, 1.0, 1.0, 0.0, 0.0, 0.0, 0.0, 0.0, 0.0, 0.0, 0.0, 0.0, 0.0, 1.0, 0.0, 1.0, 0.0, 1.0, 0.0, 1.0, 0.0, 0.0, 0.0, 1.0, 0.0, 0.0, 0.0, 0.0, 1.0, 1.0, 1.0, 0.0, 0.0, 0.0, 1.0, 0.0, 0.0, 0.0, 1.0, 0.0, 0.0, 0.0, 0.0, 0.0, 0.0, 1.0, 1.0, 1.0, 0.0, 0.0, 0.0, 0.0, 1.0, 1.0, 1.0, 0.0, 1.0, 1.0, 1.0, 1.0, 0.0, 0.0, 1.0, 0.0, 0.0, 0.0, 0.0, 0.0, 1.0, 1.0, 1.0, 1.0, 1.0, 1.0, 1.0, 0.0, 1.0, 1.0, 1.0, 1.0, 0.0, 0.0, 0.0, 0.0, 1.0, 1.0, 1.0, 1.0, 0.0, 0.0, 0.0, 0.0, 0.0, 1.0, 0.0, 0.0, 0.0, 0.0, 0.0, 0.0, 0.0, 0.0, 0.0, 0.0, 0.0, 0.0, 0.0, 0.0, 0.0, 0.0, 0.0, 0.0, 0.0, 0.0, 0.0, 0.0, 1.0, 1.0, 0.0, 1.0, 1.0, 0.0, 1.0, 0.0, 1.0, 1.0, 1.0, 1.0, 1.0, 0.0, 1.0, 1.0, 0.0, 0.0, 0.0, 0.0, 0.0, 1.0, 1.0, 0.0, 1.0, 0.0, 0.0, 1.0, 0.0, 0.0, 0.0, 0.0, 1.0, 1.0, 1.0, 0.0, 0.0, 0.0, 1.0, 0.0, 1.0, 1.0, 1.0, 0.0, 0.0, 0.0, 0.0, 0.0, 1.0, 1.0, 1.0, 1.0, 1.0, 1.0, 1.0, 0.0, 0.0, 0.0, 0.0, 0.0, 0.0, 0.0, 0.0, 0.0, 1.0, 0.0, 1.0, 0.0, 0.0, 0.0, 0.0, 0.0, 1.0, 1.0, 1.0, 1.0, 1.0, 1.0, 1.0, 0.0, 1.0, 1.0, 1.0, 1.0, 1.0, 1.0, 0.0, 1.0, 1.0, 1.0, 1.0, 1.0, 0.0, 0.0, 0.0, 0.0, 1.0, 1.0, 1.0, 1.0, 1.0, 1.0, 1.0, 0.0, 0.0, 1.0, 1.0, 1.0, 0.0, 0.0, 0.0, 0.0, 1.0, 1.0, 1.0, 1.0, 0.0, 0.0, 0.0, 0.0, 1.0, 0.0, 1.0, 0.0, 0.0, 0.0, 0.0, 0.0, 1.0, 1.0, 1.0, 1.0, 1.0, 0.0, 1.0, 0.0, 1.0, 1.0, 1.0, 0.0, 1.0, 1.0, 0.0, 1.0, 1.0, 1.0, 1.0, 1.0, 0.0, 0.0, 0.0, 0.0, 0.0, 0.0, 0.0, 0.0, 0.0, 0.0, 0.0, 0.0, 1.0, 1.0, 1.0, 1.0, 0.0, 0.0, 0.0, 0.0, 0.0, 0.0, 0.0, 0.0, 0.0, 0.0, 0.0, 0.0, 0.0, 0.0, 0.0, 0.0, 0.0, 0.0, 0.0, 0.0, 1.0, 1.0, 0.0, 0.0, 1.0, 1.0, 1.0, 1.0, 1.0, 1.0, 1.0, 1.0, 1.0, 1.0, 1.0, 1.0, 1.0, 1.0, 1.0, 1.0, 1.0, 0.0, 1.0, 1.0, 0.0, 1.0, 0.0, 1.0, 0.0, 1.0, 0.0, 0.0, 1.0, 1.0, 1.0, 1.0, 0.0, 0.0, 1.0, 0.0, 1.0, 1.0, 1.0, 1.0, 0.0, 0.0, 0.0, 0.0, 0.0, 0.0, 0.0, 1.0, 0.0, 0.0, 0.0, 0.0, 1.0, 1.0, 1.0, 1.0, 0.0, 0.0, 0.0, 0.0, 0.0, 1.0, 1.0, 1.0, 0.0, 1.0, 1.0, 0.0, 1.0, 1.0, 1.0, 1.0, 0.0, 0.0, 0.0, 0.0, 1.0, 0.0, 1.0, 1.0, 1.0, 0.0, 0.0, 1.0, 1.0, 1.0, 1.0, 1.0, 1.0, 1.0, 1.0, 0.0, 0.0, 1.0, 1.0, 1.0, 1.0, 1.0, 0.0, 0.0, 1.0, 1.0, 1.0, 1.0, 0.0, 0.0, 0.0, 0.0, 1.0, 1.0, 1.0, 0.0, 0.0, 0.0, 1.0, 0.0, 1.0, 1.0, 1.0, 1.0, 0.0, 0.0, 0.0, 0.0, 0.0, 0.0, 0.0, 0.0, 0.0, 0.0, 0.0, 0.0, 0.0, 0.0, 1.0, 1.0, 0.0, 0.0, 0.0, 0.0, 1.0, 1.0, 1.0, 1.0, 1.0, 0.0, 0.0, 1.0]",-295.2442605392121,597.0338707387587,-482.430437669722,964.860875339444,1.1270132162821977,-14.487294036019332,32.15264190238661,1.2846122460949685,-433.45128860920846,873.4479268787513,True,True,True,True,True,0.875,0.625,0.75,0.625,0.7083333333333334,0.625,0.8333333333333334,1.0,0.75,0.625,0.7083333333333334,0.75,"Z.exists(lambda x1: Z.equal(x1,'blue','colour'),X)","Z.atleast(lambda x1: Z.equal(x1,'blue','colour'),1,X)","Z.atmost(lambda x1: Z.equal(x1,'blue','colour'),1,X)","Z.atleast(lambda x1: Z.equal(x1,'blue','colour'),1,X)",0.625,0.625,0.625,1.0,0.625,0.7083333333333334,0.6982758620689655,0.6867816091954023,0.6954022988505747,0.6925287356321839,5.241379310344827,0,0,0,0,0,0
80,95,181,AwdRcTd822,d1YjSFSBFrki-S5PAAAO,Upsilon,none are upright,"[True, True, True, True, False, True, False, True]","[True, True, True, True, True, True, False, False]",0.75,0.75,Two red triangles on its side,[['x1']],"Z.exactly(lambda x1: Z.and_operator(Z.equal(x1,'red','colour'),Z.not_operator(Z.equal(x1,'upright','orientation'))),2,X)",There should be at least two red triangles not upright,"[{'ids': [0, 1, 2], 'colours': ['red', 'red', 'blue'], 'sizes': [3, 3, 1], 'xpos': [1.1125726084124634, 0.134586632714781, 4.2500411668069225], 'ypos': [3.8061018462188727, 3.3131963304987693, 3.8307506090986188], 'rotations': [3.7990796199982197, 4.45022285845183, 1.2121899680575183], 'orientations': ['strange', 'strange', 'lhs'], 'contact': [[0, 1], [1, 0], [2]], 'grounded': ['yes', 'no', 'yes'], 'follow_rule': True}, {'ids': [0, 1, 2], 'colours': ['red', 'red', 'blue'], 'sizes': [3, 3, 1], 'xpos': [0.5497570756616461, 2.9424360721243885, 5.638951703217016], 'ypos': [4.107859297585354, 3.634436773487245, 3.8301584338406256], 'rotations': [3.140443717855799, 1.2444259529583341, 1.21785914602602], 'orientations': ['upright', 'lhs', 'lhs'], 'contact': [[0], [1], [2]], 'grounded': ['yes', 'yes', 'yes'], 'follow_rule': False}, {'ids': [0, 1, 2], 'colours': ['red', 'red', 'blue'], 'sizes': [3, 3, 1], 'xpos': [1.2021952204305202, 1.2021990288175672, 4.437894690839004], 'ypos': [4.111671764715838, 3.7999348855324477, 4.107532939872827], 'rotations': [3.1415923533724, 3.141583939358249, 3.138078851767932], 'orientations': ['upright', 'upright', 'upright'], 'contact': [[0, 1], [1, 0], [2]], 'grounded': ['yes', 'no', 'yes'], 'follow_rule': False}, {'ids': [0, 1, 2], 'colours': ['red', 'red', 'blue'], 'sizes': [3, 3, 1], 'xpos': [0.8549988411131635, 0.8549988410563519, 5.2534995754431515], 'ypos': [4.111666666787458, 3.7998121406869108, 3.8267395126393144], 'rotations': [3.141592653582456, 3.1415926534502177, 1.2120290612283904], 'orientations': ['upright', 'upright', 'lhs'], 'contact': [[0, 1], [1, 0], [2]], 'grounded': ['yes', 'no', 'yes'], 'follow_rule': False}, {'ids': [0, 1, 2], 'colours': ['red', 'red', 'blue'], 'sizes': [3, 3, 1], 'xpos': [3.149891918368585, 1.5687859598014666, 5.8654494216043656], 'ypos': [3.637809377438594, 3.636205669293058, 3.8276529198837927], 'rotations': [1.2459963557421947, 4.391381674650173, 1.213262536074509], 'orientations': ['lhs', 'strange', 'lhs'], 'contact': [[0, 1], [1, 0], [2]], 'grounded': ['yes', 'yes', 'yes'], 'follow_rule': True}, {'ids': [0, 1], 'colours': ['red', 'red'], 'sizes': [3, 3], 'xpos': [2.950277383911572, 3.654682345849678], 'ypos': [3.638126206505196, 2.9778753724339326], 'rotations': [5.0378442404713075, 5.688692233406239], 'orientations': ['rhs', 'strange'], 'contact': [[0, 1], [1, 0]], 'grounded': ['yes', 'yes'], 'follow_rule': True}, {'ids': [0, 1], 'colours': ['red', 'red'], 'sizes': [1, 1], 'xpos': [2.1396919590960874, 2.6263400568070674], 'ypos': [3.8300503544818407, 3.5005325692677802], 'rotations': [5.0664551735882135, 5.777099464547037], 'orientations': ['rhs', 'strange'], 'contact': [[0, 1], [1, 0]], 'grounded': ['yes', 'yes'], 'follow_rule': True}, {'ids': [0, 1], 'colours': ['red', 'red'], 'sizes': [1, 1], 'xpos': [2.223011494597074, 4.173203648056237], 'ypos': [3.82907069416512, 3.8279034833826935], 'rotations': [5.067963031228626, 5.068243773782918], 'orientations': ['rhs', 'rhs'], 'contact': [[0], [1]], 'grounded': ['yes', 'yes'], 'follow_rule': True}, {'ids': [0, 1, 2, 3, 4, 5], 'colours': ['red', 'green', 'green', 'red', 'red', 'green'], 'sizes': [3, 3, 3, 1, 3, 1], 'xpos': [4.04539932046708, 6.25367104406576, 1.31220887489158, 2.54397206141056, 5.03680142626962, 2.83313903630872], 'ypos': [3.68714653723475, 3.68793264237984, 3.68536700039956, 3.87290072175348, 3.71647947714512, 3.32290442001056], 'rotations': [1.24459422608336, 1.24522470760537, 5.03721490711028, 4.41693289260746, 2.04844681297516, 1.27753534246253], 'contact': [[0, 4, 3], 1, 2, [3, 0, 5], [4, 0], [5, 3]], 'grounded': ['yes', 'yes', 'yes', 'yes', 'yes', 'no']}, {'ids': [0, 1, 2, 3], 'colours': ['green', 'red', 'blue', 'red'], 'sizes': [1, 3, 2, 2], 'xpos': [3.91130904169482, 5.46428515532996, 6.02804597253327, 2.75909465803677], 'ypos': [3.88039857557471, 3.68809661044642, 3.83039687351375, 3.76829024369344], 'rotations': [1.21554845923219, 5.037860999749, 2.523398913166, 4.53015371920961], 'contact': [{'V1': [0, 3], 'V2': [1, 2], 'V3': [2, 1], 'V4': [3, 0]}], 'grounded': ['yes', 'yes', 'no', 'yes']}, {'ids': [0, 1], 'colours': ['red', 'red'], 'sizes': [1, 1], 'xpos': [2.66334600794472, 1.80432622054734], 'ypos': [3.88090170709236, 3.87778384307705], 'rotations': [1.21239198245414, 4.35415315781273], 'contact': [{'V1': [0, 1], 'V2': [1, 0]}], 'grounded': ['yes', 'yes']}, {'ids': [0, 1, 2, 3, 4], 'colours': ['red', 'red', 'blue', 'blue', 'green'], 'sizes': [3, 3, 1, 1, 1], 'xpos': [1.85360354206331, 4.53707158711655, 2.22962536171588, 3.31491059447484, 3.75418292003644], 'ypos': [3.68810486672765, 3.68793278435064, 3.60822662705904, 3.84556069624473, 3.52884365217974], 'rotations': [5.03784882313905, 1.24522475821424, 2.57929284346434, 1.86403082200312, 2.07051561191284], 'contact': [[0, 3, 2], [1, 4, 3], [2, 0], [3, 0, 1, 4], [4, 1, 3]], 'grounded': ['yes', 'yes', 'no', 'no', 'no']}, {'ids': [0, 1, 2, 3, 4, 5, 6], 'colours': ['red', 'green', 'red', 'red', 'green', 'green', 'red'], 'sizes': [1, 3, 2, 3, 3, 2, 2], 'xpos': [3.25946614949676, 2.44588297516233, 5.88127197371132, 4.16563349275137, 0.72362012303879, 2.368329881437, 7.02789960687692], 'ypos': [3.95518911276486, 3.68824247585198, 4.15744335942523, 4.15757462621801, 3.67646349730594, 3.64875460383896, 3.78297829877943], 'rotations': [3.90055989251386, 1.24543827105161, 3.14018849938784, 3.14209271550925, 4.46919423935855, 4.5928664481854, 5.04768654725134], 'contact': [[0, 5], [1, 5, 4], 2, 3, [4, 1], [5, 0, 1], 6], 'grounded': ['yes', 'yes', 'yes', 'yes', 'yes', 'no', 'yes']}, {'ids': [0, 1, 2, 3, 4], 'colours': ['red', 'blue', 'green', 'green', 'red'], 'sizes': [2, 1, 3, 3, 3], 'xpos': [1.81709153920562, 5.97480057561886, 3.31338082383512, 4.38059628007586, 6.61025661823443], 'ypos': [3.77963548478066, 4.15709914239659, 4.15857486018002, 4.1579783197977, 3.68443952609824], 'rotations': [1.2339014812192, 3.13995537974587, 3.14125891347883, 3.1426763466907, 5.03874238310661], 'contact': [{'V1': 0, 'V2': 1, 'V3': 2, 'V4': 3, 'V5': 4}], 'grounded': ['yes', 'yes', 'yes', 'yes', 'yes']}, {'ids': [0, 1, 2, 3, 4], 'colours': ['red', 'red', 'red', 'green', 'red'], 'sizes': [2, 3, 1, 3, 3], 'xpos': [3.73841073372075, 3.73677173096754, 2.76148516662288, 4.77214062348621, 4.69143283396105], 'ypos': [4.16009367569396, 4.14643505860911, 4.15849207519273, 4.15973417931752, 3.17867488361144], 'rotations': [3.13742681162325, 3.12687131684704, 3.14631730814226, 3.13796262321945, 2.12453024265947], 'contact': [[0, 1], [1, 0, 4], 2, [3, 4], [4, 1, 3]], 'grounded': ['yes', 'no', 'yes', 'yes', 'no']}, {'ids': [0, 1], 'colours': ['blue', 'red'], 'sizes': [1, 3], 'xpos': [4.12725264721393, 2.49227679939128], 'ypos': [4.15816511179978, 3.68449947257032], 'rotations': [3.13776634013453, 5.03835652479557], 'contact': [{'V1': 0, 'V2': 1}], 'grounded': ['yes', 'yes']}]","[True, False, False, False, True, True, False, False]","[True, False, False, False, False, True, True, False]","[False, True, True, True, False, False, False, True]","[False, False, False, False, True, False, False, False]","[False, True, True, True, True, False, False, True]","[False, True, True, True, True, False, True, False]","[True, False, False, False, False, True, False, False]","[False, False, False, False, False, False, False, True]",0.375,0.125,0.0,-0.25,0.375,0.625,0.25,0.5,0.5,0.25,0.25,0.0,0.625,0.375,0.9102431175628216,-4.498681156967007,-5.545177444479562,11.07680385561385,11.090354888959125,1.0,-10.518280500437347,-16.635532333438686,24.21461483122264,33.27106466687737,1.0502311195665048,"[1.0, 1.0, 1.0, 1.0, 1.0, 0.0, 1.0, 0.0, 1.0, 1.0, 1.0, 1.0, 1.0, 1.0, 1.0, 0.0135, 0.9530000000000001, 0.092, 0.5895, 0.5895, 1.0, 0.0, 0.0, 0.861, 1.0, 1.0, 1.0, 0.2925, 0.999, 0.999, 1.0, 0.7155, 0.0, 0.0, 1.0, 0.0, 0.0, 0.0, 1.0, 0.0, 0.0, 0.0, 1.0, 0.0, 0.0, 0.0, 1.0, 0.0, 1.0, 1.0, 1.0, 1.0, 0.0, 0.0, 0.0, 0.0, 1.0, 1.0, 1.0, 1.0, 0.935, 0.935, 0.935, 0.935, 1.0, 1.0, 1.0, 1.0, 0.0, 1.0, 0.0, 0.0, 0.0, 1.0, 1.0, 1.0, 1.0, 1.0, 1.0, 1.0, 1.0, 1.0, 1.0, 1.0, 0.0935, 0.0935, 0.0935, 0.0935, 1.0, 1.0, 1.0, 1.0, 1.0, 1.0, 1.0, 1.0, 1.0, 1.0, 1.0, 1.0, 1.0, 1.0, 1.0, 0.013000000000000001, 1.0, 1.0, 0.998, 1.0, 1.0, 0.002, 0.998, 0.002, 1.0, 1.0, 1.0, 1.0, 1.0, 1.0, 1.0, 0.0, 0.973, 1.0, 0.9530000000000001, 1.0, 0.8925000000000001, 0.9195, 0.17400000000000002, 0.201, 1.0, 1.0, 1.0, 1.0, 0.0, 0.0, 0.0, 0.0, 1.0, 1.0, 1.0, 0.24, 1.0, 1.0, 0.968, 1.0, 0.653, 0.653, 0.653, 1.0, 0.2535, 0.2535, 0.7035, 0.10300000000000001, 1.0, 1.0, 1.0, 1.0, 0.0, 1.0, 0.0, 0.0, 1.0, 1.0, 1.0, 0.012, 0.988, 0.988, 1.0, 1.0, 1.0, 0.0, 1.0, 1.0, 1.0, 0.0, 0.0, 1.0, 0.0, 0.0, 0.0, 1.0, 1.0, 0.0, 0.0, 0.0, 1.0, 1.0, 1.0, 1.0, 0.0, 0.0, 0.0, 0.0, 1.0, 1.0, 1.0, 1.0, 0.0, 0.0, 0.0, 0.0, 1.0, 1.0, 1.0, 1.0, 1.0, 1.0, 0.841, 1.0, 1.0, 1.0, 1.0, 1.0, 0.0, 0.0, 0.0, 0.0, 1.0, 1.0, 1.0, 1.0, 1.0, 1.0, 1.0, 0.0, 0.197, 0.0, 0.85, 0.653, 0.803, 0.0, 0.0, 0.0, 0.8525, 0.847, 0.9935, 0.847, 0.28300000000000003, 0.4305, 0.426, 0.426, 1.0, 1.0, 1.0, 1.0, 1.0, 1.0, 1.0, 0.0, 0.798, 1.0, 0.7995, 0.7995, 0.0275, 0.029, 0.2265, 0.1975, 1.0, 1.0, 1.0, 1.0, 0.0, 0.0, 0.0, 0.0, 0.862, 0.854, 0.8595, 0.8955000000000001, 0.045, 0.0005, 0.8695, 0.8505, 1.0, 1.0, 1.0, 0.022, 1.0, 1.0, 1.0, 0.978, 0.28400000000000003, 0.0145, 0.1885, 0.0275, 0.2755, 0.0, 0.0015, 0.013000000000000001, 0.0, 0.0, 0.0, 1.0, 1.0, 0.0, 0.0, 0.0, 1.0, 1.0, 1.0, 1.0, 0.0, 0.0, 0.0, 0.0, 1.0, 1.0, 1.0, 1.0, 1.0, 0.0, 1.0, 0.0, 1.0, 1.0, 1.0, 1.0, 1.0, 1.0, 1.0, 0.0, 1.0, 1.0, 1.0, 0.728, 0.8265, 0.5545, 0.5545, 0.8265, 1.0, 1.0, 1.0, 1.0, 1.0, 1.0, 1.0, 1.0, 1.0, 1.0, 1.0, 0.8715, 0.9365, 0.8695, 0.8695, 0.9365, 0.229, 0.229, 0.229, 0.229, 0.801, 0.03, 0.03, 0.801, 0.0, 0.0, 0.0, 1.0, 1.0, 0.0, 0.0, 0.0, 0.108, 0.114, 0.2315, 0.108, 0.114, 0.07050000000000001, 0.0495, 0.006, 1.0, 1.0, 1.0, 1.0, 0.0, 0.0, 0.0, 0.0, 0.8955000000000001, 0.895, 0.0115, 0.0, 0.883, 0.0, 0.0, 0.0, 1.0, 1.0, 1.0, 1.0, 0.0, 0.0, 0.0, 0.0, 0.902, 0.902, 0.902, 0.678, 0.88, 0.88, 0.902, 0.807, 1.0, 1.0, 1.0, 1.0, 0.0, 0.0, 0.0, 0.0, 1.0, 1.0, 1.0, 1.0, 1.0, 1.0, 1.0, 0.0, 1.0, 1.0, 1.0, 1.0, 0.0, 0.0, 0.0, 0.0, 1.0, 1.0, 1.0, 1.0, 0.008, 0.008, 0.008, 0.008, 1.0, 1.0, 1.0, 1.0, 1.0, 1.0, 1.0, 0.0, 1.0, 1.0, 1.0, 1.0, 1.0, 1.0, 0.6980000000000001, 1.0, 1.0, 1.0, 1.0, 1.0, 0.0, 0.0, 0.0, 0.0, 1.0, 1.0, 1.0, 1.0, 1.0, 1.0, 1.0, 0.0, 0.9530000000000001, 0.9530000000000001, 0.9530000000000001, 1.0, 1.0, 1.0, 0.641, 0.9530000000000001, 1.0, 1.0, 1.0, 1.0, 0.0, 0.0, 0.0, 0.0, 1.0, 1.0, 1.0, 1.0, 1.0, 1.0, 1.0, 1.0, 1.0, 1.0, 1.0, 1.0, 0.0, 0.0, 0.0, 0.0, 1.0, 1.0, 1.0, 1.0, 1.0, 1.0, 1.0, 1.0, 1.0, 1.0, 1.0, 1.0, 0.021500000000000002, 0.021500000000000002, 0.021500000000000002, 0.021500000000000002, 0.021500000000000002, 0.003, 0.02, 0.0095, 0.0095, 0.964, 0.9555, 0.0095, 1.0, 1.0, 1.0, 1.0, 1.0, 1.0, 1.0, 1.0, 1.0, 1.0, 1.0, 1.0, 0.0, 0.0, 0.0, 0.0, 1.0, 1.0, 1.0, 1.0, 0.0, 0.0, 1.0, 1.0, 1.0, 0.873, 0.198, 0.198, 1.0, 1.0, 0.6905, 1.0, 1.0, 1.0, 1.0, 1.0, 1.0, 1.0, 1.0, 0.0, 1.0, 0.999, 0.999, 1.0, 0.0025, 0.0025, 0.0025, 0.0025, 1.0, 1.0, 1.0, 1.0, 1.0, 0.686, 0.314, 0.0, 1.0, 1.0, 1.0, 1.0, 0.524, 0.524, 1.0, 0.47600000000000003, 1.0, 1.0, 1.0, 1.0, 0.008, 0.008, 0.008, 0.008, 0.9935, 0.9935, 0.9775, 0.9935, 0.9935, 0.0225, 0.988, 0.017, 1.0, 1.0, 1.0, 1.0, 0.0725, 0.0725, 0.0725, 0.0725, 0.041, 1.0, 1.0, 0.9590000000000001, 0.041, 0.9590000000000001, 1.0, 0.0, 0.7435, 0.9835, 0.7425, 0.986, 0.7435, 0.7435, 0.256, 0.987, 1.0, 0.005, 1.0, 1.0, 1.0, 0.005, 0.005, 1.0, 1.0, 1.0, 1.0, 1.0, 1.0, 1.0, 1.0, 0.0, 1.0, 1.0, 1.0, 1.0, 0.0, 0.0, 0.0, 0.0, 1.0, 1.0, 1.0, 1.0, 0.0, 0.0, 0.0, 0.0, 0.9705, 0.9705, 0.9145, 1.0, 0.8015, 0.8015, 0.9705, 0.7865, 1.0, 1.0, 1.0, 1.0, 0.0, 0.0, 0.0, 0.0, 1.0, 1.0, 1.0, 1.0, 0.0, 0.0, 0.0, 0.0, 1.0, 1.0, 1.0, 1.0, 0.0, 0.0, 0.0, 0.0, 1.0, 1.0, 1.0, 1.0, 1.0, 1.0, 1.0, 1.0]",-418.5875071169283,843.720363894191,-482.430437669722,964.860875339444,0.5138983445076495,-3.0141612900514945,8.107764121782825,1.0,-9.518280500437347,22.21461483122264,0.6334250289943713,"[1.0, 1.0, 1.0, 1.0, 1.0, 0.0, 1.0, 0.0, 1.0, 1.0, 1.0, 1.0, 1.0, 1.0, 1.0, 0.0, 0.0, 0.0, 0.0, 0.0, 0.0, 0.0, 0.0, 0.0, 1.0, 1.0, 1.0, 0.0, 0.0, 0.0, 1.0, 0.0, 0.0, 0.0, 1.0, 1.0, 0.0, 1.0, 1.0, 1.0, 1.0, 1.0, 1.0, 1.0, 0.0, 0.0, 1.0, 1.0, 1.0, 1.0, 1.0, 1.0, 0.0, 0.0, 0.0, 0.0, 1.0, 1.0, 1.0, 1.0, 0.0, 0.0, 0.0, 0.0, 0.0, 0.0, 0.0, 0.0, 0.0, 1.0, 1.0, 0.0, 1.0, 1.0, 1.0, 1.0, 0.0, 0.0, 0.0, 0.0, 1.0, 1.0, 1.0, 1.0, 0.0, 0.0, 0.0, 0.0, 1.0, 1.0, 1.0, 1.0, 1.0, 1.0, 0.0, 1.0, 1.0, 1.0, 1.0, 1.0, 1.0, 1.0, 1.0, 0.0, 1.0, 1.0, 1.0, 1.0, 1.0, 0.0, 1.0, 0.0, 0.0, 1.0, 0.0, 0.0, 1.0, 1.0, 1.0, 0.0, 1.0, 1.0, 0.0, 1.0, 1.0, 0.0, 0.0, 0.0, 1.0, 1.0, 1.0, 0.0, 1.0, 1.0, 1.0, 1.0, 1.0, 1.0, 1.0, 1.0, 0.0, 0.0, 0.0, 0.0, 1.0, 1.0, 1.0, 0.0, 0.0, 0.0, 1.0, 0.0, 0.0, 0.0, 1.0, 0.0, 0.0, 0.0, 0.0, 0.0, 1.0, 1.0, 1.0, 0.0, 0.0, 0.0, 1.0, 0.0, 0.0, 0.0, 0.0, 1.0, 0.0, 0.0, 0.0, 0.0, 0.0, 0.0, 0.0, 1.0, 0.0, 0.0, 0.0, 0.0, 1.0, 1.0, 1.0, 1.0, 0.0, 0.0, 0.0, 0.0, 1.0, 1.0, 1.0, 0.0, 0.0, 0.0, 1.0, 0.0, 1.0, 1.0, 1.0, 1.0, 0.0, 0.0, 0.0, 0.0, 1.0, 1.0, 1.0, 1.0, 0.0, 0.0, 0.0, 0.0, 1.0, 1.0, 1.0, 1.0, 1.0, 1.0, 1.0, 0.0, 0.0, 0.0, 0.0, 0.0, 1.0, 0.0, 0.0, 0.0, 1.0, 1.0, 1.0, 1.0, 1.0, 1.0, 1.0, 1.0, 1.0, 1.0, 1.0, 1.0, 1.0, 1.0, 1.0, 0.0, 0.0, 0.0, 0.0, 0.0, 0.0, 0.0, 0.0, 0.0, 0.0, 1.0, 0.0, 1.0, 0.0, 1.0, 0.0, 1.0, 0.0, 0.0, 0.0, 1.0, 0.0, 0.0, 0.0, 0.0, 1.0, 1.0, 1.0, 0.0, 0.0, 0.0, 1.0, 0.0, 1.0, 1.0, 1.0, 1.0, 1.0, 0.0, 1.0, 0.0, 0.0, 1.0, 1.0, 1.0, 0.0, 0.0, 0.0, 0.0, 1.0, 1.0, 1.0, 0.0, 1.0, 1.0, 1.0, 1.0, 0.0, 1.0, 1.0, 1.0, 0.0, 0.0, 0.0, 0.0, 1.0, 1.0, 1.0, 1.0, 1.0, 1.0, 1.0, 0.0, 1.0, 1.0, 1.0, 1.0, 0.0, 0.0, 0.0, 0.0, 1.0, 1.0, 1.0, 1.0, 0.0, 0.0, 0.0, 0.0, 0.0, 1.0, 0.0, 0.0, 0.0, 0.0, 0.0, 0.0, 1.0, 1.0, 1.0, 1.0, 1.0, 0.0, 1.0, 1.0, 0.0, 0.0, 0.0, 0.0, 0.0, 1.0, 1.0, 0.0, 1.0, 1.0, 1.0, 1.0, 1.0, 0.0, 1.0, 0.0, 1.0, 1.0, 1.0, 1.0, 1.0, 0.0, 1.0, 1.0, 0.0, 0.0, 0.0, 0.0, 0.0, 1.0, 1.0, 0.0, 1.0, 0.0, 0.0, 1.0, 0.0, 0.0, 0.0, 0.0, 1.0, 1.0, 1.0, 0.0, 0.0, 0.0, 1.0, 0.0, 1.0, 1.0, 1.0, 0.0, 0.0, 0.0, 0.0, 0.0, 1.0, 1.0, 1.0, 1.0, 1.0, 1.0, 1.0, 0.0, 0.0, 0.0, 0.0, 0.0, 0.0, 0.0, 0.0, 0.0, 1.0, 0.0, 1.0, 0.0, 0.0, 0.0, 0.0, 0.0, 1.0, 1.0, 1.0, 1.0, 1.0, 1.0, 1.0, 0.0, 1.0, 1.0, 1.0, 1.0, 1.0, 1.0, 0.0, 1.0, 1.0, 1.0, 1.0, 1.0, 0.0, 0.0, 0.0, 0.0, 1.0, 1.0, 1.0, 1.0, 1.0, 1.0, 1.0, 0.0, 0.0, 1.0, 1.0, 1.0, 0.0, 0.0, 0.0, 0.0, 1.0, 1.0, 1.0, 1.0, 0.0, 0.0, 0.0, 0.0, 1.0, 0.0, 1.0, 0.0, 0.0, 0.0, 0.0, 0.0, 1.0, 1.0, 1.0, 1.0, 1.0, 0.0, 1.0, 0.0, 1.0, 1.0, 1.0, 0.0, 1.0, 1.0, 0.0, 1.0, 1.0, 1.0, 1.0, 1.0, 0.0, 0.0, 0.0, 0.0, 0.0, 0.0, 0.0, 0.0, 0.0, 1.0, 0.0, 0.0, 1.0, 1.0, 1.0, 1.0, 0.0, 0.0, 0.0, 0.0, 0.0, 0.0, 0.0, 0.0, 0.0, 0.0, 0.0, 0.0, 1.0, 0.0, 1.0, 0.0, 0.0, 0.0, 0.0, 0.0, 1.0, 1.0, 0.0, 0.0, 1.0, 1.0, 1.0, 1.0, 1.0, 1.0, 1.0, 1.0, 1.0, 1.0, 1.0, 1.0, 1.0, 1.0, 1.0, 1.0, 1.0, 0.0, 1.0, 1.0, 0.0, 1.0, 0.0, 1.0, 0.0, 1.0, 0.0, 0.0, 1.0, 1.0, 1.0, 1.0, 0.0, 0.0, 1.0, 0.0, 1.0, 1.0, 1.0, 1.0, 0.0, 0.0, 0.0, 0.0, 0.0, 0.0, 0.0, 1.0, 0.0, 0.0, 0.0, 0.0, 1.0, 1.0, 1.0, 1.0, 0.0, 0.0, 0.0, 0.0, 0.0, 1.0, 1.0, 1.0, 0.0, 1.0, 1.0, 0.0, 1.0, 1.0, 1.0, 1.0, 0.0, 0.0, 0.0, 0.0, 1.0, 0.0, 1.0, 1.0, 1.0, 0.0, 0.0, 1.0, 1.0, 1.0, 1.0, 1.0, 1.0, 1.0, 1.0, 0.0, 0.0, 1.0, 1.0, 1.0, 1.0, 1.0, 0.0, 0.0, 1.0, 1.0, 1.0, 1.0, 0.0, 0.0, 0.0, 0.0, 1.0, 1.0, 1.0, 0.0, 0.0, 0.0, 1.0, 0.0, 1.0, 1.0, 1.0, 1.0, 0.0, 0.0, 0.0, 0.0, 0.0, 0.0, 0.0, 0.0, 0.0, 0.0, 0.0, 0.0, 0.0, 1.0, 0.0, 1.0, 0.0, 1.0, 1.0, 0.0, 1.0, 1.0, 1.0, 1.0, 1.0, 0.0, 0.0, 1.0]",-318.3726801373107,643.2907099349558,66.83889515709718,-5.545401284339112,-5.545177444479562,13.17024411035806,11.090354888959125,1.0,-12.51828050043735,-16.635532333438686,28.214614831222644,33.27106466687737,0.6173530694834558,"[1.0, 1.0, 1.0, 1.0, 1.0, 0.0, 1.0, 0.0, 1.0, 1.0, 1.0, 1.0, 1.0, 1.0, 1.0, 0.0, 0.0, 0.0, 0.0, 0.0, 0.0, 0.0, 0.0, 0.0, 1.0, 1.0, 1.0, 0.0, 0.0, 0.0, 1.0, 0.0, 0.0, 0.0, 1.0, 1.0, 0.0, 1.0, 1.0, 1.0, 0.0, 0.0, 0.0, 0.0, 0.0, 0.0, 0.0, 0.0, 1.0, 1.0, 1.0, 1.0, 0.0, 0.0, 0.0, 0.0, 1.0, 1.0, 1.0, 1.0, 0.0, 0.0, 0.0, 0.0, 0.0, 0.0, 0.0, 0.0, 0.0, 1.0, 1.0, 0.0, 0.0, 0.0, 0.0, 1.0, 0.0, 0.0, 0.0, 0.0, 1.0, 1.0, 1.0, 1.0, 0.0, 0.0, 0.0, 0.0, 0.0, 0.0, 0.0, 0.0, 1.0, 1.0, 0.0, 1.0, 1.0, 1.0, 1.0, 1.0, 1.0, 1.0, 1.0, 0.0, 1.0, 1.0, 1.0, 1.0, 1.0, 0.0, 1.0, 0.0, 0.0, 1.0, 0.0, 0.0, 1.0, 1.0, 1.0, 0.0, 1.0, 1.0, 0.0, 1.0, 1.0, 0.0, 0.0, 0.0, 1.0, 1.0, 1.0, 0.0, 1.0, 1.0, 1.0, 1.0, 1.0, 1.0, 1.0, 1.0, 0.0, 0.0, 0.0, 0.0, 1.0, 1.0, 1.0, 0.0, 0.0, 0.0, 1.0, 0.0, 0.0, 0.0, 1.0, 0.0, 0.0, 0.0, 0.0, 0.0, 1.0, 1.0, 1.0, 0.0, 0.0, 0.0, 1.0, 0.0, 0.0, 0.0, 0.0, 1.0, 0.0, 0.0, 0.0, 0.0, 0.0, 0.0, 0.0, 1.0, 0.0, 0.0, 0.0, 0.0, 1.0, 1.0, 1.0, 1.0, 0.0, 0.0, 0.0, 0.0, 1.0, 1.0, 1.0, 0.0, 0.0, 0.0, 1.0, 0.0, 1.0, 1.0, 1.0, 1.0, 0.0, 0.0, 0.0, 0.0, 1.0, 1.0, 1.0, 1.0, 0.0, 0.0, 0.0, 0.0, 1.0, 1.0, 1.0, 1.0, 1.0, 1.0, 1.0, 0.0, 0.0, 0.0, 0.0, 0.0, 1.0, 0.0, 0.0, 0.0, 1.0, 1.0, 1.0, 1.0, 1.0, 1.0, 1.0, 1.0, 1.0, 1.0, 1.0, 1.0, 1.0, 1.0, 1.0, 0.0, 0.0, 0.0, 0.0, 0.0, 0.0, 0.0, 0.0, 0.0, 0.0, 1.0, 0.0, 1.0, 0.0, 1.0, 0.0, 1.0, 0.0, 0.0, 0.0, 1.0, 0.0, 0.0, 0.0, 0.0, 1.0, 1.0, 1.0, 0.0, 0.0, 0.0, 1.0, 0.0, 1.0, 1.0, 1.0, 1.0, 1.0, 0.0, 1.0, 0.0, 0.0, 1.0, 1.0, 1.0, 0.0, 0.0, 0.0, 0.0, 1.0, 1.0, 1.0, 0.0, 1.0, 1.0, 1.0, 1.0, 0.0, 1.0, 1.0, 1.0, 0.0, 0.0, 0.0, 0.0, 1.0, 1.0, 1.0, 1.0, 1.0, 1.0, 1.0, 0.0, 1.0, 1.0, 1.0, 1.0, 0.0, 0.0, 0.0, 0.0, 1.0, 1.0, 1.0, 1.0, 0.0, 0.0, 0.0, 0.0, 0.0, 1.0, 0.0, 0.0, 0.0, 0.0, 0.0, 0.0, 0.0, 0.0, 0.0, 0.0, 0.0, 0.0, 0.0, 0.0, 1.0, 0.0, 1.0, 1.0, 1.0, 0.0, 0.0, 1.0, 1.0, 1.0, 1.0, 1.0, 1.0, 0.0, 1.0, 0.0, 1.0, 1.0, 1.0, 1.0, 1.0, 0.0, 1.0, 1.0, 0.0, 0.0, 0.0, 0.0, 0.0, 1.0, 1.0, 0.0, 1.0, 0.0, 0.0, 1.0, 0.0, 0.0, 0.0, 0.0, 1.0, 1.0, 1.0, 0.0, 0.0, 0.0, 1.0, 0.0, 1.0, 1.0, 1.0, 0.0, 0.0, 0.0, 0.0, 0.0, 1.0, 1.0, 1.0, 1.0, 1.0, 1.0, 1.0, 0.0, 0.0, 0.0, 0.0, 0.0, 0.0, 0.0, 0.0, 0.0, 1.0, 0.0, 1.0, 0.0, 0.0, 0.0, 0.0, 0.0, 1.0, 1.0, 1.0, 1.0, 1.0, 1.0, 1.0, 0.0, 1.0, 1.0, 1.0, 1.0, 1.0, 1.0, 0.0, 1.0, 1.0, 1.0, 1.0, 1.0, 0.0, 0.0, 0.0, 0.0, 1.0, 1.0, 1.0, 1.0, 1.0, 1.0, 1.0, 0.0, 0.0, 1.0, 1.0, 1.0, 0.0, 0.0, 0.0, 0.0, 1.0, 1.0, 1.0, 1.0, 0.0, 0.0, 0.0, 0.0, 1.0, 0.0, 1.0, 0.0, 0.0, 0.0, 0.0, 0.0, 1.0, 1.0, 1.0, 1.0, 1.0, 0.0, 1.0, 0.0, 1.0, 1.0, 1.0, 0.0, 1.0, 1.0, 0.0, 1.0, 1.0, 1.0, 1.0, 1.0, 0.0, 0.0, 0.0, 0.0, 0.0, 0.0, 0.0, 0.0, 0.0, 1.0, 0.0, 0.0, 1.0, 1.0, 1.0, 1.0, 0.0, 0.0, 0.0, 0.0, 0.0, 0.0, 0.0, 0.0, 0.0, 0.0, 0.0, 0.0, 1.0, 0.0, 1.0, 0.0, 0.0, 0.0, 0.0, 0.0, 1.0, 1.0, 0.0, 0.0, 1.0, 1.0, 1.0, 1.0, 1.0, 1.0, 1.0, 1.0, 1.0, 1.0, 1.0, 1.0, 1.0, 1.0, 1.0, 1.0, 1.0, 0.0, 1.0, 1.0, 0.0, 1.0, 0.0, 1.0, 0.0, 1.0, 0.0, 0.0, 1.0, 1.0, 1.0, 1.0, 0.0, 0.0, 1.0, 0.0, 1.0, 1.0, 1.0, 1.0, 0.0, 0.0, 0.0, 0.0, 0.0, 0.0, 0.0, 1.0, 0.0, 0.0, 0.0, 0.0, 1.0, 1.0, 1.0, 1.0, 0.0, 0.0, 0.0, 0.0, 0.0, 1.0, 1.0, 1.0, 0.0, 1.0, 1.0, 0.0, 1.0, 1.0, 1.0, 1.0, 0.0, 0.0, 0.0, 0.0, 1.0, 0.0, 1.0, 1.0, 1.0, 0.0, 0.0, 1.0, 1.0, 1.0, 1.0, 1.0, 1.0, 1.0, 1.0, 0.0, 0.0, 0.0, 1.0, 0.0, 0.0, 1.0, 0.0, 0.0, 1.0, 1.0, 1.0, 1.0, 0.0, 0.0, 0.0, 0.0, 1.0, 1.0, 1.0, 0.0, 0.0, 0.0, 1.0, 0.0, 1.0, 1.0, 1.0, 1.0, 0.0, 0.0, 0.0, 0.0, 0.0, 0.0, 0.0, 0.0, 0.0, 0.0, 0.0, 0.0, 0.0, 1.0, 0.0, 1.0, 0.0, 1.0, 1.0, 0.0, 1.0, 1.0, 1.0, 1.0, 1.0, 0.0, 0.0, 1.0]",-311.9759791000219,630.4973078603782,-482.430437669722,964.860875339444,0.9102431039525487,-4.498681156966892,-5.545177444479562,11.07680385561362,11.090354888959125,0.9102392039532,-13.4960434708514,-16.635532333438686,30.170140772050747,33.27106466687737,1.0908740239314543,"[0.0, 0.0, 1.0, 0.0, 0.0, 0.0, 0.0, 0.0, 1.0, 1.0, 1.0, 1.0, 0.877, 0.877, 0.877, 0.0, 1.0, 0.259, 1.0, 1.0, 0.8015, 0.0, 0.259, 1.0, 1.0, 1.0, 1.0, 1.0, 1.0, 1.0, 1.0, 0.0, 0.0, 0.0, 1.0, 0.0, 0.0, 0.0, 1.0, 0.0, 0.0, 0.0, 1.0, 0.0, 0.0, 0.0, 1.0, 0.0, 0.0, 0.0, 0.0, 0.0775, 0.0, 0.0, 0.1635, 0.47100000000000003, 1.0, 1.0, 1.0, 1.0, 0.0, 0.0, 0.0, 0.0, 0.0, 0.0, 0.0, 0.0, 0.0, 0.0, 0.0, 0.0, 1.0, 1.0, 1.0, 1.0, 1.0, 1.0, 1.0, 0.0, 1.0, 1.0, 1.0, 1.0, 0.0, 0.0, 0.0, 0.0, 0.0, 0.0, 0.0, 0.0, 0.0, 0.113, 0.113, 0.0, 0.0, 0.0, 0.0, 1.0, 0.0, 0.0, 0.0, 0.0, 1.0, 1.0, 1.0, 1.0, 0.0, 0.0, 0.0, 0.0, 0.9995, 1.0, 1.0, 0.663, 1.0, 1.0, 1.0, 0.353, 1.0, 1.0, 1.0, 1.0, 0.082, 0.082, 0.0, 0.0, 0.973, 1.0, 0.7655000000000001, 0.605, 0.973, 1.0, 1.0, 0.368, 0.0, 0.0, 1.0, 0.0, 1.0, 0.0, 1.0, 0.0, 1.0, 1.0, 1.0, 1.0, 0.0, 0.0, 1.0, 0.0, 1.0, 1.0, 1.0, 1.0, 0.0, 0.9465, 0.0, 0.0, 0.666, 1.0, 0.666, 0.666, 0.0, 0.0, 0.7975, 0.0, 0.0, 0.9430000000000001, 0.0, 1.0, 1.0, 0.0, 0.0, 0.0, 0.0, 1.0, 0.0, 0.0, 0.0, 0.0, 0.0, 0.0, 1.0, 1.0, 1.0, 1.0, 0.0, 0.0, 0.0, 0.0, 1.0, 1.0, 1.0, 1.0, 1.0, 1.0, 1.0, 0.0005, 1.0, 1.0, 1.0, 1.0, 1.0, 1.0, 0.0, 1.0, 1.0, 1.0, 1.0, 1.0, 0.0, 0.0, 0.0, 0.0, 1.0, 1.0, 1.0, 1.0, 1.0, 1.0, 1.0, 0.0, 1.0, 0.0, 1.0, 0.0, 0.0, 0.0, 0.0, 0.0, 0.0, 1.0, 0.0, 1.0, 0.0, 1.0, 0.0, 1.0, 1.0, 1.0, 1.0, 1.0, 1.0, 1.0, 1.0, 0.0, 1.0, 0.0, 1.0, 1.0, 1.0, 0.0, 0.0, 1.0, 1.0, 1.0, 1.0, 1.0, 1.0, 1.0, 1.0, 1.0, 0.0, 0.9580000000000001, 0.0, 0.0, 0.0, 0.0, 0.0045000000000000005, 0.0, 0.0, 0.0, 0.0, 0.0, 0.0, 0.0, 0.0, 1.0, 0.0, 0.0, 0.0005, 0.0, 0.0, 0.0, 0.0, 0.0, 0.0, 1.0, 0.0, 0.0, 0.0, 0.0, 0.0, 0.0, 1.0, 1.0, 1.0, 0.001, 0.001, 0.001, 1.0, 0.0, 0.0, 0.0, 0.6225, 0.0, 0.0, 0.0, 0.0, 0.0, 1.0, 1.0, 1.0, 1.0, 0.0, 0.0, 0.0, 0.0, 0.0, 0.0, 0.0, 0.0, 0.0, 0.0, 0.0, 0.0, 1.0, 1.0, 1.0, 1.0, 1.0, 1.0, 1.0, 0.0, 0.0, 0.0, 0.0, 1.0, 0.0, 0.0, 1.0, 0.0, 1.0, 1.0, 1.0, 1.0, 0.0, 0.0, 0.0, 0.0, 0.0, 1.0, 0.0, 0.0, 1.0, 0.0, 0.0, 1.0, 1.0, 1.0, 1.0, 1.0, 0.0, 0.0, 0.0, 0.0, 1.0, 1.0, 1.0, 1.0, 1.0, 0.0, 1.0, 1.0, 0.0, 0.0005, 0.0, 0.0, 0.0, 0.38, 0.0, 0.0, 1.0, 1.0, 1.0, 1.0, 0.0, 0.0, 0.0, 0.0, 1.0, 1.0, 1.0, 0.999, 1.0, 1.0, 1.0, 0.0195, 1.0, 1.0, 1.0, 1.0, 0.0, 0.0, 0.0, 0.0, 0.0, 0.6285000000000001, 0.0, 0.328, 0.0, 0.0, 0.6285000000000001, 0.0, 0.0, 0.0, 0.0, 0.0, 0.0, 0.0, 0.0, 1.0, 1.0, 1.0, 1.0, 1.0, 0.0, 0.0, 0.0, 0.0, 1.0, 1.0, 1.0, 1.0, 1.0, 1.0, 1.0, 0.0, 1.0, 1.0, 1.0, 1.0, 1.0, 1.0, 0.0375, 1.0, 1.0, 1.0, 1.0, 1.0, 0.0, 0.0, 0.0, 0.0, 1.0, 1.0, 1.0, 1.0, 1.0, 1.0, 1.0, 0.0, 1.0, 1.0, 1.0, 1.0, 1.0, 1.0, 0.0, 1.0, 1.0, 1.0, 1.0, 1.0, 0.0, 0.0, 0.0, 0.0, 1.0, 1.0, 1.0, 1.0, 1.0, 1.0, 1.0, 1.0, 0.0, 0.0, 0.4395, 0.0, 0.0, 0.0, 0.001, 1.0, 0.0, 0.0, 0.0, 0.0, 0.0, 0.0, 0.0, 0.0, 1.0, 1.0, 1.0, 0.0, 1.0, 0.0, 0.0, 1.0, 0.0, 0.0, 1.0, 1.0, 1.0, 0.0, 0.0, 0.0, 0.0, 0.0, 0.0, 0.0, 0.0, 0.0, 0.0, 0.0, 1.0, 1.0, 1.0, 1.0, 0.0, 0.0, 0.0, 0.0, 0.0, 0.0, 0.0, 0.0, 0.0, 1.0, 0.0, 0.0, 1.0, 1.0, 1.0, 1.0, 0.0, 0.4945, 0.0, 0.0, 1.0, 1.0, 1.0, 1.0, 0.0, 0.0, 1.0, 1.0, 1.0, 1.0, 1.0, 1.0, 0.0, 0.0, 0.0, 0.0, 1.0, 1.0, 1.0, 1.0, 1.0, 0.704, 0.296, 0.0, 1.0, 1.0, 1.0, 1.0, 0.0, 0.0, 1.0, 1.0, 1.0, 1.0, 1.0, 1.0, 0.0, 0.0, 0.0, 0.0, 0.006, 1.0, 0.006, 0.708, 0.298, 1.0, 0.298, 1.0, 1.0, 1.0, 1.0, 1.0, 0.0, 0.0, 0.0, 0.0, 1.0, 0.0, 1.0, 1.0, 1.0, 0.0, 0.0, 1.0, 0.0, 1.0, 1.0, 1.0, 0.0, 0.0, 0.0, 0.0, 1.0, 0.224, 1.0, 1.0, 0.776, 0.0, 0.224, 1.0, 1.0, 1.0, 1.0, 1.0, 0.0, 0.0, 0.0, 0.0, 1.0, 1.0, 0.0, 1.0, 1.0, 1.0, 0.0, 1.0, 1.0, 1.0, 1.0, 1.0, 0.0, 0.0, 0.0, 0.0, 1.0, 1.0, 1.0, 1.0, 1.0, 1.0, 1.0, 0.0, 1.0, 1.0, 1.0, 1.0, 0.0, 0.0, 0.0, 0.0, 0.0, 0.0, 0.0, 0.0, 0.0, 0.0, 0.0, 0.0, 1.0, 0.4865, 1.0, 1.0, 1.0, 0.0075, 0.4865, 1.0, 0.0225, 0.0, 0.0, 0.9775, 0.0, 0.0, 0.0, 0.0]",-419.18595103414617,844.9172517286268,-482.430437669722,964.860875339444,0.5138983445076495,-3.0141612900514945,-5.545177444479562,8.107764121782825,11.090354888959125,1.0,-9.518280500437347,-16.635532333438686,22.21461483122264,33.27106466687737,0.5787520451143159,"[1.0, 1.0, 1.0, 1.0, 1.0, 0.0, 1.0, 0.0, 1.0, 1.0, 1.0, 1.0, 1.0, 1.0, 1.0, 0.0, 0.0, 0.0, 0.0, 0.0, 0.0, 0.0, 0.0, 0.0, 1.0, 1.0, 1.0, 1.0, 0.0, 0.0, 1.0, 0.0, 0.0, 0.0, 0.0, 0.0, 0.0, 1.0, 0.0, 0.0, 0.0, 0.0, 0.0, 0.0, 0.0, 0.0, 0.0, 0.0, 1.0, 1.0, 1.0, 1.0, 0.0, 0.0, 0.0, 0.0, 1.0, 1.0, 1.0, 1.0, 0.0, 0.0, 0.0, 0.0, 0.0, 0.0, 0.0, 0.0, 0.0, 1.0, 1.0, 0.0, 1.0, 1.0, 1.0, 1.0, 0.0, 0.0, 0.0, 0.0, 1.0, 1.0, 1.0, 1.0, 0.0, 0.0, 0.0, 0.0, 0.0, 0.0, 0.0, 0.0, 0.0, 0.0, 0.0, 0.0, 1.0, 1.0, 1.0, 1.0, 1.0, 1.0, 1.0, 0.0, 1.0, 1.0, 1.0, 1.0, 1.0, 0.0, 1.0, 0.0, 0.0, 1.0, 0.0, 0.0, 1.0, 1.0, 1.0, 0.0, 1.0, 1.0, 0.0, 1.0, 1.0, 0.0, 0.0, 0.0, 1.0, 1.0, 1.0, 0.0, 1.0, 1.0, 1.0, 1.0, 1.0, 1.0, 1.0, 1.0, 0.0, 0.0, 0.0, 0.0, 1.0, 1.0, 1.0, 0.0, 0.0, 0.0, 1.0, 0.0, 0.0, 0.0, 1.0, 0.0, 0.0, 0.0, 0.0, 0.0, 1.0, 1.0, 1.0, 0.0, 0.0, 0.0, 1.0, 0.0, 0.0, 0.0, 0.0, 1.0, 0.0, 0.0, 0.0, 0.0, 0.0, 0.0, 0.0, 1.0, 0.0, 0.0, 0.0, 0.0, 1.0, 1.0, 1.0, 1.0, 0.0, 0.0, 0.0, 0.0, 1.0, 1.0, 1.0, 0.0, 0.0, 0.0, 1.0, 0.0, 1.0, 1.0, 1.0, 1.0, 0.0, 0.0, 0.0, 0.0, 1.0, 1.0, 1.0, 1.0, 0.0, 0.0, 0.0, 0.0, 1.0, 1.0, 1.0, 1.0, 1.0, 1.0, 1.0, 0.0, 0.0, 0.0, 0.0, 0.0, 1.0, 0.0, 0.0, 0.0, 1.0, 1.0, 1.0, 1.0, 1.0, 1.0, 1.0, 1.0, 1.0, 1.0, 1.0, 1.0, 1.0, 1.0, 1.0, 0.0, 0.0, 0.0, 0.0, 0.0, 0.0, 0.0, 0.0, 0.0, 0.0, 1.0, 0.0, 1.0, 0.0, 1.0, 0.0, 1.0, 0.0, 0.0, 0.0, 1.0, 0.0, 0.0, 0.0, 0.0, 1.0, 1.0, 1.0, 0.0, 0.0, 0.0, 1.0, 0.0, 0.0, 0.0, 1.0, 0.0, 0.0, 0.0, 0.0, 0.0, 0.0, 1.0, 1.0, 1.0, 0.0, 0.0, 0.0, 0.0, 1.0, 1.0, 1.0, 0.0, 1.0, 1.0, 1.0, 1.0, 0.0, 0.0, 1.0, 0.0, 0.0, 0.0, 0.0, 0.0, 1.0, 1.0, 1.0, 1.0, 1.0, 1.0, 1.0, 0.0, 1.0, 1.0, 1.0, 1.0, 0.0, 0.0, 0.0, 0.0, 1.0, 1.0, 1.0, 1.0, 0.0, 0.0, 0.0, 0.0, 0.0, 1.0, 0.0, 0.0, 0.0, 0.0, 0.0, 0.0, 0.0, 0.0, 0.0, 0.0, 0.0, 0.0, 0.0, 0.0, 0.0, 0.0, 0.0, 0.0, 0.0, 0.0, 0.0, 0.0, 1.0, 1.0, 0.0, 1.0, 1.0, 0.0, 1.0, 0.0, 1.0, 1.0, 1.0, 1.0, 1.0, 0.0, 1.0, 1.0, 0.0, 0.0, 0.0, 0.0, 0.0, 1.0, 1.0, 0.0, 1.0, 0.0, 0.0, 1.0, 0.0, 0.0, 0.0, 0.0, 1.0, 1.0, 1.0, 0.0, 0.0, 0.0, 1.0, 0.0, 1.0, 1.0, 1.0, 0.0, 0.0, 0.0, 0.0, 0.0, 1.0, 1.0, 1.0, 1.0, 1.0, 1.0, 1.0, 0.0, 0.0, 0.0, 0.0, 0.0, 0.0, 0.0, 0.0, 0.0, 1.0, 0.0, 1.0, 0.0, 0.0, 0.0, 0.0, 0.0, 1.0, 1.0, 1.0, 1.0, 1.0, 1.0, 1.0, 0.0, 1.0, 1.0, 1.0, 1.0, 1.0, 1.0, 0.0, 1.0, 1.0, 1.0, 1.0, 1.0, 0.0, 0.0, 0.0, 0.0, 1.0, 1.0, 1.0, 1.0, 1.0, 1.0, 1.0, 0.0, 0.0, 1.0, 1.0, 1.0, 0.0, 0.0, 0.0, 0.0, 1.0, 1.0, 1.0, 1.0, 0.0, 0.0, 0.0, 0.0, 1.0, 0.0, 1.0, 0.0, 0.0, 0.0, 0.0, 0.0, 1.0, 1.0, 1.0, 1.0, 1.0, 0.0, 1.0, 0.0, 1.0, 1.0, 1.0, 0.0, 1.0, 1.0, 0.0, 1.0, 1.0, 1.0, 1.0, 1.0, 0.0, 0.0, 0.0, 0.0, 0.0, 0.0, 0.0, 0.0, 0.0, 0.0, 0.0, 0.0, 1.0, 1.0, 1.0, 1.0, 0.0, 0.0, 0.0, 0.0, 0.0, 0.0, 0.0, 0.0, 0.0, 0.0, 0.0, 0.0, 0.0, 0.0, 0.0, 0.0, 0.0, 0.0, 0.0, 0.0, 1.0, 1.0, 0.0, 0.0, 1.0, 1.0, 1.0, 1.0, 1.0, 1.0, 1.0, 1.0, 1.0, 1.0, 1.0, 1.0, 1.0, 1.0, 1.0, 1.0, 1.0, 0.0, 1.0, 1.0, 0.0, 1.0, 0.0, 1.0, 0.0, 1.0, 0.0, 0.0, 1.0, 1.0, 1.0, 1.0, 0.0, 0.0, 1.0, 0.0, 1.0, 1.0, 1.0, 1.0, 0.0, 0.0, 0.0, 0.0, 0.0, 0.0, 0.0, 1.0, 0.0, 0.0, 0.0, 0.0, 1.0, 1.0, 1.0, 1.0, 0.0, 0.0, 0.0, 0.0, 0.0, 1.0, 1.0, 1.0, 0.0, 1.0, 1.0, 0.0, 1.0, 1.0, 1.0, 1.0, 0.0, 0.0, 0.0, 0.0, 1.0, 0.0, 1.0, 1.0, 1.0, 0.0, 0.0, 1.0, 1.0, 1.0, 1.0, 1.0, 1.0, 1.0, 1.0, 0.0, 0.0, 1.0, 1.0, 1.0, 1.0, 1.0, 0.0, 0.0, 1.0, 1.0, 1.0, 1.0, 0.0, 0.0, 0.0, 0.0, 1.0, 1.0, 1.0, 0.0, 0.0, 0.0, 1.0, 0.0, 1.0, 1.0, 1.0, 1.0, 0.0, 0.0, 0.0, 0.0, 0.0, 0.0, 0.0, 0.0, 0.0, 0.0, 0.0, 0.0, 0.0, 0.0, 1.0, 1.0, 0.0, 0.0, 0.0, 0.0, 1.0, 1.0, 1.0, 1.0, 1.0, 0.0, 0.0, 1.0]",-295.2442605392121,597.0338707387587,-482.430437669722,964.860875339444,1.1270132162821977,-14.487294036019332,32.15264190238661,1.2846122460949685,-433.45128860920846,873.4479268787513,True,True,True,True,True,0.875,1.0,0.75,0.625,0.7083333333333334,0.5,0.8333333333333334,0.5,0.75,0.625,0.7083333333333334,0.375,"Z.forall(lambda x1: Z.not_operator(Z.equal(x1,'upright','orientation')),X)","Z.exactly(lambda x1: Z.not_operator(Z.equal(x1,'upright','orientation')),2,X)","Z.exists(lambda x1: Z.equal(x1,'rhs','orientation'),X)","Z.exactly(lambda x1: Z.and_operator(Z.equal(x1,'red','colour'),Z.not_operator(Z.equal(x1,'upright','orientation'))),2,X)",1.0,0.5,0.5,0.5,0.625,0.7083333333333334,0.6982758620689655,0.6867816091954023,0.6954022988505747,0.6925287356321839,5.241379310344827,2000,0,0,0,0,0
81,96,184,AwdRcTd822,d1YjSFSBFrki-S5PAAAO,Zeta,there is a red,"[True, True, True, True, False, False, False, False]","[True, True, True, True, False, False, False, False]",1.0,1.0,There has to be at least one red triangle,[['x1']],"Z.atleast(lambda x1: Z.equal(x1,'red','colour'),1,X)",There has to be at least one red triangle,"[{'ids': [0, 1, 2], 'colours': ['red', 'green', 'red'], 'sizes': [2, 2, 1], 'xpos': [1.208266997053104, 1.2082669970492215, 3.655562636224445], 'ypos': [4.111666666672413, 3.810816938140351, 3.8307506090986188], 'rotations': [3.141592653588846, 3.1415926535823515, 1.2121899680575183], 'orientations': ['upright', 'upright', 'lhs'], 'contact': [[0, 1], [1, 0], [2]], 'grounded': ['yes', 'no', 'yes'], 'follow_rule': True}, {'ids': [0], 'colours': ['red'], 'sizes': [1], 'xpos': [3.8876579380873526], 'ypos': [3.827545383101019], 'rotations': [1.212730709101618], 'orientations': ['lhs'], 'contact': [[0]], 'grounded': ['yes'], 'follow_rule': True}, {'ids': [0, 1], 'colours': ['green', 'red'], 'sizes': [1, 1], 'xpos': [5.317141269816047, 5.693010868037147], 'ypos': [4.108051861757471, 3.4450598412645497], 'rotations': [3.145256845980929, 6.0891961917894255], 'orientations': ['upright', 'strange'], 'contact': [[0, 1], [1, 0]], 'grounded': ['yes', 'yes'], 'follow_rule': True}, {'ids': [0], 'colours': ['red'], 'sizes': [1], 'xpos': [4.958752197605123], 'ypos': [4.107722820276226], 'rotations': [3.1464073481499355], 'orientations': ['upright'], 'contact': [[0]], 'grounded': ['yes'], 'follow_rule': True}, {'ids': [0], 'colours': ['red'], 'sizes': [3], 'xpos': [2.7074746181517564], 'ypos': [3.6336731427766544], 'rotations': [5.038826581871574], 'orientations': ['rhs'], 'contact': [[0]], 'grounded': ['yes'], 'follow_rule': True}, {'ids': [0], 'colours': ['blue'], 'sizes': [3], 'xpos': [2.869055840893518], 'ypos': [3.6342420639300785], 'rotations': [5.038915581598172], 'orientations': ['rhs'], 'contact': [[0]], 'grounded': ['yes'], 'follow_rule': False}, {'ids': [0], 'colours': ['red'], 'sizes': [3], 'xpos': [7.450322401637009], 'ypos': [2.811596617445507], 'rotations': [6.559579263685517], 'orientations': ['strange'], 'contact': [[0]], 'grounded': ['yes'], 'follow_rule': True}, {'ids': [0, 1, 2, 3, 4, 5, 6, 7, 8, 9, 10], 'colours': ['red', 'blue', 'blue', 'green', 'green', 'blue', 'blue', 'blue', 'blue', 'green', 'green'], 'sizes': [2, 1, 1, 1, 1, 2, 2, 3, 3, 3, 3], 'xpos': [5.340780188029691, 5.779274454345146, 1.9412979309421199, 0.6284093593575474, 4.025239880422474, 2.7860070344597645, 1.7165150684714792, 3.9660550269687382, 4.949188441311052, 0.859633872848288, 2.819149812632526], 'ypos': [3.732566897889106, 4.10790996441148, 4.0666589518073, 3.841550186938047, 4.111355576226333, 3.734123324120262, 3.7217220827438786, 3.8684252710642526, 3.9327636449590746, 3.45164308692452, 3.665036886384793], 'rotations': [1.2325282466167058, 3.14494800608073, 2.991923759955038, 2.020931537232945, 3.141303182306013, 5.049063799771416, 1.7954941921105796, 3.295912186626602, 3.2975189998997183, 2.983586302867765, 2.048054397349082], 'orientations': ['lhs', 'upright', 'upright', 'strange', 'upright', 'rhs', 'strange', 'upright', 'upright', 'upright', 'strange'], 'contact': [[0, 8, 7, 1], [1, 0], [2, 10, 6], [3, 9, 6], [4], [5, 7], [6, 2, 3, 9], [7, 0, 5], [8, 0], [9, 3, 6], [10, 2]], 'grounded': ['yes', 'yes', 'yes', 'yes', 'yes', 'yes', 'yes', 'no', 'no', 'no', 'yes'], 'follow_rule': True}, {'ids': [0, 1, 2, 3], 'colours': ['red', 'green', 'green', 'red'], 'sizes': [1, 3, 1, 2], 'xpos': [4.99719497412721, 5.33966521510595, 6.7812617602386, 0.647214122653947], 'ypos': [3.87616110226316, 3.89757703212827, 4.15810225565523, 4.15717162300964], 'rotations': [1.21015432030723, 3.69203273094864, 3.14416974526282, 3.14125264303298], 'contact': [[0, 1], [1, 0], 2, 3], 'grounded': ['yes', 'yes', 'yes', 'yes']}, {'ids': [0, 1, 2, 3, 4], 'colours': ['red', 'red', 'blue', 'blue', 'green'], 'sizes': [2, 1, 2, 2, 1], 'xpos': [0.756045112876682, 5.7930538088619, 4.02912968049722, 0.607249611808554, 2.34445062198903], 'ypos': [3.78128677692435, 3.87663053995449, 3.77926220180112, 4.09987976609843, 4.15797989686201], 'rotations': [5.04734512360657, 1.21097145412816, 1.2338944765227, 2.99747085022243, 3.14330311350596], 'contact': [[0, 3], 1, 2, [3, 0], 4], 'grounded': ['yes', 'yes', 'yes', 'yes', 'yes']}, {'ids': [0, 1, 2, 3, 4, 5], 'colours': ['green', 'green', 'green', 'green', 'red', 'red'], 'sizes': [1, 1, 2, 2, 1, 1], 'xpos': [0.392205266119112, 6.46736091582645, 5.87132830651543, 2.56842478452184, 1.05497225772388, 3.35722507237469], 'ypos': [4.15754519774028, 3.87672651888649, 3.80774864689194, 4.15891117383473, 4.15835090526104, 4.15780493355124], 'rotations': [3.14560426344892, 5.07442800349693, 4.20513160762651, 3.14652142167178, 3.14300168792949, 3.1450254884391], 'contact': [0, [1, 2], [2, 1], 3, 4, 5], 'grounded': ['yes', 'yes', 'yes', 'yes', 'yes', 'yes']}, {'ids': [0, 1, 2], 'colours': ['blue', 'red', 'blue'], 'sizes': [1, 3, 1], 'xpos': [3.65329156447024, 3.06074315033349, 4.60711408951368], 'ypos': [3.87683998879975, 3.89790852126602, 4.15748043316142], 'rotations': [1.21104984409195, 2.59341814797494, 3.14017425270441], 'contact': [[0, 1], [1, 0], 2], 'grounded': ['yes', 'yes', 'yes']}, {'ids': [0, 1, 2, 3, 4, 5], 'colours': ['green', 'green', 'green', 'green', 'blue', 'blue'], 'sizes': [1, 3, 2, 1, 2, 1], 'xpos': [2.9046526114666, 3.68975290255409, 5.65833149766197, 2.8246611501998, 2.89449149866101, 1.87269773742003], 'ypos': [3.88094533031908, 3.68797064017839, 4.15757175612118, 3.68349548447456, 3.68583647526567, 3.8760767087662], 'rotations': [1.21243000430047, 5.03772434357929, 3.14324414103154, 5.06868148794976, 5.04716419664426, 1.2105262200236], 'contact': [[0, 4], [1, 4], 2, [3, 4], [4, 0, 1, 3], 5], 'grounded': ['yes', 'yes', 'yes', 'no', 'no', 'yes']}, {'ids': [0, 1], 'colours': ['green', 'green'], 'sizes': [1, 3], 'xpos': [0.670764619467334, 5.261348820008], 'ypos': [3.86447444538309, 4.15793495472947], 'rotations': [1.77488765373097, 3.13951555729719], 'contact': [{'V1': 0, 'V2': 1}], 'grounded': ['yes', 'yes']}, {'ids': [0, 1, 2], 'colours': ['blue', 'green', 'green'], 'sizes': [1, 1, 3], 'xpos': [4.69009713254434, 2.93439461350621, 4.78205690186546], 'ypos': [4.15772510399043, 4.15704164375121, 4.15823822985147], 'rotations': [3.14100478933091, 3.14035932239342, 3.14115234487408], 'contact': [[0, 2], 1, [2, 0]], 'grounded': ['yes', 'yes', 'yes']}, {'ids': [0, 1, 2, 3, 4, 5], 'colours': ['green', 'blue', 'blue', 'green', 'green', 'green'], 'sizes': [3, 2, 1, 1, 3, 2], 'xpos': [4.08915128061252, 2.29489936724743, 2.81704915678861, 6.85663898790724, 1.00051084466887, 4.09237106060331], 'ypos': [4.1616688599196, 4.16166316032898, 3.87799901532656, 4.1578940642729, 4.15850762807611, 3.52787490122945], 'rotations': [3.14159237119885, 3.14158410154621, 5.07138880585438, 3.13808482008692, 3.14212541938172, 3.13686252238553], 'contact': [[0, 5], 1, 2, 3, 4, [5, 0]], 'grounded': ['yes', 'yes', 'yes', 'yes', 'yes', 'no']}]","[True, True, True, True, False, False, False, False]","[True, True, True, True, True, True, True, True]","[False, False, False, False, False, False, False, False]","[False, False, False, False, False, False, False, False]","[True, True, True, True, False, False, False, False]","[True, True, True, True, True, True, True, True]","[False, False, False, False, False, False, False, False]","[False, False, False, False, False, False, False, False]",0.0,0.0,0.0,0.0,1.0,1.0,1.0,1.0,0.0,0.0,0.0,0.0,0.0,0.0,0.01,0.0,-5.545177444479562,2.0794415416798357,11.090354888959125,1.0,-10.518280500437347,-16.635532333438686,24.21461483122264,33.27106466687737,1.0502311195665048,"[1.0, 1.0, 1.0, 1.0, 1.0, 0.0, 1.0, 0.0, 1.0, 1.0, 1.0, 1.0, 1.0, 1.0, 1.0, 0.0135, 0.9530000000000001, 0.092, 0.5895, 0.5895, 1.0, 0.0, 0.0, 0.861, 1.0, 1.0, 1.0, 0.2925, 0.999, 0.999, 1.0, 0.7155, 0.0, 0.0, 1.0, 0.0, 0.0, 0.0, 1.0, 0.0, 0.0, 0.0, 1.0, 0.0, 0.0, 0.0, 1.0, 0.0, 1.0, 1.0, 1.0, 1.0, 0.0, 0.0, 0.0, 0.0, 1.0, 1.0, 1.0, 1.0, 0.935, 0.935, 0.935, 0.935, 1.0, 1.0, 1.0, 1.0, 0.0, 1.0, 0.0, 0.0, 0.0, 1.0, 1.0, 1.0, 1.0, 1.0, 1.0, 1.0, 1.0, 1.0, 1.0, 1.0, 0.0935, 0.0935, 0.0935, 0.0935, 1.0, 1.0, 1.0, 1.0, 1.0, 1.0, 1.0, 1.0, 1.0, 1.0, 1.0, 1.0, 1.0, 1.0, 1.0, 0.013000000000000001, 1.0, 1.0, 0.998, 1.0, 1.0, 0.002, 0.998, 0.002, 1.0, 1.0, 1.0, 1.0, 1.0, 1.0, 1.0, 0.0, 0.973, 1.0, 0.9530000000000001, 1.0, 0.8925000000000001, 0.9195, 0.17400000000000002, 0.201, 1.0, 1.0, 1.0, 1.0, 0.0, 0.0, 0.0, 0.0, 1.0, 1.0, 1.0, 0.24, 1.0, 1.0, 0.968, 1.0, 0.653, 0.653, 0.653, 1.0, 0.2535, 0.2535, 0.7035, 0.10300000000000001, 1.0, 1.0, 1.0, 1.0, 0.0, 1.0, 0.0, 0.0, 1.0, 1.0, 1.0, 0.012, 0.988, 0.988, 1.0, 1.0, 1.0, 0.0, 1.0, 1.0, 1.0, 0.0, 0.0, 1.0, 0.0, 0.0, 0.0, 1.0, 1.0, 0.0, 0.0, 0.0, 1.0, 1.0, 1.0, 1.0, 0.0, 0.0, 0.0, 0.0, 1.0, 1.0, 1.0, 1.0, 0.0, 0.0, 0.0, 0.0, 1.0, 1.0, 1.0, 1.0, 1.0, 1.0, 0.841, 1.0, 1.0, 1.0, 1.0, 1.0, 0.0, 0.0, 0.0, 0.0, 1.0, 1.0, 1.0, 1.0, 1.0, 1.0, 1.0, 0.0, 0.197, 0.0, 0.85, 0.653, 0.803, 0.0, 0.0, 0.0, 0.8525, 0.847, 0.9935, 0.847, 0.28300000000000003, 0.4305, 0.426, 0.426, 1.0, 1.0, 1.0, 1.0, 1.0, 1.0, 1.0, 0.0, 0.798, 1.0, 0.7995, 0.7995, 0.0275, 0.029, 0.2265, 0.1975, 1.0, 1.0, 1.0, 1.0, 0.0, 0.0, 0.0, 0.0, 0.862, 0.854, 0.8595, 0.8955000000000001, 0.045, 0.0005, 0.8695, 0.8505, 1.0, 1.0, 1.0, 0.022, 1.0, 1.0, 1.0, 0.978, 0.28400000000000003, 0.0145, 0.1885, 0.0275, 0.2755, 0.0, 0.0015, 0.013000000000000001, 0.0, 0.0, 0.0, 1.0, 1.0, 0.0, 0.0, 0.0, 1.0, 1.0, 1.0, 1.0, 0.0, 0.0, 0.0, 0.0, 1.0, 1.0, 1.0, 1.0, 1.0, 0.0, 1.0, 0.0, 1.0, 1.0, 1.0, 1.0, 1.0, 1.0, 1.0, 0.0, 1.0, 1.0, 1.0, 0.728, 0.8265, 0.5545, 0.5545, 0.8265, 1.0, 1.0, 1.0, 1.0, 1.0, 1.0, 1.0, 1.0, 1.0, 1.0, 1.0, 0.8715, 0.9365, 0.8695, 0.8695, 0.9365, 0.229, 0.229, 0.229, 0.229, 0.801, 0.03, 0.03, 0.801, 0.0, 0.0, 0.0, 1.0, 1.0, 0.0, 0.0, 0.0, 0.108, 0.114, 0.2315, 0.108, 0.114, 0.07050000000000001, 0.0495, 0.006, 1.0, 1.0, 1.0, 1.0, 0.0, 0.0, 0.0, 0.0, 0.8955000000000001, 0.895, 0.0115, 0.0, 0.883, 0.0, 0.0, 0.0, 1.0, 1.0, 1.0, 1.0, 0.0, 0.0, 0.0, 0.0, 0.902, 0.902, 0.902, 0.678, 0.88, 0.88, 0.902, 0.807, 1.0, 1.0, 1.0, 1.0, 0.0, 0.0, 0.0, 0.0, 1.0, 1.0, 1.0, 1.0, 1.0, 1.0, 1.0, 0.0, 1.0, 1.0, 1.0, 1.0, 0.0, 0.0, 0.0, 0.0, 1.0, 1.0, 1.0, 1.0, 0.008, 0.008, 0.008, 0.008, 1.0, 1.0, 1.0, 1.0, 1.0, 1.0, 1.0, 0.0, 1.0, 1.0, 1.0, 1.0, 1.0, 1.0, 0.6980000000000001, 1.0, 1.0, 1.0, 1.0, 1.0, 0.0, 0.0, 0.0, 0.0, 1.0, 1.0, 1.0, 1.0, 1.0, 1.0, 1.0, 0.0, 0.9530000000000001, 0.9530000000000001, 0.9530000000000001, 1.0, 1.0, 1.0, 0.641, 0.9530000000000001, 1.0, 1.0, 1.0, 1.0, 0.0, 0.0, 0.0, 0.0, 1.0, 1.0, 1.0, 1.0, 1.0, 1.0, 1.0, 1.0, 1.0, 1.0, 1.0, 1.0, 0.0, 0.0, 0.0, 0.0, 1.0, 1.0, 1.0, 1.0, 1.0, 1.0, 1.0, 1.0, 1.0, 1.0, 1.0, 1.0, 0.021500000000000002, 0.021500000000000002, 0.021500000000000002, 0.021500000000000002, 0.021500000000000002, 0.003, 0.02, 0.0095, 0.0095, 0.964, 0.9555, 0.0095, 1.0, 1.0, 1.0, 1.0, 1.0, 1.0, 1.0, 1.0, 1.0, 1.0, 1.0, 1.0, 0.0, 0.0, 0.0, 0.0, 1.0, 1.0, 1.0, 1.0, 0.0, 0.0, 1.0, 1.0, 1.0, 0.873, 0.198, 0.198, 1.0, 1.0, 0.6905, 1.0, 1.0, 1.0, 1.0, 1.0, 1.0, 1.0, 1.0, 0.0, 1.0, 0.999, 0.999, 1.0, 0.0025, 0.0025, 0.0025, 0.0025, 1.0, 1.0, 1.0, 1.0, 1.0, 0.686, 0.314, 0.0, 1.0, 1.0, 1.0, 1.0, 0.524, 0.524, 1.0, 0.47600000000000003, 1.0, 1.0, 1.0, 1.0, 0.008, 0.008, 0.008, 0.008, 0.9935, 0.9935, 0.9775, 0.9935, 0.9935, 0.0225, 0.988, 0.017, 1.0, 1.0, 1.0, 1.0, 0.0725, 0.0725, 0.0725, 0.0725, 0.041, 1.0, 1.0, 0.9590000000000001, 0.041, 0.9590000000000001, 1.0, 0.0, 0.7435, 0.9835, 0.7425, 0.986, 0.7435, 0.7435, 0.256, 0.987, 1.0, 0.005, 1.0, 1.0, 1.0, 0.005, 0.005, 1.0, 1.0, 1.0, 1.0, 1.0, 1.0, 1.0, 1.0, 0.0, 1.0, 1.0, 1.0, 1.0, 0.0, 0.0, 0.0, 0.0, 1.0, 1.0, 1.0, 1.0, 0.0, 0.0, 0.0, 0.0, 0.9705, 0.9705, 0.9145, 1.0, 0.8015, 0.8015, 0.9705, 0.7865, 1.0, 1.0, 1.0, 1.0, 0.0, 0.0, 0.0, 0.0, 1.0, 1.0, 1.0, 1.0, 0.0, 0.0, 0.0, 0.0, 1.0, 1.0, 1.0, 1.0, 0.0, 0.0, 0.0, 0.0, 1.0, 1.0, 1.0, 1.0, 1.0, 1.0, 1.0, 1.0]",-418.5875071169283,843.720363894191,-482.430437669722,964.860875339444,0.01,0.0,2.0794415416798357,1.0,-9.518280500437347,22.21461483122264,0.6334250289943713,"[1.0, 1.0, 1.0, 1.0, 1.0, 0.0, 1.0, 0.0, 1.0, 1.0, 1.0, 1.0, 1.0, 1.0, 1.0, 0.0, 0.0, 0.0, 0.0, 0.0, 0.0, 0.0, 0.0, 0.0, 1.0, 1.0, 1.0, 0.0, 0.0, 0.0, 1.0, 0.0, 0.0, 0.0, 1.0, 1.0, 0.0, 1.0, 1.0, 1.0, 1.0, 1.0, 1.0, 1.0, 0.0, 0.0, 1.0, 1.0, 1.0, 1.0, 1.0, 1.0, 0.0, 0.0, 0.0, 0.0, 1.0, 1.0, 1.0, 1.0, 0.0, 0.0, 0.0, 0.0, 0.0, 0.0, 0.0, 0.0, 0.0, 1.0, 1.0, 0.0, 1.0, 1.0, 1.0, 1.0, 0.0, 0.0, 0.0, 0.0, 1.0, 1.0, 1.0, 1.0, 0.0, 0.0, 0.0, 0.0, 1.0, 1.0, 1.0, 1.0, 1.0, 1.0, 0.0, 1.0, 1.0, 1.0, 1.0, 1.0, 1.0, 1.0, 1.0, 0.0, 1.0, 1.0, 1.0, 1.0, 1.0, 0.0, 1.0, 0.0, 0.0, 1.0, 0.0, 0.0, 1.0, 1.0, 1.0, 0.0, 1.0, 1.0, 0.0, 1.0, 1.0, 0.0, 0.0, 0.0, 1.0, 1.0, 1.0, 0.0, 1.0, 1.0, 1.0, 1.0, 1.0, 1.0, 1.0, 1.0, 0.0, 0.0, 0.0, 0.0, 1.0, 1.0, 1.0, 0.0, 0.0, 0.0, 1.0, 0.0, 0.0, 0.0, 1.0, 0.0, 0.0, 0.0, 0.0, 0.0, 1.0, 1.0, 1.0, 0.0, 0.0, 0.0, 1.0, 0.0, 0.0, 0.0, 0.0, 1.0, 0.0, 0.0, 0.0, 0.0, 0.0, 0.0, 0.0, 1.0, 0.0, 0.0, 0.0, 0.0, 1.0, 1.0, 1.0, 1.0, 0.0, 0.0, 0.0, 0.0, 1.0, 1.0, 1.0, 0.0, 0.0, 0.0, 1.0, 0.0, 1.0, 1.0, 1.0, 1.0, 0.0, 0.0, 0.0, 0.0, 1.0, 1.0, 1.0, 1.0, 0.0, 0.0, 0.0, 0.0, 1.0, 1.0, 1.0, 1.0, 1.0, 1.0, 1.0, 0.0, 0.0, 0.0, 0.0, 0.0, 1.0, 0.0, 0.0, 0.0, 1.0, 1.0, 1.0, 1.0, 1.0, 1.0, 1.0, 1.0, 1.0, 1.0, 1.0, 1.0, 1.0, 1.0, 1.0, 0.0, 0.0, 0.0, 0.0, 0.0, 0.0, 0.0, 0.0, 0.0, 0.0, 1.0, 0.0, 1.0, 0.0, 1.0, 0.0, 1.0, 0.0, 0.0, 0.0, 1.0, 0.0, 0.0, 0.0, 0.0, 1.0, 1.0, 1.0, 0.0, 0.0, 0.0, 1.0, 0.0, 1.0, 1.0, 1.0, 1.0, 1.0, 0.0, 1.0, 0.0, 0.0, 1.0, 1.0, 1.0, 0.0, 0.0, 0.0, 0.0, 1.0, 1.0, 1.0, 0.0, 1.0, 1.0, 1.0, 1.0, 0.0, 1.0, 1.0, 1.0, 0.0, 0.0, 0.0, 0.0, 1.0, 1.0, 1.0, 1.0, 1.0, 1.0, 1.0, 0.0, 1.0, 1.0, 1.0, 1.0, 0.0, 0.0, 0.0, 0.0, 1.0, 1.0, 1.0, 1.0, 0.0, 0.0, 0.0, 0.0, 0.0, 1.0, 0.0, 0.0, 0.0, 0.0, 0.0, 0.0, 1.0, 1.0, 1.0, 1.0, 1.0, 0.0, 1.0, 1.0, 0.0, 0.0, 0.0, 0.0, 0.0, 1.0, 1.0, 0.0, 1.0, 1.0, 1.0, 1.0, 1.0, 0.0, 1.0, 0.0, 1.0, 1.0, 1.0, 1.0, 1.0, 0.0, 1.0, 1.0, 0.0, 0.0, 0.0, 0.0, 0.0, 1.0, 1.0, 0.0, 1.0, 0.0, 0.0, 1.0, 0.0, 0.0, 0.0, 0.0, 1.0, 1.0, 1.0, 0.0, 0.0, 0.0, 1.0, 0.0, 1.0, 1.0, 1.0, 0.0, 0.0, 0.0, 0.0, 0.0, 1.0, 1.0, 1.0, 1.0, 1.0, 1.0, 1.0, 0.0, 0.0, 0.0, 0.0, 0.0, 0.0, 0.0, 0.0, 0.0, 1.0, 0.0, 1.0, 0.0, 0.0, 0.0, 0.0, 0.0, 1.0, 1.0, 1.0, 1.0, 1.0, 1.0, 1.0, 0.0, 1.0, 1.0, 1.0, 1.0, 1.0, 1.0, 0.0, 1.0, 1.0, 1.0, 1.0, 1.0, 0.0, 0.0, 0.0, 0.0, 1.0, 1.0, 1.0, 1.0, 1.0, 1.0, 1.0, 0.0, 0.0, 1.0, 1.0, 1.0, 0.0, 0.0, 0.0, 0.0, 1.0, 1.0, 1.0, 1.0, 0.0, 0.0, 0.0, 0.0, 1.0, 0.0, 1.0, 0.0, 0.0, 0.0, 0.0, 0.0, 1.0, 1.0, 1.0, 1.0, 1.0, 0.0, 1.0, 0.0, 1.0, 1.0, 1.0, 0.0, 1.0, 1.0, 0.0, 1.0, 1.0, 1.0, 1.0, 1.0, 0.0, 0.0, 0.0, 0.0, 0.0, 0.0, 0.0, 0.0, 0.0, 1.0, 0.0, 0.0, 1.0, 1.0, 1.0, 1.0, 0.0, 0.0, 0.0, 0.0, 0.0, 0.0, 0.0, 0.0, 0.0, 0.0, 0.0, 0.0, 1.0, 0.0, 1.0, 0.0, 0.0, 0.0, 0.0, 0.0, 1.0, 1.0, 0.0, 0.0, 1.0, 1.0, 1.0, 1.0, 1.0, 1.0, 1.0, 1.0, 1.0, 1.0, 1.0, 1.0, 1.0, 1.0, 1.0, 1.0, 1.0, 0.0, 1.0, 1.0, 0.0, 1.0, 0.0, 1.0, 0.0, 1.0, 0.0, 0.0, 1.0, 1.0, 1.0, 1.0, 0.0, 0.0, 1.0, 0.0, 1.0, 1.0, 1.0, 1.0, 0.0, 0.0, 0.0, 0.0, 0.0, 0.0, 0.0, 1.0, 0.0, 0.0, 0.0, 0.0, 1.0, 1.0, 1.0, 1.0, 0.0, 0.0, 0.0, 0.0, 0.0, 1.0, 1.0, 1.0, 0.0, 1.0, 1.0, 0.0, 1.0, 1.0, 1.0, 1.0, 0.0, 0.0, 0.0, 0.0, 1.0, 0.0, 1.0, 1.0, 1.0, 0.0, 0.0, 1.0, 1.0, 1.0, 1.0, 1.0, 1.0, 1.0, 1.0, 0.0, 0.0, 1.0, 1.0, 1.0, 1.0, 1.0, 0.0, 0.0, 1.0, 1.0, 1.0, 1.0, 0.0, 0.0, 0.0, 0.0, 1.0, 1.0, 1.0, 0.0, 0.0, 0.0, 1.0, 0.0, 1.0, 1.0, 1.0, 1.0, 0.0, 0.0, 0.0, 0.0, 0.0, 0.0, 0.0, 0.0, 0.0, 0.0, 0.0, 0.0, 0.0, 1.0, 0.0, 1.0, 0.0, 1.0, 1.0, 0.0, 1.0, 1.0, 1.0, 1.0, 1.0, 0.0, 0.0, 1.0]",-318.3726801373107,643.2907099349558,0.01,0.0,-5.545177444479562,2.0794415416798357,11.090354888959125,1.0,-12.51828050043735,-16.635532333438686,28.214614831222644,33.27106466687737,0.6173530694834558,"[1.0, 1.0, 1.0, 1.0, 1.0, 0.0, 1.0, 0.0, 1.0, 1.0, 1.0, 1.0, 1.0, 1.0, 1.0, 0.0, 0.0, 0.0, 0.0, 0.0, 0.0, 0.0, 0.0, 0.0, 1.0, 1.0, 1.0, 0.0, 0.0, 0.0, 1.0, 0.0, 0.0, 0.0, 1.0, 1.0, 0.0, 1.0, 1.0, 1.0, 0.0, 0.0, 0.0, 0.0, 0.0, 0.0, 0.0, 0.0, 1.0, 1.0, 1.0, 1.0, 0.0, 0.0, 0.0, 0.0, 1.0, 1.0, 1.0, 1.0, 0.0, 0.0, 0.0, 0.0, 0.0, 0.0, 0.0, 0.0, 0.0, 1.0, 1.0, 0.0, 0.0, 0.0, 0.0, 1.0, 0.0, 0.0, 0.0, 0.0, 1.0, 1.0, 1.0, 1.0, 0.0, 0.0, 0.0, 0.0, 0.0, 0.0, 0.0, 0.0, 1.0, 1.0, 0.0, 1.0, 1.0, 1.0, 1.0, 1.0, 1.0, 1.0, 1.0, 0.0, 1.0, 1.0, 1.0, 1.0, 1.0, 0.0, 1.0, 0.0, 0.0, 1.0, 0.0, 0.0, 1.0, 1.0, 1.0, 0.0, 1.0, 1.0, 0.0, 1.0, 1.0, 0.0, 0.0, 0.0, 1.0, 1.0, 1.0, 0.0, 1.0, 1.0, 1.0, 1.0, 1.0, 1.0, 1.0, 1.0, 0.0, 0.0, 0.0, 0.0, 1.0, 1.0, 1.0, 0.0, 0.0, 0.0, 1.0, 0.0, 0.0, 0.0, 1.0, 0.0, 0.0, 0.0, 0.0, 0.0, 1.0, 1.0, 1.0, 0.0, 0.0, 0.0, 1.0, 0.0, 0.0, 0.0, 0.0, 1.0, 0.0, 0.0, 0.0, 0.0, 0.0, 0.0, 0.0, 1.0, 0.0, 0.0, 0.0, 0.0, 1.0, 1.0, 1.0, 1.0, 0.0, 0.0, 0.0, 0.0, 1.0, 1.0, 1.0, 0.0, 0.0, 0.0, 1.0, 0.0, 1.0, 1.0, 1.0, 1.0, 0.0, 0.0, 0.0, 0.0, 1.0, 1.0, 1.0, 1.0, 0.0, 0.0, 0.0, 0.0, 1.0, 1.0, 1.0, 1.0, 1.0, 1.0, 1.0, 0.0, 0.0, 0.0, 0.0, 0.0, 1.0, 0.0, 0.0, 0.0, 1.0, 1.0, 1.0, 1.0, 1.0, 1.0, 1.0, 1.0, 1.0, 1.0, 1.0, 1.0, 1.0, 1.0, 1.0, 0.0, 0.0, 0.0, 0.0, 0.0, 0.0, 0.0, 0.0, 0.0, 0.0, 1.0, 0.0, 1.0, 0.0, 1.0, 0.0, 1.0, 0.0, 0.0, 0.0, 1.0, 0.0, 0.0, 0.0, 0.0, 1.0, 1.0, 1.0, 0.0, 0.0, 0.0, 1.0, 0.0, 1.0, 1.0, 1.0, 1.0, 1.0, 0.0, 1.0, 0.0, 0.0, 1.0, 1.0, 1.0, 0.0, 0.0, 0.0, 0.0, 1.0, 1.0, 1.0, 0.0, 1.0, 1.0, 1.0, 1.0, 0.0, 1.0, 1.0, 1.0, 0.0, 0.0, 0.0, 0.0, 1.0, 1.0, 1.0, 1.0, 1.0, 1.0, 1.0, 0.0, 1.0, 1.0, 1.0, 1.0, 0.0, 0.0, 0.0, 0.0, 1.0, 1.0, 1.0, 1.0, 0.0, 0.0, 0.0, 0.0, 0.0, 1.0, 0.0, 0.0, 0.0, 0.0, 0.0, 0.0, 0.0, 0.0, 0.0, 0.0, 0.0, 0.0, 0.0, 0.0, 1.0, 0.0, 1.0, 1.0, 1.0, 0.0, 0.0, 1.0, 1.0, 1.0, 1.0, 1.0, 1.0, 0.0, 1.0, 0.0, 1.0, 1.0, 1.0, 1.0, 1.0, 0.0, 1.0, 1.0, 0.0, 0.0, 0.0, 0.0, 0.0, 1.0, 1.0, 0.0, 1.0, 0.0, 0.0, 1.0, 0.0, 0.0, 0.0, 0.0, 1.0, 1.0, 1.0, 0.0, 0.0, 0.0, 1.0, 0.0, 1.0, 1.0, 1.0, 0.0, 0.0, 0.0, 0.0, 0.0, 1.0, 1.0, 1.0, 1.0, 1.0, 1.0, 1.0, 0.0, 0.0, 0.0, 0.0, 0.0, 0.0, 0.0, 0.0, 0.0, 1.0, 0.0, 1.0, 0.0, 0.0, 0.0, 0.0, 0.0, 1.0, 1.0, 1.0, 1.0, 1.0, 1.0, 1.0, 0.0, 1.0, 1.0, 1.0, 1.0, 1.0, 1.0, 0.0, 1.0, 1.0, 1.0, 1.0, 1.0, 0.0, 0.0, 0.0, 0.0, 1.0, 1.0, 1.0, 1.0, 1.0, 1.0, 1.0, 0.0, 0.0, 1.0, 1.0, 1.0, 0.0, 0.0, 0.0, 0.0, 1.0, 1.0, 1.0, 1.0, 0.0, 0.0, 0.0, 0.0, 1.0, 0.0, 1.0, 0.0, 0.0, 0.0, 0.0, 0.0, 1.0, 1.0, 1.0, 1.0, 1.0, 0.0, 1.0, 0.0, 1.0, 1.0, 1.0, 0.0, 1.0, 1.0, 0.0, 1.0, 1.0, 1.0, 1.0, 1.0, 0.0, 0.0, 0.0, 0.0, 0.0, 0.0, 0.0, 0.0, 0.0, 1.0, 0.0, 0.0, 1.0, 1.0, 1.0, 1.0, 0.0, 0.0, 0.0, 0.0, 0.0, 0.0, 0.0, 0.0, 0.0, 0.0, 0.0, 0.0, 1.0, 0.0, 1.0, 0.0, 0.0, 0.0, 0.0, 0.0, 1.0, 1.0, 0.0, 0.0, 1.0, 1.0, 1.0, 1.0, 1.0, 1.0, 1.0, 1.0, 1.0, 1.0, 1.0, 1.0, 1.0, 1.0, 1.0, 1.0, 1.0, 0.0, 1.0, 1.0, 0.0, 1.0, 0.0, 1.0, 0.0, 1.0, 0.0, 0.0, 1.0, 1.0, 1.0, 1.0, 0.0, 0.0, 1.0, 0.0, 1.0, 1.0, 1.0, 1.0, 0.0, 0.0, 0.0, 0.0, 0.0, 0.0, 0.0, 1.0, 0.0, 0.0, 0.0, 0.0, 1.0, 1.0, 1.0, 1.0, 0.0, 0.0, 0.0, 0.0, 0.0, 1.0, 1.0, 1.0, 0.0, 1.0, 1.0, 0.0, 1.0, 1.0, 1.0, 1.0, 0.0, 0.0, 0.0, 0.0, 1.0, 0.0, 1.0, 1.0, 1.0, 0.0, 0.0, 1.0, 1.0, 1.0, 1.0, 1.0, 1.0, 1.0, 1.0, 0.0, 0.0, 0.0, 1.0, 0.0, 0.0, 1.0, 0.0, 0.0, 1.0, 1.0, 1.0, 1.0, 0.0, 0.0, 0.0, 0.0, 1.0, 1.0, 1.0, 0.0, 0.0, 0.0, 1.0, 0.0, 1.0, 1.0, 1.0, 1.0, 0.0, 0.0, 0.0, 0.0, 0.0, 0.0, 0.0, 0.0, 0.0, 0.0, 0.0, 0.0, 0.0, 1.0, 0.0, 1.0, 0.0, 1.0, 1.0, 0.0, 1.0, 1.0, 1.0, 1.0, 1.0, 0.0, 0.0, 1.0]",-311.9759791000219,630.4973078603782,-482.430437669722,964.860875339444,0.01,0.0,-5.545177444479562,2.0794415416798357,11.090354888959125,0.9102392039532,-13.4960434708514,-16.635532333438686,30.170140772050747,33.27106466687737,1.0908740239314543,"[0.0, 0.0, 1.0, 0.0, 0.0, 0.0, 0.0, 0.0, 1.0, 1.0, 1.0, 1.0, 0.877, 0.877, 0.877, 0.0, 1.0, 0.259, 1.0, 1.0, 0.8015, 0.0, 0.259, 1.0, 1.0, 1.0, 1.0, 1.0, 1.0, 1.0, 1.0, 0.0, 0.0, 0.0, 1.0, 0.0, 0.0, 0.0, 1.0, 0.0, 0.0, 0.0, 1.0, 0.0, 0.0, 0.0, 1.0, 0.0, 0.0, 0.0, 0.0, 0.0775, 0.0, 0.0, 0.1635, 0.47100000000000003, 1.0, 1.0, 1.0, 1.0, 0.0, 0.0, 0.0, 0.0, 0.0, 0.0, 0.0, 0.0, 0.0, 0.0, 0.0, 0.0, 1.0, 1.0, 1.0, 1.0, 1.0, 1.0, 1.0, 0.0, 1.0, 1.0, 1.0, 1.0, 0.0, 0.0, 0.0, 0.0, 0.0, 0.0, 0.0, 0.0, 0.0, 0.113, 0.113, 0.0, 0.0, 0.0, 0.0, 1.0, 0.0, 0.0, 0.0, 0.0, 1.0, 1.0, 1.0, 1.0, 0.0, 0.0, 0.0, 0.0, 0.9995, 1.0, 1.0, 0.663, 1.0, 1.0, 1.0, 0.353, 1.0, 1.0, 1.0, 1.0, 0.082, 0.082, 0.0, 0.0, 0.973, 1.0, 0.7655000000000001, 0.605, 0.973, 1.0, 1.0, 0.368, 0.0, 0.0, 1.0, 0.0, 1.0, 0.0, 1.0, 0.0, 1.0, 1.0, 1.0, 1.0, 0.0, 0.0, 1.0, 0.0, 1.0, 1.0, 1.0, 1.0, 0.0, 0.9465, 0.0, 0.0, 0.666, 1.0, 0.666, 0.666, 0.0, 0.0, 0.7975, 0.0, 0.0, 0.9430000000000001, 0.0, 1.0, 1.0, 0.0, 0.0, 0.0, 0.0, 1.0, 0.0, 0.0, 0.0, 0.0, 0.0, 0.0, 1.0, 1.0, 1.0, 1.0, 0.0, 0.0, 0.0, 0.0, 1.0, 1.0, 1.0, 1.0, 1.0, 1.0, 1.0, 0.0005, 1.0, 1.0, 1.0, 1.0, 1.0, 1.0, 0.0, 1.0, 1.0, 1.0, 1.0, 1.0, 0.0, 0.0, 0.0, 0.0, 1.0, 1.0, 1.0, 1.0, 1.0, 1.0, 1.0, 0.0, 1.0, 0.0, 1.0, 0.0, 0.0, 0.0, 0.0, 0.0, 0.0, 1.0, 0.0, 1.0, 0.0, 1.0, 0.0, 1.0, 1.0, 1.0, 1.0, 1.0, 1.0, 1.0, 1.0, 0.0, 1.0, 0.0, 1.0, 1.0, 1.0, 0.0, 0.0, 1.0, 1.0, 1.0, 1.0, 1.0, 1.0, 1.0, 1.0, 1.0, 0.0, 0.9580000000000001, 0.0, 0.0, 0.0, 0.0, 0.0045000000000000005, 0.0, 0.0, 0.0, 0.0, 0.0, 0.0, 0.0, 0.0, 1.0, 0.0, 0.0, 0.0005, 0.0, 0.0, 0.0, 0.0, 0.0, 0.0, 1.0, 0.0, 0.0, 0.0, 0.0, 0.0, 0.0, 1.0, 1.0, 1.0, 0.001, 0.001, 0.001, 1.0, 0.0, 0.0, 0.0, 0.6225, 0.0, 0.0, 0.0, 0.0, 0.0, 1.0, 1.0, 1.0, 1.0, 0.0, 0.0, 0.0, 0.0, 0.0, 0.0, 0.0, 0.0, 0.0, 0.0, 0.0, 0.0, 1.0, 1.0, 1.0, 1.0, 1.0, 1.0, 1.0, 0.0, 0.0, 0.0, 0.0, 1.0, 0.0, 0.0, 1.0, 0.0, 1.0, 1.0, 1.0, 1.0, 0.0, 0.0, 0.0, 0.0, 0.0, 1.0, 0.0, 0.0, 1.0, 0.0, 0.0, 1.0, 1.0, 1.0, 1.0, 1.0, 0.0, 0.0, 0.0, 0.0, 1.0, 1.0, 1.0, 1.0, 1.0, 0.0, 1.0, 1.0, 0.0, 0.0005, 0.0, 0.0, 0.0, 0.38, 0.0, 0.0, 1.0, 1.0, 1.0, 1.0, 0.0, 0.0, 0.0, 0.0, 1.0, 1.0, 1.0, 0.999, 1.0, 1.0, 1.0, 0.0195, 1.0, 1.0, 1.0, 1.0, 0.0, 0.0, 0.0, 0.0, 0.0, 0.6285000000000001, 0.0, 0.328, 0.0, 0.0, 0.6285000000000001, 0.0, 0.0, 0.0, 0.0, 0.0, 0.0, 0.0, 0.0, 1.0, 1.0, 1.0, 1.0, 1.0, 0.0, 0.0, 0.0, 0.0, 1.0, 1.0, 1.0, 1.0, 1.0, 1.0, 1.0, 0.0, 1.0, 1.0, 1.0, 1.0, 1.0, 1.0, 0.0375, 1.0, 1.0, 1.0, 1.0, 1.0, 0.0, 0.0, 0.0, 0.0, 1.0, 1.0, 1.0, 1.0, 1.0, 1.0, 1.0, 0.0, 1.0, 1.0, 1.0, 1.0, 1.0, 1.0, 0.0, 1.0, 1.0, 1.0, 1.0, 1.0, 0.0, 0.0, 0.0, 0.0, 1.0, 1.0, 1.0, 1.0, 1.0, 1.0, 1.0, 1.0, 0.0, 0.0, 0.4395, 0.0, 0.0, 0.0, 0.001, 1.0, 0.0, 0.0, 0.0, 0.0, 0.0, 0.0, 0.0, 0.0, 1.0, 1.0, 1.0, 0.0, 1.0, 0.0, 0.0, 1.0, 0.0, 0.0, 1.0, 1.0, 1.0, 0.0, 0.0, 0.0, 0.0, 0.0, 0.0, 0.0, 0.0, 0.0, 0.0, 0.0, 1.0, 1.0, 1.0, 1.0, 0.0, 0.0, 0.0, 0.0, 0.0, 0.0, 0.0, 0.0, 0.0, 1.0, 0.0, 0.0, 1.0, 1.0, 1.0, 1.0, 0.0, 0.4945, 0.0, 0.0, 1.0, 1.0, 1.0, 1.0, 0.0, 0.0, 1.0, 1.0, 1.0, 1.0, 1.0, 1.0, 0.0, 0.0, 0.0, 0.0, 1.0, 1.0, 1.0, 1.0, 1.0, 0.704, 0.296, 0.0, 1.0, 1.0, 1.0, 1.0, 0.0, 0.0, 1.0, 1.0, 1.0, 1.0, 1.0, 1.0, 0.0, 0.0, 0.0, 0.0, 0.006, 1.0, 0.006, 0.708, 0.298, 1.0, 0.298, 1.0, 1.0, 1.0, 1.0, 1.0, 0.0, 0.0, 0.0, 0.0, 1.0, 0.0, 1.0, 1.0, 1.0, 0.0, 0.0, 1.0, 0.0, 1.0, 1.0, 1.0, 0.0, 0.0, 0.0, 0.0, 1.0, 0.224, 1.0, 1.0, 0.776, 0.0, 0.224, 1.0, 1.0, 1.0, 1.0, 1.0, 0.0, 0.0, 0.0, 0.0, 1.0, 1.0, 0.0, 1.0, 1.0, 1.0, 0.0, 1.0, 1.0, 1.0, 1.0, 1.0, 0.0, 0.0, 0.0, 0.0, 1.0, 1.0, 1.0, 1.0, 1.0, 1.0, 1.0, 0.0, 1.0, 1.0, 1.0, 1.0, 0.0, 0.0, 0.0, 0.0, 0.0, 0.0, 0.0, 0.0, 0.0, 0.0, 0.0, 0.0, 1.0, 0.4865, 1.0, 1.0, 1.0, 0.0075, 0.4865, 1.0, 0.0225, 0.0, 0.0, 0.9775, 0.0, 0.0, 0.0, 0.0]",-419.18595103414617,844.9172517286268,-482.430437669722,964.860875339444,0.01,0.0,-5.545177444479562,2.0794415416798357,11.090354888959125,1.0,-9.518280500437347,-16.635532333438686,22.21461483122264,33.27106466687737,0.5787520451143159,"[1.0, 1.0, 1.0, 1.0, 1.0, 0.0, 1.0, 0.0, 1.0, 1.0, 1.0, 1.0, 1.0, 1.0, 1.0, 0.0, 0.0, 0.0, 0.0, 0.0, 0.0, 0.0, 0.0, 0.0, 1.0, 1.0, 1.0, 1.0, 0.0, 0.0, 1.0, 0.0, 0.0, 0.0, 0.0, 0.0, 0.0, 1.0, 0.0, 0.0, 0.0, 0.0, 0.0, 0.0, 0.0, 0.0, 0.0, 0.0, 1.0, 1.0, 1.0, 1.0, 0.0, 0.0, 0.0, 0.0, 1.0, 1.0, 1.0, 1.0, 0.0, 0.0, 0.0, 0.0, 0.0, 0.0, 0.0, 0.0, 0.0, 1.0, 1.0, 0.0, 1.0, 1.0, 1.0, 1.0, 0.0, 0.0, 0.0, 0.0, 1.0, 1.0, 1.0, 1.0, 0.0, 0.0, 0.0, 0.0, 0.0, 0.0, 0.0, 0.0, 0.0, 0.0, 0.0, 0.0, 1.0, 1.0, 1.0, 1.0, 1.0, 1.0, 1.0, 0.0, 1.0, 1.0, 1.0, 1.0, 1.0, 0.0, 1.0, 0.0, 0.0, 1.0, 0.0, 0.0, 1.0, 1.0, 1.0, 0.0, 1.0, 1.0, 0.0, 1.0, 1.0, 0.0, 0.0, 0.0, 1.0, 1.0, 1.0, 0.0, 1.0, 1.0, 1.0, 1.0, 1.0, 1.0, 1.0, 1.0, 0.0, 0.0, 0.0, 0.0, 1.0, 1.0, 1.0, 0.0, 0.0, 0.0, 1.0, 0.0, 0.0, 0.0, 1.0, 0.0, 0.0, 0.0, 0.0, 0.0, 1.0, 1.0, 1.0, 0.0, 0.0, 0.0, 1.0, 0.0, 0.0, 0.0, 0.0, 1.0, 0.0, 0.0, 0.0, 0.0, 0.0, 0.0, 0.0, 1.0, 0.0, 0.0, 0.0, 0.0, 1.0, 1.0, 1.0, 1.0, 0.0, 0.0, 0.0, 0.0, 1.0, 1.0, 1.0, 0.0, 0.0, 0.0, 1.0, 0.0, 1.0, 1.0, 1.0, 1.0, 0.0, 0.0, 0.0, 0.0, 1.0, 1.0, 1.0, 1.0, 0.0, 0.0, 0.0, 0.0, 1.0, 1.0, 1.0, 1.0, 1.0, 1.0, 1.0, 0.0, 0.0, 0.0, 0.0, 0.0, 1.0, 0.0, 0.0, 0.0, 1.0, 1.0, 1.0, 1.0, 1.0, 1.0, 1.0, 1.0, 1.0, 1.0, 1.0, 1.0, 1.0, 1.0, 1.0, 0.0, 0.0, 0.0, 0.0, 0.0, 0.0, 0.0, 0.0, 0.0, 0.0, 1.0, 0.0, 1.0, 0.0, 1.0, 0.0, 1.0, 0.0, 0.0, 0.0, 1.0, 0.0, 0.0, 0.0, 0.0, 1.0, 1.0, 1.0, 0.0, 0.0, 0.0, 1.0, 0.0, 0.0, 0.0, 1.0, 0.0, 0.0, 0.0, 0.0, 0.0, 0.0, 1.0, 1.0, 1.0, 0.0, 0.0, 0.0, 0.0, 1.0, 1.0, 1.0, 0.0, 1.0, 1.0, 1.0, 1.0, 0.0, 0.0, 1.0, 0.0, 0.0, 0.0, 0.0, 0.0, 1.0, 1.0, 1.0, 1.0, 1.0, 1.0, 1.0, 0.0, 1.0, 1.0, 1.0, 1.0, 0.0, 0.0, 0.0, 0.0, 1.0, 1.0, 1.0, 1.0, 0.0, 0.0, 0.0, 0.0, 0.0, 1.0, 0.0, 0.0, 0.0, 0.0, 0.0, 0.0, 0.0, 0.0, 0.0, 0.0, 0.0, 0.0, 0.0, 0.0, 0.0, 0.0, 0.0, 0.0, 0.0, 0.0, 0.0, 0.0, 1.0, 1.0, 0.0, 1.0, 1.0, 0.0, 1.0, 0.0, 1.0, 1.0, 1.0, 1.0, 1.0, 0.0, 1.0, 1.0, 0.0, 0.0, 0.0, 0.0, 0.0, 1.0, 1.0, 0.0, 1.0, 0.0, 0.0, 1.0, 0.0, 0.0, 0.0, 0.0, 1.0, 1.0, 1.0, 0.0, 0.0, 0.0, 1.0, 0.0, 1.0, 1.0, 1.0, 0.0, 0.0, 0.0, 0.0, 0.0, 1.0, 1.0, 1.0, 1.0, 1.0, 1.0, 1.0, 0.0, 0.0, 0.0, 0.0, 0.0, 0.0, 0.0, 0.0, 0.0, 1.0, 0.0, 1.0, 0.0, 0.0, 0.0, 0.0, 0.0, 1.0, 1.0, 1.0, 1.0, 1.0, 1.0, 1.0, 0.0, 1.0, 1.0, 1.0, 1.0, 1.0, 1.0, 0.0, 1.0, 1.0, 1.0, 1.0, 1.0, 0.0, 0.0, 0.0, 0.0, 1.0, 1.0, 1.0, 1.0, 1.0, 1.0, 1.0, 0.0, 0.0, 1.0, 1.0, 1.0, 0.0, 0.0, 0.0, 0.0, 1.0, 1.0, 1.0, 1.0, 0.0, 0.0, 0.0, 0.0, 1.0, 0.0, 1.0, 0.0, 0.0, 0.0, 0.0, 0.0, 1.0, 1.0, 1.0, 1.0, 1.0, 0.0, 1.0, 0.0, 1.0, 1.0, 1.0, 0.0, 1.0, 1.0, 0.0, 1.0, 1.0, 1.0, 1.0, 1.0, 0.0, 0.0, 0.0, 0.0, 0.0, 0.0, 0.0, 0.0, 0.0, 0.0, 0.0, 0.0, 1.0, 1.0, 1.0, 1.0, 0.0, 0.0, 0.0, 0.0, 0.0, 0.0, 0.0, 0.0, 0.0, 0.0, 0.0, 0.0, 0.0, 0.0, 0.0, 0.0, 0.0, 0.0, 0.0, 0.0, 1.0, 1.0, 0.0, 0.0, 1.0, 1.0, 1.0, 1.0, 1.0, 1.0, 1.0, 1.0, 1.0, 1.0, 1.0, 1.0, 1.0, 1.0, 1.0, 1.0, 1.0, 0.0, 1.0, 1.0, 0.0, 1.0, 0.0, 1.0, 0.0, 1.0, 0.0, 0.0, 1.0, 1.0, 1.0, 1.0, 0.0, 0.0, 1.0, 0.0, 1.0, 1.0, 1.0, 1.0, 0.0, 0.0, 0.0, 0.0, 0.0, 0.0, 0.0, 1.0, 0.0, 0.0, 0.0, 0.0, 1.0, 1.0, 1.0, 1.0, 0.0, 0.0, 0.0, 0.0, 0.0, 1.0, 1.0, 1.0, 0.0, 1.0, 1.0, 0.0, 1.0, 1.0, 1.0, 1.0, 0.0, 0.0, 0.0, 0.0, 1.0, 0.0, 1.0, 1.0, 1.0, 0.0, 0.0, 1.0, 1.0, 1.0, 1.0, 1.0, 1.0, 1.0, 1.0, 0.0, 0.0, 1.0, 1.0, 1.0, 1.0, 1.0, 0.0, 0.0, 1.0, 1.0, 1.0, 1.0, 0.0, 0.0, 0.0, 0.0, 1.0, 1.0, 1.0, 0.0, 0.0, 0.0, 1.0, 0.0, 1.0, 1.0, 1.0, 1.0, 0.0, 0.0, 0.0, 0.0, 0.0, 0.0, 0.0, 0.0, 0.0, 0.0, 0.0, 0.0, 0.0, 0.0, 1.0, 1.0, 0.0, 0.0, 0.0, 0.0, 1.0, 1.0, 1.0, 1.0, 1.0, 0.0, 0.0, 1.0]",-295.2442605392121,597.0338707387587,-482.430437669722,964.860875339444,1.1270132162821977,-14.487294036019332,32.15264190238661,1.2846122460949685,-433.45128860920846,873.4479268787513,True,True,True,True,True,0.875,1.0,0.75,1.0,0.7083333333333334,1.0,0.8333333333333334,1.0,0.75,1.0,0.7083333333333334,1.0,"Z.exists(lambda x1: Z.equal(x1,'red','colour'),X)","Z.atleast(lambda x1: Z.equal(x1,'red','colour'),1,X)","Z.exists(lambda x1: Z.equal(x1,'red','colour'),X)","Z.atleast(lambda x1: Z.equal(x1,'red','colour'),1,X)",1.0,1.0,1.0,1.0,1.0,0.7083333333333334,0.6982758620689655,0.6867816091954023,0.6954022988505747,0.6925287356321839,5.241379310344827,2000,1999,1999,0,1771,0
82,97,185,AwdRcTd822,YrnNZfisZ2wBBI29AAAN,Iota,one is blue,"[True, True, True, False, False, False, True, False]","[True, True, True, False, False, False, True, False]",0.75,0.75,"There must be at least one blue, red and green of any size and in any position. ","[['x1'],['x1','x2'],['x1','x2','x3']]","Z.exists(lambda x1: Z.exists(lambda x2: Z.exists(lambda x3: Z.and_operator(Z.and_operator(Z.equal(x1,'red','colour'),Z.equal(x2,'blue','colour')),Z.equal(x3,'green','colour')),X),X),X)","There must be at least one of each color blue, red and green. They can be any size and in any postion. ","[{'ids': [0, 1, 2], 'colours': ['blue', 'green', 'red'], 'sizes': [2, 1, 3], 'xpos': [2.2833923467255732, 6.76926557046708, 3.3669703336145718], 'ypos': [4.127690184310035, 4.128333333333334, 3.717295476888299], 'rotations': [3.1399847803387497, 3.1415926535897927, 2.1765458583575734], 'orientations': ['upright', 'upright', 'strange'], 'contact': [[0, 2], [1], [2, 0]], 'grounded': ['yes', 'yes', 'yes'], 'follow_rule': True}, {'ids': [0, 1, 2], 'colours': ['green', 'blue', 'red'], 'sizes': [1, 2, 3], 'xpos': [6.151073997890657, 2.871799512339707, 4.080826099518212], 'ypos': [4.124043186416846, 4.123439603000685, 4.124814459318393], 'rotations': [3.1395971934266114, 3.141326972396178, 3.143599504570276], 'orientations': ['upright', 'upright', 'upright'], 'contact': [[0], [1], [2]], 'grounded': ['yes', 'yes', 'yes'], 'follow_rule': True}, {'ids': [0, 1, 2], 'colours': ['red', 'green', 'blue'], 'sizes': [3, 1, 2], 'xpos': [3.7654040739705823, 4.199717491082193, 3.7396713138816855], 'ypos': [3.6549142013024203, 3.5034676621673917, 4.069965542510768], 'rotations': [5.037747763200867, 2.3486689921067967, 3.0044169704124326], 'orientations': ['rhs', 'strange', 'upright'], 'contact': [[0, 2, 1], [1, 0, 2], [2, 0, 1]], 'grounded': ['yes', 'no', 'yes'], 'follow_rule': True}, {'ids': [0, 1, 2], 'colours': ['blue', 'red', 'green'], 'sizes': [2, 1, 1], 'xpos': [1.8450846433966366, 0.3074926952608532, 0.5331374075702062], 'ypos': [4.124342258370319, 4.1255348806297345, 3.2296256808202366], 'rotations': [3.1438298287217905, 3.148686515229529, 2.315226136008347], 'orientations': ['upright', 'upright', 'strange'], 'contact': [[0], [1, 2], [2, 1]], 'grounded': ['yes', 'yes', 'no'], 'follow_rule': True}, {'ids': [0, 1, 2], 'colours': ['red', 'green', 'blue'], 'sizes': [1, 1, 1], 'xpos': [6.95953984090386, 4.370429084534484, 2.017335045995758], 'ypos': [4.124441983574524, 3.843256949378885, 4.124535806818627], 'rotations': [3.1449670010754134, 1.2099770451376193, 3.1443138861003095], 'orientations': ['upright', 'lhs', 'upright'], 'contact': [[0], [1], [2]], 'grounded': ['yes', 'yes', 'yes'], 'follow_rule': True}, {'ids': [0, 1, 2, 3, 4, 5], 'colours': ['blue', 'blue', 'green', 'green', 'red', 'red'], 'sizes': [3, 2, 2, 2, 2, 1], 'xpos': [4.843346803742842, 1.480528458755617, 5.377020098486942, 3.0240806765877553, 6.567829857984879, 4.315634854621095], 'ypos': [3.6547296515055008, 4.124940153817698, 3.8134997591863034, 3.7465372268936967, 3.750570290622118, 4.098245989616537], 'rotations': [5.0378797724167175, 3.140340489067194, 2.5731273001031583, 1.2326732412526449, 5.047396442091582, 3.0528073866543797], 'orientations': ['rhs', 'upright', 'strange', 'lhs', 'rhs', 'upright'], 'contact': [[0, 2], [1], [2, 0], [3], [4], [5]], 'grounded': ['yes', 'yes', 'no', 'yes', 'yes', 'yes'], 'follow_rule': False}, {'ids': [0, 1, 2, 3], 'colours': ['blue', 'red', 'green', 'red'], 'sizes': [3, 3, 2, 1], 'xpos': [5.040599179997253, 0.5834880117440061, 6.88688545631226, 1.312269283425427], 'ypos': [4.124846261075988, 4.1265267266472545, 4.124588775745209, 3.8469469296110574], 'rotations': [3.143037863437345, 3.1404814603694913, 3.1441394629283383, 5.066495622654885], 'orientations': ['upright', 'upright', 'upright', 'rhs'], 'contact': [[0], [1], [2], [3]], 'grounded': ['yes', 'yes', 'yes', 'yes'], 'follow_rule': True}, {'ids': [0, 1, 2], 'colours': ['red', 'red', 'red'], 'sizes': [3, 2, 1], 'xpos': [3.091737361690148, 1.531030553897304, 0.5992216410607312], 'ypos': [3.654563774437432, 3.7505378917038192, 3.8720095019188965], 'rotations': [1.245446976096316, 1.2356881727920574, 2.1329993770755933], 'orientations': ['lhs', 'lhs', 'strange'], 'contact': [[0], [1], [2]], 'grounded': ['yes', 'yes', 'yes'], 'follow_rule': False}, {'ids': [0, 1, 2, 3, 4], 'colours': ['red', 'green', 'red', 'blue', 'green'], 'sizes': [3, 1, 1, 2, 3], 'xpos': [5.12691938557365, 5.11503131679493, 4.23727953775697, 6.19519140108846, 3.42148978150856], 'ypos': [4.16166666682932, 3.21450769513128, 4.15833270210236, 3.780270212316, 4.15777826181353], 'rotations': [3.14159265356107, 3.17396503839037, 3.13596899439433, 5.0484168782327, 3.14163950292034], 'contact': [[0, 1], [1, 0], 2, 3, 4], 'grounded': ['yes', 'no', 'yes', 'yes', 'yes']}, {'ids': [0, 1, 2, 3], 'colours': ['green', 'green', 'red', 'blue'], 'sizes': [1, 3, 1, 2], 'xpos': [1.95640316882102, 3.82119006463636, 5.49466900932729, 4.94512429018313], 'ypos': [4.1575463669092, 3.68793264237984, 3.88075060909874, 3.82370041726639], 'rotations': [3.14042586215534, 5.03796059957422, 5.07099533912214, 4.13396592888911], 'contact': [0, 1, [2, 3], [3, 2]], 'grounded': ['yes', 'yes', 'yes', 'yes']}, {'ids': [0, 1, 2, 3, 4], 'colours': ['red', 'blue', 'red', 'green', 'green'], 'sizes': [3, 1, 2, 2, 1], 'xpos': [6.01871423256697, 2.01992789098242, 4.13597794449854, 0.774406281828649, 4.80555851531279], 'ypos': [3.68393205570556, 4.15898574652681, 4.15794140291817, 3.77979942907755, 3.98725786368743], 'rotations': [1.24414891831718, 3.14156263599238, 3.14292046357041, 5.04964608195148, 2.53998237313469], 'contact': [[0, 4], 1, 2, 3, [4, 0]], 'grounded': ['yes', 'yes', 'yes', 'yes', 'yes']}, {'ids': [0, 1], 'colours': ['blue', 'green'], 'sizes': [1, 2], 'xpos': [1.67047327443096, 4.46813203908946], 'ypos': [4.15694705663294, 4.15819949787589], 'rotations': [3.14214596161258, 3.14225319301416], 'contact': [{'V1': 0, 'V2': 1}], 'grounded': ['yes', 'yes']}, {'ids': [0, 1, 2, 3, 4], 'colours': ['blue', 'blue', 'red', 'blue', 'red'], 'sizes': [1, 1, 3, 2, 3], 'xpos': [2.9749447690173, 1.59038636414738, 1.89943344290003, 0.742265142690783, 5.82945571924824], 'ypos': [4.14706432996679, 4.15682792868204, 3.68436535365509, 3.87793736870491, 4.15825788448378], 'rotations': [3.19018443917557, 3.14127258207092, 4.38185242264156, 2.36758036264438, 3.14223131257379], 'contact': [[0, 2], 1, [2, 0], 3, 4], 'grounded': ['yes', 'yes', 'yes', 'yes', 'yes']}, {'ids': [0, 1, 2, 3, 4], 'colours': ['blue', 'blue', 'red', 'red', 'blue'], 'sizes': [1, 1, 2, 3, 2], 'xpos': [3.86710801315826, 0.780465760873674, 4.72248955423569, 3.06295468416754, 7.04671297081929], 'ypos': [4.1448491118357, 4.15796013032216, 4.15793209798963, 3.75002575259372, 4.15761808534214], 'rotations': [3.19364501547634, 3.14186836777695, 3.13970081999877, 4.09252896570911, 3.14406240189392], 'contact': [[0, 3], 1, 2, [3, 0], 4], 'grounded': ['yes', 'yes', 'yes', 'yes', 'yes']}, {'ids': [0, 1, 2, 3], 'colours': ['blue', 'green', 'blue', 'red'], 'sizes': [1, 2, 1, 3], 'xpos': [0.414928997162714, 1.7723984589512, 5.75738502777065, 6.08770777718876], 'ypos': [4.15743978227501, 4.15711897749998, 3.88075060909862, 3.89628768750355], 'rotations': [3.14447951863788, 3.14010156096646, 5.07099533912207, 3.69409526653564], 'contact': [0, 1, [2, 3], [3, 2]], 'grounded': ['yes', 'yes', 'yes', 'yes']}, {'ids': [0, 1, 2, 3, 4], 'colours': ['green', 'red', 'green', 'green', 'red'], 'sizes': [2, 2, 3, 3, 2], 'xpos': [1.30426887924571, 1.8868098606311, 6.83333126813548, 2.79429839111229, 3.83407517131883], 'ypos': [3.78000391300947, 4.15881602818333, 3.73307814239637, 4.15736329550291, 4.15804254736289], 'rotations': [1.23253748876037, 3.14240000646429, 4.1567939442383, 3.14166932108615, 3.1439673324419], 'contact': [0, [1, 3], 2, [3, 1], 4], 'grounded': ['yes', 'yes', 'yes', 'yes', 'yes']}]","[True, False, True, True, True, True, True, False]","[True, False, True, False, False, False, True, True]","[False, True, False, False, False, False, False, False]","[False, False, False, True, True, True, False, False]","[True, False, True, True, True, True, True, False]","[True, False, True, False, False, False, True, True]","[False, True, False, False, False, False, False, False]","[False, False, False, True, True, True, False, False]",0.25,0.25,0.0,0.0,0.5,0.5,0.375,0.375,0.375,0.375,0.0,0.0,0.5,0.5,3.0712275846704418,-5.474359006998222,-5.545177444479562,13.02815955567628,11.090354888959125,1.0,-8.268969044295238,-11.090354888959125,19.310526810830257,22.18070977791825,1.0502311195665048,"[1.0, 1.0, 1.0, 1.0, 1.0, 0.0, 1.0, 0.0, 1.0, 1.0, 1.0, 1.0, 1.0, 1.0, 1.0, 0.0135, 0.9530000000000001, 0.092, 0.5895, 0.5895, 1.0, 0.0, 0.0, 0.861, 1.0, 1.0, 1.0, 0.2925, 0.999, 0.999, 1.0, 0.7155, 0.0, 0.0, 1.0, 0.0, 0.0, 0.0, 1.0, 0.0, 0.0, 0.0, 1.0, 0.0, 0.0, 0.0, 1.0, 0.0, 1.0, 1.0, 1.0, 1.0, 0.0, 0.0, 0.0, 0.0, 1.0, 1.0, 1.0, 1.0, 0.935, 0.935, 0.935, 0.935, 1.0, 1.0, 1.0, 1.0, 0.0, 1.0, 0.0, 0.0, 0.0, 1.0, 1.0, 1.0, 1.0, 1.0, 1.0, 1.0, 1.0, 1.0, 1.0, 1.0, 0.0935, 0.0935, 0.0935, 0.0935, 1.0, 1.0, 1.0, 1.0, 1.0, 1.0, 1.0, 1.0, 1.0, 1.0, 1.0, 1.0, 1.0, 1.0, 1.0, 0.013000000000000001, 1.0, 1.0, 0.998, 1.0, 1.0, 0.002, 0.998, 0.002, 1.0, 1.0, 1.0, 1.0, 1.0, 1.0, 1.0, 0.0, 0.973, 1.0, 0.9530000000000001, 1.0, 0.8925000000000001, 0.9195, 0.17400000000000002, 0.201, 1.0, 1.0, 1.0, 1.0, 0.0, 0.0, 0.0, 0.0, 1.0, 1.0, 1.0, 0.24, 1.0, 1.0, 0.968, 1.0, 0.653, 0.653, 0.653, 1.0, 0.2535, 0.2535, 0.7035, 0.10300000000000001, 1.0, 1.0, 1.0, 1.0, 0.0, 1.0, 0.0, 0.0, 1.0, 1.0, 1.0, 0.012, 0.988, 0.988, 1.0, 1.0, 1.0, 0.0, 1.0, 1.0, 1.0, 0.0, 0.0, 1.0, 0.0, 0.0, 0.0, 1.0, 1.0, 0.0, 0.0, 0.0, 1.0, 1.0, 1.0, 1.0, 0.0, 0.0, 0.0, 0.0, 1.0, 1.0, 1.0, 1.0, 0.0, 0.0, 0.0, 0.0, 1.0, 1.0, 1.0, 1.0, 1.0, 1.0, 0.841, 1.0, 1.0, 1.0, 1.0, 1.0, 0.0, 0.0, 0.0, 0.0, 1.0, 1.0, 1.0, 1.0, 1.0, 1.0, 1.0, 0.0, 0.197, 0.0, 0.85, 0.653, 0.803, 0.0, 0.0, 0.0, 0.8525, 0.847, 0.9935, 0.847, 0.28300000000000003, 0.4305, 0.426, 0.426, 1.0, 1.0, 1.0, 1.0, 1.0, 1.0, 1.0, 0.0, 0.798, 1.0, 0.7995, 0.7995, 0.0275, 0.029, 0.2265, 0.1975, 1.0, 1.0, 1.0, 1.0, 0.0, 0.0, 0.0, 0.0, 0.862, 0.854, 0.8595, 0.8955000000000001, 0.045, 0.0005, 0.8695, 0.8505, 1.0, 1.0, 1.0, 0.022, 1.0, 1.0, 1.0, 0.978, 0.28400000000000003, 0.0145, 0.1885, 0.0275, 0.2755, 0.0, 0.0015, 0.013000000000000001, 0.0, 0.0, 0.0, 1.0, 1.0, 0.0, 0.0, 0.0, 1.0, 1.0, 1.0, 1.0, 0.0, 0.0, 0.0, 0.0, 1.0, 1.0, 1.0, 1.0, 1.0, 0.0, 1.0, 0.0, 1.0, 1.0, 1.0, 1.0, 1.0, 1.0, 1.0, 0.0, 1.0, 1.0, 1.0, 0.728, 0.8265, 0.5545, 0.5545, 0.8265, 1.0, 1.0, 1.0, 1.0, 1.0, 1.0, 1.0, 1.0, 1.0, 1.0, 1.0, 0.8715, 0.9365, 0.8695, 0.8695, 0.9365, 0.229, 0.229, 0.229, 0.229, 0.801, 0.03, 0.03, 0.801, 0.0, 0.0, 0.0, 1.0, 1.0, 0.0, 0.0, 0.0, 0.108, 0.114, 0.2315, 0.108, 0.114, 0.07050000000000001, 0.0495, 0.006, 1.0, 1.0, 1.0, 1.0, 0.0, 0.0, 0.0, 0.0, 0.8955000000000001, 0.895, 0.0115, 0.0, 0.883, 0.0, 0.0, 0.0, 1.0, 1.0, 1.0, 1.0, 0.0, 0.0, 0.0, 0.0, 0.902, 0.902, 0.902, 0.678, 0.88, 0.88, 0.902, 0.807, 1.0, 1.0, 1.0, 1.0, 0.0, 0.0, 0.0, 0.0, 1.0, 1.0, 1.0, 1.0, 1.0, 1.0, 1.0, 0.0, 1.0, 1.0, 1.0, 1.0, 0.0, 0.0, 0.0, 0.0, 1.0, 1.0, 1.0, 1.0, 0.008, 0.008, 0.008, 0.008, 1.0, 1.0, 1.0, 1.0, 1.0, 1.0, 1.0, 0.0, 1.0, 1.0, 1.0, 1.0, 1.0, 1.0, 0.6980000000000001, 1.0, 1.0, 1.0, 1.0, 1.0, 0.0, 0.0, 0.0, 0.0, 1.0, 1.0, 1.0, 1.0, 1.0, 1.0, 1.0, 0.0, 0.9530000000000001, 0.9530000000000001, 0.9530000000000001, 1.0, 1.0, 1.0, 0.641, 0.9530000000000001, 1.0, 1.0, 1.0, 1.0, 0.0, 0.0, 0.0, 0.0, 1.0, 1.0, 1.0, 1.0, 1.0, 1.0, 1.0, 1.0, 1.0, 1.0, 1.0, 1.0, 0.0, 0.0, 0.0, 0.0, 1.0, 1.0, 1.0, 1.0, 1.0, 1.0, 1.0, 1.0, 1.0, 1.0, 1.0, 1.0, 0.021500000000000002, 0.021500000000000002, 0.021500000000000002, 0.021500000000000002, 0.021500000000000002, 0.003, 0.02, 0.0095, 0.0095, 0.964, 0.9555, 0.0095, 1.0, 1.0, 1.0, 1.0, 1.0, 1.0, 1.0, 1.0, 1.0, 1.0, 1.0, 1.0, 0.0, 0.0, 0.0, 0.0, 1.0, 1.0, 1.0, 1.0, 0.0, 0.0, 1.0, 1.0, 1.0, 0.873, 0.198, 0.198, 1.0, 1.0, 0.6905, 1.0, 1.0, 1.0, 1.0, 1.0, 1.0, 1.0, 1.0, 0.0, 1.0, 0.999, 0.999, 1.0, 0.0025, 0.0025, 0.0025, 0.0025, 1.0, 1.0, 1.0, 1.0, 1.0, 0.686, 0.314, 0.0, 1.0, 1.0, 1.0, 1.0, 0.524, 0.524, 1.0, 0.47600000000000003, 1.0, 1.0, 1.0, 1.0, 0.008, 0.008, 0.008, 0.008, 0.9935, 0.9935, 0.9775, 0.9935, 0.9935, 0.0225, 0.988, 0.017, 1.0, 1.0, 1.0, 1.0, 0.0725, 0.0725, 0.0725, 0.0725, 0.041, 1.0, 1.0, 0.9590000000000001, 0.041, 0.9590000000000001, 1.0, 0.0, 0.7435, 0.9835, 0.7425, 0.986, 0.7435, 0.7435, 0.256, 0.987, 1.0, 0.005, 1.0, 1.0, 1.0, 0.005, 0.005, 1.0, 1.0, 1.0, 1.0, 1.0, 1.0, 1.0, 1.0, 0.0, 1.0, 1.0, 1.0, 1.0, 0.0, 0.0, 0.0, 0.0, 1.0, 1.0, 1.0, 1.0, 0.0, 0.0, 0.0, 0.0, 0.9705, 0.9705, 0.9145, 1.0, 0.8015, 0.8015, 0.9705, 0.7865, 1.0, 1.0, 1.0, 1.0, 0.0, 0.0, 0.0, 0.0, 1.0, 1.0, 1.0, 1.0, 0.0, 0.0, 0.0, 0.0, 1.0, 1.0, 1.0, 1.0, 0.0, 0.0, 0.0, 0.0, 1.0, 1.0, 1.0, 1.0, 1.0, 1.0, 1.0, 1.0]",-418.5875071169283,843.720363894191,-482.430437669722,964.860875339444,0.01,0.0,2.0794415416798357,0.01,0.0,2.772588722239781,0.6334250289943713,"[1.0, 1.0, 1.0, 1.0, 1.0, 0.0, 1.0, 0.0, 1.0, 1.0, 1.0, 1.0, 1.0, 1.0, 1.0, 0.0, 0.0, 0.0, 0.0, 0.0, 0.0, 0.0, 0.0, 0.0, 1.0, 1.0, 1.0, 0.0, 0.0, 0.0, 1.0, 0.0, 0.0, 0.0, 1.0, 1.0, 0.0, 1.0, 1.0, 1.0, 1.0, 1.0, 1.0, 1.0, 0.0, 0.0, 1.0, 1.0, 1.0, 1.0, 1.0, 1.0, 0.0, 0.0, 0.0, 0.0, 1.0, 1.0, 1.0, 1.0, 0.0, 0.0, 0.0, 0.0, 0.0, 0.0, 0.0, 0.0, 0.0, 1.0, 1.0, 0.0, 1.0, 1.0, 1.0, 1.0, 0.0, 0.0, 0.0, 0.0, 1.0, 1.0, 1.0, 1.0, 0.0, 0.0, 0.0, 0.0, 1.0, 1.0, 1.0, 1.0, 1.0, 1.0, 0.0, 1.0, 1.0, 1.0, 1.0, 1.0, 1.0, 1.0, 1.0, 0.0, 1.0, 1.0, 1.0, 1.0, 1.0, 0.0, 1.0, 0.0, 0.0, 1.0, 0.0, 0.0, 1.0, 1.0, 1.0, 0.0, 1.0, 1.0, 0.0, 1.0, 1.0, 0.0, 0.0, 0.0, 1.0, 1.0, 1.0, 0.0, 1.0, 1.0, 1.0, 1.0, 1.0, 1.0, 1.0, 1.0, 0.0, 0.0, 0.0, 0.0, 1.0, 1.0, 1.0, 0.0, 0.0, 0.0, 1.0, 0.0, 0.0, 0.0, 1.0, 0.0, 0.0, 0.0, 0.0, 0.0, 1.0, 1.0, 1.0, 0.0, 0.0, 0.0, 1.0, 0.0, 0.0, 0.0, 0.0, 1.0, 0.0, 0.0, 0.0, 0.0, 0.0, 0.0, 0.0, 1.0, 0.0, 0.0, 0.0, 0.0, 1.0, 1.0, 1.0, 1.0, 0.0, 0.0, 0.0, 0.0, 1.0, 1.0, 1.0, 0.0, 0.0, 0.0, 1.0, 0.0, 1.0, 1.0, 1.0, 1.0, 0.0, 0.0, 0.0, 0.0, 1.0, 1.0, 1.0, 1.0, 0.0, 0.0, 0.0, 0.0, 1.0, 1.0, 1.0, 1.0, 1.0, 1.0, 1.0, 0.0, 0.0, 0.0, 0.0, 0.0, 1.0, 0.0, 0.0, 0.0, 1.0, 1.0, 1.0, 1.0, 1.0, 1.0, 1.0, 1.0, 1.0, 1.0, 1.0, 1.0, 1.0, 1.0, 1.0, 0.0, 0.0, 0.0, 0.0, 0.0, 0.0, 0.0, 0.0, 0.0, 0.0, 1.0, 0.0, 1.0, 0.0, 1.0, 0.0, 1.0, 0.0, 0.0, 0.0, 1.0, 0.0, 0.0, 0.0, 0.0, 1.0, 1.0, 1.0, 0.0, 0.0, 0.0, 1.0, 0.0, 1.0, 1.0, 1.0, 1.0, 1.0, 0.0, 1.0, 0.0, 0.0, 1.0, 1.0, 1.0, 0.0, 0.0, 0.0, 0.0, 1.0, 1.0, 1.0, 0.0, 1.0, 1.0, 1.0, 1.0, 0.0, 1.0, 1.0, 1.0, 0.0, 0.0, 0.0, 0.0, 1.0, 1.0, 1.0, 1.0, 1.0, 1.0, 1.0, 0.0, 1.0, 1.0, 1.0, 1.0, 0.0, 0.0, 0.0, 0.0, 1.0, 1.0, 1.0, 1.0, 0.0, 0.0, 0.0, 0.0, 0.0, 1.0, 0.0, 0.0, 0.0, 0.0, 0.0, 0.0, 1.0, 1.0, 1.0, 1.0, 1.0, 0.0, 1.0, 1.0, 0.0, 0.0, 0.0, 0.0, 0.0, 1.0, 1.0, 0.0, 1.0, 1.0, 1.0, 1.0, 1.0, 0.0, 1.0, 0.0, 1.0, 1.0, 1.0, 1.0, 1.0, 0.0, 1.0, 1.0, 0.0, 0.0, 0.0, 0.0, 0.0, 1.0, 1.0, 0.0, 1.0, 0.0, 0.0, 1.0, 0.0, 0.0, 0.0, 0.0, 1.0, 1.0, 1.0, 0.0, 0.0, 0.0, 1.0, 0.0, 1.0, 1.0, 1.0, 0.0, 0.0, 0.0, 0.0, 0.0, 1.0, 1.0, 1.0, 1.0, 1.0, 1.0, 1.0, 0.0, 0.0, 0.0, 0.0, 0.0, 0.0, 0.0, 0.0, 0.0, 1.0, 0.0, 1.0, 0.0, 0.0, 0.0, 0.0, 0.0, 1.0, 1.0, 1.0, 1.0, 1.0, 1.0, 1.0, 0.0, 1.0, 1.0, 1.0, 1.0, 1.0, 1.0, 0.0, 1.0, 1.0, 1.0, 1.0, 1.0, 0.0, 0.0, 0.0, 0.0, 1.0, 1.0, 1.0, 1.0, 1.0, 1.0, 1.0, 0.0, 0.0, 1.0, 1.0, 1.0, 0.0, 0.0, 0.0, 0.0, 1.0, 1.0, 1.0, 1.0, 0.0, 0.0, 0.0, 0.0, 1.0, 0.0, 1.0, 0.0, 0.0, 0.0, 0.0, 0.0, 1.0, 1.0, 1.0, 1.0, 1.0, 0.0, 1.0, 0.0, 1.0, 1.0, 1.0, 0.0, 1.0, 1.0, 0.0, 1.0, 1.0, 1.0, 1.0, 1.0, 0.0, 0.0, 0.0, 0.0, 0.0, 0.0, 0.0, 0.0, 0.0, 1.0, 0.0, 0.0, 1.0, 1.0, 1.0, 1.0, 0.0, 0.0, 0.0, 0.0, 0.0, 0.0, 0.0, 0.0, 0.0, 0.0, 0.0, 0.0, 1.0, 0.0, 1.0, 0.0, 0.0, 0.0, 0.0, 0.0, 1.0, 1.0, 0.0, 0.0, 1.0, 1.0, 1.0, 1.0, 1.0, 1.0, 1.0, 1.0, 1.0, 1.0, 1.0, 1.0, 1.0, 1.0, 1.0, 1.0, 1.0, 0.0, 1.0, 1.0, 0.0, 1.0, 0.0, 1.0, 0.0, 1.0, 0.0, 0.0, 1.0, 1.0, 1.0, 1.0, 0.0, 0.0, 1.0, 0.0, 1.0, 1.0, 1.0, 1.0, 0.0, 0.0, 0.0, 0.0, 0.0, 0.0, 0.0, 1.0, 0.0, 0.0, 0.0, 0.0, 1.0, 1.0, 1.0, 1.0, 0.0, 0.0, 0.0, 0.0, 0.0, 1.0, 1.0, 1.0, 0.0, 1.0, 1.0, 0.0, 1.0, 1.0, 1.0, 1.0, 0.0, 0.0, 0.0, 0.0, 1.0, 0.0, 1.0, 1.0, 1.0, 0.0, 0.0, 1.0, 1.0, 1.0, 1.0, 1.0, 1.0, 1.0, 1.0, 0.0, 0.0, 1.0, 1.0, 1.0, 1.0, 1.0, 0.0, 0.0, 1.0, 1.0, 1.0, 1.0, 0.0, 0.0, 0.0, 0.0, 1.0, 1.0, 1.0, 0.0, 0.0, 0.0, 1.0, 0.0, 1.0, 1.0, 1.0, 1.0, 0.0, 0.0, 0.0, 0.0, 0.0, 0.0, 0.0, 0.0, 0.0, 0.0, 0.0, 0.0, 0.0, 1.0, 0.0, 1.0, 0.0, 1.0, 1.0, 0.0, 1.0, 1.0, 1.0, 1.0, 1.0, 0.0, 0.0, 1.0]",-318.3726801373107,643.2907099349558,0.01,0.0,-5.545177444479562,2.0794415416798357,11.090354888959125,0.01,0.0,-11.090354888959125,2.772588722239781,22.18070977791825,0.6173530694834558,"[1.0, 1.0, 1.0, 1.0, 1.0, 0.0, 1.0, 0.0, 1.0, 1.0, 1.0, 1.0, 1.0, 1.0, 1.0, 0.0, 0.0, 0.0, 0.0, 0.0, 0.0, 0.0, 0.0, 0.0, 1.0, 1.0, 1.0, 0.0, 0.0, 0.0, 1.0, 0.0, 0.0, 0.0, 1.0, 1.0, 0.0, 1.0, 1.0, 1.0, 0.0, 0.0, 0.0, 0.0, 0.0, 0.0, 0.0, 0.0, 1.0, 1.0, 1.0, 1.0, 0.0, 0.0, 0.0, 0.0, 1.0, 1.0, 1.0, 1.0, 0.0, 0.0, 0.0, 0.0, 0.0, 0.0, 0.0, 0.0, 0.0, 1.0, 1.0, 0.0, 0.0, 0.0, 0.0, 1.0, 0.0, 0.0, 0.0, 0.0, 1.0, 1.0, 1.0, 1.0, 0.0, 0.0, 0.0, 0.0, 0.0, 0.0, 0.0, 0.0, 1.0, 1.0, 0.0, 1.0, 1.0, 1.0, 1.0, 1.0, 1.0, 1.0, 1.0, 0.0, 1.0, 1.0, 1.0, 1.0, 1.0, 0.0, 1.0, 0.0, 0.0, 1.0, 0.0, 0.0, 1.0, 1.0, 1.0, 0.0, 1.0, 1.0, 0.0, 1.0, 1.0, 0.0, 0.0, 0.0, 1.0, 1.0, 1.0, 0.0, 1.0, 1.0, 1.0, 1.0, 1.0, 1.0, 1.0, 1.0, 0.0, 0.0, 0.0, 0.0, 1.0, 1.0, 1.0, 0.0, 0.0, 0.0, 1.0, 0.0, 0.0, 0.0, 1.0, 0.0, 0.0, 0.0, 0.0, 0.0, 1.0, 1.0, 1.0, 0.0, 0.0, 0.0, 1.0, 0.0, 0.0, 0.0, 0.0, 1.0, 0.0, 0.0, 0.0, 0.0, 0.0, 0.0, 0.0, 1.0, 0.0, 0.0, 0.0, 0.0, 1.0, 1.0, 1.0, 1.0, 0.0, 0.0, 0.0, 0.0, 1.0, 1.0, 1.0, 0.0, 0.0, 0.0, 1.0, 0.0, 1.0, 1.0, 1.0, 1.0, 0.0, 0.0, 0.0, 0.0, 1.0, 1.0, 1.0, 1.0, 0.0, 0.0, 0.0, 0.0, 1.0, 1.0, 1.0, 1.0, 1.0, 1.0, 1.0, 0.0, 0.0, 0.0, 0.0, 0.0, 1.0, 0.0, 0.0, 0.0, 1.0, 1.0, 1.0, 1.0, 1.0, 1.0, 1.0, 1.0, 1.0, 1.0, 1.0, 1.0, 1.0, 1.0, 1.0, 0.0, 0.0, 0.0, 0.0, 0.0, 0.0, 0.0, 0.0, 0.0, 0.0, 1.0, 0.0, 1.0, 0.0, 1.0, 0.0, 1.0, 0.0, 0.0, 0.0, 1.0, 0.0, 0.0, 0.0, 0.0, 1.0, 1.0, 1.0, 0.0, 0.0, 0.0, 1.0, 0.0, 1.0, 1.0, 1.0, 1.0, 1.0, 0.0, 1.0, 0.0, 0.0, 1.0, 1.0, 1.0, 0.0, 0.0, 0.0, 0.0, 1.0, 1.0, 1.0, 0.0, 1.0, 1.0, 1.0, 1.0, 0.0, 1.0, 1.0, 1.0, 0.0, 0.0, 0.0, 0.0, 1.0, 1.0, 1.0, 1.0, 1.0, 1.0, 1.0, 0.0, 1.0, 1.0, 1.0, 1.0, 0.0, 0.0, 0.0, 0.0, 1.0, 1.0, 1.0, 1.0, 0.0, 0.0, 0.0, 0.0, 0.0, 1.0, 0.0, 0.0, 0.0, 0.0, 0.0, 0.0, 0.0, 0.0, 0.0, 0.0, 0.0, 0.0, 0.0, 0.0, 1.0, 0.0, 1.0, 1.0, 1.0, 0.0, 0.0, 1.0, 1.0, 1.0, 1.0, 1.0, 1.0, 0.0, 1.0, 0.0, 1.0, 1.0, 1.0, 1.0, 1.0, 0.0, 1.0, 1.0, 0.0, 0.0, 0.0, 0.0, 0.0, 1.0, 1.0, 0.0, 1.0, 0.0, 0.0, 1.0, 0.0, 0.0, 0.0, 0.0, 1.0, 1.0, 1.0, 0.0, 0.0, 0.0, 1.0, 0.0, 1.0, 1.0, 1.0, 0.0, 0.0, 0.0, 0.0, 0.0, 1.0, 1.0, 1.0, 1.0, 1.0, 1.0, 1.0, 0.0, 0.0, 0.0, 0.0, 0.0, 0.0, 0.0, 0.0, 0.0, 1.0, 0.0, 1.0, 0.0, 0.0, 0.0, 0.0, 0.0, 1.0, 1.0, 1.0, 1.0, 1.0, 1.0, 1.0, 0.0, 1.0, 1.0, 1.0, 1.0, 1.0, 1.0, 0.0, 1.0, 1.0, 1.0, 1.0, 1.0, 0.0, 0.0, 0.0, 0.0, 1.0, 1.0, 1.0, 1.0, 1.0, 1.0, 1.0, 0.0, 0.0, 1.0, 1.0, 1.0, 0.0, 0.0, 0.0, 0.0, 1.0, 1.0, 1.0, 1.0, 0.0, 0.0, 0.0, 0.0, 1.0, 0.0, 1.0, 0.0, 0.0, 0.0, 0.0, 0.0, 1.0, 1.0, 1.0, 1.0, 1.0, 0.0, 1.0, 0.0, 1.0, 1.0, 1.0, 0.0, 1.0, 1.0, 0.0, 1.0, 1.0, 1.0, 1.0, 1.0, 0.0, 0.0, 0.0, 0.0, 0.0, 0.0, 0.0, 0.0, 0.0, 1.0, 0.0, 0.0, 1.0, 1.0, 1.0, 1.0, 0.0, 0.0, 0.0, 0.0, 0.0, 0.0, 0.0, 0.0, 0.0, 0.0, 0.0, 0.0, 1.0, 0.0, 1.0, 0.0, 0.0, 0.0, 0.0, 0.0, 1.0, 1.0, 0.0, 0.0, 1.0, 1.0, 1.0, 1.0, 1.0, 1.0, 1.0, 1.0, 1.0, 1.0, 1.0, 1.0, 1.0, 1.0, 1.0, 1.0, 1.0, 0.0, 1.0, 1.0, 0.0, 1.0, 0.0, 1.0, 0.0, 1.0, 0.0, 0.0, 1.0, 1.0, 1.0, 1.0, 0.0, 0.0, 1.0, 0.0, 1.0, 1.0, 1.0, 1.0, 0.0, 0.0, 0.0, 0.0, 0.0, 0.0, 0.0, 1.0, 0.0, 0.0, 0.0, 0.0, 1.0, 1.0, 1.0, 1.0, 0.0, 0.0, 0.0, 0.0, 0.0, 1.0, 1.0, 1.0, 0.0, 1.0, 1.0, 0.0, 1.0, 1.0, 1.0, 1.0, 0.0, 0.0, 0.0, 0.0, 1.0, 0.0, 1.0, 1.0, 1.0, 0.0, 0.0, 1.0, 1.0, 1.0, 1.0, 1.0, 1.0, 1.0, 1.0, 0.0, 0.0, 0.0, 1.0, 0.0, 0.0, 1.0, 0.0, 0.0, 1.0, 1.0, 1.0, 1.0, 0.0, 0.0, 0.0, 0.0, 1.0, 1.0, 1.0, 0.0, 0.0, 0.0, 1.0, 0.0, 1.0, 1.0, 1.0, 1.0, 0.0, 0.0, 0.0, 0.0, 0.0, 0.0, 0.0, 0.0, 0.0, 0.0, 0.0, 0.0, 0.0, 1.0, 0.0, 1.0, 0.0, 1.0, 1.0, 0.0, 1.0, 1.0, 1.0, 1.0, 1.0, 0.0, 0.0, 1.0]",-311.9759791000219,630.4973078603782,-482.430437669722,964.860875339444,1.9575793881050045,-5.292505905345678,-5.545177444479562,12.664453352371192,11.090354888959125,1.0,-8.012187000291565,-11.090354888959125,18.79696272282291,22.18070977791825,1.0908740239314543,"[0.0, 0.0, 1.0, 0.0, 0.0, 0.0, 0.0, 0.0, 1.0, 1.0, 1.0, 1.0, 0.877, 0.877, 0.877, 0.0, 1.0, 0.259, 1.0, 1.0, 0.8015, 0.0, 0.259, 1.0, 1.0, 1.0, 1.0, 1.0, 1.0, 1.0, 1.0, 0.0, 0.0, 0.0, 1.0, 0.0, 0.0, 0.0, 1.0, 0.0, 0.0, 0.0, 1.0, 0.0, 0.0, 0.0, 1.0, 0.0, 0.0, 0.0, 0.0, 0.0775, 0.0, 0.0, 0.1635, 0.47100000000000003, 1.0, 1.0, 1.0, 1.0, 0.0, 0.0, 0.0, 0.0, 0.0, 0.0, 0.0, 0.0, 0.0, 0.0, 0.0, 0.0, 1.0, 1.0, 1.0, 1.0, 1.0, 1.0, 1.0, 0.0, 1.0, 1.0, 1.0, 1.0, 0.0, 0.0, 0.0, 0.0, 0.0, 0.0, 0.0, 0.0, 0.0, 0.113, 0.113, 0.0, 0.0, 0.0, 0.0, 1.0, 0.0, 0.0, 0.0, 0.0, 1.0, 1.0, 1.0, 1.0, 0.0, 0.0, 0.0, 0.0, 0.9995, 1.0, 1.0, 0.663, 1.0, 1.0, 1.0, 0.353, 1.0, 1.0, 1.0, 1.0, 0.082, 0.082, 0.0, 0.0, 0.973, 1.0, 0.7655000000000001, 0.605, 0.973, 1.0, 1.0, 0.368, 0.0, 0.0, 1.0, 0.0, 1.0, 0.0, 1.0, 0.0, 1.0, 1.0, 1.0, 1.0, 0.0, 0.0, 1.0, 0.0, 1.0, 1.0, 1.0, 1.0, 0.0, 0.9465, 0.0, 0.0, 0.666, 1.0, 0.666, 0.666, 0.0, 0.0, 0.7975, 0.0, 0.0, 0.9430000000000001, 0.0, 1.0, 1.0, 0.0, 0.0, 0.0, 0.0, 1.0, 0.0, 0.0, 0.0, 0.0, 0.0, 0.0, 1.0, 1.0, 1.0, 1.0, 0.0, 0.0, 0.0, 0.0, 1.0, 1.0, 1.0, 1.0, 1.0, 1.0, 1.0, 0.0005, 1.0, 1.0, 1.0, 1.0, 1.0, 1.0, 0.0, 1.0, 1.0, 1.0, 1.0, 1.0, 0.0, 0.0, 0.0, 0.0, 1.0, 1.0, 1.0, 1.0, 1.0, 1.0, 1.0, 0.0, 1.0, 0.0, 1.0, 0.0, 0.0, 0.0, 0.0, 0.0, 0.0, 1.0, 0.0, 1.0, 0.0, 1.0, 0.0, 1.0, 1.0, 1.0, 1.0, 1.0, 1.0, 1.0, 1.0, 0.0, 1.0, 0.0, 1.0, 1.0, 1.0, 0.0, 0.0, 1.0, 1.0, 1.0, 1.0, 1.0, 1.0, 1.0, 1.0, 1.0, 0.0, 0.9580000000000001, 0.0, 0.0, 0.0, 0.0, 0.0045000000000000005, 0.0, 0.0, 0.0, 0.0, 0.0, 0.0, 0.0, 0.0, 1.0, 0.0, 0.0, 0.0005, 0.0, 0.0, 0.0, 0.0, 0.0, 0.0, 1.0, 0.0, 0.0, 0.0, 0.0, 0.0, 0.0, 1.0, 1.0, 1.0, 0.001, 0.001, 0.001, 1.0, 0.0, 0.0, 0.0, 0.6225, 0.0, 0.0, 0.0, 0.0, 0.0, 1.0, 1.0, 1.0, 1.0, 0.0, 0.0, 0.0, 0.0, 0.0, 0.0, 0.0, 0.0, 0.0, 0.0, 0.0, 0.0, 1.0, 1.0, 1.0, 1.0, 1.0, 1.0, 1.0, 0.0, 0.0, 0.0, 0.0, 1.0, 0.0, 0.0, 1.0, 0.0, 1.0, 1.0, 1.0, 1.0, 0.0, 0.0, 0.0, 0.0, 0.0, 1.0, 0.0, 0.0, 1.0, 0.0, 0.0, 1.0, 1.0, 1.0, 1.0, 1.0, 0.0, 0.0, 0.0, 0.0, 1.0, 1.0, 1.0, 1.0, 1.0, 0.0, 1.0, 1.0, 0.0, 0.0005, 0.0, 0.0, 0.0, 0.38, 0.0, 0.0, 1.0, 1.0, 1.0, 1.0, 0.0, 0.0, 0.0, 0.0, 1.0, 1.0, 1.0, 0.999, 1.0, 1.0, 1.0, 0.0195, 1.0, 1.0, 1.0, 1.0, 0.0, 0.0, 0.0, 0.0, 0.0, 0.6285000000000001, 0.0, 0.328, 0.0, 0.0, 0.6285000000000001, 0.0, 0.0, 0.0, 0.0, 0.0, 0.0, 0.0, 0.0, 1.0, 1.0, 1.0, 1.0, 1.0, 0.0, 0.0, 0.0, 0.0, 1.0, 1.0, 1.0, 1.0, 1.0, 1.0, 1.0, 0.0, 1.0, 1.0, 1.0, 1.0, 1.0, 1.0, 0.0375, 1.0, 1.0, 1.0, 1.0, 1.0, 0.0, 0.0, 0.0, 0.0, 1.0, 1.0, 1.0, 1.0, 1.0, 1.0, 1.0, 0.0, 1.0, 1.0, 1.0, 1.0, 1.0, 1.0, 0.0, 1.0, 1.0, 1.0, 1.0, 1.0, 0.0, 0.0, 0.0, 0.0, 1.0, 1.0, 1.0, 1.0, 1.0, 1.0, 1.0, 1.0, 0.0, 0.0, 0.4395, 0.0, 0.0, 0.0, 0.001, 1.0, 0.0, 0.0, 0.0, 0.0, 0.0, 0.0, 0.0, 0.0, 1.0, 1.0, 1.0, 0.0, 1.0, 0.0, 0.0, 1.0, 0.0, 0.0, 1.0, 1.0, 1.0, 0.0, 0.0, 0.0, 0.0, 0.0, 0.0, 0.0, 0.0, 0.0, 0.0, 0.0, 1.0, 1.0, 1.0, 1.0, 0.0, 0.0, 0.0, 0.0, 0.0, 0.0, 0.0, 0.0, 0.0, 1.0, 0.0, 0.0, 1.0, 1.0, 1.0, 1.0, 0.0, 0.4945, 0.0, 0.0, 1.0, 1.0, 1.0, 1.0, 0.0, 0.0, 1.0, 1.0, 1.0, 1.0, 1.0, 1.0, 0.0, 0.0, 0.0, 0.0, 1.0, 1.0, 1.0, 1.0, 1.0, 0.704, 0.296, 0.0, 1.0, 1.0, 1.0, 1.0, 0.0, 0.0, 1.0, 1.0, 1.0, 1.0, 1.0, 1.0, 0.0, 0.0, 0.0, 0.0, 0.006, 1.0, 0.006, 0.708, 0.298, 1.0, 0.298, 1.0, 1.0, 1.0, 1.0, 1.0, 0.0, 0.0, 0.0, 0.0, 1.0, 0.0, 1.0, 1.0, 1.0, 0.0, 0.0, 1.0, 0.0, 1.0, 1.0, 1.0, 0.0, 0.0, 0.0, 0.0, 1.0, 0.224, 1.0, 1.0, 0.776, 0.0, 0.224, 1.0, 1.0, 1.0, 1.0, 1.0, 0.0, 0.0, 0.0, 0.0, 1.0, 1.0, 0.0, 1.0, 1.0, 1.0, 0.0, 1.0, 1.0, 1.0, 1.0, 1.0, 0.0, 0.0, 0.0, 0.0, 1.0, 1.0, 1.0, 1.0, 1.0, 1.0, 1.0, 0.0, 1.0, 1.0, 1.0, 1.0, 0.0, 0.0, 0.0, 0.0, 0.0, 0.0, 0.0, 0.0, 0.0, 0.0, 0.0, 0.0, 1.0, 0.4865, 1.0, 1.0, 1.0, 0.0075, 0.4865, 1.0, 0.0225, 0.0, 0.0, 0.9775, 0.0, 0.0, 0.0, 0.0]",-419.18595103414617,844.9172517286268,-482.430437669722,964.860875339444,0.01,0.0,-5.545177444479562,2.0794415416798357,11.090354888959125,0.01,0.0,-11.090354888959125,2.772588722239781,22.18070977791825,0.5787520451143159,"[1.0, 1.0, 1.0, 1.0, 1.0, 0.0, 1.0, 0.0, 1.0, 1.0, 1.0, 1.0, 1.0, 1.0, 1.0, 0.0, 0.0, 0.0, 0.0, 0.0, 0.0, 0.0, 0.0, 0.0, 1.0, 1.0, 1.0, 1.0, 0.0, 0.0, 1.0, 0.0, 0.0, 0.0, 0.0, 0.0, 0.0, 1.0, 0.0, 0.0, 0.0, 0.0, 0.0, 0.0, 0.0, 0.0, 0.0, 0.0, 1.0, 1.0, 1.0, 1.0, 0.0, 0.0, 0.0, 0.0, 1.0, 1.0, 1.0, 1.0, 0.0, 0.0, 0.0, 0.0, 0.0, 0.0, 0.0, 0.0, 0.0, 1.0, 1.0, 0.0, 1.0, 1.0, 1.0, 1.0, 0.0, 0.0, 0.0, 0.0, 1.0, 1.0, 1.0, 1.0, 0.0, 0.0, 0.0, 0.0, 0.0, 0.0, 0.0, 0.0, 0.0, 0.0, 0.0, 0.0, 1.0, 1.0, 1.0, 1.0, 1.0, 1.0, 1.0, 0.0, 1.0, 1.0, 1.0, 1.0, 1.0, 0.0, 1.0, 0.0, 0.0, 1.0, 0.0, 0.0, 1.0, 1.0, 1.0, 0.0, 1.0, 1.0, 0.0, 1.0, 1.0, 0.0, 0.0, 0.0, 1.0, 1.0, 1.0, 0.0, 1.0, 1.0, 1.0, 1.0, 1.0, 1.0, 1.0, 1.0, 0.0, 0.0, 0.0, 0.0, 1.0, 1.0, 1.0, 0.0, 0.0, 0.0, 1.0, 0.0, 0.0, 0.0, 1.0, 0.0, 0.0, 0.0, 0.0, 0.0, 1.0, 1.0, 1.0, 0.0, 0.0, 0.0, 1.0, 0.0, 0.0, 0.0, 0.0, 1.0, 0.0, 0.0, 0.0, 0.0, 0.0, 0.0, 0.0, 1.0, 0.0, 0.0, 0.0, 0.0, 1.0, 1.0, 1.0, 1.0, 0.0, 0.0, 0.0, 0.0, 1.0, 1.0, 1.0, 0.0, 0.0, 0.0, 1.0, 0.0, 1.0, 1.0, 1.0, 1.0, 0.0, 0.0, 0.0, 0.0, 1.0, 1.0, 1.0, 1.0, 0.0, 0.0, 0.0, 0.0, 1.0, 1.0, 1.0, 1.0, 1.0, 1.0, 1.0, 0.0, 0.0, 0.0, 0.0, 0.0, 1.0, 0.0, 0.0, 0.0, 1.0, 1.0, 1.0, 1.0, 1.0, 1.0, 1.0, 1.0, 1.0, 1.0, 1.0, 1.0, 1.0, 1.0, 1.0, 0.0, 0.0, 0.0, 0.0, 0.0, 0.0, 0.0, 0.0, 0.0, 0.0, 1.0, 0.0, 1.0, 0.0, 1.0, 0.0, 1.0, 0.0, 0.0, 0.0, 1.0, 0.0, 0.0, 0.0, 0.0, 1.0, 1.0, 1.0, 0.0, 0.0, 0.0, 1.0, 0.0, 0.0, 0.0, 1.0, 0.0, 0.0, 0.0, 0.0, 0.0, 0.0, 1.0, 1.0, 1.0, 0.0, 0.0, 0.0, 0.0, 1.0, 1.0, 1.0, 0.0, 1.0, 1.0, 1.0, 1.0, 0.0, 0.0, 1.0, 0.0, 0.0, 0.0, 0.0, 0.0, 1.0, 1.0, 1.0, 1.0, 1.0, 1.0, 1.0, 0.0, 1.0, 1.0, 1.0, 1.0, 0.0, 0.0, 0.0, 0.0, 1.0, 1.0, 1.0, 1.0, 0.0, 0.0, 0.0, 0.0, 0.0, 1.0, 0.0, 0.0, 0.0, 0.0, 0.0, 0.0, 0.0, 0.0, 0.0, 0.0, 0.0, 0.0, 0.0, 0.0, 0.0, 0.0, 0.0, 0.0, 0.0, 0.0, 0.0, 0.0, 1.0, 1.0, 0.0, 1.0, 1.0, 0.0, 1.0, 0.0, 1.0, 1.0, 1.0, 1.0, 1.0, 0.0, 1.0, 1.0, 0.0, 0.0, 0.0, 0.0, 0.0, 1.0, 1.0, 0.0, 1.0, 0.0, 0.0, 1.0, 0.0, 0.0, 0.0, 0.0, 1.0, 1.0, 1.0, 0.0, 0.0, 0.0, 1.0, 0.0, 1.0, 1.0, 1.0, 0.0, 0.0, 0.0, 0.0, 0.0, 1.0, 1.0, 1.0, 1.0, 1.0, 1.0, 1.0, 0.0, 0.0, 0.0, 0.0, 0.0, 0.0, 0.0, 0.0, 0.0, 1.0, 0.0, 1.0, 0.0, 0.0, 0.0, 0.0, 0.0, 1.0, 1.0, 1.0, 1.0, 1.0, 1.0, 1.0, 0.0, 1.0, 1.0, 1.0, 1.0, 1.0, 1.0, 0.0, 1.0, 1.0, 1.0, 1.0, 1.0, 0.0, 0.0, 0.0, 0.0, 1.0, 1.0, 1.0, 1.0, 1.0, 1.0, 1.0, 0.0, 0.0, 1.0, 1.0, 1.0, 0.0, 0.0, 0.0, 0.0, 1.0, 1.0, 1.0, 1.0, 0.0, 0.0, 0.0, 0.0, 1.0, 0.0, 1.0, 0.0, 0.0, 0.0, 0.0, 0.0, 1.0, 1.0, 1.0, 1.0, 1.0, 0.0, 1.0, 0.0, 1.0, 1.0, 1.0, 0.0, 1.0, 1.0, 0.0, 1.0, 1.0, 1.0, 1.0, 1.0, 0.0, 0.0, 0.0, 0.0, 0.0, 0.0, 0.0, 0.0, 0.0, 0.0, 0.0, 0.0, 1.0, 1.0, 1.0, 1.0, 0.0, 0.0, 0.0, 0.0, 0.0, 0.0, 0.0, 0.0, 0.0, 0.0, 0.0, 0.0, 0.0, 0.0, 0.0, 0.0, 0.0, 0.0, 0.0, 0.0, 1.0, 1.0, 0.0, 0.0, 1.0, 1.0, 1.0, 1.0, 1.0, 1.0, 1.0, 1.0, 1.0, 1.0, 1.0, 1.0, 1.0, 1.0, 1.0, 1.0, 1.0, 0.0, 1.0, 1.0, 0.0, 1.0, 0.0, 1.0, 0.0, 1.0, 0.0, 0.0, 1.0, 1.0, 1.0, 1.0, 0.0, 0.0, 1.0, 0.0, 1.0, 1.0, 1.0, 1.0, 0.0, 0.0, 0.0, 0.0, 0.0, 0.0, 0.0, 1.0, 0.0, 0.0, 0.0, 0.0, 1.0, 1.0, 1.0, 1.0, 0.0, 0.0, 0.0, 0.0, 0.0, 1.0, 1.0, 1.0, 0.0, 1.0, 1.0, 0.0, 1.0, 1.0, 1.0, 1.0, 0.0, 0.0, 0.0, 0.0, 1.0, 0.0, 1.0, 1.0, 1.0, 0.0, 0.0, 1.0, 1.0, 1.0, 1.0, 1.0, 1.0, 1.0, 1.0, 0.0, 0.0, 1.0, 1.0, 1.0, 1.0, 1.0, 0.0, 0.0, 1.0, 1.0, 1.0, 1.0, 0.0, 0.0, 0.0, 0.0, 1.0, 1.0, 1.0, 0.0, 0.0, 0.0, 1.0, 0.0, 1.0, 1.0, 1.0, 1.0, 0.0, 0.0, 0.0, 0.0, 0.0, 0.0, 0.0, 0.0, 0.0, 0.0, 0.0, 0.0, 0.0, 0.0, 1.0, 1.0, 0.0, 0.0, 0.0, 0.0, 1.0, 1.0, 1.0, 1.0, 1.0, 0.0, 0.0, 1.0]",-295.2442605392121,597.0338707387587,-482.430437669722,964.860875339444,0.9102400660316717,-8.997362313902473,20.767313350044727,1.2846122460949685,-433.45128860920846,873.4479268787513,True,True,True,True,True,0.75,0.5,0.875,0.75,0.875,0.75,0.8125,0.625,0.875,0.75,0.75,0.5,"Z.forall(lambda x1: Z.lequal(x1,3,'size'),X)","Z.exists(lambda x1: Z.exists(lambda x2: Z.exists(lambda x3: Z.and_operator(Z.and_operator(Z.equal(x1,'red','colour'),Z.equal(x2,'blue','colour')),Z.equal(x3,'green','colour')),X),X),X)","Z.exists(lambda x1: Z.equal(x1,'blue','colour'),X)","Z.exists(lambda x1: Z.exists(lambda x2: Z.exists(lambda x3: Z.and_operator(Z.and_operator(Z.equal(x1,'red','colour'),Z.equal(x2,'blue','colour')),Z.equal(x3,'green','colour')),X),X),X)",0.5,0.75,0.75,0.625,0.75,0.7083333333333334,0.6982758620689655,0.6867816091954023,0.6954022988505747,0.6925287356321839,5.241379310344827,0,0,0,0,0,0
83,99,189,AwdRcTd822,YrnNZfisZ2wBBI29AAAN,Zeta,there is a red,"[True, True, True, True, False, False, False, False]","[True, True, True, True, False, False, False, False]",1.0,1.0,there must be at least one red piece with any other combination of colors and sizes,[['x1']],"Z.exists(lambda x1: Z.equal(x1,'red','colour'),X)",there must be a red piece present with any other combination of colors and sizes. ,"[{'ids': [0, 1, 2], 'colours': ['red', 'green', 'red'], 'sizes': [2, 2, 1], 'xpos': [1.2082682223888364, 1.2082670385352483, 3.655562636224445], 'ypos': [4.111668418819983, 3.8108525647892226, 3.8307506090986188], 'rotations': [3.141592364956248, 3.1415903851506397, 1.2121899680575183], 'orientations': ['upright', 'upright', 'lhs'], 'contact': [[0, 1], [1, 0], [2]], 'grounded': ['yes', 'no', 'yes'], 'follow_rule': True}, {'ids': [0, 1, 2], 'colours': ['red', 'blue', 'red'], 'sizes': [3, 3, 1], 'xpos': [5.985570222403515, 5.984813327418461, 3.2135018066740484], 'ypos': [4.108731271271851, 3.7942054276676758, 4.108129264080301], 'rotations': [3.141705950958113, 3.142455487839776, 3.144100519359654], 'orientations': ['upright', 'upright', 'upright'], 'contact': [[0, 1], [1, 0], [2]], 'grounded': ['yes', 'no', 'yes'], 'follow_rule': True}, {'ids': [0, 1], 'colours': ['red', 'red'], 'sizes': [3, 1], 'xpos': [2.7086419399473622, 1.7221769525318542], 'ypos': [4.1085549992104635, 3.8304502657660366], 'rotations': [3.1421407687427365, 1.2150534520229952], 'orientations': ['upright', 'lhs'], 'contact': [[0], [1]], 'grounded': ['yes', 'yes'], 'follow_rule': True}, {'ids': [0, 1], 'colours': ['blue', 'blue'], 'sizes': [3, 1], 'xpos': [1.6478462029205871, 5.397898485827411], 'ypos': [4.10793013965578, 4.107035053602854], 'rotations': [3.144470068115929, 3.14037957276145], 'orientations': ['upright', 'upright'], 'contact': [[0], [1]], 'grounded': ['yes', 'yes'], 'follow_rule': False}, {'ids': [0, 1, 2, 3, 4, 5], 'colours': ['red', 'red', 'blue', 'green', 'blue', 'blue'], 'sizes': [3, 1, 1, 1, 2, 3], 'xpos': [4.60373096180345, 5.53203907667839, 0.4032898790861107, 1.045802528658237, 5.503562499800862, 6.740408453272332], 'ypos': [4.108036878653653, 4.107679886376056, 4.107916648120996, 4.107939012613535, 3.7060636171831587, 4.107906467109728], 'rotations': [3.1391756554535473, 3.1453654457344746, 3.1447968461320954, 3.145686629090727, 2.337675609386456, 3.140100667906475], 'orientations': ['upright', 'upright', 'upright', 'upright', 'strange', 'upright'], 'contact': [[0, 4], [1, 4], [2], [3], [4, 0, 1], [5]], 'grounded': ['yes', 'yes', 'yes', 'yes', 'no', 'yes'], 'follow_rule': True}, {'ids': [0, 1, 2, 3, 4], 'colours': ['red', 'blue', 'green', 'blue', 'blue'], 'sizes': [3, 3, 2, 2, 1], 'xpos': [2.1229094190538063, 3.920515180263866, 5.500171740642247, 0.5054904153130636, 2.5173631755346584], 'ypos': [4.108338746259869, 3.6356883790855083, 4.10789778314921, 4.10811932087576, 3.7487499732804683], 'rotations': [3.1446433727019385, 1.243424334469205, 3.143505511818262, 3.1427155373588422, 4.419174600147417], 'orientations': ['upright', 'lhs', 'upright', 'upright', 'strange'], 'contact': [[0, 4], [1, 4], [2], [3], [4, 0, 1]], 'grounded': ['yes', 'yes', 'yes', 'yes', 'no'], 'follow_rule': True}, {'ids': [0, 1, 2, 3, 4, 5, 6], 'colours': ['red', 'red', 'green', 'blue', 'green', 'red', 'red'], 'sizes': [1, 2, 3, 3, 2, 2, 3], 'xpos': [5.342461520726604, 6.224489220385077, 0.5203060363530366, 0.5198792564052411, 3.487567640322603, 5.976439999920392, 1.236051767526409], 'ypos': [3.8307506090986196, 4.107502386089464, 4.110988220564746, 3.799167167022762, 4.108517045477377, 3.6542685944445856, 3.6336467009642743], 'rotations': [1.2121899680575183, 3.142751352327167, 3.140221319185642, 3.1402163602226816, 3.140989582910685, 1.9124113208456213, 5.03939382259152], 'orientations': ['lhs', 'upright', 'upright', 'upright', 'upright', 'strange', 'rhs'], 'contact': [[0, 5], [1, 5], [2, 3], [3, 2], [4], [5, 0, 1], [6]], 'grounded': ['yes', 'yes', 'yes', 'no', 'yes', 'no', 'yes'], 'follow_rule': True}, {'ids': [0, 1, 2, 3, 4, 5], 'colours': ['green', 'blue', 'blue', 'green', 'blue', 'green'], 'sizes': [2, 3, 2, 1, 1, 2], 'xpos': [5.339768320215668, 2.2890224875206497, 6.7680922660438485, 2.4717491107453395, 5.347327578892545, 4.021303232739374], 'ypos': [4.111673998106145, 4.1067250881178134, 4.107913217654717, 3.09278558534213, 3.4977439045256062, 4.107159127076142], 'rotations': [3.141592361286329, 3.142713630367161, 3.1441739419971593, 2.7611024904690913, 3.1209833825423696, 3.1399919265628418], 'orientations': ['upright', 'upright', 'upright', 'upright', 'upright', 'upright'], 'contact': [[0, 4], [1, 3], [2], [3, 1], [4, 0], [5]], 'grounded': ['yes', 'yes', 'yes', 'no', 'no', 'yes'], 'follow_rule': False}, {'ids': [0, 1, 2, 3], 'colours': ['red', 'green', 'green', 'red'], 'sizes': [1, 3, 1, 2], 'xpos': [4.99719497412721, 5.33966521510595, 6.7812617602386, 0.647214122653947], 'ypos': [3.87616110226316, 3.89757703212827, 4.15810225565523, 4.15717162300964], 'rotations': [1.21015432030723, 3.69203273094864, 3.14416974526282, 3.14125264303298], 'contact': [[0, 1], [1, 0], 2, 3], 'grounded': ['yes', 'yes', 'yes', 'yes']}, {'ids': [0, 1, 2, 3, 4], 'colours': ['red', 'red', 'blue', 'blue', 'green'], 'sizes': [2, 1, 2, 2, 1], 'xpos': [0.756045112876682, 5.7930538088619, 4.02912968049722, 0.607249611808554, 2.34445062198903], 'ypos': [3.78128677692435, 3.87663053995449, 3.77926220180112, 4.09987976609843, 4.15797989686201], 'rotations': [5.04734512360657, 1.21097145412816, 1.2338944765227, 2.99747085022243, 3.14330311350596], 'contact': [[0, 3], 1, 2, [3, 0], 4], 'grounded': ['yes', 'yes', 'yes', 'yes', 'yes']}, {'ids': [0, 1, 2, 3, 4, 5], 'colours': ['green', 'green', 'green', 'green', 'red', 'red'], 'sizes': [1, 1, 2, 2, 1, 1], 'xpos': [0.392205266119112, 6.46736091582645, 5.87132830651543, 2.56842478452184, 1.05497225772388, 3.35722507237469], 'ypos': [4.15754519774028, 3.87672651888649, 3.80774864689194, 4.15891117383473, 4.15835090526104, 4.15780493355124], 'rotations': [3.14560426344892, 5.07442800349693, 4.20513160762651, 3.14652142167178, 3.14300168792949, 3.1450254884391], 'contact': [0, [1, 2], [2, 1], 3, 4, 5], 'grounded': ['yes', 'yes', 'yes', 'yes', 'yes', 'yes']}, {'ids': [0, 1, 2], 'colours': ['blue', 'red', 'blue'], 'sizes': [1, 3, 1], 'xpos': [3.65329156447024, 3.06074315033349, 4.60711408951368], 'ypos': [3.87683998879975, 3.89790852126602, 4.15748043316142], 'rotations': [1.21104984409195, 2.59341814797494, 3.14017425270441], 'contact': [[0, 1], [1, 0], 2], 'grounded': ['yes', 'yes', 'yes']}, {'ids': [0, 1, 2, 3, 4, 5], 'colours': ['green', 'green', 'green', 'green', 'blue', 'blue'], 'sizes': [1, 3, 2, 1, 2, 1], 'xpos': [2.9046526114666, 3.68975290255409, 5.65833149766197, 2.8246611501998, 2.89449149866101, 1.87269773742003], 'ypos': [3.88094533031908, 3.68797064017839, 4.15757175612118, 3.68349548447456, 3.68583647526567, 3.8760767087662], 'rotations': [1.21243000430047, 5.03772434357929, 3.14324414103154, 5.06868148794976, 5.04716419664426, 1.2105262200236], 'contact': [[0, 4], [1, 4], 2, [3, 4], [4, 0, 1, 3], 5], 'grounded': ['yes', 'yes', 'yes', 'no', 'no', 'yes']}, {'ids': [0, 1], 'colours': ['green', 'green'], 'sizes': [1, 3], 'xpos': [0.670764619467334, 5.261348820008], 'ypos': [3.86447444538309, 4.15793495472947], 'rotations': [1.77488765373097, 3.13951555729719], 'contact': [{'V1': 0, 'V2': 1}], 'grounded': ['yes', 'yes']}, {'ids': [0, 1, 2], 'colours': ['blue', 'green', 'green'], 'sizes': [1, 1, 3], 'xpos': [4.69009713254434, 2.93439461350621, 4.78205690186546], 'ypos': [4.15772510399043, 4.15704164375121, 4.15823822985147], 'rotations': [3.14100478933091, 3.14035932239342, 3.14115234487408], 'contact': [[0, 2], 1, [2, 0]], 'grounded': ['yes', 'yes', 'yes']}, {'ids': [0, 1, 2, 3, 4, 5], 'colours': ['green', 'blue', 'blue', 'green', 'green', 'green'], 'sizes': [3, 2, 1, 1, 3, 2], 'xpos': [4.08915128061252, 2.29489936724743, 2.81704915678861, 6.85663898790724, 1.00051084466887, 4.09237106060331], 'ypos': [4.1616688599196, 4.16166316032898, 3.87799901532656, 4.1578940642729, 4.15850762807611, 3.52787490122945], 'rotations': [3.14159237119885, 3.14158410154621, 5.07138880585438, 3.13808482008692, 3.14212541938172, 3.13686252238553], 'contact': [[0, 5], 1, 2, 3, 4, [5, 0]], 'grounded': ['yes', 'yes', 'yes', 'yes', 'yes', 'no']}]","[True, True, True, True, False, False, False, False]","[True, True, True, True, True, True, True, True]","[False, False, False, False, False, False, False, False]","[False, False, False, False, False, False, False, False]","[True, True, True, True, False, False, False, False]","[True, True, True, True, True, True, True, True]","[False, False, False, False, False, False, False, False]","[False, False, False, False, False, False, False, False]",0.0,0.0,0.0,0.0,1.0,1.0,1.0,1.0,0.0,0.0,0.0,0.0,0.0,0.0,0.01,0.0,-5.545177444479562,2.0794415416798357,11.090354888959125,1.0,-8.268969044295238,-11.090354888959125,19.310526810830257,22.18070977791825,1.0502311195665048,"[1.0, 1.0, 1.0, 1.0, 1.0, 0.0, 1.0, 0.0, 1.0, 1.0, 1.0, 1.0, 1.0, 1.0, 1.0, 0.0135, 0.9530000000000001, 0.092, 0.5895, 0.5895, 1.0, 0.0, 0.0, 0.861, 1.0, 1.0, 1.0, 0.2925, 0.999, 0.999, 1.0, 0.7155, 0.0, 0.0, 1.0, 0.0, 0.0, 0.0, 1.0, 0.0, 0.0, 0.0, 1.0, 0.0, 0.0, 0.0, 1.0, 0.0, 1.0, 1.0, 1.0, 1.0, 0.0, 0.0, 0.0, 0.0, 1.0, 1.0, 1.0, 1.0, 0.935, 0.935, 0.935, 0.935, 1.0, 1.0, 1.0, 1.0, 0.0, 1.0, 0.0, 0.0, 0.0, 1.0, 1.0, 1.0, 1.0, 1.0, 1.0, 1.0, 1.0, 1.0, 1.0, 1.0, 0.0935, 0.0935, 0.0935, 0.0935, 1.0, 1.0, 1.0, 1.0, 1.0, 1.0, 1.0, 1.0, 1.0, 1.0, 1.0, 1.0, 1.0, 1.0, 1.0, 0.013000000000000001, 1.0, 1.0, 0.998, 1.0, 1.0, 0.002, 0.998, 0.002, 1.0, 1.0, 1.0, 1.0, 1.0, 1.0, 1.0, 0.0, 0.973, 1.0, 0.9530000000000001, 1.0, 0.8925000000000001, 0.9195, 0.17400000000000002, 0.201, 1.0, 1.0, 1.0, 1.0, 0.0, 0.0, 0.0, 0.0, 1.0, 1.0, 1.0, 0.24, 1.0, 1.0, 0.968, 1.0, 0.653, 0.653, 0.653, 1.0, 0.2535, 0.2535, 0.7035, 0.10300000000000001, 1.0, 1.0, 1.0, 1.0, 0.0, 1.0, 0.0, 0.0, 1.0, 1.0, 1.0, 0.012, 0.988, 0.988, 1.0, 1.0, 1.0, 0.0, 1.0, 1.0, 1.0, 0.0, 0.0, 1.0, 0.0, 0.0, 0.0, 1.0, 1.0, 0.0, 0.0, 0.0, 1.0, 1.0, 1.0, 1.0, 0.0, 0.0, 0.0, 0.0, 1.0, 1.0, 1.0, 1.0, 0.0, 0.0, 0.0, 0.0, 1.0, 1.0, 1.0, 1.0, 1.0, 1.0, 0.841, 1.0, 1.0, 1.0, 1.0, 1.0, 0.0, 0.0, 0.0, 0.0, 1.0, 1.0, 1.0, 1.0, 1.0, 1.0, 1.0, 0.0, 0.197, 0.0, 0.85, 0.653, 0.803, 0.0, 0.0, 0.0, 0.8525, 0.847, 0.9935, 0.847, 0.28300000000000003, 0.4305, 0.426, 0.426, 1.0, 1.0, 1.0, 1.0, 1.0, 1.0, 1.0, 0.0, 0.798, 1.0, 0.7995, 0.7995, 0.0275, 0.029, 0.2265, 0.1975, 1.0, 1.0, 1.0, 1.0, 0.0, 0.0, 0.0, 0.0, 0.862, 0.854, 0.8595, 0.8955000000000001, 0.045, 0.0005, 0.8695, 0.8505, 1.0, 1.0, 1.0, 0.022, 1.0, 1.0, 1.0, 0.978, 0.28400000000000003, 0.0145, 0.1885, 0.0275, 0.2755, 0.0, 0.0015, 0.013000000000000001, 0.0, 0.0, 0.0, 1.0, 1.0, 0.0, 0.0, 0.0, 1.0, 1.0, 1.0, 1.0, 0.0, 0.0, 0.0, 0.0, 1.0, 1.0, 1.0, 1.0, 1.0, 0.0, 1.0, 0.0, 1.0, 1.0, 1.0, 1.0, 1.0, 1.0, 1.0, 0.0, 1.0, 1.0, 1.0, 0.728, 0.8265, 0.5545, 0.5545, 0.8265, 1.0, 1.0, 1.0, 1.0, 1.0, 1.0, 1.0, 1.0, 1.0, 1.0, 1.0, 0.8715, 0.9365, 0.8695, 0.8695, 0.9365, 0.229, 0.229, 0.229, 0.229, 0.801, 0.03, 0.03, 0.801, 0.0, 0.0, 0.0, 1.0, 1.0, 0.0, 0.0, 0.0, 0.108, 0.114, 0.2315, 0.108, 0.114, 0.07050000000000001, 0.0495, 0.006, 1.0, 1.0, 1.0, 1.0, 0.0, 0.0, 0.0, 0.0, 0.8955000000000001, 0.895, 0.0115, 0.0, 0.883, 0.0, 0.0, 0.0, 1.0, 1.0, 1.0, 1.0, 0.0, 0.0, 0.0, 0.0, 0.902, 0.902, 0.902, 0.678, 0.88, 0.88, 0.902, 0.807, 1.0, 1.0, 1.0, 1.0, 0.0, 0.0, 0.0, 0.0, 1.0, 1.0, 1.0, 1.0, 1.0, 1.0, 1.0, 0.0, 1.0, 1.0, 1.0, 1.0, 0.0, 0.0, 0.0, 0.0, 1.0, 1.0, 1.0, 1.0, 0.008, 0.008, 0.008, 0.008, 1.0, 1.0, 1.0, 1.0, 1.0, 1.0, 1.0, 0.0, 1.0, 1.0, 1.0, 1.0, 1.0, 1.0, 0.6980000000000001, 1.0, 1.0, 1.0, 1.0, 1.0, 0.0, 0.0, 0.0, 0.0, 1.0, 1.0, 1.0, 1.0, 1.0, 1.0, 1.0, 0.0, 0.9530000000000001, 0.9530000000000001, 0.9530000000000001, 1.0, 1.0, 1.0, 0.641, 0.9530000000000001, 1.0, 1.0, 1.0, 1.0, 0.0, 0.0, 0.0, 0.0, 1.0, 1.0, 1.0, 1.0, 1.0, 1.0, 1.0, 1.0, 1.0, 1.0, 1.0, 1.0, 0.0, 0.0, 0.0, 0.0, 1.0, 1.0, 1.0, 1.0, 1.0, 1.0, 1.0, 1.0, 1.0, 1.0, 1.0, 1.0, 0.021500000000000002, 0.021500000000000002, 0.021500000000000002, 0.021500000000000002, 0.021500000000000002, 0.003, 0.02, 0.0095, 0.0095, 0.964, 0.9555, 0.0095, 1.0, 1.0, 1.0, 1.0, 1.0, 1.0, 1.0, 1.0, 1.0, 1.0, 1.0, 1.0, 0.0, 0.0, 0.0, 0.0, 1.0, 1.0, 1.0, 1.0, 0.0, 0.0, 1.0, 1.0, 1.0, 0.873, 0.198, 0.198, 1.0, 1.0, 0.6905, 1.0, 1.0, 1.0, 1.0, 1.0, 1.0, 1.0, 1.0, 0.0, 1.0, 0.999, 0.999, 1.0, 0.0025, 0.0025, 0.0025, 0.0025, 1.0, 1.0, 1.0, 1.0, 1.0, 0.686, 0.314, 0.0, 1.0, 1.0, 1.0, 1.0, 0.524, 0.524, 1.0, 0.47600000000000003, 1.0, 1.0, 1.0, 1.0, 0.008, 0.008, 0.008, 0.008, 0.9935, 0.9935, 0.9775, 0.9935, 0.9935, 0.0225, 0.988, 0.017, 1.0, 1.0, 1.0, 1.0, 0.0725, 0.0725, 0.0725, 0.0725, 0.041, 1.0, 1.0, 0.9590000000000001, 0.041, 0.9590000000000001, 1.0, 0.0, 0.7435, 0.9835, 0.7425, 0.986, 0.7435, 0.7435, 0.256, 0.987, 1.0, 0.005, 1.0, 1.0, 1.0, 0.005, 0.005, 1.0, 1.0, 1.0, 1.0, 1.0, 1.0, 1.0, 1.0, 0.0, 1.0, 1.0, 1.0, 1.0, 0.0, 0.0, 0.0, 0.0, 1.0, 1.0, 1.0, 1.0, 0.0, 0.0, 0.0, 0.0, 0.9705, 0.9705, 0.9145, 1.0, 0.8015, 0.8015, 0.9705, 0.7865, 1.0, 1.0, 1.0, 1.0, 0.0, 0.0, 0.0, 0.0, 1.0, 1.0, 1.0, 1.0, 0.0, 0.0, 0.0, 0.0, 1.0, 1.0, 1.0, 1.0, 0.0, 0.0, 0.0, 0.0, 1.0, 1.0, 1.0, 1.0, 1.0, 1.0, 1.0, 1.0]",-418.5875071169283,843.720363894191,-482.430437669722,964.860875339444,0.01,0.0,2.0794415416798357,0.01,0.0,2.772588722239781,0.6334250289943713,"[1.0, 1.0, 1.0, 1.0, 1.0, 0.0, 1.0, 0.0, 1.0, 1.0, 1.0, 1.0, 1.0, 1.0, 1.0, 0.0, 0.0, 0.0, 0.0, 0.0, 0.0, 0.0, 0.0, 0.0, 1.0, 1.0, 1.0, 0.0, 0.0, 0.0, 1.0, 0.0, 0.0, 0.0, 1.0, 1.0, 0.0, 1.0, 1.0, 1.0, 1.0, 1.0, 1.0, 1.0, 0.0, 0.0, 1.0, 1.0, 1.0, 1.0, 1.0, 1.0, 0.0, 0.0, 0.0, 0.0, 1.0, 1.0, 1.0, 1.0, 0.0, 0.0, 0.0, 0.0, 0.0, 0.0, 0.0, 0.0, 0.0, 1.0, 1.0, 0.0, 1.0, 1.0, 1.0, 1.0, 0.0, 0.0, 0.0, 0.0, 1.0, 1.0, 1.0, 1.0, 0.0, 0.0, 0.0, 0.0, 1.0, 1.0, 1.0, 1.0, 1.0, 1.0, 0.0, 1.0, 1.0, 1.0, 1.0, 1.0, 1.0, 1.0, 1.0, 0.0, 1.0, 1.0, 1.0, 1.0, 1.0, 0.0, 1.0, 0.0, 0.0, 1.0, 0.0, 0.0, 1.0, 1.0, 1.0, 0.0, 1.0, 1.0, 0.0, 1.0, 1.0, 0.0, 0.0, 0.0, 1.0, 1.0, 1.0, 0.0, 1.0, 1.0, 1.0, 1.0, 1.0, 1.0, 1.0, 1.0, 0.0, 0.0, 0.0, 0.0, 1.0, 1.0, 1.0, 0.0, 0.0, 0.0, 1.0, 0.0, 0.0, 0.0, 1.0, 0.0, 0.0, 0.0, 0.0, 0.0, 1.0, 1.0, 1.0, 0.0, 0.0, 0.0, 1.0, 0.0, 0.0, 0.0, 0.0, 1.0, 0.0, 0.0, 0.0, 0.0, 0.0, 0.0, 0.0, 1.0, 0.0, 0.0, 0.0, 0.0, 1.0, 1.0, 1.0, 1.0, 0.0, 0.0, 0.0, 0.0, 1.0, 1.0, 1.0, 0.0, 0.0, 0.0, 1.0, 0.0, 1.0, 1.0, 1.0, 1.0, 0.0, 0.0, 0.0, 0.0, 1.0, 1.0, 1.0, 1.0, 0.0, 0.0, 0.0, 0.0, 1.0, 1.0, 1.0, 1.0, 1.0, 1.0, 1.0, 0.0, 0.0, 0.0, 0.0, 0.0, 1.0, 0.0, 0.0, 0.0, 1.0, 1.0, 1.0, 1.0, 1.0, 1.0, 1.0, 1.0, 1.0, 1.0, 1.0, 1.0, 1.0, 1.0, 1.0, 0.0, 0.0, 0.0, 0.0, 0.0, 0.0, 0.0, 0.0, 0.0, 0.0, 1.0, 0.0, 1.0, 0.0, 1.0, 0.0, 1.0, 0.0, 0.0, 0.0, 1.0, 0.0, 0.0, 0.0, 0.0, 1.0, 1.0, 1.0, 0.0, 0.0, 0.0, 1.0, 0.0, 1.0, 1.0, 1.0, 1.0, 1.0, 0.0, 1.0, 0.0, 0.0, 1.0, 1.0, 1.0, 0.0, 0.0, 0.0, 0.0, 1.0, 1.0, 1.0, 0.0, 1.0, 1.0, 1.0, 1.0, 0.0, 1.0, 1.0, 1.0, 0.0, 0.0, 0.0, 0.0, 1.0, 1.0, 1.0, 1.0, 1.0, 1.0, 1.0, 0.0, 1.0, 1.0, 1.0, 1.0, 0.0, 0.0, 0.0, 0.0, 1.0, 1.0, 1.0, 1.0, 0.0, 0.0, 0.0, 0.0, 0.0, 1.0, 0.0, 0.0, 0.0, 0.0, 0.0, 0.0, 1.0, 1.0, 1.0, 1.0, 1.0, 0.0, 1.0, 1.0, 0.0, 0.0, 0.0, 0.0, 0.0, 1.0, 1.0, 0.0, 1.0, 1.0, 1.0, 1.0, 1.0, 0.0, 1.0, 0.0, 1.0, 1.0, 1.0, 1.0, 1.0, 0.0, 1.0, 1.0, 0.0, 0.0, 0.0, 0.0, 0.0, 1.0, 1.0, 0.0, 1.0, 0.0, 0.0, 1.0, 0.0, 0.0, 0.0, 0.0, 1.0, 1.0, 1.0, 0.0, 0.0, 0.0, 1.0, 0.0, 1.0, 1.0, 1.0, 0.0, 0.0, 0.0, 0.0, 0.0, 1.0, 1.0, 1.0, 1.0, 1.0, 1.0, 1.0, 0.0, 0.0, 0.0, 0.0, 0.0, 0.0, 0.0, 0.0, 0.0, 1.0, 0.0, 1.0, 0.0, 0.0, 0.0, 0.0, 0.0, 1.0, 1.0, 1.0, 1.0, 1.0, 1.0, 1.0, 0.0, 1.0, 1.0, 1.0, 1.0, 1.0, 1.0, 0.0, 1.0, 1.0, 1.0, 1.0, 1.0, 0.0, 0.0, 0.0, 0.0, 1.0, 1.0, 1.0, 1.0, 1.0, 1.0, 1.0, 0.0, 0.0, 1.0, 1.0, 1.0, 0.0, 0.0, 0.0, 0.0, 1.0, 1.0, 1.0, 1.0, 0.0, 0.0, 0.0, 0.0, 1.0, 0.0, 1.0, 0.0, 0.0, 0.0, 0.0, 0.0, 1.0, 1.0, 1.0, 1.0, 1.0, 0.0, 1.0, 0.0, 1.0, 1.0, 1.0, 0.0, 1.0, 1.0, 0.0, 1.0, 1.0, 1.0, 1.0, 1.0, 0.0, 0.0, 0.0, 0.0, 0.0, 0.0, 0.0, 0.0, 0.0, 1.0, 0.0, 0.0, 1.0, 1.0, 1.0, 1.0, 0.0, 0.0, 0.0, 0.0, 0.0, 0.0, 0.0, 0.0, 0.0, 0.0, 0.0, 0.0, 1.0, 0.0, 1.0, 0.0, 0.0, 0.0, 0.0, 0.0, 1.0, 1.0, 0.0, 0.0, 1.0, 1.0, 1.0, 1.0, 1.0, 1.0, 1.0, 1.0, 1.0, 1.0, 1.0, 1.0, 1.0, 1.0, 1.0, 1.0, 1.0, 0.0, 1.0, 1.0, 0.0, 1.0, 0.0, 1.0, 0.0, 1.0, 0.0, 0.0, 1.0, 1.0, 1.0, 1.0, 0.0, 0.0, 1.0, 0.0, 1.0, 1.0, 1.0, 1.0, 0.0, 0.0, 0.0, 0.0, 0.0, 0.0, 0.0, 1.0, 0.0, 0.0, 0.0, 0.0, 1.0, 1.0, 1.0, 1.0, 0.0, 0.0, 0.0, 0.0, 0.0, 1.0, 1.0, 1.0, 0.0, 1.0, 1.0, 0.0, 1.0, 1.0, 1.0, 1.0, 0.0, 0.0, 0.0, 0.0, 1.0, 0.0, 1.0, 1.0, 1.0, 0.0, 0.0, 1.0, 1.0, 1.0, 1.0, 1.0, 1.0, 1.0, 1.0, 0.0, 0.0, 1.0, 1.0, 1.0, 1.0, 1.0, 0.0, 0.0, 1.0, 1.0, 1.0, 1.0, 0.0, 0.0, 0.0, 0.0, 1.0, 1.0, 1.0, 0.0, 0.0, 0.0, 1.0, 0.0, 1.0, 1.0, 1.0, 1.0, 0.0, 0.0, 0.0, 0.0, 0.0, 0.0, 0.0, 0.0, 0.0, 0.0, 0.0, 0.0, 0.0, 1.0, 0.0, 1.0, 0.0, 1.0, 1.0, 0.0, 1.0, 1.0, 1.0, 1.0, 1.0, 0.0, 0.0, 1.0]",-318.3726801373107,643.2907099349558,0.01,0.0,-5.545177444479562,2.0794415416798357,11.090354888959125,0.01,0.0,-11.090354888959125,2.772588722239781,22.18070977791825,0.6173530694834558,"[1.0, 1.0, 1.0, 1.0, 1.0, 0.0, 1.0, 0.0, 1.0, 1.0, 1.0, 1.0, 1.0, 1.0, 1.0, 0.0, 0.0, 0.0, 0.0, 0.0, 0.0, 0.0, 0.0, 0.0, 1.0, 1.0, 1.0, 0.0, 0.0, 0.0, 1.0, 0.0, 0.0, 0.0, 1.0, 1.0, 0.0, 1.0, 1.0, 1.0, 0.0, 0.0, 0.0, 0.0, 0.0, 0.0, 0.0, 0.0, 1.0, 1.0, 1.0, 1.0, 0.0, 0.0, 0.0, 0.0, 1.0, 1.0, 1.0, 1.0, 0.0, 0.0, 0.0, 0.0, 0.0, 0.0, 0.0, 0.0, 0.0, 1.0, 1.0, 0.0, 0.0, 0.0, 0.0, 1.0, 0.0, 0.0, 0.0, 0.0, 1.0, 1.0, 1.0, 1.0, 0.0, 0.0, 0.0, 0.0, 0.0, 0.0, 0.0, 0.0, 1.0, 1.0, 0.0, 1.0, 1.0, 1.0, 1.0, 1.0, 1.0, 1.0, 1.0, 0.0, 1.0, 1.0, 1.0, 1.0, 1.0, 0.0, 1.0, 0.0, 0.0, 1.0, 0.0, 0.0, 1.0, 1.0, 1.0, 0.0, 1.0, 1.0, 0.0, 1.0, 1.0, 0.0, 0.0, 0.0, 1.0, 1.0, 1.0, 0.0, 1.0, 1.0, 1.0, 1.0, 1.0, 1.0, 1.0, 1.0, 0.0, 0.0, 0.0, 0.0, 1.0, 1.0, 1.0, 0.0, 0.0, 0.0, 1.0, 0.0, 0.0, 0.0, 1.0, 0.0, 0.0, 0.0, 0.0, 0.0, 1.0, 1.0, 1.0, 0.0, 0.0, 0.0, 1.0, 0.0, 0.0, 0.0, 0.0, 1.0, 0.0, 0.0, 0.0, 0.0, 0.0, 0.0, 0.0, 1.0, 0.0, 0.0, 0.0, 0.0, 1.0, 1.0, 1.0, 1.0, 0.0, 0.0, 0.0, 0.0, 1.0, 1.0, 1.0, 0.0, 0.0, 0.0, 1.0, 0.0, 1.0, 1.0, 1.0, 1.0, 0.0, 0.0, 0.0, 0.0, 1.0, 1.0, 1.0, 1.0, 0.0, 0.0, 0.0, 0.0, 1.0, 1.0, 1.0, 1.0, 1.0, 1.0, 1.0, 0.0, 0.0, 0.0, 0.0, 0.0, 1.0, 0.0, 0.0, 0.0, 1.0, 1.0, 1.0, 1.0, 1.0, 1.0, 1.0, 1.0, 1.0, 1.0, 1.0, 1.0, 1.0, 1.0, 1.0, 0.0, 0.0, 0.0, 0.0, 0.0, 0.0, 0.0, 0.0, 0.0, 0.0, 1.0, 0.0, 1.0, 0.0, 1.0, 0.0, 1.0, 0.0, 0.0, 0.0, 1.0, 0.0, 0.0, 0.0, 0.0, 1.0, 1.0, 1.0, 0.0, 0.0, 0.0, 1.0, 0.0, 1.0, 1.0, 1.0, 1.0, 1.0, 0.0, 1.0, 0.0, 0.0, 1.0, 1.0, 1.0, 0.0, 0.0, 0.0, 0.0, 1.0, 1.0, 1.0, 0.0, 1.0, 1.0, 1.0, 1.0, 0.0, 1.0, 1.0, 1.0, 0.0, 0.0, 0.0, 0.0, 1.0, 1.0, 1.0, 1.0, 1.0, 1.0, 1.0, 0.0, 1.0, 1.0, 1.0, 1.0, 0.0, 0.0, 0.0, 0.0, 1.0, 1.0, 1.0, 1.0, 0.0, 0.0, 0.0, 0.0, 0.0, 1.0, 0.0, 0.0, 0.0, 0.0, 0.0, 0.0, 0.0, 0.0, 0.0, 0.0, 0.0, 0.0, 0.0, 0.0, 1.0, 0.0, 1.0, 1.0, 1.0, 0.0, 0.0, 1.0, 1.0, 1.0, 1.0, 1.0, 1.0, 0.0, 1.0, 0.0, 1.0, 1.0, 1.0, 1.0, 1.0, 0.0, 1.0, 1.0, 0.0, 0.0, 0.0, 0.0, 0.0, 1.0, 1.0, 0.0, 1.0, 0.0, 0.0, 1.0, 0.0, 0.0, 0.0, 0.0, 1.0, 1.0, 1.0, 0.0, 0.0, 0.0, 1.0, 0.0, 1.0, 1.0, 1.0, 0.0, 0.0, 0.0, 0.0, 0.0, 1.0, 1.0, 1.0, 1.0, 1.0, 1.0, 1.0, 0.0, 0.0, 0.0, 0.0, 0.0, 0.0, 0.0, 0.0, 0.0, 1.0, 0.0, 1.0, 0.0, 0.0, 0.0, 0.0, 0.0, 1.0, 1.0, 1.0, 1.0, 1.0, 1.0, 1.0, 0.0, 1.0, 1.0, 1.0, 1.0, 1.0, 1.0, 0.0, 1.0, 1.0, 1.0, 1.0, 1.0, 0.0, 0.0, 0.0, 0.0, 1.0, 1.0, 1.0, 1.0, 1.0, 1.0, 1.0, 0.0, 0.0, 1.0, 1.0, 1.0, 0.0, 0.0, 0.0, 0.0, 1.0, 1.0, 1.0, 1.0, 0.0, 0.0, 0.0, 0.0, 1.0, 0.0, 1.0, 0.0, 0.0, 0.0, 0.0, 0.0, 1.0, 1.0, 1.0, 1.0, 1.0, 0.0, 1.0, 0.0, 1.0, 1.0, 1.0, 0.0, 1.0, 1.0, 0.0, 1.0, 1.0, 1.0, 1.0, 1.0, 0.0, 0.0, 0.0, 0.0, 0.0, 0.0, 0.0, 0.0, 0.0, 1.0, 0.0, 0.0, 1.0, 1.0, 1.0, 1.0, 0.0, 0.0, 0.0, 0.0, 0.0, 0.0, 0.0, 0.0, 0.0, 0.0, 0.0, 0.0, 1.0, 0.0, 1.0, 0.0, 0.0, 0.0, 0.0, 0.0, 1.0, 1.0, 0.0, 0.0, 1.0, 1.0, 1.0, 1.0, 1.0, 1.0, 1.0, 1.0, 1.0, 1.0, 1.0, 1.0, 1.0, 1.0, 1.0, 1.0, 1.0, 0.0, 1.0, 1.0, 0.0, 1.0, 0.0, 1.0, 0.0, 1.0, 0.0, 0.0, 1.0, 1.0, 1.0, 1.0, 0.0, 0.0, 1.0, 0.0, 1.0, 1.0, 1.0, 1.0, 0.0, 0.0, 0.0, 0.0, 0.0, 0.0, 0.0, 1.0, 0.0, 0.0, 0.0, 0.0, 1.0, 1.0, 1.0, 1.0, 0.0, 0.0, 0.0, 0.0, 0.0, 1.0, 1.0, 1.0, 0.0, 1.0, 1.0, 0.0, 1.0, 1.0, 1.0, 1.0, 0.0, 0.0, 0.0, 0.0, 1.0, 0.0, 1.0, 1.0, 1.0, 0.0, 0.0, 1.0, 1.0, 1.0, 1.0, 1.0, 1.0, 1.0, 1.0, 0.0, 0.0, 0.0, 1.0, 0.0, 0.0, 1.0, 0.0, 0.0, 1.0, 1.0, 1.0, 1.0, 0.0, 0.0, 0.0, 0.0, 1.0, 1.0, 1.0, 0.0, 0.0, 0.0, 1.0, 0.0, 1.0, 1.0, 1.0, 1.0, 0.0, 0.0, 0.0, 0.0, 0.0, 0.0, 0.0, 0.0, 0.0, 0.0, 0.0, 0.0, 0.0, 1.0, 0.0, 1.0, 0.0, 1.0, 1.0, 0.0, 1.0, 1.0, 1.0, 1.0, 1.0, 0.0, 0.0, 1.0]",-311.9759791000219,630.4973078603782,-482.430437669722,964.860875339444,0.01,0.0,-5.545177444479562,2.0794415416798357,11.090354888959125,1.0,-8.012187000291565,-11.090354888959125,18.79696272282291,22.18070977791825,1.0908740239314543,"[0.0, 0.0, 1.0, 0.0, 0.0, 0.0, 0.0, 0.0, 1.0, 1.0, 1.0, 1.0, 0.877, 0.877, 0.877, 0.0, 1.0, 0.259, 1.0, 1.0, 0.8015, 0.0, 0.259, 1.0, 1.0, 1.0, 1.0, 1.0, 1.0, 1.0, 1.0, 0.0, 0.0, 0.0, 1.0, 0.0, 0.0, 0.0, 1.0, 0.0, 0.0, 0.0, 1.0, 0.0, 0.0, 0.0, 1.0, 0.0, 0.0, 0.0, 0.0, 0.0775, 0.0, 0.0, 0.1635, 0.47100000000000003, 1.0, 1.0, 1.0, 1.0, 0.0, 0.0, 0.0, 0.0, 0.0, 0.0, 0.0, 0.0, 0.0, 0.0, 0.0, 0.0, 1.0, 1.0, 1.0, 1.0, 1.0, 1.0, 1.0, 0.0, 1.0, 1.0, 1.0, 1.0, 0.0, 0.0, 0.0, 0.0, 0.0, 0.0, 0.0, 0.0, 0.0, 0.113, 0.113, 0.0, 0.0, 0.0, 0.0, 1.0, 0.0, 0.0, 0.0, 0.0, 1.0, 1.0, 1.0, 1.0, 0.0, 0.0, 0.0, 0.0, 0.9995, 1.0, 1.0, 0.663, 1.0, 1.0, 1.0, 0.353, 1.0, 1.0, 1.0, 1.0, 0.082, 0.082, 0.0, 0.0, 0.973, 1.0, 0.7655000000000001, 0.605, 0.973, 1.0, 1.0, 0.368, 0.0, 0.0, 1.0, 0.0, 1.0, 0.0, 1.0, 0.0, 1.0, 1.0, 1.0, 1.0, 0.0, 0.0, 1.0, 0.0, 1.0, 1.0, 1.0, 1.0, 0.0, 0.9465, 0.0, 0.0, 0.666, 1.0, 0.666, 0.666, 0.0, 0.0, 0.7975, 0.0, 0.0, 0.9430000000000001, 0.0, 1.0, 1.0, 0.0, 0.0, 0.0, 0.0, 1.0, 0.0, 0.0, 0.0, 0.0, 0.0, 0.0, 1.0, 1.0, 1.0, 1.0, 0.0, 0.0, 0.0, 0.0, 1.0, 1.0, 1.0, 1.0, 1.0, 1.0, 1.0, 0.0005, 1.0, 1.0, 1.0, 1.0, 1.0, 1.0, 0.0, 1.0, 1.0, 1.0, 1.0, 1.0, 0.0, 0.0, 0.0, 0.0, 1.0, 1.0, 1.0, 1.0, 1.0, 1.0, 1.0, 0.0, 1.0, 0.0, 1.0, 0.0, 0.0, 0.0, 0.0, 0.0, 0.0, 1.0, 0.0, 1.0, 0.0, 1.0, 0.0, 1.0, 1.0, 1.0, 1.0, 1.0, 1.0, 1.0, 1.0, 0.0, 1.0, 0.0, 1.0, 1.0, 1.0, 0.0, 0.0, 1.0, 1.0, 1.0, 1.0, 1.0, 1.0, 1.0, 1.0, 1.0, 0.0, 0.9580000000000001, 0.0, 0.0, 0.0, 0.0, 0.0045000000000000005, 0.0, 0.0, 0.0, 0.0, 0.0, 0.0, 0.0, 0.0, 1.0, 0.0, 0.0, 0.0005, 0.0, 0.0, 0.0, 0.0, 0.0, 0.0, 1.0, 0.0, 0.0, 0.0, 0.0, 0.0, 0.0, 1.0, 1.0, 1.0, 0.001, 0.001, 0.001, 1.0, 0.0, 0.0, 0.0, 0.6225, 0.0, 0.0, 0.0, 0.0, 0.0, 1.0, 1.0, 1.0, 1.0, 0.0, 0.0, 0.0, 0.0, 0.0, 0.0, 0.0, 0.0, 0.0, 0.0, 0.0, 0.0, 1.0, 1.0, 1.0, 1.0, 1.0, 1.0, 1.0, 0.0, 0.0, 0.0, 0.0, 1.0, 0.0, 0.0, 1.0, 0.0, 1.0, 1.0, 1.0, 1.0, 0.0, 0.0, 0.0, 0.0, 0.0, 1.0, 0.0, 0.0, 1.0, 0.0, 0.0, 1.0, 1.0, 1.0, 1.0, 1.0, 0.0, 0.0, 0.0, 0.0, 1.0, 1.0, 1.0, 1.0, 1.0, 0.0, 1.0, 1.0, 0.0, 0.0005, 0.0, 0.0, 0.0, 0.38, 0.0, 0.0, 1.0, 1.0, 1.0, 1.0, 0.0, 0.0, 0.0, 0.0, 1.0, 1.0, 1.0, 0.999, 1.0, 1.0, 1.0, 0.0195, 1.0, 1.0, 1.0, 1.0, 0.0, 0.0, 0.0, 0.0, 0.0, 0.6285000000000001, 0.0, 0.328, 0.0, 0.0, 0.6285000000000001, 0.0, 0.0, 0.0, 0.0, 0.0, 0.0, 0.0, 0.0, 1.0, 1.0, 1.0, 1.0, 1.0, 0.0, 0.0, 0.0, 0.0, 1.0, 1.0, 1.0, 1.0, 1.0, 1.0, 1.0, 0.0, 1.0, 1.0, 1.0, 1.0, 1.0, 1.0, 0.0375, 1.0, 1.0, 1.0, 1.0, 1.0, 0.0, 0.0, 0.0, 0.0, 1.0, 1.0, 1.0, 1.0, 1.0, 1.0, 1.0, 0.0, 1.0, 1.0, 1.0, 1.0, 1.0, 1.0, 0.0, 1.0, 1.0, 1.0, 1.0, 1.0, 0.0, 0.0, 0.0, 0.0, 1.0, 1.0, 1.0, 1.0, 1.0, 1.0, 1.0, 1.0, 0.0, 0.0, 0.4395, 0.0, 0.0, 0.0, 0.001, 1.0, 0.0, 0.0, 0.0, 0.0, 0.0, 0.0, 0.0, 0.0, 1.0, 1.0, 1.0, 0.0, 1.0, 0.0, 0.0, 1.0, 0.0, 0.0, 1.0, 1.0, 1.0, 0.0, 0.0, 0.0, 0.0, 0.0, 0.0, 0.0, 0.0, 0.0, 0.0, 0.0, 1.0, 1.0, 1.0, 1.0, 0.0, 0.0, 0.0, 0.0, 0.0, 0.0, 0.0, 0.0, 0.0, 1.0, 0.0, 0.0, 1.0, 1.0, 1.0, 1.0, 0.0, 0.4945, 0.0, 0.0, 1.0, 1.0, 1.0, 1.0, 0.0, 0.0, 1.0, 1.0, 1.0, 1.0, 1.0, 1.0, 0.0, 0.0, 0.0, 0.0, 1.0, 1.0, 1.0, 1.0, 1.0, 0.704, 0.296, 0.0, 1.0, 1.0, 1.0, 1.0, 0.0, 0.0, 1.0, 1.0, 1.0, 1.0, 1.0, 1.0, 0.0, 0.0, 0.0, 0.0, 0.006, 1.0, 0.006, 0.708, 0.298, 1.0, 0.298, 1.0, 1.0, 1.0, 1.0, 1.0, 0.0, 0.0, 0.0, 0.0, 1.0, 0.0, 1.0, 1.0, 1.0, 0.0, 0.0, 1.0, 0.0, 1.0, 1.0, 1.0, 0.0, 0.0, 0.0, 0.0, 1.0, 0.224, 1.0, 1.0, 0.776, 0.0, 0.224, 1.0, 1.0, 1.0, 1.0, 1.0, 0.0, 0.0, 0.0, 0.0, 1.0, 1.0, 0.0, 1.0, 1.0, 1.0, 0.0, 1.0, 1.0, 1.0, 1.0, 1.0, 0.0, 0.0, 0.0, 0.0, 1.0, 1.0, 1.0, 1.0, 1.0, 1.0, 1.0, 0.0, 1.0, 1.0, 1.0, 1.0, 0.0, 0.0, 0.0, 0.0, 0.0, 0.0, 0.0, 0.0, 0.0, 0.0, 0.0, 0.0, 1.0, 0.4865, 1.0, 1.0, 1.0, 0.0075, 0.4865, 1.0, 0.0225, 0.0, 0.0, 0.9775, 0.0, 0.0, 0.0, 0.0]",-419.18595103414617,844.9172517286268,-482.430437669722,964.860875339444,0.01,0.0,-5.545177444479562,2.0794415416798357,11.090354888959125,0.01,0.0,-11.090354888959125,2.772588722239781,22.18070977791825,0.5787520451143159,"[1.0, 1.0, 1.0, 1.0, 1.0, 0.0, 1.0, 0.0, 1.0, 1.0, 1.0, 1.0, 1.0, 1.0, 1.0, 0.0, 0.0, 0.0, 0.0, 0.0, 0.0, 0.0, 0.0, 0.0, 1.0, 1.0, 1.0, 1.0, 0.0, 0.0, 1.0, 0.0, 0.0, 0.0, 0.0, 0.0, 0.0, 1.0, 0.0, 0.0, 0.0, 0.0, 0.0, 0.0, 0.0, 0.0, 0.0, 0.0, 1.0, 1.0, 1.0, 1.0, 0.0, 0.0, 0.0, 0.0, 1.0, 1.0, 1.0, 1.0, 0.0, 0.0, 0.0, 0.0, 0.0, 0.0, 0.0, 0.0, 0.0, 1.0, 1.0, 0.0, 1.0, 1.0, 1.0, 1.0, 0.0, 0.0, 0.0, 0.0, 1.0, 1.0, 1.0, 1.0, 0.0, 0.0, 0.0, 0.0, 0.0, 0.0, 0.0, 0.0, 0.0, 0.0, 0.0, 0.0, 1.0, 1.0, 1.0, 1.0, 1.0, 1.0, 1.0, 0.0, 1.0, 1.0, 1.0, 1.0, 1.0, 0.0, 1.0, 0.0, 0.0, 1.0, 0.0, 0.0, 1.0, 1.0, 1.0, 0.0, 1.0, 1.0, 0.0, 1.0, 1.0, 0.0, 0.0, 0.0, 1.0, 1.0, 1.0, 0.0, 1.0, 1.0, 1.0, 1.0, 1.0, 1.0, 1.0, 1.0, 0.0, 0.0, 0.0, 0.0, 1.0, 1.0, 1.0, 0.0, 0.0, 0.0, 1.0, 0.0, 0.0, 0.0, 1.0, 0.0, 0.0, 0.0, 0.0, 0.0, 1.0, 1.0, 1.0, 0.0, 0.0, 0.0, 1.0, 0.0, 0.0, 0.0, 0.0, 1.0, 0.0, 0.0, 0.0, 0.0, 0.0, 0.0, 0.0, 1.0, 0.0, 0.0, 0.0, 0.0, 1.0, 1.0, 1.0, 1.0, 0.0, 0.0, 0.0, 0.0, 1.0, 1.0, 1.0, 0.0, 0.0, 0.0, 1.0, 0.0, 1.0, 1.0, 1.0, 1.0, 0.0, 0.0, 0.0, 0.0, 1.0, 1.0, 1.0, 1.0, 0.0, 0.0, 0.0, 0.0, 1.0, 1.0, 1.0, 1.0, 1.0, 1.0, 1.0, 0.0, 0.0, 0.0, 0.0, 0.0, 1.0, 0.0, 0.0, 0.0, 1.0, 1.0, 1.0, 1.0, 1.0, 1.0, 1.0, 1.0, 1.0, 1.0, 1.0, 1.0, 1.0, 1.0, 1.0, 0.0, 0.0, 0.0, 0.0, 0.0, 0.0, 0.0, 0.0, 0.0, 0.0, 1.0, 0.0, 1.0, 0.0, 1.0, 0.0, 1.0, 0.0, 0.0, 0.0, 1.0, 0.0, 0.0, 0.0, 0.0, 1.0, 1.0, 1.0, 0.0, 0.0, 0.0, 1.0, 0.0, 0.0, 0.0, 1.0, 0.0, 0.0, 0.0, 0.0, 0.0, 0.0, 1.0, 1.0, 1.0, 0.0, 0.0, 0.0, 0.0, 1.0, 1.0, 1.0, 0.0, 1.0, 1.0, 1.0, 1.0, 0.0, 0.0, 1.0, 0.0, 0.0, 0.0, 0.0, 0.0, 1.0, 1.0, 1.0, 1.0, 1.0, 1.0, 1.0, 0.0, 1.0, 1.0, 1.0, 1.0, 0.0, 0.0, 0.0, 0.0, 1.0, 1.0, 1.0, 1.0, 0.0, 0.0, 0.0, 0.0, 0.0, 1.0, 0.0, 0.0, 0.0, 0.0, 0.0, 0.0, 0.0, 0.0, 0.0, 0.0, 0.0, 0.0, 0.0, 0.0, 0.0, 0.0, 0.0, 0.0, 0.0, 0.0, 0.0, 0.0, 1.0, 1.0, 0.0, 1.0, 1.0, 0.0, 1.0, 0.0, 1.0, 1.0, 1.0, 1.0, 1.0, 0.0, 1.0, 1.0, 0.0, 0.0, 0.0, 0.0, 0.0, 1.0, 1.0, 0.0, 1.0, 0.0, 0.0, 1.0, 0.0, 0.0, 0.0, 0.0, 1.0, 1.0, 1.0, 0.0, 0.0, 0.0, 1.0, 0.0, 1.0, 1.0, 1.0, 0.0, 0.0, 0.0, 0.0, 0.0, 1.0, 1.0, 1.0, 1.0, 1.0, 1.0, 1.0, 0.0, 0.0, 0.0, 0.0, 0.0, 0.0, 0.0, 0.0, 0.0, 1.0, 0.0, 1.0, 0.0, 0.0, 0.0, 0.0, 0.0, 1.0, 1.0, 1.0, 1.0, 1.0, 1.0, 1.0, 0.0, 1.0, 1.0, 1.0, 1.0, 1.0, 1.0, 0.0, 1.0, 1.0, 1.0, 1.0, 1.0, 0.0, 0.0, 0.0, 0.0, 1.0, 1.0, 1.0, 1.0, 1.0, 1.0, 1.0, 0.0, 0.0, 1.0, 1.0, 1.0, 0.0, 0.0, 0.0, 0.0, 1.0, 1.0, 1.0, 1.0, 0.0, 0.0, 0.0, 0.0, 1.0, 0.0, 1.0, 0.0, 0.0, 0.0, 0.0, 0.0, 1.0, 1.0, 1.0, 1.0, 1.0, 0.0, 1.0, 0.0, 1.0, 1.0, 1.0, 0.0, 1.0, 1.0, 0.0, 1.0, 1.0, 1.0, 1.0, 1.0, 0.0, 0.0, 0.0, 0.0, 0.0, 0.0, 0.0, 0.0, 0.0, 0.0, 0.0, 0.0, 1.0, 1.0, 1.0, 1.0, 0.0, 0.0, 0.0, 0.0, 0.0, 0.0, 0.0, 0.0, 0.0, 0.0, 0.0, 0.0, 0.0, 0.0, 0.0, 0.0, 0.0, 0.0, 0.0, 0.0, 1.0, 1.0, 0.0, 0.0, 1.0, 1.0, 1.0, 1.0, 1.0, 1.0, 1.0, 1.0, 1.0, 1.0, 1.0, 1.0, 1.0, 1.0, 1.0, 1.0, 1.0, 0.0, 1.0, 1.0, 0.0, 1.0, 0.0, 1.0, 0.0, 1.0, 0.0, 0.0, 1.0, 1.0, 1.0, 1.0, 0.0, 0.0, 1.0, 0.0, 1.0, 1.0, 1.0, 1.0, 0.0, 0.0, 0.0, 0.0, 0.0, 0.0, 0.0, 1.0, 0.0, 0.0, 0.0, 0.0, 1.0, 1.0, 1.0, 1.0, 0.0, 0.0, 0.0, 0.0, 0.0, 1.0, 1.0, 1.0, 0.0, 1.0, 1.0, 0.0, 1.0, 1.0, 1.0, 1.0, 0.0, 0.0, 0.0, 0.0, 1.0, 0.0, 1.0, 1.0, 1.0, 0.0, 0.0, 1.0, 1.0, 1.0, 1.0, 1.0, 1.0, 1.0, 1.0, 0.0, 0.0, 1.0, 1.0, 1.0, 1.0, 1.0, 0.0, 0.0, 1.0, 1.0, 1.0, 1.0, 0.0, 0.0, 0.0, 0.0, 1.0, 1.0, 1.0, 0.0, 0.0, 0.0, 1.0, 0.0, 1.0, 1.0, 1.0, 1.0, 0.0, 0.0, 0.0, 0.0, 0.0, 0.0, 0.0, 0.0, 0.0, 0.0, 0.0, 0.0, 0.0, 0.0, 1.0, 1.0, 0.0, 0.0, 0.0, 0.0, 1.0, 1.0, 1.0, 1.0, 1.0, 0.0, 0.0, 1.0]",-295.2442605392121,597.0338707387587,-482.430437669722,964.860875339444,0.9102400660316717,-8.997362313902473,20.767313350044727,1.2846122460949685,-433.45128860920846,873.4479268787513,True,True,True,True,True,0.75,1.0,0.875,1.0,0.875,1.0,0.8125,1.0,0.875,1.0,0.75,1.0,"Z.exists(lambda x1: Z.equal(x1,'red','colour'),X)","Z.exists(lambda x1: Z.equal(x1,'red','colour'),X)","Z.exists(lambda x1: Z.equal(x1,'red','colour'),X)","Z.exists(lambda x1: Z.equal(x1,'red','colour'),X)",1.0,1.0,1.0,1.0,1.0,0.7083333333333334,0.6982758620689655,0.6867816091954023,0.6954022988505747,0.6925287356321839,5.241379310344827,2000,1916,1916,1,1734,1
84,100,191,tyKsvKn65x,r5Nceq8NRwxS-O_FAAAS,Iota,one is blue,"[False, False, False, True, False, False, False, False]","[False, False, False, True, False, False, False, False]",0.625,0.625,No cones of the same color,"[['x1'],['x1','x2']]","Z.forall(lambda x1: Z.forall(lambda x2: Z.not_operator(Z.equal(x1,x2,'colour')),X),X)",Must not include repeated colors,"[{'ids': [0, 1, 2], 'colours': ['blue', 'green', 'red'], 'sizes': [2, 1, 3], 'xpos': [2.28088342123163, 6.769544469766659, 3.372663474673711], 'ypos': [4.110743082063755, 4.111666666666668, 3.698505498713978], 'rotations': [3.139283690030875, 3.1415926535897927, 2.1690467008066374], 'orientations': ['upright', 'upright', 'strange'], 'contact': [[0, 2], [1], [2, 0]], 'grounded': ['yes', 'yes', 'yes'], 'follow_rule': True}, {'ids': [0, 1, 2], 'colours': ['blue', 'red', 'green'], 'sizes': [2, 3, 1], 'xpos': [3.896174631906879, 6.390649879277134, 2.0302537656243813], 'ypos': [4.107628122848669, 4.107547845149334, 4.106971683581451], 'rotations': [3.1410813660620245, 3.1423174718514413, 3.140177883873934], 'orientations': ['upright', 'upright', 'upright'], 'contact': [[0], [1], [2]], 'grounded': ['yes', 'yes', 'yes'], 'follow_rule': True}, {'ids': [0, 1, 2], 'colours': ['green', 'red', 'blue'], 'sizes': [3, 2, 1], 'xpos': [1.9304459819949977, 4.795565649424479, 3.4549233503748464], 'ypos': [4.1081649999386975, 4.107184553935296, 4.10751188105856], 'rotations': [3.139833166028265, 3.1414936547376637, 3.1457896148333866], 'orientations': ['upright', 'upright', 'upright'], 'contact': [[0], [1], [2]], 'grounded': ['yes', 'yes', 'yes'], 'follow_rule': True}, {'ids': [0, 1, 2], 'colours': ['green', 'blue', 'red'], 'sizes': [3, 3, 3], 'xpos': [6.5261386816348885, 3.4685372342154026, 1.7577730417260937], 'ypos': [4.108064073006468, 4.108157119261264, 4.108488831981829], 'rotations': [3.1426116965957966, 3.1432980222946982, 3.1416462578429845], 'orientations': ['upright', 'upright', 'upright'], 'contact': [[0], [1], [2]], 'grounded': ['yes', 'yes', 'yes'], 'follow_rule': True}, {'ids': [0, 1, 2], 'colours': ['green', 'green', 'blue'], 'sizes': [3, 3, 3], 'xpos': [6.460457621005887, 3.6109479637238375, 2.546913511978113], 'ypos': [4.108070476839709, 4.107856943539641, 4.10791714242186], 'rotations': [3.141718624329968, 3.140450523499567, 3.1425759111259732], 'orientations': ['upright', 'upright', 'upright'], 'contact': [[0], [1], [2]], 'grounded': ['yes', 'yes', 'yes'], 'follow_rule': True}, {'ids': [0, 1, 2, 3], 'colours': ['green', 'blue', 'red', 'blue'], 'sizes': [3, 3, 3, 3], 'xpos': [2.1737245844561217, 5.470552359921679, 0.6986161407929171, 4.005900324222704], 'ypos': [4.109011357321484, 4.108521169722976, 4.108321183410797, 4.108477313685953], 'rotations': [3.144142338909086, 3.1421466242685554, 3.1379739421716315, 3.142309439517765], 'orientations': ['upright', 'upright', 'upright', 'upright'], 'contact': [[0], [1], [2], [3]], 'grounded': ['yes', 'yes', 'yes', 'yes'], 'follow_rule': False}, {'ids': [0, 1, 2], 'colours': ['green', 'blue', 'red'], 'sizes': [1, 1, 1], 'xpos': [4.906361085904227, 2.184200671302567, 3.80359181696935], 'ypos': [4.109625745628438, 4.108192871599821, 4.108330582187027], 'rotations': [3.134789530984926, 3.1383669432603956, 3.138791396067786], 'orientations': ['upright', 'upright', 'upright'], 'contact': [[0], [1], [2]], 'grounded': ['yes', 'yes', 'yes'], 'follow_rule': True}, {'ids': [0, 1, 2], 'colours': ['blue', 'red', 'green'], 'sizes': [2, 2, 2], 'xpos': [1.6919163929588081, 0.9783331716742534, 1.6939236885301743], 'ypos': [4.111359315583737, 3.724655706434358, 3.8053137304046434], 'rotations': [3.1423629624243947, 1.867425908451581, 3.142434107048535], 'orientations': ['upright', 'strange', 'upright'], 'contact': [[0, 2], [1], [2, 0]], 'grounded': ['yes', 'yes', 'no'], 'follow_rule': True}, {'ids': [0, 1, 2, 3, 4], 'colours': ['red', 'green', 'red', 'blue', 'green'], 'sizes': [3, 1, 1, 2, 3], 'xpos': [5.12691938557365, 5.11503131679493, 4.23727953775697, 6.19519140108846, 3.42148978150856], 'ypos': [4.16166666682932, 3.21450769513128, 4.15833270210236, 3.780270212316, 4.15777826181353], 'rotations': [3.14159265356107, 3.17396503839037, 3.13596899439433, 5.0484168782327, 3.14163950292034], 'contact': [[0, 1], [1, 0], 2, 3, 4], 'grounded': ['yes', 'no', 'yes', 'yes', 'yes']}, {'ids': [0, 1, 2, 3], 'colours': ['green', 'green', 'red', 'blue'], 'sizes': [1, 3, 1, 2], 'xpos': [1.95640316882102, 3.82119006463636, 5.49466900932729, 4.94512429018313], 'ypos': [4.1575463669092, 3.68793264237984, 3.88075060909874, 3.82370041726639], 'rotations': [3.14042586215534, 5.03796059957422, 5.07099533912214, 4.13396592888911], 'contact': [0, 1, [2, 3], [3, 2]], 'grounded': ['yes', 'yes', 'yes', 'yes']}, {'ids': [0, 1, 2, 3, 4], 'colours': ['red', 'blue', 'red', 'green', 'green'], 'sizes': [3, 1, 2, 2, 1], 'xpos': [6.01871423256697, 2.01992789098242, 4.13597794449854, 0.774406281828649, 4.80555851531279], 'ypos': [3.68393205570556, 4.15898574652681, 4.15794140291817, 3.77979942907755, 3.98725786368743], 'rotations': [1.24414891831718, 3.14156263599238, 3.14292046357041, 5.04964608195148, 2.53998237313469], 'contact': [[0, 4], 1, 2, 3, [4, 0]], 'grounded': ['yes', 'yes', 'yes', 'yes', 'yes']}, {'ids': [0, 1], 'colours': ['blue', 'green'], 'sizes': [1, 2], 'xpos': [1.67047327443096, 4.46813203908946], 'ypos': [4.15694705663294, 4.15819949787589], 'rotations': [3.14214596161258, 3.14225319301416], 'contact': [{'V1': 0, 'V2': 1}], 'grounded': ['yes', 'yes']}, {'ids': [0, 1, 2, 3, 4], 'colours': ['blue', 'blue', 'red', 'blue', 'red'], 'sizes': [1, 1, 3, 2, 3], 'xpos': [2.9749447690173, 1.59038636414738, 1.89943344290003, 0.742265142690783, 5.82945571924824], 'ypos': [4.14706432996679, 4.15682792868204, 3.68436535365509, 3.87793736870491, 4.15825788448378], 'rotations': [3.19018443917557, 3.14127258207092, 4.38185242264156, 2.36758036264438, 3.14223131257379], 'contact': [[0, 2], 1, [2, 0], 3, 4], 'grounded': ['yes', 'yes', 'yes', 'yes', 'yes']}, {'ids': [0, 1, 2, 3, 4], 'colours': ['blue', 'blue', 'red', 'red', 'blue'], 'sizes': [1, 1, 2, 3, 2], 'xpos': [3.86710801315826, 0.780465760873674, 4.72248955423569, 3.06295468416754, 7.04671297081929], 'ypos': [4.1448491118357, 4.15796013032216, 4.15793209798963, 3.75002575259372, 4.15761808534214], 'rotations': [3.19364501547634, 3.14186836777695, 3.13970081999877, 4.09252896570911, 3.14406240189392], 'contact': [[0, 3], 1, 2, [3, 0], 4], 'grounded': ['yes', 'yes', 'yes', 'yes', 'yes']}, {'ids': [0, 1, 2, 3], 'colours': ['blue', 'green', 'blue', 'red'], 'sizes': [1, 2, 1, 3], 'xpos': [0.414928997162714, 1.7723984589512, 5.75738502777065, 6.08770777718876], 'ypos': [4.15743978227501, 4.15711897749998, 3.88075060909862, 3.89628768750355], 'rotations': [3.14447951863788, 3.14010156096646, 5.07099533912207, 3.69409526653564], 'contact': [0, 1, [2, 3], [3, 2]], 'grounded': ['yes', 'yes', 'yes', 'yes']}, {'ids': [0, 1, 2, 3, 4], 'colours': ['green', 'red', 'green', 'green', 'red'], 'sizes': [2, 2, 3, 3, 2], 'xpos': [1.30426887924571, 1.8868098606311, 6.83333126813548, 2.79429839111229, 3.83407517131883], 'ypos': [3.78000391300947, 4.15881602818333, 3.73307814239637, 4.15736329550291, 4.15804254736289], 'rotations': [1.23253748876037, 3.14240000646429, 4.1567939442383, 3.14166932108615, 3.1439673324419], 'contact': [0, [1, 3], 2, [3, 1], 4], 'grounded': ['yes', 'yes', 'yes', 'yes', 'yes']}]","[False, True, False, False, True, True, False, False]","[True, False, True, False, False, False, True, True]","[False, False, False, True, False, False, False, False]","[False, True, False, False, True, True, False, False]","[False, True, False, False, True, True, False, False]","[True, False, True, False, False, False, True, True]","[False, False, False, True, False, False, False, False]","[False, True, False, False, True, True, False, False]",0.25,0.25,0.0,0.0,0.5,0.5,0.25,0.25,0.375,0.375,0.0,0.0,0.5,0.5,1.9575780487552714,-5.292505905351915,-5.545177444479562,12.664453352383665,11.090354888959125,1.957622452887443,-10.58501181053445,-11.090354888959125,23.94261234330868,22.18070977791825,1.0502311195665048,"[1.0, 1.0, 1.0, 1.0, 1.0, 0.0, 1.0, 0.0, 1.0, 1.0, 1.0, 1.0, 1.0, 1.0, 1.0, 0.0135, 0.9530000000000001, 0.092, 0.5895, 0.5895, 1.0, 0.0, 0.0, 0.861, 1.0, 1.0, 1.0, 0.2925, 0.999, 0.999, 1.0, 0.7155, 0.0, 0.0, 1.0, 0.0, 0.0, 0.0, 1.0, 0.0, 0.0, 0.0, 1.0, 0.0, 0.0, 0.0, 1.0, 0.0, 1.0, 1.0, 1.0, 1.0, 0.0, 0.0, 0.0, 0.0, 1.0, 1.0, 1.0, 1.0, 0.935, 0.935, 0.935, 0.935, 1.0, 1.0, 1.0, 1.0, 0.0, 1.0, 0.0, 0.0, 0.0, 1.0, 1.0, 1.0, 1.0, 1.0, 1.0, 1.0, 1.0, 1.0, 1.0, 1.0, 0.0935, 0.0935, 0.0935, 0.0935, 1.0, 1.0, 1.0, 1.0, 1.0, 1.0, 1.0, 1.0, 1.0, 1.0, 1.0, 1.0, 1.0, 1.0, 1.0, 0.013000000000000001, 1.0, 1.0, 0.998, 1.0, 1.0, 0.002, 0.998, 0.002, 1.0, 1.0, 1.0, 1.0, 1.0, 1.0, 1.0, 0.0, 0.973, 1.0, 0.9530000000000001, 1.0, 0.8925000000000001, 0.9195, 0.17400000000000002, 0.201, 1.0, 1.0, 1.0, 1.0, 0.0, 0.0, 0.0, 0.0, 1.0, 1.0, 1.0, 0.24, 1.0, 1.0, 0.968, 1.0, 0.653, 0.653, 0.653, 1.0, 0.2535, 0.2535, 0.7035, 0.10300000000000001, 1.0, 1.0, 1.0, 1.0, 0.0, 1.0, 0.0, 0.0, 1.0, 1.0, 1.0, 0.012, 0.988, 0.988, 1.0, 1.0, 1.0, 0.0, 1.0, 1.0, 1.0, 0.0, 0.0, 1.0, 0.0, 0.0, 0.0, 1.0, 1.0, 0.0, 0.0, 0.0, 1.0, 1.0, 1.0, 1.0, 0.0, 0.0, 0.0, 0.0, 1.0, 1.0, 1.0, 1.0, 0.0, 0.0, 0.0, 0.0, 1.0, 1.0, 1.0, 1.0, 1.0, 1.0, 0.841, 1.0, 1.0, 1.0, 1.0, 1.0, 0.0, 0.0, 0.0, 0.0, 1.0, 1.0, 1.0, 1.0, 1.0, 1.0, 1.0, 0.0, 0.197, 0.0, 0.85, 0.653, 0.803, 0.0, 0.0, 0.0, 0.8525, 0.847, 0.9935, 0.847, 0.28300000000000003, 0.4305, 0.426, 0.426, 1.0, 1.0, 1.0, 1.0, 1.0, 1.0, 1.0, 0.0, 0.798, 1.0, 0.7995, 0.7995, 0.0275, 0.029, 0.2265, 0.1975, 1.0, 1.0, 1.0, 1.0, 0.0, 0.0, 0.0, 0.0, 0.862, 0.854, 0.8595, 0.8955000000000001, 0.045, 0.0005, 0.8695, 0.8505, 1.0, 1.0, 1.0, 0.022, 1.0, 1.0, 1.0, 0.978, 0.28400000000000003, 0.0145, 0.1885, 0.0275, 0.2755, 0.0, 0.0015, 0.013000000000000001, 0.0, 0.0, 0.0, 1.0, 1.0, 0.0, 0.0, 0.0, 1.0, 1.0, 1.0, 1.0, 0.0, 0.0, 0.0, 0.0, 1.0, 1.0, 1.0, 1.0, 1.0, 0.0, 1.0, 0.0, 1.0, 1.0, 1.0, 1.0, 1.0, 1.0, 1.0, 0.0, 1.0, 1.0, 1.0, 0.728, 0.8265, 0.5545, 0.5545, 0.8265, 1.0, 1.0, 1.0, 1.0, 1.0, 1.0, 1.0, 1.0, 1.0, 1.0, 1.0, 0.8715, 0.9365, 0.8695, 0.8695, 0.9365, 0.229, 0.229, 0.229, 0.229, 0.801, 0.03, 0.03, 0.801, 0.0, 0.0, 0.0, 1.0, 1.0, 0.0, 0.0, 0.0, 0.108, 0.114, 0.2315, 0.108, 0.114, 0.07050000000000001, 0.0495, 0.006, 1.0, 1.0, 1.0, 1.0, 0.0, 0.0, 0.0, 0.0, 0.8955000000000001, 0.895, 0.0115, 0.0, 0.883, 0.0, 0.0, 0.0, 1.0, 1.0, 1.0, 1.0, 0.0, 0.0, 0.0, 0.0, 0.902, 0.902, 0.902, 0.678, 0.88, 0.88, 0.902, 0.807, 1.0, 1.0, 1.0, 1.0, 0.0, 0.0, 0.0, 0.0, 1.0, 1.0, 1.0, 1.0, 1.0, 1.0, 1.0, 0.0, 1.0, 1.0, 1.0, 1.0, 0.0, 0.0, 0.0, 0.0, 1.0, 1.0, 1.0, 1.0, 0.008, 0.008, 0.008, 0.008, 1.0, 1.0, 1.0, 1.0, 1.0, 1.0, 1.0, 0.0, 1.0, 1.0, 1.0, 1.0, 1.0, 1.0, 0.6980000000000001, 1.0, 1.0, 1.0, 1.0, 1.0, 0.0, 0.0, 0.0, 0.0, 1.0, 1.0, 1.0, 1.0, 1.0, 1.0, 1.0, 0.0, 0.9530000000000001, 0.9530000000000001, 0.9530000000000001, 1.0, 1.0, 1.0, 0.641, 0.9530000000000001, 1.0, 1.0, 1.0, 1.0, 0.0, 0.0, 0.0, 0.0, 1.0, 1.0, 1.0, 1.0, 1.0, 1.0, 1.0, 1.0, 1.0, 1.0, 1.0, 1.0, 0.0, 0.0, 0.0, 0.0, 1.0, 1.0, 1.0, 1.0, 1.0, 1.0, 1.0, 1.0, 1.0, 1.0, 1.0, 1.0, 0.021500000000000002, 0.021500000000000002, 0.021500000000000002, 0.021500000000000002, 0.021500000000000002, 0.003, 0.02, 0.0095, 0.0095, 0.964, 0.9555, 0.0095, 1.0, 1.0, 1.0, 1.0, 1.0, 1.0, 1.0, 1.0, 1.0, 1.0, 1.0, 1.0, 0.0, 0.0, 0.0, 0.0, 1.0, 1.0, 1.0, 1.0, 0.0, 0.0, 1.0, 1.0, 1.0, 0.873, 0.198, 0.198, 1.0, 1.0, 0.6905, 1.0, 1.0, 1.0, 1.0, 1.0, 1.0, 1.0, 1.0, 0.0, 1.0, 0.999, 0.999, 1.0, 0.0025, 0.0025, 0.0025, 0.0025, 1.0, 1.0, 1.0, 1.0, 1.0, 0.686, 0.314, 0.0, 1.0, 1.0, 1.0, 1.0, 0.524, 0.524, 1.0, 0.47600000000000003, 1.0, 1.0, 1.0, 1.0, 0.008, 0.008, 0.008, 0.008, 0.9935, 0.9935, 0.9775, 0.9935, 0.9935, 0.0225, 0.988, 0.017, 1.0, 1.0, 1.0, 1.0, 0.0725, 0.0725, 0.0725, 0.0725, 0.041, 1.0, 1.0, 0.9590000000000001, 0.041, 0.9590000000000001, 1.0, 0.0, 0.7435, 0.9835, 0.7425, 0.986, 0.7435, 0.7435, 0.256, 0.987, 1.0, 0.005, 1.0, 1.0, 1.0, 0.005, 0.005, 1.0, 1.0, 1.0, 1.0, 1.0, 1.0, 1.0, 1.0, 0.0, 1.0, 1.0, 1.0, 1.0, 0.0, 0.0, 0.0, 0.0, 1.0, 1.0, 1.0, 1.0, 0.0, 0.0, 0.0, 0.0, 0.9705, 0.9705, 0.9145, 1.0, 0.8015, 0.8015, 0.9705, 0.7865, 1.0, 1.0, 1.0, 1.0, 0.0, 0.0, 0.0, 0.0, 1.0, 1.0, 1.0, 1.0, 0.0, 0.0, 0.0, 0.0, 1.0, 1.0, 1.0, 1.0, 0.0, 0.0, 0.0, 0.0, 1.0, 1.0, 1.0, 1.0, 1.0, 1.0, 1.0, 1.0]",-418.5875071169283,843.720363894191,-482.430437669722,964.860875339444,0.5138983422688457,-3.0141612900514945,8.107764121782825,1.0,-8.012187000291565,18.79696272282291,0.6334250289943713,"[1.0, 1.0, 1.0, 1.0, 1.0, 0.0, 1.0, 0.0, 1.0, 1.0, 1.0, 1.0, 1.0, 1.0, 1.0, 0.0, 0.0, 0.0, 0.0, 0.0, 0.0, 0.0, 0.0, 0.0, 1.0, 1.0, 1.0, 0.0, 0.0, 0.0, 1.0, 0.0, 0.0, 0.0, 1.0, 1.0, 0.0, 1.0, 1.0, 1.0, 1.0, 1.0, 1.0, 1.0, 0.0, 0.0, 1.0, 1.0, 1.0, 1.0, 1.0, 1.0, 0.0, 0.0, 0.0, 0.0, 1.0, 1.0, 1.0, 1.0, 0.0, 0.0, 0.0, 0.0, 0.0, 0.0, 0.0, 0.0, 0.0, 1.0, 1.0, 0.0, 1.0, 1.0, 1.0, 1.0, 0.0, 0.0, 0.0, 0.0, 1.0, 1.0, 1.0, 1.0, 0.0, 0.0, 0.0, 0.0, 1.0, 1.0, 1.0, 1.0, 1.0, 1.0, 0.0, 1.0, 1.0, 1.0, 1.0, 1.0, 1.0, 1.0, 1.0, 0.0, 1.0, 1.0, 1.0, 1.0, 1.0, 0.0, 1.0, 0.0, 0.0, 1.0, 0.0, 0.0, 1.0, 1.0, 1.0, 0.0, 1.0, 1.0, 0.0, 1.0, 1.0, 0.0, 0.0, 0.0, 1.0, 1.0, 1.0, 0.0, 1.0, 1.0, 1.0, 1.0, 1.0, 1.0, 1.0, 1.0, 0.0, 0.0, 0.0, 0.0, 1.0, 1.0, 1.0, 0.0, 0.0, 0.0, 1.0, 0.0, 0.0, 0.0, 1.0, 0.0, 0.0, 0.0, 0.0, 0.0, 1.0, 1.0, 1.0, 0.0, 0.0, 0.0, 1.0, 0.0, 0.0, 0.0, 0.0, 1.0, 0.0, 0.0, 0.0, 0.0, 0.0, 0.0, 0.0, 1.0, 0.0, 0.0, 0.0, 0.0, 1.0, 1.0, 1.0, 1.0, 0.0, 0.0, 0.0, 0.0, 1.0, 1.0, 1.0, 0.0, 0.0, 0.0, 1.0, 0.0, 1.0, 1.0, 1.0, 1.0, 0.0, 0.0, 0.0, 0.0, 1.0, 1.0, 1.0, 1.0, 0.0, 0.0, 0.0, 0.0, 1.0, 1.0, 1.0, 1.0, 1.0, 1.0, 1.0, 0.0, 0.0, 0.0, 0.0, 0.0, 1.0, 0.0, 0.0, 0.0, 1.0, 1.0, 1.0, 1.0, 1.0, 1.0, 1.0, 1.0, 1.0, 1.0, 1.0, 1.0, 1.0, 1.0, 1.0, 0.0, 0.0, 0.0, 0.0, 0.0, 0.0, 0.0, 0.0, 0.0, 0.0, 1.0, 0.0, 1.0, 0.0, 1.0, 0.0, 1.0, 0.0, 0.0, 0.0, 1.0, 0.0, 0.0, 0.0, 0.0, 1.0, 1.0, 1.0, 0.0, 0.0, 0.0, 1.0, 0.0, 1.0, 1.0, 1.0, 1.0, 1.0, 0.0, 1.0, 0.0, 0.0, 1.0, 1.0, 1.0, 0.0, 0.0, 0.0, 0.0, 1.0, 1.0, 1.0, 0.0, 1.0, 1.0, 1.0, 1.0, 0.0, 1.0, 1.0, 1.0, 0.0, 0.0, 0.0, 0.0, 1.0, 1.0, 1.0, 1.0, 1.0, 1.0, 1.0, 0.0, 1.0, 1.0, 1.0, 1.0, 0.0, 0.0, 0.0, 0.0, 1.0, 1.0, 1.0, 1.0, 0.0, 0.0, 0.0, 0.0, 0.0, 1.0, 0.0, 0.0, 0.0, 0.0, 0.0, 0.0, 1.0, 1.0, 1.0, 1.0, 1.0, 0.0, 1.0, 1.0, 0.0, 0.0, 0.0, 0.0, 0.0, 1.0, 1.0, 0.0, 1.0, 1.0, 1.0, 1.0, 1.0, 0.0, 1.0, 0.0, 1.0, 1.0, 1.0, 1.0, 1.0, 0.0, 1.0, 1.0, 0.0, 0.0, 0.0, 0.0, 0.0, 1.0, 1.0, 0.0, 1.0, 0.0, 0.0, 1.0, 0.0, 0.0, 0.0, 0.0, 1.0, 1.0, 1.0, 0.0, 0.0, 0.0, 1.0, 0.0, 1.0, 1.0, 1.0, 0.0, 0.0, 0.0, 0.0, 0.0, 1.0, 1.0, 1.0, 1.0, 1.0, 1.0, 1.0, 0.0, 0.0, 0.0, 0.0, 0.0, 0.0, 0.0, 0.0, 0.0, 1.0, 0.0, 1.0, 0.0, 0.0, 0.0, 0.0, 0.0, 1.0, 1.0, 1.0, 1.0, 1.0, 1.0, 1.0, 0.0, 1.0, 1.0, 1.0, 1.0, 1.0, 1.0, 0.0, 1.0, 1.0, 1.0, 1.0, 1.0, 0.0, 0.0, 0.0, 0.0, 1.0, 1.0, 1.0, 1.0, 1.0, 1.0, 1.0, 0.0, 0.0, 1.0, 1.0, 1.0, 0.0, 0.0, 0.0, 0.0, 1.0, 1.0, 1.0, 1.0, 0.0, 0.0, 0.0, 0.0, 1.0, 0.0, 1.0, 0.0, 0.0, 0.0, 0.0, 0.0, 1.0, 1.0, 1.0, 1.0, 1.0, 0.0, 1.0, 0.0, 1.0, 1.0, 1.0, 0.0, 1.0, 1.0, 0.0, 1.0, 1.0, 1.0, 1.0, 1.0, 0.0, 0.0, 0.0, 0.0, 0.0, 0.0, 0.0, 0.0, 0.0, 1.0, 0.0, 0.0, 1.0, 1.0, 1.0, 1.0, 0.0, 0.0, 0.0, 0.0, 0.0, 0.0, 0.0, 0.0, 0.0, 0.0, 0.0, 0.0, 1.0, 0.0, 1.0, 0.0, 0.0, 0.0, 0.0, 0.0, 1.0, 1.0, 0.0, 0.0, 1.0, 1.0, 1.0, 1.0, 1.0, 1.0, 1.0, 1.0, 1.0, 1.0, 1.0, 1.0, 1.0, 1.0, 1.0, 1.0, 1.0, 0.0, 1.0, 1.0, 0.0, 1.0, 0.0, 1.0, 0.0, 1.0, 0.0, 0.0, 1.0, 1.0, 1.0, 1.0, 0.0, 0.0, 1.0, 0.0, 1.0, 1.0, 1.0, 1.0, 0.0, 0.0, 0.0, 0.0, 0.0, 0.0, 0.0, 1.0, 0.0, 0.0, 0.0, 0.0, 1.0, 1.0, 1.0, 1.0, 0.0, 0.0, 0.0, 0.0, 0.0, 1.0, 1.0, 1.0, 0.0, 1.0, 1.0, 0.0, 1.0, 1.0, 1.0, 1.0, 0.0, 0.0, 0.0, 0.0, 1.0, 0.0, 1.0, 1.0, 1.0, 0.0, 0.0, 1.0, 1.0, 1.0, 1.0, 1.0, 1.0, 1.0, 1.0, 0.0, 0.0, 1.0, 1.0, 1.0, 1.0, 1.0, 0.0, 0.0, 1.0, 1.0, 1.0, 1.0, 0.0, 0.0, 0.0, 0.0, 1.0, 1.0, 1.0, 0.0, 0.0, 0.0, 1.0, 0.0, 1.0, 1.0, 1.0, 1.0, 0.0, 0.0, 0.0, 0.0, 0.0, 0.0, 0.0, 0.0, 0.0, 0.0, 0.0, 0.0, 0.0, 1.0, 0.0, 1.0, 0.0, 1.0, 1.0, 0.0, 1.0, 1.0, 1.0, 1.0, 1.0, 0.0, 0.0, 1.0]",-318.3726801373107,643.2907099349558,0.5138983422688457,-3.0141612900514945,-5.545177444479562,8.107764121782825,11.090354888959125,1.0,-8.012187000291565,-11.090354888959125,18.79696272282291,22.18070977791825,0.6173530694834558,"[1.0, 1.0, 1.0, 1.0, 1.0, 0.0, 1.0, 0.0, 1.0, 1.0, 1.0, 1.0, 1.0, 1.0, 1.0, 0.0, 0.0, 0.0, 0.0, 0.0, 0.0, 0.0, 0.0, 0.0, 1.0, 1.0, 1.0, 0.0, 0.0, 0.0, 1.0, 0.0, 0.0, 0.0, 1.0, 1.0, 0.0, 1.0, 1.0, 1.0, 0.0, 0.0, 0.0, 0.0, 0.0, 0.0, 0.0, 0.0, 1.0, 1.0, 1.0, 1.0, 0.0, 0.0, 0.0, 0.0, 1.0, 1.0, 1.0, 1.0, 0.0, 0.0, 0.0, 0.0, 0.0, 0.0, 0.0, 0.0, 0.0, 1.0, 1.0, 0.0, 0.0, 0.0, 0.0, 1.0, 0.0, 0.0, 0.0, 0.0, 1.0, 1.0, 1.0, 1.0, 0.0, 0.0, 0.0, 0.0, 0.0, 0.0, 0.0, 0.0, 1.0, 1.0, 0.0, 1.0, 1.0, 1.0, 1.0, 1.0, 1.0, 1.0, 1.0, 0.0, 1.0, 1.0, 1.0, 1.0, 1.0, 0.0, 1.0, 0.0, 0.0, 1.0, 0.0, 0.0, 1.0, 1.0, 1.0, 0.0, 1.0, 1.0, 0.0, 1.0, 1.0, 0.0, 0.0, 0.0, 1.0, 1.0, 1.0, 0.0, 1.0, 1.0, 1.0, 1.0, 1.0, 1.0, 1.0, 1.0, 0.0, 0.0, 0.0, 0.0, 1.0, 1.0, 1.0, 0.0, 0.0, 0.0, 1.0, 0.0, 0.0, 0.0, 1.0, 0.0, 0.0, 0.0, 0.0, 0.0, 1.0, 1.0, 1.0, 0.0, 0.0, 0.0, 1.0, 0.0, 0.0, 0.0, 0.0, 1.0, 0.0, 0.0, 0.0, 0.0, 0.0, 0.0, 0.0, 1.0, 0.0, 0.0, 0.0, 0.0, 1.0, 1.0, 1.0, 1.0, 0.0, 0.0, 0.0, 0.0, 1.0, 1.0, 1.0, 0.0, 0.0, 0.0, 1.0, 0.0, 1.0, 1.0, 1.0, 1.0, 0.0, 0.0, 0.0, 0.0, 1.0, 1.0, 1.0, 1.0, 0.0, 0.0, 0.0, 0.0, 1.0, 1.0, 1.0, 1.0, 1.0, 1.0, 1.0, 0.0, 0.0, 0.0, 0.0, 0.0, 1.0, 0.0, 0.0, 0.0, 1.0, 1.0, 1.0, 1.0, 1.0, 1.0, 1.0, 1.0, 1.0, 1.0, 1.0, 1.0, 1.0, 1.0, 1.0, 0.0, 0.0, 0.0, 0.0, 0.0, 0.0, 0.0, 0.0, 0.0, 0.0, 1.0, 0.0, 1.0, 0.0, 1.0, 0.0, 1.0, 0.0, 0.0, 0.0, 1.0, 0.0, 0.0, 0.0, 0.0, 1.0, 1.0, 1.0, 0.0, 0.0, 0.0, 1.0, 0.0, 1.0, 1.0, 1.0, 1.0, 1.0, 0.0, 1.0, 0.0, 0.0, 1.0, 1.0, 1.0, 0.0, 0.0, 0.0, 0.0, 1.0, 1.0, 1.0, 0.0, 1.0, 1.0, 1.0, 1.0, 0.0, 1.0, 1.0, 1.0, 0.0, 0.0, 0.0, 0.0, 1.0, 1.0, 1.0, 1.0, 1.0, 1.0, 1.0, 0.0, 1.0, 1.0, 1.0, 1.0, 0.0, 0.0, 0.0, 0.0, 1.0, 1.0, 1.0, 1.0, 0.0, 0.0, 0.0, 0.0, 0.0, 1.0, 0.0, 0.0, 0.0, 0.0, 0.0, 0.0, 0.0, 0.0, 0.0, 0.0, 0.0, 0.0, 0.0, 0.0, 1.0, 0.0, 1.0, 1.0, 1.0, 0.0, 0.0, 1.0, 1.0, 1.0, 1.0, 1.0, 1.0, 0.0, 1.0, 0.0, 1.0, 1.0, 1.0, 1.0, 1.0, 0.0, 1.0, 1.0, 0.0, 0.0, 0.0, 0.0, 0.0, 1.0, 1.0, 0.0, 1.0, 0.0, 0.0, 1.0, 0.0, 0.0, 0.0, 0.0, 1.0, 1.0, 1.0, 0.0, 0.0, 0.0, 1.0, 0.0, 1.0, 1.0, 1.0, 0.0, 0.0, 0.0, 0.0, 0.0, 1.0, 1.0, 1.0, 1.0, 1.0, 1.0, 1.0, 0.0, 0.0, 0.0, 0.0, 0.0, 0.0, 0.0, 0.0, 0.0, 1.0, 0.0, 1.0, 0.0, 0.0, 0.0, 0.0, 0.0, 1.0, 1.0, 1.0, 1.0, 1.0, 1.0, 1.0, 0.0, 1.0, 1.0, 1.0, 1.0, 1.0, 1.0, 0.0, 1.0, 1.0, 1.0, 1.0, 1.0, 0.0, 0.0, 0.0, 0.0, 1.0, 1.0, 1.0, 1.0, 1.0, 1.0, 1.0, 0.0, 0.0, 1.0, 1.0, 1.0, 0.0, 0.0, 0.0, 0.0, 1.0, 1.0, 1.0, 1.0, 0.0, 0.0, 0.0, 0.0, 1.0, 0.0, 1.0, 0.0, 0.0, 0.0, 0.0, 0.0, 1.0, 1.0, 1.0, 1.0, 1.0, 0.0, 1.0, 0.0, 1.0, 1.0, 1.0, 0.0, 1.0, 1.0, 0.0, 1.0, 1.0, 1.0, 1.0, 1.0, 0.0, 0.0, 0.0, 0.0, 0.0, 0.0, 0.0, 0.0, 0.0, 1.0, 0.0, 0.0, 1.0, 1.0, 1.0, 1.0, 0.0, 0.0, 0.0, 0.0, 0.0, 0.0, 0.0, 0.0, 0.0, 0.0, 0.0, 0.0, 1.0, 0.0, 1.0, 0.0, 0.0, 0.0, 0.0, 0.0, 1.0, 1.0, 0.0, 0.0, 1.0, 1.0, 1.0, 1.0, 1.0, 1.0, 1.0, 1.0, 1.0, 1.0, 1.0, 1.0, 1.0, 1.0, 1.0, 1.0, 1.0, 0.0, 1.0, 1.0, 0.0, 1.0, 0.0, 1.0, 0.0, 1.0, 0.0, 0.0, 1.0, 1.0, 1.0, 1.0, 0.0, 0.0, 1.0, 0.0, 1.0, 1.0, 1.0, 1.0, 0.0, 0.0, 0.0, 0.0, 0.0, 0.0, 0.0, 1.0, 0.0, 0.0, 0.0, 0.0, 1.0, 1.0, 1.0, 1.0, 0.0, 0.0, 0.0, 0.0, 0.0, 1.0, 1.0, 1.0, 0.0, 1.0, 1.0, 0.0, 1.0, 1.0, 1.0, 1.0, 0.0, 0.0, 0.0, 0.0, 1.0, 0.0, 1.0, 1.0, 1.0, 0.0, 0.0, 1.0, 1.0, 1.0, 1.0, 1.0, 1.0, 1.0, 1.0, 0.0, 0.0, 0.0, 1.0, 0.0, 0.0, 1.0, 0.0, 0.0, 1.0, 1.0, 1.0, 1.0, 0.0, 0.0, 0.0, 0.0, 1.0, 1.0, 1.0, 0.0, 0.0, 0.0, 1.0, 0.0, 1.0, 1.0, 1.0, 1.0, 0.0, 0.0, 0.0, 0.0, 0.0, 0.0, 0.0, 0.0, 0.0, 0.0, 0.0, 0.0, 0.0, 1.0, 0.0, 1.0, 0.0, 1.0, 1.0, 0.0, 1.0, 1.0, 1.0, 1.0, 1.0, 0.0, 0.0, 1.0]",-311.9759791000219,630.4973078603782,-482.430437669722,964.860875339444,0.5138983422688457,-3.0141612900514945,-5.545177444479562,8.107764121782825,11.090354888959125,1.7045392551817165,-10.514104979871309,-11.090354888959125,23.8007986819824,22.18070977791825,1.0908740239314543,"[0.0, 0.0, 1.0, 0.0, 0.0, 0.0, 0.0, 0.0, 1.0, 1.0, 1.0, 1.0, 0.877, 0.877, 0.877, 0.0, 1.0, 0.259, 1.0, 1.0, 0.8015, 0.0, 0.259, 1.0, 1.0, 1.0, 1.0, 1.0, 1.0, 1.0, 1.0, 0.0, 0.0, 0.0, 1.0, 0.0, 0.0, 0.0, 1.0, 0.0, 0.0, 0.0, 1.0, 0.0, 0.0, 0.0, 1.0, 0.0, 0.0, 0.0, 0.0, 0.0775, 0.0, 0.0, 0.1635, 0.47100000000000003, 1.0, 1.0, 1.0, 1.0, 0.0, 0.0, 0.0, 0.0, 0.0, 0.0, 0.0, 0.0, 0.0, 0.0, 0.0, 0.0, 1.0, 1.0, 1.0, 1.0, 1.0, 1.0, 1.0, 0.0, 1.0, 1.0, 1.0, 1.0, 0.0, 0.0, 0.0, 0.0, 0.0, 0.0, 0.0, 0.0, 0.0, 0.113, 0.113, 0.0, 0.0, 0.0, 0.0, 1.0, 0.0, 0.0, 0.0, 0.0, 1.0, 1.0, 1.0, 1.0, 0.0, 0.0, 0.0, 0.0, 0.9995, 1.0, 1.0, 0.663, 1.0, 1.0, 1.0, 0.353, 1.0, 1.0, 1.0, 1.0, 0.082, 0.082, 0.0, 0.0, 0.973, 1.0, 0.7655000000000001, 0.605, 0.973, 1.0, 1.0, 0.368, 0.0, 0.0, 1.0, 0.0, 1.0, 0.0, 1.0, 0.0, 1.0, 1.0, 1.0, 1.0, 0.0, 0.0, 1.0, 0.0, 1.0, 1.0, 1.0, 1.0, 0.0, 0.9465, 0.0, 0.0, 0.666, 1.0, 0.666, 0.666, 0.0, 0.0, 0.7975, 0.0, 0.0, 0.9430000000000001, 0.0, 1.0, 1.0, 0.0, 0.0, 0.0, 0.0, 1.0, 0.0, 0.0, 0.0, 0.0, 0.0, 0.0, 1.0, 1.0, 1.0, 1.0, 0.0, 0.0, 0.0, 0.0, 1.0, 1.0, 1.0, 1.0, 1.0, 1.0, 1.0, 0.0005, 1.0, 1.0, 1.0, 1.0, 1.0, 1.0, 0.0, 1.0, 1.0, 1.0, 1.0, 1.0, 0.0, 0.0, 0.0, 0.0, 1.0, 1.0, 1.0, 1.0, 1.0, 1.0, 1.0, 0.0, 1.0, 0.0, 1.0, 0.0, 0.0, 0.0, 0.0, 0.0, 0.0, 1.0, 0.0, 1.0, 0.0, 1.0, 0.0, 1.0, 1.0, 1.0, 1.0, 1.0, 1.0, 1.0, 1.0, 0.0, 1.0, 0.0, 1.0, 1.0, 1.0, 0.0, 0.0, 1.0, 1.0, 1.0, 1.0, 1.0, 1.0, 1.0, 1.0, 1.0, 0.0, 0.9580000000000001, 0.0, 0.0, 0.0, 0.0, 0.0045000000000000005, 0.0, 0.0, 0.0, 0.0, 0.0, 0.0, 0.0, 0.0, 1.0, 0.0, 0.0, 0.0005, 0.0, 0.0, 0.0, 0.0, 0.0, 0.0, 1.0, 0.0, 0.0, 0.0, 0.0, 0.0, 0.0, 1.0, 1.0, 1.0, 0.001, 0.001, 0.001, 1.0, 0.0, 0.0, 0.0, 0.6225, 0.0, 0.0, 0.0, 0.0, 0.0, 1.0, 1.0, 1.0, 1.0, 0.0, 0.0, 0.0, 0.0, 0.0, 0.0, 0.0, 0.0, 0.0, 0.0, 0.0, 0.0, 1.0, 1.0, 1.0, 1.0, 1.0, 1.0, 1.0, 0.0, 0.0, 0.0, 0.0, 1.0, 0.0, 0.0, 1.0, 0.0, 1.0, 1.0, 1.0, 1.0, 0.0, 0.0, 0.0, 0.0, 0.0, 1.0, 0.0, 0.0, 1.0, 0.0, 0.0, 1.0, 1.0, 1.0, 1.0, 1.0, 0.0, 0.0, 0.0, 0.0, 1.0, 1.0, 1.0, 1.0, 1.0, 0.0, 1.0, 1.0, 0.0, 0.0005, 0.0, 0.0, 0.0, 0.38, 0.0, 0.0, 1.0, 1.0, 1.0, 1.0, 0.0, 0.0, 0.0, 0.0, 1.0, 1.0, 1.0, 0.999, 1.0, 1.0, 1.0, 0.0195, 1.0, 1.0, 1.0, 1.0, 0.0, 0.0, 0.0, 0.0, 0.0, 0.6285000000000001, 0.0, 0.328, 0.0, 0.0, 0.6285000000000001, 0.0, 0.0, 0.0, 0.0, 0.0, 0.0, 0.0, 0.0, 1.0, 1.0, 1.0, 1.0, 1.0, 0.0, 0.0, 0.0, 0.0, 1.0, 1.0, 1.0, 1.0, 1.0, 1.0, 1.0, 0.0, 1.0, 1.0, 1.0, 1.0, 1.0, 1.0, 0.0375, 1.0, 1.0, 1.0, 1.0, 1.0, 0.0, 0.0, 0.0, 0.0, 1.0, 1.0, 1.0, 1.0, 1.0, 1.0, 1.0, 0.0, 1.0, 1.0, 1.0, 1.0, 1.0, 1.0, 0.0, 1.0, 1.0, 1.0, 1.0, 1.0, 0.0, 0.0, 0.0, 0.0, 1.0, 1.0, 1.0, 1.0, 1.0, 1.0, 1.0, 1.0, 0.0, 0.0, 0.4395, 0.0, 0.0, 0.0, 0.001, 1.0, 0.0, 0.0, 0.0, 0.0, 0.0, 0.0, 0.0, 0.0, 1.0, 1.0, 1.0, 0.0, 1.0, 0.0, 0.0, 1.0, 0.0, 0.0, 1.0, 1.0, 1.0, 0.0, 0.0, 0.0, 0.0, 0.0, 0.0, 0.0, 0.0, 0.0, 0.0, 0.0, 1.0, 1.0, 1.0, 1.0, 0.0, 0.0, 0.0, 0.0, 0.0, 0.0, 0.0, 0.0, 0.0, 1.0, 0.0, 0.0, 1.0, 1.0, 1.0, 1.0, 0.0, 0.4945, 0.0, 0.0, 1.0, 1.0, 1.0, 1.0, 0.0, 0.0, 1.0, 1.0, 1.0, 1.0, 1.0, 1.0, 0.0, 0.0, 0.0, 0.0, 1.0, 1.0, 1.0, 1.0, 1.0, 0.704, 0.296, 0.0, 1.0, 1.0, 1.0, 1.0, 0.0, 0.0, 1.0, 1.0, 1.0, 1.0, 1.0, 1.0, 0.0, 0.0, 0.0, 0.0, 0.006, 1.0, 0.006, 0.708, 0.298, 1.0, 0.298, 1.0, 1.0, 1.0, 1.0, 1.0, 0.0, 0.0, 0.0, 0.0, 1.0, 0.0, 1.0, 1.0, 1.0, 0.0, 0.0, 1.0, 0.0, 1.0, 1.0, 1.0, 0.0, 0.0, 0.0, 0.0, 1.0, 0.224, 1.0, 1.0, 0.776, 0.0, 0.224, 1.0, 1.0, 1.0, 1.0, 1.0, 0.0, 0.0, 0.0, 0.0, 1.0, 1.0, 0.0, 1.0, 1.0, 1.0, 0.0, 1.0, 1.0, 1.0, 1.0, 1.0, 0.0, 0.0, 0.0, 0.0, 1.0, 1.0, 1.0, 1.0, 1.0, 1.0, 1.0, 0.0, 1.0, 1.0, 1.0, 1.0, 0.0, 0.0, 0.0, 0.0, 0.0, 0.0, 0.0, 0.0, 0.0, 0.0, 0.0, 0.0, 1.0, 0.4865, 1.0, 1.0, 1.0, 0.0075, 0.4865, 1.0, 0.0225, 0.0, 0.0, 0.9775, 0.0, 0.0, 0.0, 0.0]",-419.18595103414617,844.9172517286268,-482.430437669722,964.860875339444,0.5138983422688457,-3.0141612900514945,-5.545177444479562,8.107764121782825,11.090354888959125,1.0,-8.012187000291565,-11.090354888959125,18.79696272282291,22.18070977791825,0.5787520451143159,"[1.0, 1.0, 1.0, 1.0, 1.0, 0.0, 1.0, 0.0, 1.0, 1.0, 1.0, 1.0, 1.0, 1.0, 1.0, 0.0, 0.0, 0.0, 0.0, 0.0, 0.0, 0.0, 0.0, 0.0, 1.0, 1.0, 1.0, 1.0, 0.0, 0.0, 1.0, 0.0, 0.0, 0.0, 0.0, 0.0, 0.0, 1.0, 0.0, 0.0, 0.0, 0.0, 0.0, 0.0, 0.0, 0.0, 0.0, 0.0, 1.0, 1.0, 1.0, 1.0, 0.0, 0.0, 0.0, 0.0, 1.0, 1.0, 1.0, 1.0, 0.0, 0.0, 0.0, 0.0, 0.0, 0.0, 0.0, 0.0, 0.0, 1.0, 1.0, 0.0, 1.0, 1.0, 1.0, 1.0, 0.0, 0.0, 0.0, 0.0, 1.0, 1.0, 1.0, 1.0, 0.0, 0.0, 0.0, 0.0, 0.0, 0.0, 0.0, 0.0, 0.0, 0.0, 0.0, 0.0, 1.0, 1.0, 1.0, 1.0, 1.0, 1.0, 1.0, 0.0, 1.0, 1.0, 1.0, 1.0, 1.0, 0.0, 1.0, 0.0, 0.0, 1.0, 0.0, 0.0, 1.0, 1.0, 1.0, 0.0, 1.0, 1.0, 0.0, 1.0, 1.0, 0.0, 0.0, 0.0, 1.0, 1.0, 1.0, 0.0, 1.0, 1.0, 1.0, 1.0, 1.0, 1.0, 1.0, 1.0, 0.0, 0.0, 0.0, 0.0, 1.0, 1.0, 1.0, 0.0, 0.0, 0.0, 1.0, 0.0, 0.0, 0.0, 1.0, 0.0, 0.0, 0.0, 0.0, 0.0, 1.0, 1.0, 1.0, 0.0, 0.0, 0.0, 1.0, 0.0, 0.0, 0.0, 0.0, 1.0, 0.0, 0.0, 0.0, 0.0, 0.0, 0.0, 0.0, 1.0, 0.0, 0.0, 0.0, 0.0, 1.0, 1.0, 1.0, 1.0, 0.0, 0.0, 0.0, 0.0, 1.0, 1.0, 1.0, 0.0, 0.0, 0.0, 1.0, 0.0, 1.0, 1.0, 1.0, 1.0, 0.0, 0.0, 0.0, 0.0, 1.0, 1.0, 1.0, 1.0, 0.0, 0.0, 0.0, 0.0, 1.0, 1.0, 1.0, 1.0, 1.0, 1.0, 1.0, 0.0, 0.0, 0.0, 0.0, 0.0, 1.0, 0.0, 0.0, 0.0, 1.0, 1.0, 1.0, 1.0, 1.0, 1.0, 1.0, 1.0, 1.0, 1.0, 1.0, 1.0, 1.0, 1.0, 1.0, 0.0, 0.0, 0.0, 0.0, 0.0, 0.0, 0.0, 0.0, 0.0, 0.0, 1.0, 0.0, 1.0, 0.0, 1.0, 0.0, 1.0, 0.0, 0.0, 0.0, 1.0, 0.0, 0.0, 0.0, 0.0, 1.0, 1.0, 1.0, 0.0, 0.0, 0.0, 1.0, 0.0, 0.0, 0.0, 1.0, 0.0, 0.0, 0.0, 0.0, 0.0, 0.0, 1.0, 1.0, 1.0, 0.0, 0.0, 0.0, 0.0, 1.0, 1.0, 1.0, 0.0, 1.0, 1.0, 1.0, 1.0, 0.0, 0.0, 1.0, 0.0, 0.0, 0.0, 0.0, 0.0, 1.0, 1.0, 1.0, 1.0, 1.0, 1.0, 1.0, 0.0, 1.0, 1.0, 1.0, 1.0, 0.0, 0.0, 0.0, 0.0, 1.0, 1.0, 1.0, 1.0, 0.0, 0.0, 0.0, 0.0, 0.0, 1.0, 0.0, 0.0, 0.0, 0.0, 0.0, 0.0, 0.0, 0.0, 0.0, 0.0, 0.0, 0.0, 0.0, 0.0, 0.0, 0.0, 0.0, 0.0, 0.0, 0.0, 0.0, 0.0, 1.0, 1.0, 0.0, 1.0, 1.0, 0.0, 1.0, 0.0, 1.0, 1.0, 1.0, 1.0, 1.0, 0.0, 1.0, 1.0, 0.0, 0.0, 0.0, 0.0, 0.0, 1.0, 1.0, 0.0, 1.0, 0.0, 0.0, 1.0, 0.0, 0.0, 0.0, 0.0, 1.0, 1.0, 1.0, 0.0, 0.0, 0.0, 1.0, 0.0, 1.0, 1.0, 1.0, 0.0, 0.0, 0.0, 0.0, 0.0, 1.0, 1.0, 1.0, 1.0, 1.0, 1.0, 1.0, 0.0, 0.0, 0.0, 0.0, 0.0, 0.0, 0.0, 0.0, 0.0, 1.0, 0.0, 1.0, 0.0, 0.0, 0.0, 0.0, 0.0, 1.0, 1.0, 1.0, 1.0, 1.0, 1.0, 1.0, 0.0, 1.0, 1.0, 1.0, 1.0, 1.0, 1.0, 0.0, 1.0, 1.0, 1.0, 1.0, 1.0, 0.0, 0.0, 0.0, 0.0, 1.0, 1.0, 1.0, 1.0, 1.0, 1.0, 1.0, 0.0, 0.0, 1.0, 1.0, 1.0, 0.0, 0.0, 0.0, 0.0, 1.0, 1.0, 1.0, 1.0, 0.0, 0.0, 0.0, 0.0, 1.0, 0.0, 1.0, 0.0, 0.0, 0.0, 0.0, 0.0, 1.0, 1.0, 1.0, 1.0, 1.0, 0.0, 1.0, 0.0, 1.0, 1.0, 1.0, 0.0, 1.0, 1.0, 0.0, 1.0, 1.0, 1.0, 1.0, 1.0, 0.0, 0.0, 0.0, 0.0, 0.0, 0.0, 0.0, 0.0, 0.0, 0.0, 0.0, 0.0, 1.0, 1.0, 1.0, 1.0, 0.0, 0.0, 0.0, 0.0, 0.0, 0.0, 0.0, 0.0, 0.0, 0.0, 0.0, 0.0, 0.0, 0.0, 0.0, 0.0, 0.0, 0.0, 0.0, 0.0, 1.0, 1.0, 0.0, 0.0, 1.0, 1.0, 1.0, 1.0, 1.0, 1.0, 1.0, 1.0, 1.0, 1.0, 1.0, 1.0, 1.0, 1.0, 1.0, 1.0, 1.0, 0.0, 1.0, 1.0, 0.0, 1.0, 0.0, 1.0, 0.0, 1.0, 0.0, 0.0, 1.0, 1.0, 1.0, 1.0, 0.0, 0.0, 1.0, 0.0, 1.0, 1.0, 1.0, 1.0, 0.0, 0.0, 0.0, 0.0, 0.0, 0.0, 0.0, 1.0, 0.0, 0.0, 0.0, 0.0, 1.0, 1.0, 1.0, 1.0, 0.0, 0.0, 0.0, 0.0, 0.0, 1.0, 1.0, 1.0, 0.0, 1.0, 1.0, 0.0, 1.0, 1.0, 1.0, 1.0, 0.0, 0.0, 0.0, 0.0, 1.0, 0.0, 1.0, 1.0, 1.0, 0.0, 0.0, 1.0, 1.0, 1.0, 1.0, 1.0, 1.0, 1.0, 1.0, 0.0, 0.0, 1.0, 1.0, 1.0, 1.0, 1.0, 0.0, 0.0, 1.0, 1.0, 1.0, 1.0, 0.0, 0.0, 0.0, 0.0, 1.0, 1.0, 1.0, 0.0, 0.0, 0.0, 1.0, 0.0, 1.0, 1.0, 1.0, 1.0, 0.0, 0.0, 0.0, 0.0, 0.0, 0.0, 0.0, 0.0, 0.0, 0.0, 0.0, 0.0, 0.0, 0.0, 1.0, 1.0, 0.0, 0.0, 0.0, 0.0, 1.0, 1.0, 1.0, 1.0, 1.0, 0.0, 0.0, 1.0]",-295.2442605392121,597.0338707387587,-482.430437669722,964.860875339444,83.63674486942381,-11.09064080147375,24.95387032518728,1.2846122460949685,-433.45128860920846,873.4479268787513,False,True,True,False,True,1.0,1.0,0.5,0.5,0.5,0.5,0.5625,0.5,0.625,0.5,0.5625,0.375,"Z.exactly(lambda x1: Z.equal(x1,'blue','colour'),1,X)","Z.forall(lambda x1: Z.forall(lambda x2: Z.not_operator(Z.equal(x1,x2,'colour')),X),X)","Z.exactly(lambda x1: Z.lequal(x1,3,'size'),3,X)","Z.forall(lambda x1: Z.forall(lambda x2: Z.not_operator(Z.equal(x1,x2,'colour')),X),X)",1.0,0.625,0.5,0.5,0.5,0.7083333333333334,0.6982758620689655,0.6867816091954023,0.6954022988505747,0.6925287356321839,5.241379310344827,2000,0,0,0,0,0
85,101,194,tyKsvKn65x,r5Nceq8NRwxS-O_FAAAS,Omega,all are blue OR small,"[False, False, False, True, False, False, False, False]","[False, True, False, True, False, False, False, False]",0.625,0.75,Needs a blue medium cone,[['x1']],"Z.exists(lambda x1: Z.and_operator(Z.equal(x1,'blue','colour'),Z.equal(x1,2,'size')),X)",Blue medium cone is needed,"[{'ids': [0, 1, 2], 'colours': ['green', 'blue', 'green'], 'sizes': [1, 2, 1], 'xpos': [0.36959413505621275, 3.3555395866775566, 2.6478519224999433], 'ypos': [4.111666666666668, 4.111646661557346, 4.107683490415345], 'rotations': [3.141592653589794, 3.141570133408743, 3.145070980983599], 'orientations': ['upright', 'upright', 'upright'], 'contact': [[0], [1, 2], [2, 1]], 'grounded': ['yes', 'yes', 'yes'], 'follow_rule': True}, {'ids': [0, 1, 2], 'colours': ['blue', 'blue', 'green'], 'sizes': [1, 1, 2], 'xpos': [0.4170960409157437, 1.7429579514201312, 5.177687003953435], 'ypos': [4.107748223143474, 4.107164885941859, 4.108038557830094], 'rotations': [3.1388586437436805, 3.1408303454017057, 3.143665897135998], 'orientations': ['upright', 'upright', 'upright'], 'contact': [[0], [1], [2]], 'grounded': ['yes', 'yes', 'yes'], 'follow_rule': False}, {'ids': [0, 1, 2], 'colours': ['blue', 'green', 'green'], 'sizes': [2, 2, 2], 'xpos': [5.289896171961074, 4.394923507885853, 1.1732572600408628], 'ypos': [4.108088843662739, 4.108722136915723, 4.1081618516887985], 'rotations': [3.138459835374773, 3.1424780325400694, 3.1425051175336898], 'orientations': ['upright', 'upright', 'upright'], 'contact': [[0], [1], [2]], 'grounded': ['yes', 'yes', 'yes'], 'follow_rule': False}, {'ids': [0, 1, 2], 'colours': ['blue', 'blue', 'blue'], 'sizes': [2, 1, 1], 'xpos': [5.290917834016432, 3.4654687954818963, 1.460784026788116], 'ypos': [4.1075725104431395, 4.1073483337419034, 4.107608066351788], 'rotations': [3.1444248340503105, 3.1431770340416514, 3.1398590411256575], 'orientations': ['upright', 'upright', 'upright'], 'contact': [[0], [1], [2]], 'grounded': ['yes', 'yes', 'yes'], 'follow_rule': True}, {'ids': [0, 1, 2], 'colours': ['blue', 'red', 'red'], 'sizes': [2, 1, 1], 'xpos': [2.53899104611122, 1.1502453640444494, 6.770204290300316], 'ypos': [4.108060086137371, 4.108444102974975, 4.1074296984767145], 'rotations': [3.1385213086138593, 3.1430790875745784, 3.1380515307663974], 'orientations': ['upright', 'upright', 'upright'], 'contact': [[0], [1], [2]], 'grounded': ['yes', 'yes', 'yes'], 'follow_rule': True}, {'ids': [0, 1, 2], 'colours': ['blue', 'red', 'green'], 'sizes': [2, 1, 1], 'xpos': [0.9743814381993648, 0.3607275773394668, 5.77927176564445], 'ypos': [3.7296608243138327, 3.3616808292385603, 4.10716780273923], 'rotations': [1.8788480167151598, 3.12171071651086, 3.1434483353028737], 'orientations': ['strange', 'upright', 'upright'], 'contact': [[0, 1], [1, 0], [2]], 'grounded': ['yes', 'no', 'yes'], 'follow_rule': True}, {'ids': [0, 1, 2], 'colours': ['blue', 'blue', 'blue'], 'sizes': [2, 3, 3], 'xpos': [3.010946786219859, 0.5132556319019739, 5.16925840092503], 'ypos': [4.107810761726707, 4.108096365932748, 4.107419789033349], 'rotations': [3.1416703651908984, 3.1428596362075596, 3.143378366932889], 'orientations': ['upright', 'upright', 'upright'], 'contact': [[0], [1], [2]], 'grounded': ['yes', 'yes', 'yes'], 'follow_rule': True}, {'ids': [0, 1, 2, 3, 4, 5, 6, 7], 'colours': ['blue', 'green', 'red', 'red', 'green', 'green', 'red', 'red'], 'sizes': [2, 3, 3, 1, 1, 2, 2, 1], 'xpos': [3.963188858731142, 1.3993519862778274, 0.2364548952827188, 3.9589137182127505, 1.6528513470429698, 2.630190001674399, 0.9364277527471705, 1.8892831645688202], 'ypos': [4.11003822678516, 3.8760669234906278, 3.6564451191678446, 3.496051826068574, 3.0474913694318952, 3.731288040382101, 2.7243699988676093, 2.9915719323549723], 'rotations': [3.1374935860755513, 3.63379750066756, 4.28594667962436, 3.1422618677448386, 3.8256937096013854, 5.049071737326449, 1.136591774181288, 3.6747992141067676], 'orientations': ['upright', 'upright', 'strange', 'upright', 'strange', 'rhs', 'lhs', 'strange'], 'contact': [[0, 5, 3], [1, 7, 4, 2], [2, 1, 6], [3, 0], [4, 1, 7], [5, 0], [6, 2], [7, 1, 4]], 'grounded': ['yes', 'yes', 'yes', 'no', 'no', 'yes', 'no', 'no'], 'follow_rule': False}, {'ids': [0], 'colours': ['red'], 'sizes': [1], 'xpos': [0.980966455584144], 'ypos': [4.15692217898732], 'rotations': [3.14075602080225], 'contact': [{'V1': 0}], 'grounded': ['yes']}, {'ids': [0, 1], 'colours': ['blue', 'blue'], 'sizes': [2, 2], 'xpos': [5.53919900438758, 1.65854079923742], 'ypos': [4.15829751656101, 4.15751198256046], 'rotations': [3.14294469336728, 3.13947439604659], 'contact': [{'V1': 0, 'V2': 1}], 'grounded': ['yes', 'yes']}, {'ids': [0, 1, 2], 'colours': ['blue', 'red', 'blue'], 'sizes': [1, 1, 1], 'xpos': [2.91233558185412, 3.62676822308812, 1.29792616640764], 'ypos': [4.1571699418337, 4.15734457821355, 3.87855314146574], 'rotations': [3.14061931424498, 3.14080979983927, 1.21335141178178], 'contact': [{'V1': 0, 'V2': 1, 'V3': 2}], 'grounded': ['yes', 'yes', 'yes']}, {'ids': [0, 1, 2, 3], 'colours': ['blue', 'red', 'blue', 'green'], 'sizes': [1, 1, 2, 1], 'xpos': [2.95609825059217, 3.96209693679724, 2.2390687716568, 6.71224095289635], 'ypos': [4.15768622476784, 4.15787716497594, 4.15807459370596, 3.87670727460735], 'rotations': [3.13919121672235, 3.14161554480523, 3.13998936351093, 5.07284064751327], 'contact': [{'V1': 0, 'V2': 1, 'V3': 2, 'V4': 3}], 'grounded': ['yes', 'yes', 'yes', 'yes']}, {'ids': [0, 1, 2], 'colours': ['green', 'red', 'red'], 'sizes': [1, 3, 1], 'xpos': [1.21736009446034, 6.88866095105911, 4.29219484852988], 'ypos': [4.15714834736316, 4.15848443530156, 4.15761681621936], 'rotations': [3.14148035908309, 3.14030543965137, 3.14298105798337], 'contact': [{'V1': 0, 'V2': 1, 'V3': 2}], 'grounded': ['yes', 'yes', 'yes']}, {'ids': [0, 1, 2, 3, 4], 'colours': ['green', 'blue', 'green', 'red', 'red'], 'sizes': [2, 2, 2, 2, 3], 'xpos': [3.83090657832267, 2.38910717821051, 3.54259339814947, 1.00881638670343, 0.483372753490727], 'ypos': [4.15913936320131, 4.15701392299474, 3.77761038379749, 3.76166694023043, 3.53535261859211], 'rotations': [3.13980420303635, 3.14077430032494, 1.87848516525718, 1.57196158476873, 2.81423018257197], 'contact': [[0, 2], [1, 2], [2, 0, 1], [3, 4], [4, 3]], 'grounded': ['yes', 'yes', 'yes', 'yes', 'no']}, {'ids': [0, 1, 2], 'colours': ['red', 'blue', 'green'], 'sizes': [2, 2, 2], 'xpos': [6.08097769326034, 5.78861976198164, 1.25011232086784], 'ypos': [3.78458058527285, 4.1039571708585, 3.7795894526631], 'rotations': [5.04856954343186, 3.00593527717321, 5.05105310034866], 'contact': [[0, 1], [1, 0], 2], 'grounded': ['yes', 'yes', 'yes']}, {'ids': [0, 1, 2, 3], 'colours': ['red', 'green', 'red', 'red'], 'sizes': [2, 2, 2, 1], 'xpos': [4.475106476545, 0.413561660061233, 6.37662276433712, 5.00296952327856], 'ypos': [4.1607559072369, 4.15829244701068, 3.77944860362373, 3.87681059949227], 'rotations': [3.14176346787067, 3.1433043689908, 5.0514105380658, 5.07138540402654], 'contact': [{'V1': 0, 'V2': 1, 'V3': 2, 'V4': 3}], 'grounded': ['yes', 'yes', 'yes', 'yes']}]","[True, True, True, True, True, False, False, True]","[False, False, False, True, False, True, True, False]","[False, False, False, False, False, False, False, False]","[True, True, True, False, True, False, False, True]","[True, True, True, True, True, False, False, True]","[False, True, False, True, False, True, True, False]","[False, False, False, False, False, False, False, False]","[True, False, True, False, True, False, False, True]",-0.125,0.0,-0.125,0.0,0.375,0.5,0.375,0.5,0.25,0.25,0.125,0.0,0.625,0.5,1.9575780487552714,-5.292505905351915,-5.545177444479562,12.664453352383665,11.090354888959125,1.957622452887443,-10.58501181053445,-11.090354888959125,23.94261234330868,22.18070977791825,1.0502311195665048,"[1.0, 1.0, 1.0, 1.0, 1.0, 0.0, 1.0, 0.0, 1.0, 1.0, 1.0, 1.0, 1.0, 1.0, 1.0, 0.0135, 0.9530000000000001, 0.092, 0.5895, 0.5895, 1.0, 0.0, 0.0, 0.861, 1.0, 1.0, 1.0, 0.2925, 0.999, 0.999, 1.0, 0.7155, 0.0, 0.0, 1.0, 0.0, 0.0, 0.0, 1.0, 0.0, 0.0, 0.0, 1.0, 0.0, 0.0, 0.0, 1.0, 0.0, 1.0, 1.0, 1.0, 1.0, 0.0, 0.0, 0.0, 0.0, 1.0, 1.0, 1.0, 1.0, 0.935, 0.935, 0.935, 0.935, 1.0, 1.0, 1.0, 1.0, 0.0, 1.0, 0.0, 0.0, 0.0, 1.0, 1.0, 1.0, 1.0, 1.0, 1.0, 1.0, 1.0, 1.0, 1.0, 1.0, 0.0935, 0.0935, 0.0935, 0.0935, 1.0, 1.0, 1.0, 1.0, 1.0, 1.0, 1.0, 1.0, 1.0, 1.0, 1.0, 1.0, 1.0, 1.0, 1.0, 0.013000000000000001, 1.0, 1.0, 0.998, 1.0, 1.0, 0.002, 0.998, 0.002, 1.0, 1.0, 1.0, 1.0, 1.0, 1.0, 1.0, 0.0, 0.973, 1.0, 0.9530000000000001, 1.0, 0.8925000000000001, 0.9195, 0.17400000000000002, 0.201, 1.0, 1.0, 1.0, 1.0, 0.0, 0.0, 0.0, 0.0, 1.0, 1.0, 1.0, 0.24, 1.0, 1.0, 0.968, 1.0, 0.653, 0.653, 0.653, 1.0, 0.2535, 0.2535, 0.7035, 0.10300000000000001, 1.0, 1.0, 1.0, 1.0, 0.0, 1.0, 0.0, 0.0, 1.0, 1.0, 1.0, 0.012, 0.988, 0.988, 1.0, 1.0, 1.0, 0.0, 1.0, 1.0, 1.0, 0.0, 0.0, 1.0, 0.0, 0.0, 0.0, 1.0, 1.0, 0.0, 0.0, 0.0, 1.0, 1.0, 1.0, 1.0, 0.0, 0.0, 0.0, 0.0, 1.0, 1.0, 1.0, 1.0, 0.0, 0.0, 0.0, 0.0, 1.0, 1.0, 1.0, 1.0, 1.0, 1.0, 0.841, 1.0, 1.0, 1.0, 1.0, 1.0, 0.0, 0.0, 0.0, 0.0, 1.0, 1.0, 1.0, 1.0, 1.0, 1.0, 1.0, 0.0, 0.197, 0.0, 0.85, 0.653, 0.803, 0.0, 0.0, 0.0, 0.8525, 0.847, 0.9935, 0.847, 0.28300000000000003, 0.4305, 0.426, 0.426, 1.0, 1.0, 1.0, 1.0, 1.0, 1.0, 1.0, 0.0, 0.798, 1.0, 0.7995, 0.7995, 0.0275, 0.029, 0.2265, 0.1975, 1.0, 1.0, 1.0, 1.0, 0.0, 0.0, 0.0, 0.0, 0.862, 0.854, 0.8595, 0.8955000000000001, 0.045, 0.0005, 0.8695, 0.8505, 1.0, 1.0, 1.0, 0.022, 1.0, 1.0, 1.0, 0.978, 0.28400000000000003, 0.0145, 0.1885, 0.0275, 0.2755, 0.0, 0.0015, 0.013000000000000001, 0.0, 0.0, 0.0, 1.0, 1.0, 0.0, 0.0, 0.0, 1.0, 1.0, 1.0, 1.0, 0.0, 0.0, 0.0, 0.0, 1.0, 1.0, 1.0, 1.0, 1.0, 0.0, 1.0, 0.0, 1.0, 1.0, 1.0, 1.0, 1.0, 1.0, 1.0, 0.0, 1.0, 1.0, 1.0, 0.728, 0.8265, 0.5545, 0.5545, 0.8265, 1.0, 1.0, 1.0, 1.0, 1.0, 1.0, 1.0, 1.0, 1.0, 1.0, 1.0, 0.8715, 0.9365, 0.8695, 0.8695, 0.9365, 0.229, 0.229, 0.229, 0.229, 0.801, 0.03, 0.03, 0.801, 0.0, 0.0, 0.0, 1.0, 1.0, 0.0, 0.0, 0.0, 0.108, 0.114, 0.2315, 0.108, 0.114, 0.07050000000000001, 0.0495, 0.006, 1.0, 1.0, 1.0, 1.0, 0.0, 0.0, 0.0, 0.0, 0.8955000000000001, 0.895, 0.0115, 0.0, 0.883, 0.0, 0.0, 0.0, 1.0, 1.0, 1.0, 1.0, 0.0, 0.0, 0.0, 0.0, 0.902, 0.902, 0.902, 0.678, 0.88, 0.88, 0.902, 0.807, 1.0, 1.0, 1.0, 1.0, 0.0, 0.0, 0.0, 0.0, 1.0, 1.0, 1.0, 1.0, 1.0, 1.0, 1.0, 0.0, 1.0, 1.0, 1.0, 1.0, 0.0, 0.0, 0.0, 0.0, 1.0, 1.0, 1.0, 1.0, 0.008, 0.008, 0.008, 0.008, 1.0, 1.0, 1.0, 1.0, 1.0, 1.0, 1.0, 0.0, 1.0, 1.0, 1.0, 1.0, 1.0, 1.0, 0.6980000000000001, 1.0, 1.0, 1.0, 1.0, 1.0, 0.0, 0.0, 0.0, 0.0, 1.0, 1.0, 1.0, 1.0, 1.0, 1.0, 1.0, 0.0, 0.9530000000000001, 0.9530000000000001, 0.9530000000000001, 1.0, 1.0, 1.0, 0.641, 0.9530000000000001, 1.0, 1.0, 1.0, 1.0, 0.0, 0.0, 0.0, 0.0, 1.0, 1.0, 1.0, 1.0, 1.0, 1.0, 1.0, 1.0, 1.0, 1.0, 1.0, 1.0, 0.0, 0.0, 0.0, 0.0, 1.0, 1.0, 1.0, 1.0, 1.0, 1.0, 1.0, 1.0, 1.0, 1.0, 1.0, 1.0, 0.021500000000000002, 0.021500000000000002, 0.021500000000000002, 0.021500000000000002, 0.021500000000000002, 0.003, 0.02, 0.0095, 0.0095, 0.964, 0.9555, 0.0095, 1.0, 1.0, 1.0, 1.0, 1.0, 1.0, 1.0, 1.0, 1.0, 1.0, 1.0, 1.0, 0.0, 0.0, 0.0, 0.0, 1.0, 1.0, 1.0, 1.0, 0.0, 0.0, 1.0, 1.0, 1.0, 0.873, 0.198, 0.198, 1.0, 1.0, 0.6905, 1.0, 1.0, 1.0, 1.0, 1.0, 1.0, 1.0, 1.0, 0.0, 1.0, 0.999, 0.999, 1.0, 0.0025, 0.0025, 0.0025, 0.0025, 1.0, 1.0, 1.0, 1.0, 1.0, 0.686, 0.314, 0.0, 1.0, 1.0, 1.0, 1.0, 0.524, 0.524, 1.0, 0.47600000000000003, 1.0, 1.0, 1.0, 1.0, 0.008, 0.008, 0.008, 0.008, 0.9935, 0.9935, 0.9775, 0.9935, 0.9935, 0.0225, 0.988, 0.017, 1.0, 1.0, 1.0, 1.0, 0.0725, 0.0725, 0.0725, 0.0725, 0.041, 1.0, 1.0, 0.9590000000000001, 0.041, 0.9590000000000001, 1.0, 0.0, 0.7435, 0.9835, 0.7425, 0.986, 0.7435, 0.7435, 0.256, 0.987, 1.0, 0.005, 1.0, 1.0, 1.0, 0.005, 0.005, 1.0, 1.0, 1.0, 1.0, 1.0, 1.0, 1.0, 1.0, 0.0, 1.0, 1.0, 1.0, 1.0, 0.0, 0.0, 0.0, 0.0, 1.0, 1.0, 1.0, 1.0, 0.0, 0.0, 0.0, 0.0, 0.9705, 0.9705, 0.9145, 1.0, 0.8015, 0.8015, 0.9705, 0.7865, 1.0, 1.0, 1.0, 1.0, 0.0, 0.0, 0.0, 0.0, 1.0, 1.0, 1.0, 1.0, 0.0, 0.0, 0.0, 0.0, 1.0, 1.0, 1.0, 1.0, 0.0, 0.0, 0.0, 0.0, 1.0, 1.0, 1.0, 1.0, 1.0, 1.0, 1.0, 1.0]",-418.5875071169283,843.720363894191,-482.430437669722,964.860875339444,0.9102431057535886,-4.4986811569669065,11.07680385561365,1.0,-8.012187000291565,18.79696272282291,0.6334250289943713,"[1.0, 1.0, 1.0, 1.0, 1.0, 0.0, 1.0, 0.0, 1.0, 1.0, 1.0, 1.0, 1.0, 1.0, 1.0, 0.0, 0.0, 0.0, 0.0, 0.0, 0.0, 0.0, 0.0, 0.0, 1.0, 1.0, 1.0, 0.0, 0.0, 0.0, 1.0, 0.0, 0.0, 0.0, 1.0, 1.0, 0.0, 1.0, 1.0, 1.0, 1.0, 1.0, 1.0, 1.0, 0.0, 0.0, 1.0, 1.0, 1.0, 1.0, 1.0, 1.0, 0.0, 0.0, 0.0, 0.0, 1.0, 1.0, 1.0, 1.0, 0.0, 0.0, 0.0, 0.0, 0.0, 0.0, 0.0, 0.0, 0.0, 1.0, 1.0, 0.0, 1.0, 1.0, 1.0, 1.0, 0.0, 0.0, 0.0, 0.0, 1.0, 1.0, 1.0, 1.0, 0.0, 0.0, 0.0, 0.0, 1.0, 1.0, 1.0, 1.0, 1.0, 1.0, 0.0, 1.0, 1.0, 1.0, 1.0, 1.0, 1.0, 1.0, 1.0, 0.0, 1.0, 1.0, 1.0, 1.0, 1.0, 0.0, 1.0, 0.0, 0.0, 1.0, 0.0, 0.0, 1.0, 1.0, 1.0, 0.0, 1.0, 1.0, 0.0, 1.0, 1.0, 0.0, 0.0, 0.0, 1.0, 1.0, 1.0, 0.0, 1.0, 1.0, 1.0, 1.0, 1.0, 1.0, 1.0, 1.0, 0.0, 0.0, 0.0, 0.0, 1.0, 1.0, 1.0, 0.0, 0.0, 0.0, 1.0, 0.0, 0.0, 0.0, 1.0, 0.0, 0.0, 0.0, 0.0, 0.0, 1.0, 1.0, 1.0, 0.0, 0.0, 0.0, 1.0, 0.0, 0.0, 0.0, 0.0, 1.0, 0.0, 0.0, 0.0, 0.0, 0.0, 0.0, 0.0, 1.0, 0.0, 0.0, 0.0, 0.0, 1.0, 1.0, 1.0, 1.0, 0.0, 0.0, 0.0, 0.0, 1.0, 1.0, 1.0, 0.0, 0.0, 0.0, 1.0, 0.0, 1.0, 1.0, 1.0, 1.0, 0.0, 0.0, 0.0, 0.0, 1.0, 1.0, 1.0, 1.0, 0.0, 0.0, 0.0, 0.0, 1.0, 1.0, 1.0, 1.0, 1.0, 1.0, 1.0, 0.0, 0.0, 0.0, 0.0, 0.0, 1.0, 0.0, 0.0, 0.0, 1.0, 1.0, 1.0, 1.0, 1.0, 1.0, 1.0, 1.0, 1.0, 1.0, 1.0, 1.0, 1.0, 1.0, 1.0, 0.0, 0.0, 0.0, 0.0, 0.0, 0.0, 0.0, 0.0, 0.0, 0.0, 1.0, 0.0, 1.0, 0.0, 1.0, 0.0, 1.0, 0.0, 0.0, 0.0, 1.0, 0.0, 0.0, 0.0, 0.0, 1.0, 1.0, 1.0, 0.0, 0.0, 0.0, 1.0, 0.0, 1.0, 1.0, 1.0, 1.0, 1.0, 0.0, 1.0, 0.0, 0.0, 1.0, 1.0, 1.0, 0.0, 0.0, 0.0, 0.0, 1.0, 1.0, 1.0, 0.0, 1.0, 1.0, 1.0, 1.0, 0.0, 1.0, 1.0, 1.0, 0.0, 0.0, 0.0, 0.0, 1.0, 1.0, 1.0, 1.0, 1.0, 1.0, 1.0, 0.0, 1.0, 1.0, 1.0, 1.0, 0.0, 0.0, 0.0, 0.0, 1.0, 1.0, 1.0, 1.0, 0.0, 0.0, 0.0, 0.0, 0.0, 1.0, 0.0, 0.0, 0.0, 0.0, 0.0, 0.0, 1.0, 1.0, 1.0, 1.0, 1.0, 0.0, 1.0, 1.0, 0.0, 0.0, 0.0, 0.0, 0.0, 1.0, 1.0, 0.0, 1.0, 1.0, 1.0, 1.0, 1.0, 0.0, 1.0, 0.0, 1.0, 1.0, 1.0, 1.0, 1.0, 0.0, 1.0, 1.0, 0.0, 0.0, 0.0, 0.0, 0.0, 1.0, 1.0, 0.0, 1.0, 0.0, 0.0, 1.0, 0.0, 0.0, 0.0, 0.0, 1.0, 1.0, 1.0, 0.0, 0.0, 0.0, 1.0, 0.0, 1.0, 1.0, 1.0, 0.0, 0.0, 0.0, 0.0, 0.0, 1.0, 1.0, 1.0, 1.0, 1.0, 1.0, 1.0, 0.0, 0.0, 0.0, 0.0, 0.0, 0.0, 0.0, 0.0, 0.0, 1.0, 0.0, 1.0, 0.0, 0.0, 0.0, 0.0, 0.0, 1.0, 1.0, 1.0, 1.0, 1.0, 1.0, 1.0, 0.0, 1.0, 1.0, 1.0, 1.0, 1.0, 1.0, 0.0, 1.0, 1.0, 1.0, 1.0, 1.0, 0.0, 0.0, 0.0, 0.0, 1.0, 1.0, 1.0, 1.0, 1.0, 1.0, 1.0, 0.0, 0.0, 1.0, 1.0, 1.0, 0.0, 0.0, 0.0, 0.0, 1.0, 1.0, 1.0, 1.0, 0.0, 0.0, 0.0, 0.0, 1.0, 0.0, 1.0, 0.0, 0.0, 0.0, 0.0, 0.0, 1.0, 1.0, 1.0, 1.0, 1.0, 0.0, 1.0, 0.0, 1.0, 1.0, 1.0, 0.0, 1.0, 1.0, 0.0, 1.0, 1.0, 1.0, 1.0, 1.0, 0.0, 0.0, 0.0, 0.0, 0.0, 0.0, 0.0, 0.0, 0.0, 1.0, 0.0, 0.0, 1.0, 1.0, 1.0, 1.0, 0.0, 0.0, 0.0, 0.0, 0.0, 0.0, 0.0, 0.0, 0.0, 0.0, 0.0, 0.0, 1.0, 0.0, 1.0, 0.0, 0.0, 0.0, 0.0, 0.0, 1.0, 1.0, 0.0, 0.0, 1.0, 1.0, 1.0, 1.0, 1.0, 1.0, 1.0, 1.0, 1.0, 1.0, 1.0, 1.0, 1.0, 1.0, 1.0, 1.0, 1.0, 0.0, 1.0, 1.0, 0.0, 1.0, 0.0, 1.0, 0.0, 1.0, 0.0, 0.0, 1.0, 1.0, 1.0, 1.0, 0.0, 0.0, 1.0, 0.0, 1.0, 1.0, 1.0, 1.0, 0.0, 0.0, 0.0, 0.0, 0.0, 0.0, 0.0, 1.0, 0.0, 0.0, 0.0, 0.0, 1.0, 1.0, 1.0, 1.0, 0.0, 0.0, 0.0, 0.0, 0.0, 1.0, 1.0, 1.0, 0.0, 1.0, 1.0, 0.0, 1.0, 1.0, 1.0, 1.0, 0.0, 0.0, 0.0, 0.0, 1.0, 0.0, 1.0, 1.0, 1.0, 0.0, 0.0, 1.0, 1.0, 1.0, 1.0, 1.0, 1.0, 1.0, 1.0, 0.0, 0.0, 1.0, 1.0, 1.0, 1.0, 1.0, 0.0, 0.0, 1.0, 1.0, 1.0, 1.0, 0.0, 0.0, 0.0, 0.0, 1.0, 1.0, 1.0, 0.0, 0.0, 0.0, 1.0, 0.0, 1.0, 1.0, 1.0, 1.0, 0.0, 0.0, 0.0, 0.0, 0.0, 0.0, 0.0, 0.0, 0.0, 0.0, 0.0, 0.0, 0.0, 1.0, 0.0, 1.0, 0.0, 1.0, 1.0, 0.0, 1.0, 1.0, 1.0, 1.0, 1.0, 0.0, 0.0, 1.0]",-318.3726801373107,643.2907099349558,0.9102431057535886,-4.4986811569669065,-5.545177444479562,11.07680385561365,11.090354888959125,1.0,-8.012187000291565,-11.090354888959125,18.79696272282291,22.18070977791825,0.6173530694834558,"[1.0, 1.0, 1.0, 1.0, 1.0, 0.0, 1.0, 0.0, 1.0, 1.0, 1.0, 1.0, 1.0, 1.0, 1.0, 0.0, 0.0, 0.0, 0.0, 0.0, 0.0, 0.0, 0.0, 0.0, 1.0, 1.0, 1.0, 0.0, 0.0, 0.0, 1.0, 0.0, 0.0, 0.0, 1.0, 1.0, 0.0, 1.0, 1.0, 1.0, 0.0, 0.0, 0.0, 0.0, 0.0, 0.0, 0.0, 0.0, 1.0, 1.0, 1.0, 1.0, 0.0, 0.0, 0.0, 0.0, 1.0, 1.0, 1.0, 1.0, 0.0, 0.0, 0.0, 0.0, 0.0, 0.0, 0.0, 0.0, 0.0, 1.0, 1.0, 0.0, 0.0, 0.0, 0.0, 1.0, 0.0, 0.0, 0.0, 0.0, 1.0, 1.0, 1.0, 1.0, 0.0, 0.0, 0.0, 0.0, 0.0, 0.0, 0.0, 0.0, 1.0, 1.0, 0.0, 1.0, 1.0, 1.0, 1.0, 1.0, 1.0, 1.0, 1.0, 0.0, 1.0, 1.0, 1.0, 1.0, 1.0, 0.0, 1.0, 0.0, 0.0, 1.0, 0.0, 0.0, 1.0, 1.0, 1.0, 0.0, 1.0, 1.0, 0.0, 1.0, 1.0, 0.0, 0.0, 0.0, 1.0, 1.0, 1.0, 0.0, 1.0, 1.0, 1.0, 1.0, 1.0, 1.0, 1.0, 1.0, 0.0, 0.0, 0.0, 0.0, 1.0, 1.0, 1.0, 0.0, 0.0, 0.0, 1.0, 0.0, 0.0, 0.0, 1.0, 0.0, 0.0, 0.0, 0.0, 0.0, 1.0, 1.0, 1.0, 0.0, 0.0, 0.0, 1.0, 0.0, 0.0, 0.0, 0.0, 1.0, 0.0, 0.0, 0.0, 0.0, 0.0, 0.0, 0.0, 1.0, 0.0, 0.0, 0.0, 0.0, 1.0, 1.0, 1.0, 1.0, 0.0, 0.0, 0.0, 0.0, 1.0, 1.0, 1.0, 0.0, 0.0, 0.0, 1.0, 0.0, 1.0, 1.0, 1.0, 1.0, 0.0, 0.0, 0.0, 0.0, 1.0, 1.0, 1.0, 1.0, 0.0, 0.0, 0.0, 0.0, 1.0, 1.0, 1.0, 1.0, 1.0, 1.0, 1.0, 0.0, 0.0, 0.0, 0.0, 0.0, 1.0, 0.0, 0.0, 0.0, 1.0, 1.0, 1.0, 1.0, 1.0, 1.0, 1.0, 1.0, 1.0, 1.0, 1.0, 1.0, 1.0, 1.0, 1.0, 0.0, 0.0, 0.0, 0.0, 0.0, 0.0, 0.0, 0.0, 0.0, 0.0, 1.0, 0.0, 1.0, 0.0, 1.0, 0.0, 1.0, 0.0, 0.0, 0.0, 1.0, 0.0, 0.0, 0.0, 0.0, 1.0, 1.0, 1.0, 0.0, 0.0, 0.0, 1.0, 0.0, 1.0, 1.0, 1.0, 1.0, 1.0, 0.0, 1.0, 0.0, 0.0, 1.0, 1.0, 1.0, 0.0, 0.0, 0.0, 0.0, 1.0, 1.0, 1.0, 0.0, 1.0, 1.0, 1.0, 1.0, 0.0, 1.0, 1.0, 1.0, 0.0, 0.0, 0.0, 0.0, 1.0, 1.0, 1.0, 1.0, 1.0, 1.0, 1.0, 0.0, 1.0, 1.0, 1.0, 1.0, 0.0, 0.0, 0.0, 0.0, 1.0, 1.0, 1.0, 1.0, 0.0, 0.0, 0.0, 0.0, 0.0, 1.0, 0.0, 0.0, 0.0, 0.0, 0.0, 0.0, 0.0, 0.0, 0.0, 0.0, 0.0, 0.0, 0.0, 0.0, 1.0, 0.0, 1.0, 1.0, 1.0, 0.0, 0.0, 1.0, 1.0, 1.0, 1.0, 1.0, 1.0, 0.0, 1.0, 0.0, 1.0, 1.0, 1.0, 1.0, 1.0, 0.0, 1.0, 1.0, 0.0, 0.0, 0.0, 0.0, 0.0, 1.0, 1.0, 0.0, 1.0, 0.0, 0.0, 1.0, 0.0, 0.0, 0.0, 0.0, 1.0, 1.0, 1.0, 0.0, 0.0, 0.0, 1.0, 0.0, 1.0, 1.0, 1.0, 0.0, 0.0, 0.0, 0.0, 0.0, 1.0, 1.0, 1.0, 1.0, 1.0, 1.0, 1.0, 0.0, 0.0, 0.0, 0.0, 0.0, 0.0, 0.0, 0.0, 0.0, 1.0, 0.0, 1.0, 0.0, 0.0, 0.0, 0.0, 0.0, 1.0, 1.0, 1.0, 1.0, 1.0, 1.0, 1.0, 0.0, 1.0, 1.0, 1.0, 1.0, 1.0, 1.0, 0.0, 1.0, 1.0, 1.0, 1.0, 1.0, 0.0, 0.0, 0.0, 0.0, 1.0, 1.0, 1.0, 1.0, 1.0, 1.0, 1.0, 0.0, 0.0, 1.0, 1.0, 1.0, 0.0, 0.0, 0.0, 0.0, 1.0, 1.0, 1.0, 1.0, 0.0, 0.0, 0.0, 0.0, 1.0, 0.0, 1.0, 0.0, 0.0, 0.0, 0.0, 0.0, 1.0, 1.0, 1.0, 1.0, 1.0, 0.0, 1.0, 0.0, 1.0, 1.0, 1.0, 0.0, 1.0, 1.0, 0.0, 1.0, 1.0, 1.0, 1.0, 1.0, 0.0, 0.0, 0.0, 0.0, 0.0, 0.0, 0.0, 0.0, 0.0, 1.0, 0.0, 0.0, 1.0, 1.0, 1.0, 1.0, 0.0, 0.0, 0.0, 0.0, 0.0, 0.0, 0.0, 0.0, 0.0, 0.0, 0.0, 0.0, 1.0, 0.0, 1.0, 0.0, 0.0, 0.0, 0.0, 0.0, 1.0, 1.0, 0.0, 0.0, 1.0, 1.0, 1.0, 1.0, 1.0, 1.0, 1.0, 1.0, 1.0, 1.0, 1.0, 1.0, 1.0, 1.0, 1.0, 1.0, 1.0, 0.0, 1.0, 1.0, 0.0, 1.0, 0.0, 1.0, 0.0, 1.0, 0.0, 0.0, 1.0, 1.0, 1.0, 1.0, 0.0, 0.0, 1.0, 0.0, 1.0, 1.0, 1.0, 1.0, 0.0, 0.0, 0.0, 0.0, 0.0, 0.0, 0.0, 1.0, 0.0, 0.0, 0.0, 0.0, 1.0, 1.0, 1.0, 1.0, 0.0, 0.0, 0.0, 0.0, 0.0, 1.0, 1.0, 1.0, 0.0, 1.0, 1.0, 0.0, 1.0, 1.0, 1.0, 1.0, 0.0, 0.0, 0.0, 0.0, 1.0, 0.0, 1.0, 1.0, 1.0, 0.0, 0.0, 1.0, 1.0, 1.0, 1.0, 1.0, 1.0, 1.0, 1.0, 0.0, 0.0, 0.0, 1.0, 0.0, 0.0, 1.0, 0.0, 0.0, 1.0, 1.0, 1.0, 1.0, 0.0, 0.0, 0.0, 0.0, 1.0, 1.0, 1.0, 0.0, 0.0, 0.0, 1.0, 0.0, 1.0, 1.0, 1.0, 1.0, 0.0, 0.0, 0.0, 0.0, 0.0, 0.0, 0.0, 0.0, 0.0, 0.0, 0.0, 0.0, 0.0, 1.0, 0.0, 1.0, 0.0, 1.0, 1.0, 0.0, 1.0, 1.0, 1.0, 1.0, 1.0, 0.0, 0.0, 1.0]",-311.9759791000219,630.4973078603782,-482.430437669722,964.860875339444,322.9262615083798,-5.548304509912107,-5.545177444479562,13.17605056150405,11.090354888959125,1.7045392551817165,-10.514104979871309,-11.090354888959125,23.8007986819824,22.18070977791825,1.0908740239314543,"[0.0, 0.0, 1.0, 0.0, 0.0, 0.0, 0.0, 0.0, 1.0, 1.0, 1.0, 1.0, 0.877, 0.877, 0.877, 0.0, 1.0, 0.259, 1.0, 1.0, 0.8015, 0.0, 0.259, 1.0, 1.0, 1.0, 1.0, 1.0, 1.0, 1.0, 1.0, 0.0, 0.0, 0.0, 1.0, 0.0, 0.0, 0.0, 1.0, 0.0, 0.0, 0.0, 1.0, 0.0, 0.0, 0.0, 1.0, 0.0, 0.0, 0.0, 0.0, 0.0775, 0.0, 0.0, 0.1635, 0.47100000000000003, 1.0, 1.0, 1.0, 1.0, 0.0, 0.0, 0.0, 0.0, 0.0, 0.0, 0.0, 0.0, 0.0, 0.0, 0.0, 0.0, 1.0, 1.0, 1.0, 1.0, 1.0, 1.0, 1.0, 0.0, 1.0, 1.0, 1.0, 1.0, 0.0, 0.0, 0.0, 0.0, 0.0, 0.0, 0.0, 0.0, 0.0, 0.113, 0.113, 0.0, 0.0, 0.0, 0.0, 1.0, 0.0, 0.0, 0.0, 0.0, 1.0, 1.0, 1.0, 1.0, 0.0, 0.0, 0.0, 0.0, 0.9995, 1.0, 1.0, 0.663, 1.0, 1.0, 1.0, 0.353, 1.0, 1.0, 1.0, 1.0, 0.082, 0.082, 0.0, 0.0, 0.973, 1.0, 0.7655000000000001, 0.605, 0.973, 1.0, 1.0, 0.368, 0.0, 0.0, 1.0, 0.0, 1.0, 0.0, 1.0, 0.0, 1.0, 1.0, 1.0, 1.0, 0.0, 0.0, 1.0, 0.0, 1.0, 1.0, 1.0, 1.0, 0.0, 0.9465, 0.0, 0.0, 0.666, 1.0, 0.666, 0.666, 0.0, 0.0, 0.7975, 0.0, 0.0, 0.9430000000000001, 0.0, 1.0, 1.0, 0.0, 0.0, 0.0, 0.0, 1.0, 0.0, 0.0, 0.0, 0.0, 0.0, 0.0, 1.0, 1.0, 1.0, 1.0, 0.0, 0.0, 0.0, 0.0, 1.0, 1.0, 1.0, 1.0, 1.0, 1.0, 1.0, 0.0005, 1.0, 1.0, 1.0, 1.0, 1.0, 1.0, 0.0, 1.0, 1.0, 1.0, 1.0, 1.0, 0.0, 0.0, 0.0, 0.0, 1.0, 1.0, 1.0, 1.0, 1.0, 1.0, 1.0, 0.0, 1.0, 0.0, 1.0, 0.0, 0.0, 0.0, 0.0, 0.0, 0.0, 1.0, 0.0, 1.0, 0.0, 1.0, 0.0, 1.0, 1.0, 1.0, 1.0, 1.0, 1.0, 1.0, 1.0, 0.0, 1.0, 0.0, 1.0, 1.0, 1.0, 0.0, 0.0, 1.0, 1.0, 1.0, 1.0, 1.0, 1.0, 1.0, 1.0, 1.0, 0.0, 0.9580000000000001, 0.0, 0.0, 0.0, 0.0, 0.0045000000000000005, 0.0, 0.0, 0.0, 0.0, 0.0, 0.0, 0.0, 0.0, 1.0, 0.0, 0.0, 0.0005, 0.0, 0.0, 0.0, 0.0, 0.0, 0.0, 1.0, 0.0, 0.0, 0.0, 0.0, 0.0, 0.0, 1.0, 1.0, 1.0, 0.001, 0.001, 0.001, 1.0, 0.0, 0.0, 0.0, 0.6225, 0.0, 0.0, 0.0, 0.0, 0.0, 1.0, 1.0, 1.0, 1.0, 0.0, 0.0, 0.0, 0.0, 0.0, 0.0, 0.0, 0.0, 0.0, 0.0, 0.0, 0.0, 1.0, 1.0, 1.0, 1.0, 1.0, 1.0, 1.0, 0.0, 0.0, 0.0, 0.0, 1.0, 0.0, 0.0, 1.0, 0.0, 1.0, 1.0, 1.0, 1.0, 0.0, 0.0, 0.0, 0.0, 0.0, 1.0, 0.0, 0.0, 1.0, 0.0, 0.0, 1.0, 1.0, 1.0, 1.0, 1.0, 0.0, 0.0, 0.0, 0.0, 1.0, 1.0, 1.0, 1.0, 1.0, 0.0, 1.0, 1.0, 0.0, 0.0005, 0.0, 0.0, 0.0, 0.38, 0.0, 0.0, 1.0, 1.0, 1.0, 1.0, 0.0, 0.0, 0.0, 0.0, 1.0, 1.0, 1.0, 0.999, 1.0, 1.0, 1.0, 0.0195, 1.0, 1.0, 1.0, 1.0, 0.0, 0.0, 0.0, 0.0, 0.0, 0.6285000000000001, 0.0, 0.328, 0.0, 0.0, 0.6285000000000001, 0.0, 0.0, 0.0, 0.0, 0.0, 0.0, 0.0, 0.0, 1.0, 1.0, 1.0, 1.0, 1.0, 0.0, 0.0, 0.0, 0.0, 1.0, 1.0, 1.0, 1.0, 1.0, 1.0, 1.0, 0.0, 1.0, 1.0, 1.0, 1.0, 1.0, 1.0, 0.0375, 1.0, 1.0, 1.0, 1.0, 1.0, 0.0, 0.0, 0.0, 0.0, 1.0, 1.0, 1.0, 1.0, 1.0, 1.0, 1.0, 0.0, 1.0, 1.0, 1.0, 1.0, 1.0, 1.0, 0.0, 1.0, 1.0, 1.0, 1.0, 1.0, 0.0, 0.0, 0.0, 0.0, 1.0, 1.0, 1.0, 1.0, 1.0, 1.0, 1.0, 1.0, 0.0, 0.0, 0.4395, 0.0, 0.0, 0.0, 0.001, 1.0, 0.0, 0.0, 0.0, 0.0, 0.0, 0.0, 0.0, 0.0, 1.0, 1.0, 1.0, 0.0, 1.0, 0.0, 0.0, 1.0, 0.0, 0.0, 1.0, 1.0, 1.0, 0.0, 0.0, 0.0, 0.0, 0.0, 0.0, 0.0, 0.0, 0.0, 0.0, 0.0, 1.0, 1.0, 1.0, 1.0, 0.0, 0.0, 0.0, 0.0, 0.0, 0.0, 0.0, 0.0, 0.0, 1.0, 0.0, 0.0, 1.0, 1.0, 1.0, 1.0, 0.0, 0.4945, 0.0, 0.0, 1.0, 1.0, 1.0, 1.0, 0.0, 0.0, 1.0, 1.0, 1.0, 1.0, 1.0, 1.0, 0.0, 0.0, 0.0, 0.0, 1.0, 1.0, 1.0, 1.0, 1.0, 0.704, 0.296, 0.0, 1.0, 1.0, 1.0, 1.0, 0.0, 0.0, 1.0, 1.0, 1.0, 1.0, 1.0, 1.0, 0.0, 0.0, 0.0, 0.0, 0.006, 1.0, 0.006, 0.708, 0.298, 1.0, 0.298, 1.0, 1.0, 1.0, 1.0, 1.0, 0.0, 0.0, 0.0, 0.0, 1.0, 0.0, 1.0, 1.0, 1.0, 0.0, 0.0, 1.0, 0.0, 1.0, 1.0, 1.0, 0.0, 0.0, 0.0, 0.0, 1.0, 0.224, 1.0, 1.0, 0.776, 0.0, 0.224, 1.0, 1.0, 1.0, 1.0, 1.0, 0.0, 0.0, 0.0, 0.0, 1.0, 1.0, 0.0, 1.0, 1.0, 1.0, 0.0, 1.0, 1.0, 1.0, 1.0, 1.0, 0.0, 0.0, 0.0, 0.0, 1.0, 1.0, 1.0, 1.0, 1.0, 1.0, 1.0, 0.0, 1.0, 1.0, 1.0, 1.0, 0.0, 0.0, 0.0, 0.0, 0.0, 0.0, 0.0, 0.0, 0.0, 0.0, 0.0, 0.0, 1.0, 0.4865, 1.0, 1.0, 1.0, 0.0075, 0.4865, 1.0, 0.0225, 0.0, 0.0, 0.9775, 0.0, 0.0, 0.0, 0.0]",-419.18595103414617,844.9172517286268,-482.430437669722,964.860875339444,0.9102430794110984,-4.498681156966684,-5.545177444479562,11.076803855613203,11.090354888959125,1.0,-8.012187000291565,-11.090354888959125,18.79696272282291,22.18070977791825,0.5787520451143159,"[1.0, 1.0, 1.0, 1.0, 1.0, 0.0, 1.0, 0.0, 1.0, 1.0, 1.0, 1.0, 1.0, 1.0, 1.0, 0.0, 0.0, 0.0, 0.0, 0.0, 0.0, 0.0, 0.0, 0.0, 1.0, 1.0, 1.0, 1.0, 0.0, 0.0, 1.0, 0.0, 0.0, 0.0, 0.0, 0.0, 0.0, 1.0, 0.0, 0.0, 0.0, 0.0, 0.0, 0.0, 0.0, 0.0, 0.0, 0.0, 1.0, 1.0, 1.0, 1.0, 0.0, 0.0, 0.0, 0.0, 1.0, 1.0, 1.0, 1.0, 0.0, 0.0, 0.0, 0.0, 0.0, 0.0, 0.0, 0.0, 0.0, 1.0, 1.0, 0.0, 1.0, 1.0, 1.0, 1.0, 0.0, 0.0, 0.0, 0.0, 1.0, 1.0, 1.0, 1.0, 0.0, 0.0, 0.0, 0.0, 0.0, 0.0, 0.0, 0.0, 0.0, 0.0, 0.0, 0.0, 1.0, 1.0, 1.0, 1.0, 1.0, 1.0, 1.0, 0.0, 1.0, 1.0, 1.0, 1.0, 1.0, 0.0, 1.0, 0.0, 0.0, 1.0, 0.0, 0.0, 1.0, 1.0, 1.0, 0.0, 1.0, 1.0, 0.0, 1.0, 1.0, 0.0, 0.0, 0.0, 1.0, 1.0, 1.0, 0.0, 1.0, 1.0, 1.0, 1.0, 1.0, 1.0, 1.0, 1.0, 0.0, 0.0, 0.0, 0.0, 1.0, 1.0, 1.0, 0.0, 0.0, 0.0, 1.0, 0.0, 0.0, 0.0, 1.0, 0.0, 0.0, 0.0, 0.0, 0.0, 1.0, 1.0, 1.0, 0.0, 0.0, 0.0, 1.0, 0.0, 0.0, 0.0, 0.0, 1.0, 0.0, 0.0, 0.0, 0.0, 0.0, 0.0, 0.0, 1.0, 0.0, 0.0, 0.0, 0.0, 1.0, 1.0, 1.0, 1.0, 0.0, 0.0, 0.0, 0.0, 1.0, 1.0, 1.0, 0.0, 0.0, 0.0, 1.0, 0.0, 1.0, 1.0, 1.0, 1.0, 0.0, 0.0, 0.0, 0.0, 1.0, 1.0, 1.0, 1.0, 0.0, 0.0, 0.0, 0.0, 1.0, 1.0, 1.0, 1.0, 1.0, 1.0, 1.0, 0.0, 0.0, 0.0, 0.0, 0.0, 1.0, 0.0, 0.0, 0.0, 1.0, 1.0, 1.0, 1.0, 1.0, 1.0, 1.0, 1.0, 1.0, 1.0, 1.0, 1.0, 1.0, 1.0, 1.0, 0.0, 0.0, 0.0, 0.0, 0.0, 0.0, 0.0, 0.0, 0.0, 0.0, 1.0, 0.0, 1.0, 0.0, 1.0, 0.0, 1.0, 0.0, 0.0, 0.0, 1.0, 0.0, 0.0, 0.0, 0.0, 1.0, 1.0, 1.0, 0.0, 0.0, 0.0, 1.0, 0.0, 0.0, 0.0, 1.0, 0.0, 0.0, 0.0, 0.0, 0.0, 0.0, 1.0, 1.0, 1.0, 0.0, 0.0, 0.0, 0.0, 1.0, 1.0, 1.0, 0.0, 1.0, 1.0, 1.0, 1.0, 0.0, 0.0, 1.0, 0.0, 0.0, 0.0, 0.0, 0.0, 1.0, 1.0, 1.0, 1.0, 1.0, 1.0, 1.0, 0.0, 1.0, 1.0, 1.0, 1.0, 0.0, 0.0, 0.0, 0.0, 1.0, 1.0, 1.0, 1.0, 0.0, 0.0, 0.0, 0.0, 0.0, 1.0, 0.0, 0.0, 0.0, 0.0, 0.0, 0.0, 0.0, 0.0, 0.0, 0.0, 0.0, 0.0, 0.0, 0.0, 0.0, 0.0, 0.0, 0.0, 0.0, 0.0, 0.0, 0.0, 1.0, 1.0, 0.0, 1.0, 1.0, 0.0, 1.0, 0.0, 1.0, 1.0, 1.0, 1.0, 1.0, 0.0, 1.0, 1.0, 0.0, 0.0, 0.0, 0.0, 0.0, 1.0, 1.0, 0.0, 1.0, 0.0, 0.0, 1.0, 0.0, 0.0, 0.0, 0.0, 1.0, 1.0, 1.0, 0.0, 0.0, 0.0, 1.0, 0.0, 1.0, 1.0, 1.0, 0.0, 0.0, 0.0, 0.0, 0.0, 1.0, 1.0, 1.0, 1.0, 1.0, 1.0, 1.0, 0.0, 0.0, 0.0, 0.0, 0.0, 0.0, 0.0, 0.0, 0.0, 1.0, 0.0, 1.0, 0.0, 0.0, 0.0, 0.0, 0.0, 1.0, 1.0, 1.0, 1.0, 1.0, 1.0, 1.0, 0.0, 1.0, 1.0, 1.0, 1.0, 1.0, 1.0, 0.0, 1.0, 1.0, 1.0, 1.0, 1.0, 0.0, 0.0, 0.0, 0.0, 1.0, 1.0, 1.0, 1.0, 1.0, 1.0, 1.0, 0.0, 0.0, 1.0, 1.0, 1.0, 0.0, 0.0, 0.0, 0.0, 1.0, 1.0, 1.0, 1.0, 0.0, 0.0, 0.0, 0.0, 1.0, 0.0, 1.0, 0.0, 0.0, 0.0, 0.0, 0.0, 1.0, 1.0, 1.0, 1.0, 1.0, 0.0, 1.0, 0.0, 1.0, 1.0, 1.0, 0.0, 1.0, 1.0, 0.0, 1.0, 1.0, 1.0, 1.0, 1.0, 0.0, 0.0, 0.0, 0.0, 0.0, 0.0, 0.0, 0.0, 0.0, 0.0, 0.0, 0.0, 1.0, 1.0, 1.0, 1.0, 0.0, 0.0, 0.0, 0.0, 0.0, 0.0, 0.0, 0.0, 0.0, 0.0, 0.0, 0.0, 0.0, 0.0, 0.0, 0.0, 0.0, 0.0, 0.0, 0.0, 1.0, 1.0, 0.0, 0.0, 1.0, 1.0, 1.0, 1.0, 1.0, 1.0, 1.0, 1.0, 1.0, 1.0, 1.0, 1.0, 1.0, 1.0, 1.0, 1.0, 1.0, 0.0, 1.0, 1.0, 0.0, 1.0, 0.0, 1.0, 0.0, 1.0, 0.0, 0.0, 1.0, 1.0, 1.0, 1.0, 0.0, 0.0, 1.0, 0.0, 1.0, 1.0, 1.0, 1.0, 0.0, 0.0, 0.0, 0.0, 0.0, 0.0, 0.0, 1.0, 0.0, 0.0, 0.0, 0.0, 1.0, 1.0, 1.0, 1.0, 0.0, 0.0, 0.0, 0.0, 0.0, 1.0, 1.0, 1.0, 0.0, 1.0, 1.0, 0.0, 1.0, 1.0, 1.0, 1.0, 0.0, 0.0, 0.0, 0.0, 1.0, 0.0, 1.0, 1.0, 1.0, 0.0, 0.0, 1.0, 1.0, 1.0, 1.0, 1.0, 1.0, 1.0, 1.0, 0.0, 0.0, 1.0, 1.0, 1.0, 1.0, 1.0, 0.0, 0.0, 1.0, 1.0, 1.0, 1.0, 0.0, 0.0, 0.0, 0.0, 1.0, 1.0, 1.0, 0.0, 0.0, 0.0, 1.0, 0.0, 1.0, 1.0, 1.0, 1.0, 0.0, 0.0, 0.0, 0.0, 0.0, 0.0, 0.0, 0.0, 0.0, 0.0, 0.0, 0.0, 0.0, 0.0, 1.0, 1.0, 0.0, 0.0, 0.0, 0.0, 1.0, 1.0, 1.0, 1.0, 1.0, 0.0, 0.0, 1.0]",-295.2442605392121,597.0338707387587,-482.430437669722,964.860875339444,83.63674486942381,-11.09064080147375,24.95387032518728,1.2846122460949685,-433.45128860920846,873.4479268787513,False,True,True,False,True,1.0,1.0,0.5,0.5,0.5,0.5,0.5625,0.625,0.625,0.75,0.5625,0.75,"Z.forall(lambda x1: Z.not_operator(Z.not_operator(Z.or_operator(Z.less(x1,2,'size'),Z.equal(x1,'blue','colour')))),X)","Z.exists(lambda x1: Z.and_operator(Z.equal(x1,'blue','colour'),Z.equal(x1,2,'size')),X)","Z.exists(lambda x1: Z.lequal(x1,1,'size'),X)","Z.exists(lambda x1: Z.and_operator(Z.equal(x1,'blue','colour'),Z.lequal(x1,1,'size')),X)",1.0,0.5,0.5,0.625,0.75,0.7083333333333334,0.6982758620689655,0.6867816091954023,0.6954022988505747,0.6925287356321839,5.241379310344827,0,0,0,0,0,0
86,103,199,tyKsvKn65x,xXhmUTuLwB2U-k9cAAAT,Omega,all are blue OR small,"[True, True, True, True, True, False, False, True]","[True, True, True, True, True, False, False, True]",0.75,0.75,No cones can be touching,"[['x1'],['x1','x2']]","Z.forall(lambda x1: Z.forall(lambda x2: Z.not_operator(Z.hor_operator(x1,x2,'contact')),X),X)",No cones can be touching,"[{'ids': [0, 1, 2], 'colours': ['green', 'blue', 'green'], 'sizes': [1, 2, 1], 'xpos': [0.36959413505621275, 3.3555395866775566, 2.6478519224999433], 'ypos': [4.111666666666668, 4.111646661557346, 4.107683490415345], 'rotations': [3.141592653589794, 3.141570133408743, 3.145070980983599], 'orientations': ['upright', 'upright', 'upright'], 'contact': [[0], [1, 2], [2, 1]], 'grounded': ['yes', 'yes', 'yes'], 'follow_rule': True}, {'ids': [0], 'colours': ['blue'], 'sizes': [2], 'xpos': [1.6566683300878124], 'ypos': [4.108035476679318], 'rotations': [3.14402308414888], 'orientations': ['upright'], 'contact': [[0]], 'grounded': ['yes'], 'follow_rule': True}, {'ids': [0], 'colours': ['green'], 'sizes': [1], 'xpos': [0.41581033862678435], 'ypos': [4.107368411394088], 'rotations': [3.1446189283524872], 'orientations': ['upright'], 'contact': [[0]], 'grounded': ['yes'], 'follow_rule': True}, {'ids': [0], 'colours': ['red'], 'sizes': [1], 'xpos': [3.471448901496773], 'ypos': [4.107548340033729], 'rotations': [3.1405930619587665], 'orientations': ['upright'], 'contact': [[0]], 'grounded': ['yes'], 'follow_rule': True}, {'ids': [0], 'colours': ['blue'], 'sizes': [2], 'xpos': [1.9367001104333461], 'ypos': [3.7303566408222455], 'rotations': [1.2328912502899432], 'orientations': ['lhs'], 'contact': [[0]], 'grounded': ['yes'], 'follow_rule': True}, {'ids': [0, 1], 'colours': ['blue', 'blue'], 'sizes': [3, 2], 'xpos': [1.380038143338031, 0.7030577624980219], 'ypos': [3.6345759596778944, 4.107627392921921], 'rotations': [5.038652330841242, 3.1439803471033825], 'orientations': ['rhs', 'upright'], 'contact': [[0], [1]], 'grounded': ['yes', 'yes'], 'follow_rule': True}, {'ids': [0, 1], 'colours': ['green', 'blue'], 'sizes': [3, 3], 'xpos': [2.1086852475319855, 1.6955447184043189], 'ypos': [3.637583348300577, 4.053038020573672], 'rotations': [5.035769377444823, 3.029708908596902], 'orientations': ['rhs', 'upright'], 'contact': [[0, 1], [1, 0]], 'grounded': ['yes', 'yes'], 'follow_rule': False}, {'ids': [0, 1], 'colours': ['blue', 'red'], 'sizes': [2, 2], 'xpos': [2.9032844132891387, 2.9044940280998723], 'ypos': [4.108909843337, 3.808645899697487], 'rotations': [3.145892567799577, 3.1459101637063864], 'orientations': ['upright', 'upright'], 'contact': [[0, 1], [1, 0]], 'grounded': ['yes', 'no'], 'follow_rule': False}, {'ids': [0], 'colours': ['red'], 'sizes': [1], 'xpos': [0.980966455584144], 'ypos': [4.15692217898732], 'rotations': [3.14075602080225], 'contact': [{'V1': 0}], 'grounded': ['yes']}, {'ids': [0, 1], 'colours': ['blue', 'blue'], 'sizes': [2, 2], 'xpos': [5.53919900438758, 1.65854079923742], 'ypos': [4.15829751656101, 4.15751198256046], 'rotations': [3.14294469336728, 3.13947439604659], 'contact': [{'V1': 0, 'V2': 1}], 'grounded': ['yes', 'yes']}, {'ids': [0, 1, 2], 'colours': ['blue', 'red', 'blue'], 'sizes': [1, 1, 1], 'xpos': [2.91233558185412, 3.62676822308812, 1.29792616640764], 'ypos': [4.1571699418337, 4.15734457821355, 3.87855314146574], 'rotations': [3.14061931424498, 3.14080979983927, 1.21335141178178], 'contact': [{'V1': 0, 'V2': 1, 'V3': 2}], 'grounded': ['yes', 'yes', 'yes']}, {'ids': [0, 1, 2, 3], 'colours': ['blue', 'red', 'blue', 'green'], 'sizes': [1, 1, 2, 1], 'xpos': [2.95609825059217, 3.96209693679724, 2.2390687716568, 6.71224095289635], 'ypos': [4.15768622476784, 4.15787716497594, 4.15807459370596, 3.87670727460735], 'rotations': [3.13919121672235, 3.14161554480523, 3.13998936351093, 5.07284064751327], 'contact': [{'V1': 0, 'V2': 1, 'V3': 2, 'V4': 3}], 'grounded': ['yes', 'yes', 'yes', 'yes']}, {'ids': [0, 1, 2], 'colours': ['green', 'red', 'red'], 'sizes': [1, 3, 1], 'xpos': [1.21736009446034, 6.88866095105911, 4.29219484852988], 'ypos': [4.15714834736316, 4.15848443530156, 4.15761681621936], 'rotations': [3.14148035908309, 3.14030543965137, 3.14298105798337], 'contact': [{'V1': 0, 'V2': 1, 'V3': 2}], 'grounded': ['yes', 'yes', 'yes']}, {'ids': [0, 1, 2, 3, 4], 'colours': ['green', 'blue', 'green', 'red', 'red'], 'sizes': [2, 2, 2, 2, 3], 'xpos': [3.83090657832267, 2.38910717821051, 3.54259339814947, 1.00881638670343, 0.483372753490727], 'ypos': [4.15913936320131, 4.15701392299474, 3.77761038379749, 3.76166694023043, 3.53535261859211], 'rotations': [3.13980420303635, 3.14077430032494, 1.87848516525718, 1.57196158476873, 2.81423018257197], 'contact': [[0, 2], [1, 2], [2, 0, 1], [3, 4], [4, 3]], 'grounded': ['yes', 'yes', 'yes', 'yes', 'no']}, {'ids': [0, 1, 2], 'colours': ['red', 'blue', 'green'], 'sizes': [2, 2, 2], 'xpos': [6.08097769326034, 5.78861976198164, 1.25011232086784], 'ypos': [3.78458058527285, 4.1039571708585, 3.7795894526631], 'rotations': [5.04856954343186, 3.00593527717321, 5.05105310034866], 'contact': [[0, 1], [1, 0], 2], 'grounded': ['yes', 'yes', 'yes']}, {'ids': [0, 1, 2, 3], 'colours': ['red', 'green', 'red', 'red'], 'sizes': [2, 2, 2, 1], 'xpos': [4.475106476545, 0.413561660061233, 6.37662276433712, 5.00296952327856], 'ypos': [4.1607559072369, 4.15829244701068, 3.77944860362373, 3.87681059949227], 'rotations': [3.14176346787067, 3.1433043689908, 5.0514105380658, 5.07138540402654], 'contact': [{'V1': 0, 'V2': 1, 'V3': 2, 'V4': 3}], 'grounded': ['yes', 'yes', 'yes', 'yes']}]","[False, False, False, True, False, False, False, False]","[False, False, False, True, False, True, True, False]","[True, True, True, False, True, False, False, True]","[False, False, False, False, False, False, False, False]","[False, True, False, True, False, False, False, False]","[False, True, False, True, False, True, True, False]","[True, False, True, False, True, False, False, True]","[False, False, False, False, False, False, False, False]",0.125,0.0,0.0,-0.125,0.375,0.5,0.375,0.5,0.375,0.25,0.125,0.0,0.625,0.5,0.9102431057535886,-4.4986811569669065,-5.545177444479562,11.07680385561365,11.090354888959125,0.9102431057535886,-4.4986811569669065,-5.545177444479562,11.07680385561365,11.090354888959125,1.0502311195665048,"[1.0, 1.0, 1.0, 1.0, 1.0, 0.0, 1.0, 0.0, 1.0, 1.0, 1.0, 1.0, 1.0, 1.0, 1.0, 0.0135, 0.9530000000000001, 0.092, 0.5895, 0.5895, 1.0, 0.0, 0.0, 0.861, 1.0, 1.0, 1.0, 0.2925, 0.999, 0.999, 1.0, 0.7155, 0.0, 0.0, 1.0, 0.0, 0.0, 0.0, 1.0, 0.0, 0.0, 0.0, 1.0, 0.0, 0.0, 0.0, 1.0, 0.0, 1.0, 1.0, 1.0, 1.0, 0.0, 0.0, 0.0, 0.0, 1.0, 1.0, 1.0, 1.0, 0.935, 0.935, 0.935, 0.935, 1.0, 1.0, 1.0, 1.0, 0.0, 1.0, 0.0, 0.0, 0.0, 1.0, 1.0, 1.0, 1.0, 1.0, 1.0, 1.0, 1.0, 1.0, 1.0, 1.0, 0.0935, 0.0935, 0.0935, 0.0935, 1.0, 1.0, 1.0, 1.0, 1.0, 1.0, 1.0, 1.0, 1.0, 1.0, 1.0, 1.0, 1.0, 1.0, 1.0, 0.013000000000000001, 1.0, 1.0, 0.998, 1.0, 1.0, 0.002, 0.998, 0.002, 1.0, 1.0, 1.0, 1.0, 1.0, 1.0, 1.0, 0.0, 0.973, 1.0, 0.9530000000000001, 1.0, 0.8925000000000001, 0.9195, 0.17400000000000002, 0.201, 1.0, 1.0, 1.0, 1.0, 0.0, 0.0, 0.0, 0.0, 1.0, 1.0, 1.0, 0.24, 1.0, 1.0, 0.968, 1.0, 0.653, 0.653, 0.653, 1.0, 0.2535, 0.2535, 0.7035, 0.10300000000000001, 1.0, 1.0, 1.0, 1.0, 0.0, 1.0, 0.0, 0.0, 1.0, 1.0, 1.0, 0.012, 0.988, 0.988, 1.0, 1.0, 1.0, 0.0, 1.0, 1.0, 1.0, 0.0, 0.0, 1.0, 0.0, 0.0, 0.0, 1.0, 1.0, 0.0, 0.0, 0.0, 1.0, 1.0, 1.0, 1.0, 0.0, 0.0, 0.0, 0.0, 1.0, 1.0, 1.0, 1.0, 0.0, 0.0, 0.0, 0.0, 1.0, 1.0, 1.0, 1.0, 1.0, 1.0, 0.841, 1.0, 1.0, 1.0, 1.0, 1.0, 0.0, 0.0, 0.0, 0.0, 1.0, 1.0, 1.0, 1.0, 1.0, 1.0, 1.0, 0.0, 0.197, 0.0, 0.85, 0.653, 0.803, 0.0, 0.0, 0.0, 0.8525, 0.847, 0.9935, 0.847, 0.28300000000000003, 0.4305, 0.426, 0.426, 1.0, 1.0, 1.0, 1.0, 1.0, 1.0, 1.0, 0.0, 0.798, 1.0, 0.7995, 0.7995, 0.0275, 0.029, 0.2265, 0.1975, 1.0, 1.0, 1.0, 1.0, 0.0, 0.0, 0.0, 0.0, 0.862, 0.854, 0.8595, 0.8955000000000001, 0.045, 0.0005, 0.8695, 0.8505, 1.0, 1.0, 1.0, 0.022, 1.0, 1.0, 1.0, 0.978, 0.28400000000000003, 0.0145, 0.1885, 0.0275, 0.2755, 0.0, 0.0015, 0.013000000000000001, 0.0, 0.0, 0.0, 1.0, 1.0, 0.0, 0.0, 0.0, 1.0, 1.0, 1.0, 1.0, 0.0, 0.0, 0.0, 0.0, 1.0, 1.0, 1.0, 1.0, 1.0, 0.0, 1.0, 0.0, 1.0, 1.0, 1.0, 1.0, 1.0, 1.0, 1.0, 0.0, 1.0, 1.0, 1.0, 0.728, 0.8265, 0.5545, 0.5545, 0.8265, 1.0, 1.0, 1.0, 1.0, 1.0, 1.0, 1.0, 1.0, 1.0, 1.0, 1.0, 0.8715, 0.9365, 0.8695, 0.8695, 0.9365, 0.229, 0.229, 0.229, 0.229, 0.801, 0.03, 0.03, 0.801, 0.0, 0.0, 0.0, 1.0, 1.0, 0.0, 0.0, 0.0, 0.108, 0.114, 0.2315, 0.108, 0.114, 0.07050000000000001, 0.0495, 0.006, 1.0, 1.0, 1.0, 1.0, 0.0, 0.0, 0.0, 0.0, 0.8955000000000001, 0.895, 0.0115, 0.0, 0.883, 0.0, 0.0, 0.0, 1.0, 1.0, 1.0, 1.0, 0.0, 0.0, 0.0, 0.0, 0.902, 0.902, 0.902, 0.678, 0.88, 0.88, 0.902, 0.807, 1.0, 1.0, 1.0, 1.0, 0.0, 0.0, 0.0, 0.0, 1.0, 1.0, 1.0, 1.0, 1.0, 1.0, 1.0, 0.0, 1.0, 1.0, 1.0, 1.0, 0.0, 0.0, 0.0, 0.0, 1.0, 1.0, 1.0, 1.0, 0.008, 0.008, 0.008, 0.008, 1.0, 1.0, 1.0, 1.0, 1.0, 1.0, 1.0, 0.0, 1.0, 1.0, 1.0, 1.0, 1.0, 1.0, 0.6980000000000001, 1.0, 1.0, 1.0, 1.0, 1.0, 0.0, 0.0, 0.0, 0.0, 1.0, 1.0, 1.0, 1.0, 1.0, 1.0, 1.0, 0.0, 0.9530000000000001, 0.9530000000000001, 0.9530000000000001, 1.0, 1.0, 1.0, 0.641, 0.9530000000000001, 1.0, 1.0, 1.0, 1.0, 0.0, 0.0, 0.0, 0.0, 1.0, 1.0, 1.0, 1.0, 1.0, 1.0, 1.0, 1.0, 1.0, 1.0, 1.0, 1.0, 0.0, 0.0, 0.0, 0.0, 1.0, 1.0, 1.0, 1.0, 1.0, 1.0, 1.0, 1.0, 1.0, 1.0, 1.0, 1.0, 0.021500000000000002, 0.021500000000000002, 0.021500000000000002, 0.021500000000000002, 0.021500000000000002, 0.003, 0.02, 0.0095, 0.0095, 0.964, 0.9555, 0.0095, 1.0, 1.0, 1.0, 1.0, 1.0, 1.0, 1.0, 1.0, 1.0, 1.0, 1.0, 1.0, 0.0, 0.0, 0.0, 0.0, 1.0, 1.0, 1.0, 1.0, 0.0, 0.0, 1.0, 1.0, 1.0, 0.873, 0.198, 0.198, 1.0, 1.0, 0.6905, 1.0, 1.0, 1.0, 1.0, 1.0, 1.0, 1.0, 1.0, 0.0, 1.0, 0.999, 0.999, 1.0, 0.0025, 0.0025, 0.0025, 0.0025, 1.0, 1.0, 1.0, 1.0, 1.0, 0.686, 0.314, 0.0, 1.0, 1.0, 1.0, 1.0, 0.524, 0.524, 1.0, 0.47600000000000003, 1.0, 1.0, 1.0, 1.0, 0.008, 0.008, 0.008, 0.008, 0.9935, 0.9935, 0.9775, 0.9935, 0.9935, 0.0225, 0.988, 0.017, 1.0, 1.0, 1.0, 1.0, 0.0725, 0.0725, 0.0725, 0.0725, 0.041, 1.0, 1.0, 0.9590000000000001, 0.041, 0.9590000000000001, 1.0, 0.0, 0.7435, 0.9835, 0.7425, 0.986, 0.7435, 0.7435, 0.256, 0.987, 1.0, 0.005, 1.0, 1.0, 1.0, 0.005, 0.005, 1.0, 1.0, 1.0, 1.0, 1.0, 1.0, 1.0, 1.0, 0.0, 1.0, 1.0, 1.0, 1.0, 0.0, 0.0, 0.0, 0.0, 1.0, 1.0, 1.0, 1.0, 0.0, 0.0, 0.0, 0.0, 0.9705, 0.9705, 0.9145, 1.0, 0.8015, 0.8015, 0.9705, 0.7865, 1.0, 1.0, 1.0, 1.0, 0.0, 0.0, 0.0, 0.0, 1.0, 1.0, 1.0, 1.0, 0.0, 0.0, 0.0, 0.0, 1.0, 1.0, 1.0, 1.0, 0.0, 0.0, 0.0, 0.0, 1.0, 1.0, 1.0, 1.0, 1.0, 1.0, 1.0, 1.0]",-418.5875071169283,843.720363894191,-482.430437669722,964.860875339444,0.01,0.0,2.0794415416798357,0.01,0.0,2.0794415416798357,0.6334250289943713,"[1.0, 1.0, 1.0, 1.0, 1.0, 0.0, 1.0, 0.0, 1.0, 1.0, 1.0, 1.0, 1.0, 1.0, 1.0, 0.0, 0.0, 0.0, 0.0, 0.0, 0.0, 0.0, 0.0, 0.0, 1.0, 1.0, 1.0, 0.0, 0.0, 0.0, 1.0, 0.0, 0.0, 0.0, 1.0, 1.0, 0.0, 1.0, 1.0, 1.0, 1.0, 1.0, 1.0, 1.0, 0.0, 0.0, 1.0, 1.0, 1.0, 1.0, 1.0, 1.0, 0.0, 0.0, 0.0, 0.0, 1.0, 1.0, 1.0, 1.0, 0.0, 0.0, 0.0, 0.0, 0.0, 0.0, 0.0, 0.0, 0.0, 1.0, 1.0, 0.0, 1.0, 1.0, 1.0, 1.0, 0.0, 0.0, 0.0, 0.0, 1.0, 1.0, 1.0, 1.0, 0.0, 0.0, 0.0, 0.0, 1.0, 1.0, 1.0, 1.0, 1.0, 1.0, 0.0, 1.0, 1.0, 1.0, 1.0, 1.0, 1.0, 1.0, 1.0, 0.0, 1.0, 1.0, 1.0, 1.0, 1.0, 0.0, 1.0, 0.0, 0.0, 1.0, 0.0, 0.0, 1.0, 1.0, 1.0, 0.0, 1.0, 1.0, 0.0, 1.0, 1.0, 0.0, 0.0, 0.0, 1.0, 1.0, 1.0, 0.0, 1.0, 1.0, 1.0, 1.0, 1.0, 1.0, 1.0, 1.0, 0.0, 0.0, 0.0, 0.0, 1.0, 1.0, 1.0, 0.0, 0.0, 0.0, 1.0, 0.0, 0.0, 0.0, 1.0, 0.0, 0.0, 0.0, 0.0, 0.0, 1.0, 1.0, 1.0, 0.0, 0.0, 0.0, 1.0, 0.0, 0.0, 0.0, 0.0, 1.0, 0.0, 0.0, 0.0, 0.0, 0.0, 0.0, 0.0, 1.0, 0.0, 0.0, 0.0, 0.0, 1.0, 1.0, 1.0, 1.0, 0.0, 0.0, 0.0, 0.0, 1.0, 1.0, 1.0, 0.0, 0.0, 0.0, 1.0, 0.0, 1.0, 1.0, 1.0, 1.0, 0.0, 0.0, 0.0, 0.0, 1.0, 1.0, 1.0, 1.0, 0.0, 0.0, 0.0, 0.0, 1.0, 1.0, 1.0, 1.0, 1.0, 1.0, 1.0, 0.0, 0.0, 0.0, 0.0, 0.0, 1.0, 0.0, 0.0, 0.0, 1.0, 1.0, 1.0, 1.0, 1.0, 1.0, 1.0, 1.0, 1.0, 1.0, 1.0, 1.0, 1.0, 1.0, 1.0, 0.0, 0.0, 0.0, 0.0, 0.0, 0.0, 0.0, 0.0, 0.0, 0.0, 1.0, 0.0, 1.0, 0.0, 1.0, 0.0, 1.0, 0.0, 0.0, 0.0, 1.0, 0.0, 0.0, 0.0, 0.0, 1.0, 1.0, 1.0, 0.0, 0.0, 0.0, 1.0, 0.0, 1.0, 1.0, 1.0, 1.0, 1.0, 0.0, 1.0, 0.0, 0.0, 1.0, 1.0, 1.0, 0.0, 0.0, 0.0, 0.0, 1.0, 1.0, 1.0, 0.0, 1.0, 1.0, 1.0, 1.0, 0.0, 1.0, 1.0, 1.0, 0.0, 0.0, 0.0, 0.0, 1.0, 1.0, 1.0, 1.0, 1.0, 1.0, 1.0, 0.0, 1.0, 1.0, 1.0, 1.0, 0.0, 0.0, 0.0, 0.0, 1.0, 1.0, 1.0, 1.0, 0.0, 0.0, 0.0, 0.0, 0.0, 1.0, 0.0, 0.0, 0.0, 0.0, 0.0, 0.0, 1.0, 1.0, 1.0, 1.0, 1.0, 0.0, 1.0, 1.0, 0.0, 0.0, 0.0, 0.0, 0.0, 1.0, 1.0, 0.0, 1.0, 1.0, 1.0, 1.0, 1.0, 0.0, 1.0, 0.0, 1.0, 1.0, 1.0, 1.0, 1.0, 0.0, 1.0, 1.0, 0.0, 0.0, 0.0, 0.0, 0.0, 1.0, 1.0, 0.0, 1.0, 0.0, 0.0, 1.0, 0.0, 0.0, 0.0, 0.0, 1.0, 1.0, 1.0, 0.0, 0.0, 0.0, 1.0, 0.0, 1.0, 1.0, 1.0, 0.0, 0.0, 0.0, 0.0, 0.0, 1.0, 1.0, 1.0, 1.0, 1.0, 1.0, 1.0, 0.0, 0.0, 0.0, 0.0, 0.0, 0.0, 0.0, 0.0, 0.0, 1.0, 0.0, 1.0, 0.0, 0.0, 0.0, 0.0, 0.0, 1.0, 1.0, 1.0, 1.0, 1.0, 1.0, 1.0, 0.0, 1.0, 1.0, 1.0, 1.0, 1.0, 1.0, 0.0, 1.0, 1.0, 1.0, 1.0, 1.0, 0.0, 0.0, 0.0, 0.0, 1.0, 1.0, 1.0, 1.0, 1.0, 1.0, 1.0, 0.0, 0.0, 1.0, 1.0, 1.0, 0.0, 0.0, 0.0, 0.0, 1.0, 1.0, 1.0, 1.0, 0.0, 0.0, 0.0, 0.0, 1.0, 0.0, 1.0, 0.0, 0.0, 0.0, 0.0, 0.0, 1.0, 1.0, 1.0, 1.0, 1.0, 0.0, 1.0, 0.0, 1.0, 1.0, 1.0, 0.0, 1.0, 1.0, 0.0, 1.0, 1.0, 1.0, 1.0, 1.0, 0.0, 0.0, 0.0, 0.0, 0.0, 0.0, 0.0, 0.0, 0.0, 1.0, 0.0, 0.0, 1.0, 1.0, 1.0, 1.0, 0.0, 0.0, 0.0, 0.0, 0.0, 0.0, 0.0, 0.0, 0.0, 0.0, 0.0, 0.0, 1.0, 0.0, 1.0, 0.0, 0.0, 0.0, 0.0, 0.0, 1.0, 1.0, 0.0, 0.0, 1.0, 1.0, 1.0, 1.0, 1.0, 1.0, 1.0, 1.0, 1.0, 1.0, 1.0, 1.0, 1.0, 1.0, 1.0, 1.0, 1.0, 0.0, 1.0, 1.0, 0.0, 1.0, 0.0, 1.0, 0.0, 1.0, 0.0, 0.0, 1.0, 1.0, 1.0, 1.0, 0.0, 0.0, 1.0, 0.0, 1.0, 1.0, 1.0, 1.0, 0.0, 0.0, 0.0, 0.0, 0.0, 0.0, 0.0, 1.0, 0.0, 0.0, 0.0, 0.0, 1.0, 1.0, 1.0, 1.0, 0.0, 0.0, 0.0, 0.0, 0.0, 1.0, 1.0, 1.0, 0.0, 1.0, 1.0, 0.0, 1.0, 1.0, 1.0, 1.0, 0.0, 0.0, 0.0, 0.0, 1.0, 0.0, 1.0, 1.0, 1.0, 0.0, 0.0, 1.0, 1.0, 1.0, 1.0, 1.0, 1.0, 1.0, 1.0, 0.0, 0.0, 1.0, 1.0, 1.0, 1.0, 1.0, 0.0, 0.0, 1.0, 1.0, 1.0, 1.0, 0.0, 0.0, 0.0, 0.0, 1.0, 1.0, 1.0, 0.0, 0.0, 0.0, 1.0, 0.0, 1.0, 1.0, 1.0, 1.0, 0.0, 0.0, 0.0, 0.0, 0.0, 0.0, 0.0, 0.0, 0.0, 0.0, 0.0, 0.0, 0.0, 1.0, 0.0, 1.0, 0.0, 1.0, 1.0, 0.0, 1.0, 1.0, 1.0, 1.0, 1.0, 0.0, 0.0, 1.0]",-318.3726801373107,643.2907099349558,0.01,0.0,-5.545177444479562,2.0794415416798357,11.090354888959125,0.01,0.0,-5.545177444479562,2.0794415416798357,11.090354888959125,0.6173530694834558,"[1.0, 1.0, 1.0, 1.0, 1.0, 0.0, 1.0, 0.0, 1.0, 1.0, 1.0, 1.0, 1.0, 1.0, 1.0, 0.0, 0.0, 0.0, 0.0, 0.0, 0.0, 0.0, 0.0, 0.0, 1.0, 1.0, 1.0, 0.0, 0.0, 0.0, 1.0, 0.0, 0.0, 0.0, 1.0, 1.0, 0.0, 1.0, 1.0, 1.0, 0.0, 0.0, 0.0, 0.0, 0.0, 0.0, 0.0, 0.0, 1.0, 1.0, 1.0, 1.0, 0.0, 0.0, 0.0, 0.0, 1.0, 1.0, 1.0, 1.0, 0.0, 0.0, 0.0, 0.0, 0.0, 0.0, 0.0, 0.0, 0.0, 1.0, 1.0, 0.0, 0.0, 0.0, 0.0, 1.0, 0.0, 0.0, 0.0, 0.0, 1.0, 1.0, 1.0, 1.0, 0.0, 0.0, 0.0, 0.0, 0.0, 0.0, 0.0, 0.0, 1.0, 1.0, 0.0, 1.0, 1.0, 1.0, 1.0, 1.0, 1.0, 1.0, 1.0, 0.0, 1.0, 1.0, 1.0, 1.0, 1.0, 0.0, 1.0, 0.0, 0.0, 1.0, 0.0, 0.0, 1.0, 1.0, 1.0, 0.0, 1.0, 1.0, 0.0, 1.0, 1.0, 0.0, 0.0, 0.0, 1.0, 1.0, 1.0, 0.0, 1.0, 1.0, 1.0, 1.0, 1.0, 1.0, 1.0, 1.0, 0.0, 0.0, 0.0, 0.0, 1.0, 1.0, 1.0, 0.0, 0.0, 0.0, 1.0, 0.0, 0.0, 0.0, 1.0, 0.0, 0.0, 0.0, 0.0, 0.0, 1.0, 1.0, 1.0, 0.0, 0.0, 0.0, 1.0, 0.0, 0.0, 0.0, 0.0, 1.0, 0.0, 0.0, 0.0, 0.0, 0.0, 0.0, 0.0, 1.0, 0.0, 0.0, 0.0, 0.0, 1.0, 1.0, 1.0, 1.0, 0.0, 0.0, 0.0, 0.0, 1.0, 1.0, 1.0, 0.0, 0.0, 0.0, 1.0, 0.0, 1.0, 1.0, 1.0, 1.0, 0.0, 0.0, 0.0, 0.0, 1.0, 1.0, 1.0, 1.0, 0.0, 0.0, 0.0, 0.0, 1.0, 1.0, 1.0, 1.0, 1.0, 1.0, 1.0, 0.0, 0.0, 0.0, 0.0, 0.0, 1.0, 0.0, 0.0, 0.0, 1.0, 1.0, 1.0, 1.0, 1.0, 1.0, 1.0, 1.0, 1.0, 1.0, 1.0, 1.0, 1.0, 1.0, 1.0, 0.0, 0.0, 0.0, 0.0, 0.0, 0.0, 0.0, 0.0, 0.0, 0.0, 1.0, 0.0, 1.0, 0.0, 1.0, 0.0, 1.0, 0.0, 0.0, 0.0, 1.0, 0.0, 0.0, 0.0, 0.0, 1.0, 1.0, 1.0, 0.0, 0.0, 0.0, 1.0, 0.0, 1.0, 1.0, 1.0, 1.0, 1.0, 0.0, 1.0, 0.0, 0.0, 1.0, 1.0, 1.0, 0.0, 0.0, 0.0, 0.0, 1.0, 1.0, 1.0, 0.0, 1.0, 1.0, 1.0, 1.0, 0.0, 1.0, 1.0, 1.0, 0.0, 0.0, 0.0, 0.0, 1.0, 1.0, 1.0, 1.0, 1.0, 1.0, 1.0, 0.0, 1.0, 1.0, 1.0, 1.0, 0.0, 0.0, 0.0, 0.0, 1.0, 1.0, 1.0, 1.0, 0.0, 0.0, 0.0, 0.0, 0.0, 1.0, 0.0, 0.0, 0.0, 0.0, 0.0, 0.0, 0.0, 0.0, 0.0, 0.0, 0.0, 0.0, 0.0, 0.0, 1.0, 0.0, 1.0, 1.0, 1.0, 0.0, 0.0, 1.0, 1.0, 1.0, 1.0, 1.0, 1.0, 0.0, 1.0, 0.0, 1.0, 1.0, 1.0, 1.0, 1.0, 0.0, 1.0, 1.0, 0.0, 0.0, 0.0, 0.0, 0.0, 1.0, 1.0, 0.0, 1.0, 0.0, 0.0, 1.0, 0.0, 0.0, 0.0, 0.0, 1.0, 1.0, 1.0, 0.0, 0.0, 0.0, 1.0, 0.0, 1.0, 1.0, 1.0, 0.0, 0.0, 0.0, 0.0, 0.0, 1.0, 1.0, 1.0, 1.0, 1.0, 1.0, 1.0, 0.0, 0.0, 0.0, 0.0, 0.0, 0.0, 0.0, 0.0, 0.0, 1.0, 0.0, 1.0, 0.0, 0.0, 0.0, 0.0, 0.0, 1.0, 1.0, 1.0, 1.0, 1.0, 1.0, 1.0, 0.0, 1.0, 1.0, 1.0, 1.0, 1.0, 1.0, 0.0, 1.0, 1.0, 1.0, 1.0, 1.0, 0.0, 0.0, 0.0, 0.0, 1.0, 1.0, 1.0, 1.0, 1.0, 1.0, 1.0, 0.0, 0.0, 1.0, 1.0, 1.0, 0.0, 0.0, 0.0, 0.0, 1.0, 1.0, 1.0, 1.0, 0.0, 0.0, 0.0, 0.0, 1.0, 0.0, 1.0, 0.0, 0.0, 0.0, 0.0, 0.0, 1.0, 1.0, 1.0, 1.0, 1.0, 0.0, 1.0, 0.0, 1.0, 1.0, 1.0, 0.0, 1.0, 1.0, 0.0, 1.0, 1.0, 1.0, 1.0, 1.0, 0.0, 0.0, 0.0, 0.0, 0.0, 0.0, 0.0, 0.0, 0.0, 1.0, 0.0, 0.0, 1.0, 1.0, 1.0, 1.0, 0.0, 0.0, 0.0, 0.0, 0.0, 0.0, 0.0, 0.0, 0.0, 0.0, 0.0, 0.0, 1.0, 0.0, 1.0, 0.0, 0.0, 0.0, 0.0, 0.0, 1.0, 1.0, 0.0, 0.0, 1.0, 1.0, 1.0, 1.0, 1.0, 1.0, 1.0, 1.0, 1.0, 1.0, 1.0, 1.0, 1.0, 1.0, 1.0, 1.0, 1.0, 0.0, 1.0, 1.0, 0.0, 1.0, 0.0, 1.0, 0.0, 1.0, 0.0, 0.0, 1.0, 1.0, 1.0, 1.0, 0.0, 0.0, 1.0, 0.0, 1.0, 1.0, 1.0, 1.0, 0.0, 0.0, 0.0, 0.0, 0.0, 0.0, 0.0, 1.0, 0.0, 0.0, 0.0, 0.0, 1.0, 1.0, 1.0, 1.0, 0.0, 0.0, 0.0, 0.0, 0.0, 1.0, 1.0, 1.0, 0.0, 1.0, 1.0, 0.0, 1.0, 1.0, 1.0, 1.0, 0.0, 0.0, 0.0, 0.0, 1.0, 0.0, 1.0, 1.0, 1.0, 0.0, 0.0, 1.0, 1.0, 1.0, 1.0, 1.0, 1.0, 1.0, 1.0, 0.0, 0.0, 0.0, 1.0, 0.0, 0.0, 1.0, 0.0, 0.0, 1.0, 1.0, 1.0, 1.0, 0.0, 0.0, 0.0, 0.0, 1.0, 1.0, 1.0, 0.0, 0.0, 0.0, 1.0, 0.0, 1.0, 1.0, 1.0, 1.0, 0.0, 0.0, 0.0, 0.0, 0.0, 0.0, 0.0, 0.0, 0.0, 0.0, 0.0, 0.0, 0.0, 1.0, 0.0, 1.0, 0.0, 1.0, 1.0, 0.0, 1.0, 1.0, 1.0, 1.0, 1.0, 0.0, 0.0, 1.0]",-311.9759791000219,630.4973078603782,-482.430437669722,964.860875339444,341.51591479856313,-5.548113951027,-5.545177444479562,13.175669443733836,11.090354888959125,341.51591479856313,-5.548113951027,-5.545177444479562,13.175669443733836,11.090354888959125,1.0908740239314543,"[0.0, 0.0, 1.0, 0.0, 0.0, 0.0, 0.0, 0.0, 1.0, 1.0, 1.0, 1.0, 0.877, 0.877, 0.877, 0.0, 1.0, 0.259, 1.0, 1.0, 0.8015, 0.0, 0.259, 1.0, 1.0, 1.0, 1.0, 1.0, 1.0, 1.0, 1.0, 0.0, 0.0, 0.0, 1.0, 0.0, 0.0, 0.0, 1.0, 0.0, 0.0, 0.0, 1.0, 0.0, 0.0, 0.0, 1.0, 0.0, 0.0, 0.0, 0.0, 0.0775, 0.0, 0.0, 0.1635, 0.47100000000000003, 1.0, 1.0, 1.0, 1.0, 0.0, 0.0, 0.0, 0.0, 0.0, 0.0, 0.0, 0.0, 0.0, 0.0, 0.0, 0.0, 1.0, 1.0, 1.0, 1.0, 1.0, 1.0, 1.0, 0.0, 1.0, 1.0, 1.0, 1.0, 0.0, 0.0, 0.0, 0.0, 0.0, 0.0, 0.0, 0.0, 0.0, 0.113, 0.113, 0.0, 0.0, 0.0, 0.0, 1.0, 0.0, 0.0, 0.0, 0.0, 1.0, 1.0, 1.0, 1.0, 0.0, 0.0, 0.0, 0.0, 0.9995, 1.0, 1.0, 0.663, 1.0, 1.0, 1.0, 0.353, 1.0, 1.0, 1.0, 1.0, 0.082, 0.082, 0.0, 0.0, 0.973, 1.0, 0.7655000000000001, 0.605, 0.973, 1.0, 1.0, 0.368, 0.0, 0.0, 1.0, 0.0, 1.0, 0.0, 1.0, 0.0, 1.0, 1.0, 1.0, 1.0, 0.0, 0.0, 1.0, 0.0, 1.0, 1.0, 1.0, 1.0, 0.0, 0.9465, 0.0, 0.0, 0.666, 1.0, 0.666, 0.666, 0.0, 0.0, 0.7975, 0.0, 0.0, 0.9430000000000001, 0.0, 1.0, 1.0, 0.0, 0.0, 0.0, 0.0, 1.0, 0.0, 0.0, 0.0, 0.0, 0.0, 0.0, 1.0, 1.0, 1.0, 1.0, 0.0, 0.0, 0.0, 0.0, 1.0, 1.0, 1.0, 1.0, 1.0, 1.0, 1.0, 0.0005, 1.0, 1.0, 1.0, 1.0, 1.0, 1.0, 0.0, 1.0, 1.0, 1.0, 1.0, 1.0, 0.0, 0.0, 0.0, 0.0, 1.0, 1.0, 1.0, 1.0, 1.0, 1.0, 1.0, 0.0, 1.0, 0.0, 1.0, 0.0, 0.0, 0.0, 0.0, 0.0, 0.0, 1.0, 0.0, 1.0, 0.0, 1.0, 0.0, 1.0, 1.0, 1.0, 1.0, 1.0, 1.0, 1.0, 1.0, 0.0, 1.0, 0.0, 1.0, 1.0, 1.0, 0.0, 0.0, 1.0, 1.0, 1.0, 1.0, 1.0, 1.0, 1.0, 1.0, 1.0, 0.0, 0.9580000000000001, 0.0, 0.0, 0.0, 0.0, 0.0045000000000000005, 0.0, 0.0, 0.0, 0.0, 0.0, 0.0, 0.0, 0.0, 1.0, 0.0, 0.0, 0.0005, 0.0, 0.0, 0.0, 0.0, 0.0, 0.0, 1.0, 0.0, 0.0, 0.0, 0.0, 0.0, 0.0, 1.0, 1.0, 1.0, 0.001, 0.001, 0.001, 1.0, 0.0, 0.0, 0.0, 0.6225, 0.0, 0.0, 0.0, 0.0, 0.0, 1.0, 1.0, 1.0, 1.0, 0.0, 0.0, 0.0, 0.0, 0.0, 0.0, 0.0, 0.0, 0.0, 0.0, 0.0, 0.0, 1.0, 1.0, 1.0, 1.0, 1.0, 1.0, 1.0, 0.0, 0.0, 0.0, 0.0, 1.0, 0.0, 0.0, 1.0, 0.0, 1.0, 1.0, 1.0, 1.0, 0.0, 0.0, 0.0, 0.0, 0.0, 1.0, 0.0, 0.0, 1.0, 0.0, 0.0, 1.0, 1.0, 1.0, 1.0, 1.0, 0.0, 0.0, 0.0, 0.0, 1.0, 1.0, 1.0, 1.0, 1.0, 0.0, 1.0, 1.0, 0.0, 0.0005, 0.0, 0.0, 0.0, 0.38, 0.0, 0.0, 1.0, 1.0, 1.0, 1.0, 0.0, 0.0, 0.0, 0.0, 1.0, 1.0, 1.0, 0.999, 1.0, 1.0, 1.0, 0.0195, 1.0, 1.0, 1.0, 1.0, 0.0, 0.0, 0.0, 0.0, 0.0, 0.6285000000000001, 0.0, 0.328, 0.0, 0.0, 0.6285000000000001, 0.0, 0.0, 0.0, 0.0, 0.0, 0.0, 0.0, 0.0, 1.0, 1.0, 1.0, 1.0, 1.0, 0.0, 0.0, 0.0, 0.0, 1.0, 1.0, 1.0, 1.0, 1.0, 1.0, 1.0, 0.0, 1.0, 1.0, 1.0, 1.0, 1.0, 1.0, 0.0375, 1.0, 1.0, 1.0, 1.0, 1.0, 0.0, 0.0, 0.0, 0.0, 1.0, 1.0, 1.0, 1.0, 1.0, 1.0, 1.0, 0.0, 1.0, 1.0, 1.0, 1.0, 1.0, 1.0, 0.0, 1.0, 1.0, 1.0, 1.0, 1.0, 0.0, 0.0, 0.0, 0.0, 1.0, 1.0, 1.0, 1.0, 1.0, 1.0, 1.0, 1.0, 0.0, 0.0, 0.4395, 0.0, 0.0, 0.0, 0.001, 1.0, 0.0, 0.0, 0.0, 0.0, 0.0, 0.0, 0.0, 0.0, 1.0, 1.0, 1.0, 0.0, 1.0, 0.0, 0.0, 1.0, 0.0, 0.0, 1.0, 1.0, 1.0, 0.0, 0.0, 0.0, 0.0, 0.0, 0.0, 0.0, 0.0, 0.0, 0.0, 0.0, 1.0, 1.0, 1.0, 1.0, 0.0, 0.0, 0.0, 0.0, 0.0, 0.0, 0.0, 0.0, 0.0, 1.0, 0.0, 0.0, 1.0, 1.0, 1.0, 1.0, 0.0, 0.4945, 0.0, 0.0, 1.0, 1.0, 1.0, 1.0, 0.0, 0.0, 1.0, 1.0, 1.0, 1.0, 1.0, 1.0, 0.0, 0.0, 0.0, 0.0, 1.0, 1.0, 1.0, 1.0, 1.0, 0.704, 0.296, 0.0, 1.0, 1.0, 1.0, 1.0, 0.0, 0.0, 1.0, 1.0, 1.0, 1.0, 1.0, 1.0, 0.0, 0.0, 0.0, 0.0, 0.006, 1.0, 0.006, 0.708, 0.298, 1.0, 0.298, 1.0, 1.0, 1.0, 1.0, 1.0, 0.0, 0.0, 0.0, 0.0, 1.0, 0.0, 1.0, 1.0, 1.0, 0.0, 0.0, 1.0, 0.0, 1.0, 1.0, 1.0, 0.0, 0.0, 0.0, 0.0, 1.0, 0.224, 1.0, 1.0, 0.776, 0.0, 0.224, 1.0, 1.0, 1.0, 1.0, 1.0, 0.0, 0.0, 0.0, 0.0, 1.0, 1.0, 0.0, 1.0, 1.0, 1.0, 0.0, 1.0, 1.0, 1.0, 1.0, 1.0, 0.0, 0.0, 0.0, 0.0, 1.0, 1.0, 1.0, 1.0, 1.0, 1.0, 1.0, 0.0, 1.0, 1.0, 1.0, 1.0, 0.0, 0.0, 0.0, 0.0, 0.0, 0.0, 0.0, 0.0, 0.0, 0.0, 0.0, 0.0, 1.0, 0.4865, 1.0, 1.0, 1.0, 0.0075, 0.4865, 1.0, 0.0225, 0.0, 0.0, 0.9775, 0.0, 0.0, 0.0, 0.0]",-419.18595103414617,844.9172517286268,-482.430437669722,964.860875339444,0.01,0.0,-5.545177444479562,2.0794415416798357,11.090354888959125,0.01,0.0,-5.545177444479562,2.0794415416798357,11.090354888959125,0.5787520451143159,"[1.0, 1.0, 1.0, 1.0, 1.0, 0.0, 1.0, 0.0, 1.0, 1.0, 1.0, 1.0, 1.0, 1.0, 1.0, 0.0, 0.0, 0.0, 0.0, 0.0, 0.0, 0.0, 0.0, 0.0, 1.0, 1.0, 1.0, 1.0, 0.0, 0.0, 1.0, 0.0, 0.0, 0.0, 0.0, 0.0, 0.0, 1.0, 0.0, 0.0, 0.0, 0.0, 0.0, 0.0, 0.0, 0.0, 0.0, 0.0, 1.0, 1.0, 1.0, 1.0, 0.0, 0.0, 0.0, 0.0, 1.0, 1.0, 1.0, 1.0, 0.0, 0.0, 0.0, 0.0, 0.0, 0.0, 0.0, 0.0, 0.0, 1.0, 1.0, 0.0, 1.0, 1.0, 1.0, 1.0, 0.0, 0.0, 0.0, 0.0, 1.0, 1.0, 1.0, 1.0, 0.0, 0.0, 0.0, 0.0, 0.0, 0.0, 0.0, 0.0, 0.0, 0.0, 0.0, 0.0, 1.0, 1.0, 1.0, 1.0, 1.0, 1.0, 1.0, 0.0, 1.0, 1.0, 1.0, 1.0, 1.0, 0.0, 1.0, 0.0, 0.0, 1.0, 0.0, 0.0, 1.0, 1.0, 1.0, 0.0, 1.0, 1.0, 0.0, 1.0, 1.0, 0.0, 0.0, 0.0, 1.0, 1.0, 1.0, 0.0, 1.0, 1.0, 1.0, 1.0, 1.0, 1.0, 1.0, 1.0, 0.0, 0.0, 0.0, 0.0, 1.0, 1.0, 1.0, 0.0, 0.0, 0.0, 1.0, 0.0, 0.0, 0.0, 1.0, 0.0, 0.0, 0.0, 0.0, 0.0, 1.0, 1.0, 1.0, 0.0, 0.0, 0.0, 1.0, 0.0, 0.0, 0.0, 0.0, 1.0, 0.0, 0.0, 0.0, 0.0, 0.0, 0.0, 0.0, 1.0, 0.0, 0.0, 0.0, 0.0, 1.0, 1.0, 1.0, 1.0, 0.0, 0.0, 0.0, 0.0, 1.0, 1.0, 1.0, 0.0, 0.0, 0.0, 1.0, 0.0, 1.0, 1.0, 1.0, 1.0, 0.0, 0.0, 0.0, 0.0, 1.0, 1.0, 1.0, 1.0, 0.0, 0.0, 0.0, 0.0, 1.0, 1.0, 1.0, 1.0, 1.0, 1.0, 1.0, 0.0, 0.0, 0.0, 0.0, 0.0, 1.0, 0.0, 0.0, 0.0, 1.0, 1.0, 1.0, 1.0, 1.0, 1.0, 1.0, 1.0, 1.0, 1.0, 1.0, 1.0, 1.0, 1.0, 1.0, 0.0, 0.0, 0.0, 0.0, 0.0, 0.0, 0.0, 0.0, 0.0, 0.0, 1.0, 0.0, 1.0, 0.0, 1.0, 0.0, 1.0, 0.0, 0.0, 0.0, 1.0, 0.0, 0.0, 0.0, 0.0, 1.0, 1.0, 1.0, 0.0, 0.0, 0.0, 1.0, 0.0, 0.0, 0.0, 1.0, 0.0, 0.0, 0.0, 0.0, 0.0, 0.0, 1.0, 1.0, 1.0, 0.0, 0.0, 0.0, 0.0, 1.0, 1.0, 1.0, 0.0, 1.0, 1.0, 1.0, 1.0, 0.0, 0.0, 1.0, 0.0, 0.0, 0.0, 0.0, 0.0, 1.0, 1.0, 1.0, 1.0, 1.0, 1.0, 1.0, 0.0, 1.0, 1.0, 1.0, 1.0, 0.0, 0.0, 0.0, 0.0, 1.0, 1.0, 1.0, 1.0, 0.0, 0.0, 0.0, 0.0, 0.0, 1.0, 0.0, 0.0, 0.0, 0.0, 0.0, 0.0, 0.0, 0.0, 0.0, 0.0, 0.0, 0.0, 0.0, 0.0, 0.0, 0.0, 0.0, 0.0, 0.0, 0.0, 0.0, 0.0, 1.0, 1.0, 0.0, 1.0, 1.0, 0.0, 1.0, 0.0, 1.0, 1.0, 1.0, 1.0, 1.0, 0.0, 1.0, 1.0, 0.0, 0.0, 0.0, 0.0, 0.0, 1.0, 1.0, 0.0, 1.0, 0.0, 0.0, 1.0, 0.0, 0.0, 0.0, 0.0, 1.0, 1.0, 1.0, 0.0, 0.0, 0.0, 1.0, 0.0, 1.0, 1.0, 1.0, 0.0, 0.0, 0.0, 0.0, 0.0, 1.0, 1.0, 1.0, 1.0, 1.0, 1.0, 1.0, 0.0, 0.0, 0.0, 0.0, 0.0, 0.0, 0.0, 0.0, 0.0, 1.0, 0.0, 1.0, 0.0, 0.0, 0.0, 0.0, 0.0, 1.0, 1.0, 1.0, 1.0, 1.0, 1.0, 1.0, 0.0, 1.0, 1.0, 1.0, 1.0, 1.0, 1.0, 0.0, 1.0, 1.0, 1.0, 1.0, 1.0, 0.0, 0.0, 0.0, 0.0, 1.0, 1.0, 1.0, 1.0, 1.0, 1.0, 1.0, 0.0, 0.0, 1.0, 1.0, 1.0, 0.0, 0.0, 0.0, 0.0, 1.0, 1.0, 1.0, 1.0, 0.0, 0.0, 0.0, 0.0, 1.0, 0.0, 1.0, 0.0, 0.0, 0.0, 0.0, 0.0, 1.0, 1.0, 1.0, 1.0, 1.0, 0.0, 1.0, 0.0, 1.0, 1.0, 1.0, 0.0, 1.0, 1.0, 0.0, 1.0, 1.0, 1.0, 1.0, 1.0, 0.0, 0.0, 0.0, 0.0, 0.0, 0.0, 0.0, 0.0, 0.0, 0.0, 0.0, 0.0, 1.0, 1.0, 1.0, 1.0, 0.0, 0.0, 0.0, 0.0, 0.0, 0.0, 0.0, 0.0, 0.0, 0.0, 0.0, 0.0, 0.0, 0.0, 0.0, 0.0, 0.0, 0.0, 0.0, 0.0, 1.0, 1.0, 0.0, 0.0, 1.0, 1.0, 1.0, 1.0, 1.0, 1.0, 1.0, 1.0, 1.0, 1.0, 1.0, 1.0, 1.0, 1.0, 1.0, 1.0, 1.0, 0.0, 1.0, 1.0, 0.0, 1.0, 0.0, 1.0, 0.0, 1.0, 0.0, 0.0, 1.0, 1.0, 1.0, 1.0, 0.0, 0.0, 1.0, 0.0, 1.0, 1.0, 1.0, 1.0, 0.0, 0.0, 0.0, 0.0, 0.0, 0.0, 0.0, 1.0, 0.0, 0.0, 0.0, 0.0, 1.0, 1.0, 1.0, 1.0, 0.0, 0.0, 0.0, 0.0, 0.0, 1.0, 1.0, 1.0, 0.0, 1.0, 1.0, 0.0, 1.0, 1.0, 1.0, 1.0, 0.0, 0.0, 0.0, 0.0, 1.0, 0.0, 1.0, 1.0, 1.0, 0.0, 0.0, 1.0, 1.0, 1.0, 1.0, 1.0, 1.0, 1.0, 1.0, 0.0, 0.0, 1.0, 1.0, 1.0, 1.0, 1.0, 0.0, 0.0, 1.0, 1.0, 1.0, 1.0, 0.0, 0.0, 0.0, 0.0, 1.0, 1.0, 1.0, 0.0, 0.0, 0.0, 1.0, 0.0, 1.0, 1.0, 1.0, 1.0, 0.0, 0.0, 0.0, 0.0, 0.0, 0.0, 0.0, 0.0, 0.0, 0.0, 0.0, 0.0, 0.0, 0.0, 1.0, 1.0, 0.0, 0.0, 0.0, 0.0, 1.0, 1.0, 1.0, 1.0, 1.0, 0.0, 0.0, 1.0]",-295.2442605392121,597.0338707387587,-482.430437669722,964.860875339444,343.91502648771433,-5.548093594158189,13.175628729996214,1.2846122460949685,-433.45128860920846,873.4479268787513,True,True,True,False,True,0.5,0.5,0.75,0.75,0.75,0.75,0.625,0.625,0.75,0.75,0.625,0.625,"Z.forall(lambda x1: Z.exists(lambda x2: Z.not_operator(Z.hor_operator(x2,x1,'contact')),X),X)","Z.forall(lambda x1: Z.forall(lambda x2: Z.not_operator(Z.hor_operator(x1,x2,'contact')),X),X)","Z.exactly(lambda x1: Z.equal(x1,2,'size'),1,X)","Z.forall(lambda x1: Z.forall(lambda x2: Z.not_operator(Z.hor_operator(x1,x2,'contact')),X),X)",0.5,0.625,0.75,0.625,0.75,0.7083333333333334,0.6982758620689655,0.6867816091954023,0.6954022988505747,0.6925287356321839,5.241379310344827,0,0,0,0,0,0
